[array([ 0.,  0.,  0.,  0.,  0., -0., -0.,  0.,  0.,  0.,  0., -0.,  0.,
       -0.,  0.,  0., -0., -0.,  0.,  0.,  0., -0.,  0., -0., -0., -0.,
       -0., -0.,  0.,  0.,  0., -0., -0., -0., -0.,  0.,  0., -0.,  0.,
       -0.,  0.,  0., -0.,  0.,  0.,  0.,  0., -0.,  0., -0.,  0.,  0.,
        0.,  0., -0.,  0.,  0., -0., -0., -0., -0., -0., -0., -0., -0.,
        0., -0.,  0., -0., -0., -0., -0.,  0., -0.,  0.,  0., -0.,  0.,
       -0., -0.,  0., -0.,  0., -0.,  0., -0., -0.,  0., -0.,  0.,  0.,
       -0.,  0., -0., -0., -0.,  0.,  0.,  0., -0.], dtype=float32), array([  7.76955207e-26,  -8.45481397e-24,   3.98572638e-25,
        -3.54226318e-27,  -3.80044719e-28,  -8.40954025e-25,
        -8.01654778e-23,  -1.60108014e-23,   5.62344785e-22,
         3.35399153e-25,   1.00650416e-20,  -3.87696862e-27,
         8.92080202e-21,  -1.20041026e-26,  -6.81170095e-23,
        -1.83692774e-20,   3.76862816e-25,   1.63730916e-25,
        -1.95367249e-20,  -5.96745253e-28,  -4.56604093e-27,
         3.76551635e-25,   5.75998189e-24,  -1.74070577e-22,
        -9.24666777e-27,  -9.45397313e-28,  -5.55148806e-27,
         2.86794542e-26,   1.31428828e-19,  -4.36773178e-28,
         1.21207406e-25,  -2.24755470e-26,   8.18337340e-27,
        -4.94876358e-25,  -1.92106962e-20,  -5.44666739e-27,
         8.22508827e-28,   3.55762925e-26,  -6.15702485e-25,
        -1.48796459e-22,  -2.07263762e-22,  -4.37098121e-26,
        -3.60125456e-25,  -6.68462430e-23,   1.31022993e-22,
        -2.34910081e-28,   1.16425733e-23,   4.80875408e-24,
        -3.27598600e-25,   3.51536417e-24,  -1.47087819e-20,
        -2.39003268e-26,  -2.15099853e-20,   1.69187945e-22,
        -5.03291748e-26,   1.46940196e-25,  -7.42967788e-25,
        -9.66854278e-18,  -7.87305272e-24,  -7.37353810e-24,
        -2.23235212e-25,  -1.93387299e-31,   1.86954138e-24,
        -3.26388407e-28,   2.61633115e-24,  -1.35217662e-26,
         2.64932460e-22,  -1.91133917e-24,   2.56631513e-28,
         8.95344569e-23,   1.21415024e-25,  -3.70131770e-22,
         1.92156733e-27,   3.07537308e-28,   5.18931932e-25,
        -1.88099187e-25,  -2.15512965e-23,   4.19593980e-23,
         1.20236935e-29,   4.87772074e-25,   5.15186661e-23,
         3.72489938e-25,   2.61907598e-27,  -7.21401116e-29,
         1.49360150e-25,  -2.20163985e-22,   4.32440796e-19,
         4.00165905e-24,  -3.24320218e-25,   2.85994126e-24,
         4.19039659e-25,   1.07594678e-19,  -3.03173988e-25,
        -1.10677752e-25,   3.61237331e-23,  -1.15261816e-23,
         3.07845302e-31,   7.10689741e-30,   6.40921355e-19,
        -3.33083255e-25], dtype=float32), array([  1.68155816e-44,   8.40779079e-45,   2.09621639e-40,
         1.30320757e-43,  -0.00000000e+00,   0.00000000e+00,
        -1.66025898e-38,   1.02593965e-38,  -1.00582001e-33,
         1.87633864e-42,   1.34828936e-37,  -1.90996981e-42,
        -6.08625574e-35,   1.40129846e-45,  -5.69328820e-35,
        -8.40779079e-44,   4.42754459e-38,  -3.68144929e-39,
        -2.75612847e-39,   0.00000000e+00,  -0.00000000e+00,
         1.58346726e-43,  -0.00000000e+00,  -5.32493416e-44,
        -2.80259693e-45,   0.00000000e+00,   1.74475672e-41,
         0.00000000e+00,   8.47505311e-42,   0.00000000e+00,
        -0.00000000e+00,   1.40129846e-45,   1.36274874e-40,
         8.12753109e-44,   3.85553259e-41,   0.00000000e+00,
        -0.00000000e+00,   3.42981812e-41,   3.79751884e-43,
        -1.24361835e-36,  -0.00000000e+00,   0.00000000e+00,
         6.22176518e-43,  -8.16396485e-42,   2.31214247e-43,
        -0.00000000e+00,  -5.75092890e-42,  -2.01786979e-43,
        -0.00000000e+00,   0.00000000e+00,  -5.60519386e-45,
         0.00000000e+00,   8.80016110e-35,   2.32615545e-43,
        -5.44093926e-39,  -1.40129846e-45,   2.80259693e-45,
         2.74463339e-37,   7.28675201e-44,  -1.19923123e-41,
         2.83062290e-43,   0.00000000e+00,   0.00000000e+00,
        -0.00000000e+00,   0.00000000e+00,   0.00000000e+00,
        -1.85416982e-38,   0.00000000e+00,  -0.00000000e+00,
        -3.73542730e-40,  -4.86811087e-41,   0.00000000e+00,
        -4.34402524e-44,   0.00000000e+00,  -0.00000000e+00,
        -3.12209298e-42,  -2.34058882e-41,  -0.00000000e+00,
        -0.00000000e+00,  -0.00000000e+00,   1.90484386e-39,
        -1.90856851e-42,  -0.00000000e+00,  -1.40129846e-45,
         0.00000000e+00,  -4.40672808e-36,   2.97514750e-35,
         3.43444241e-41,   5.88545355e-44,   2.56297489e-42,
        -1.31862185e-42,  -2.74174302e-38,   0.00000000e+00,
        -0.00000000e+00,   2.18992121e-40,  -0.00000000e+00,
        -0.00000000e+00,   0.00000000e+00,  -1.44968530e-40,
         9.10991800e-37], dtype=float32), array([  0.00000000e+00,  -0.00000000e+00,   0.00000000e+00,
        -0.00000000e+00,   0.00000000e+00,  -0.00000000e+00,
         0.00000000e+00,   0.00000000e+00,   0.00000000e+00,
         0.00000000e+00,   0.00000000e+00,  -0.00000000e+00,
        -1.40129846e-45,   0.00000000e+00,  -0.00000000e+00,
         0.00000000e+00,   0.00000000e+00,  -0.00000000e+00,
        -1.54142831e-44,  -0.00000000e+00,   0.00000000e+00,
         0.00000000e+00,  -0.00000000e+00,  -0.00000000e+00,
         0.00000000e+00,   0.00000000e+00,  -0.00000000e+00,
        -0.00000000e+00,  -0.00000000e+00,  -0.00000000e+00,
        -0.00000000e+00,   0.00000000e+00,   0.00000000e+00,
         0.00000000e+00,  -0.00000000e+00,  -0.00000000e+00,
        -0.00000000e+00,  -0.00000000e+00,  -0.00000000e+00,
        -0.00000000e+00,   0.00000000e+00,  -0.00000000e+00,
        -0.00000000e+00,  -0.00000000e+00,  -0.00000000e+00,
        -0.00000000e+00,   0.00000000e+00,   0.00000000e+00,
         0.00000000e+00,   0.00000000e+00,  -0.00000000e+00,
        -0.00000000e+00,   0.00000000e+00,  -0.00000000e+00,
        -0.00000000e+00,   0.00000000e+00,   0.00000000e+00,
         0.00000000e+00,  -0.00000000e+00,   0.00000000e+00,
         0.00000000e+00,  -0.00000000e+00,  -0.00000000e+00,
        -0.00000000e+00,   0.00000000e+00,   0.00000000e+00,
         0.00000000e+00,  -0.00000000e+00,   0.00000000e+00,
        -0.00000000e+00,   0.00000000e+00,   0.00000000e+00,
        -0.00000000e+00,  -0.00000000e+00,   0.00000000e+00,
        -0.00000000e+00,   0.00000000e+00,   0.00000000e+00,
         0.00000000e+00,  -0.00000000e+00,  -0.00000000e+00,
         0.00000000e+00,   0.00000000e+00,  -0.00000000e+00,
        -0.00000000e+00,  -0.00000000e+00,  -0.00000000e+00,
        -0.00000000e+00,  -0.00000000e+00,   0.00000000e+00,
        -0.00000000e+00,   0.00000000e+00,   0.00000000e+00,
        -0.00000000e+00,   0.00000000e+00,   0.00000000e+00,
         0.00000000e+00,  -0.00000000e+00,   0.00000000e+00,
         0.00000000e+00], dtype=float32), array([-0., -0., -0.,  0., -0., -0., -0.,  0.,  0.,  0., -0., -0., -0.,
        0., -0.,  0., -0., -0.,  0., -0.,  0.,  0.,  0., -0., -0.,  0.,
        0., -0.,  0.,  0., -0.,  0., -0.,  0., -0.,  0.,  0.,  0.,  0.,
       -0.,  0.,  0.,  0., -0., -0.,  0.,  0.,  0.,  0.,  0., -0., -0.,
        0.,  0., -0., -0.,  0.,  0.,  0., -0.,  0., -0.,  0., -0.,  0.,
        0.,  0., -0., -0.,  0.,  0., -0., -0.,  0.,  0., -0., -0.,  0.,
        0., -0., -0., -0., -0.,  0., -0.,  0.,  0., -0., -0., -0.,  0.,
       -0.,  0.,  0., -0.,  0.,  0.,  0., -0., -0.], dtype=float32), array([-0.,  0.,  0.,  0.,  0., -0., -0., -0., -0.,  0.,  0.,  0.,  0.,
        0., -0., -0.,  0.,  0., -0.,  0., -0., -0.,  0., -0., -0., -0.,
        0.,  0.,  0., -0., -0.,  0., -0.,  0.,  0.,  0.,  0., -0., -0.,
       -0., -0.,  0., -0., -0.,  0., -0., -0., -0., -0.,  0., -0.,  0.,
        0., -0.,  0., -0., -0.,  0.,  0.,  0., -0.,  0.,  0.,  0.,  0.,
        0., -0.,  0., -0.,  0.,  0.,  0., -0., -0.,  0., -0., -0.,  0.,
       -0., -0., -0.,  0.,  0., -0., -0., -0., -0., -0., -0., -0.,  0.,
        0., -0., -0., -0.,  0.,  0., -0., -0.,  0.], dtype=float32), array([ -6.99915668e-30,  -5.77497946e-31,  -1.40951238e-25,
        -4.76936285e-31,  -3.41820427e-31,   4.51610245e-37,
        -2.25448250e-30,   1.52546065e-29,  -3.43642848e-26,
        -1.97555759e-35,  -8.41670193e-28,   1.88851029e-30,
         2.72028576e-25,   8.77944184e-33,   5.02152220e-25,
         3.24105776e-27,   9.85546395e-32,  -2.96839713e-36,
         5.07400062e-28,   2.40028409e-32,   1.04441174e-32,
         6.73871180e-31,   2.74869224e-32,   1.30386280e-31,
        -6.95321365e-32,   5.78466661e-29,   1.08035654e-33,
         6.66328679e-32,  -4.89646294e-33,   2.65863688e-33,
        -4.38876035e-31,   2.41425027e-34,   8.77403202e-30,
         2.01707880e-32,  -1.48052298e-29,  -7.22717173e-30,
         1.66649634e-31,   1.15131342e-33,   1.22702050e-29,
         1.63293401e-28,  -4.30211155e-32,  -3.03944024e-31,
         1.06673757e-28,   3.16873070e-35,  -6.64942059e-29,
        -8.46630763e-32,  -1.84284761e-28,  -2.62810238e-32,
         1.09496464e-31,  -1.07115748e-26,   7.54065595e-30,
         1.42577558e-34,   5.28895308e-30,  -5.21641351e-28,
         1.14188055e-29,  -3.08619079e-29,  -7.42793624e-28,
         1.16062011e-25,   1.31901766e-32,   1.71375899e-37,
        -2.77692616e-29,   1.89434813e-37,  -1.28672680e-27,
        -1.04495687e-35,   1.02079205e-30,   3.69711965e-33,
         3.57667196e-30,  -5.32037155e-33,   1.45999455e-30,
         2.13184700e-28,   1.13819568e-31,   3.48569225e-34,
        -2.88712396e-29,  -1.51714545e-29,  -4.26965607e-35,
        -7.41778004e-33,  -1.10354379e-29,   3.34052484e-32,
         1.18980212e-36,  -1.74982942e-30,   3.26602037e-34,
         5.48997357e-28,  -3.38169314e-29,   1.56141537e-35,
         4.39810798e-34,  -5.20754894e-28,   8.49147120e-31,
        -7.29151799e-33,   1.47523588e-34,   2.04439575e-35,
        -9.90808672e-31,   8.84242682e-28,   5.34692303e-33,
        -7.46212336e-32,  -7.84812766e-30,   1.87535742e-33,
        -2.42121721e-36,  -1.91696128e-31,   2.29760977e-27,
         8.17398996e-26], dtype=float32), array([  0.00000000e+00,  -0.00000000e+00,   4.42670185e-42,
         0.00000000e+00,   0.00000000e+00,   0.00000000e+00,
        -1.54857493e-41,   1.66231833e-40,   1.15186734e-42,
         0.00000000e+00,   6.69638497e-41,  -0.00000000e+00,
        -1.88068267e-41,   0.00000000e+00,   2.26901610e-39,
         1.31722056e-43,   6.44681371e-40,  -1.56945428e-43,
         2.48948363e-37,  -0.00000000e+00,  -0.00000000e+00,
        -1.68926530e-41,   1.63951920e-43,  -0.00000000e+00,
        -1.40129846e-45,   0.00000000e+00,   0.00000000e+00,
        -0.00000000e+00,  -2.71851902e-43,  -0.00000000e+00,
         3.79723858e-41,  -4.20389539e-45,   7.00649232e-45,
         0.00000000e+00,   1.26116862e-44,  -0.00000000e+00,
        -0.00000000e+00,  -0.00000000e+00,  -2.80259693e-45,
         1.12103877e-44,  -0.00000000e+00,  -0.00000000e+00,
         2.35418142e-43,  -2.48029828e-43,   1.47164365e-41,
        -0.00000000e+00,  -1.40129846e-45,   0.00000000e+00,
         8.57594660e-43,  -0.00000000e+00,   2.80259693e-45,
         0.00000000e+00,   5.91432030e-41,   6.68601536e-41,
         7.52497275e-43,  -0.00000000e+00,   6.20312791e-41,
         3.72877114e-39,  -0.00000000e+00,  -1.82449060e-42,
        -0.00000000e+00,  -0.00000000e+00,  -0.00000000e+00,
         0.00000000e+00,  -0.00000000e+00,   0.00000000e+00,
        -8.26766094e-44,   0.00000000e+00,  -0.00000000e+00,
         2.10194770e-44,  -1.12103877e-43,  -0.00000000e+00,
        -0.00000000e+00,  -0.00000000e+00,   0.00000000e+00,
         2.80259693e-45,   2.70436591e-41,   0.00000000e+00,
        -1.26116862e-44,   0.00000000e+00,  -0.00000000e+00,
        -0.00000000e+00,   0.00000000e+00,   0.00000000e+00,
        -0.00000000e+00,  -6.34135339e-39,  -2.70393851e-39,
        -2.05918707e-39,  -0.00000000e+00,   0.00000000e+00,
        -8.26766094e-44,   4.00939517e-41,  -6.30584309e-44,
        -0.00000000e+00,  -5.75233020e-42,   0.00000000e+00,
        -0.00000000e+00,   0.00000000e+00,   2.90617643e-37,
         5.60519386e-45], dtype=float32), array([-0., -0., -0.,  0., -0., -0., -0., -0.,  0., -0., -0.,  0.,  0.,
       -0.,  0., -0.,  0.,  0., -0.,  0., -0.,  0.,  0.,  0., -0., -0.,
        0., -0., -0.,  0.,  0.,  0., -0.,  0.,  0., -0., -0., -0., -0.,
        0., -0.,  0., -0.,  0.,  0.,  0.,  0., -0.,  0., -0.,  0., -0.,
        0.,  0., -0., -0.,  0.,  0., -0., -0., -0.,  0.,  0.,  0.,  0.,
       -0.,  0.,  0.,  0.,  0.,  0.,  0., -0.,  0.,  0.,  0., -0., -0.,
       -0.,  0.,  0., -0.,  0., -0., -0., -0.,  0., -0., -0.,  0.,  0.,
       -0., -0.,  0.,  0., -0., -0.,  0., -0., -0.], dtype=float32), array([-0.,  0.,  0.,  0.,  0., -0.,  0., -0., -0.,  0., -0., -0., -0.,
       -0., -0., -0., -0.,  0.,  0.,  0., -0., -0., -0., -0.,  0., -0.,
        0.,  0.,  0., -0., -0.,  0.,  0.,  0., -0.,  0.,  0.,  0.,  0.,
        0.,  0., -0.,  0., -0., -0., -0.,  0.,  0., -0.,  0.,  0., -0.,
       -0., -0., -0.,  0.,  0., -0., -0.,  0.,  0.,  0.,  0.,  0., -0.,
        0., -0., -0., -0., -0., -0., -0., -0.,  0., -0., -0.,  0., -0.,
        0., -0.,  0., -0.,  0., -0.,  0.,  0.,  0.,  0.,  0., -0., -0.,
        0.,  0.,  0., -0.,  0.,  0.,  0., -0., -0.], dtype=float32), array([  5.60519386e-45,   4.43833263e-41,   2.37314267e-38,
        -1.54703350e-42,  -2.80259693e-45,   2.80259693e-45,
        -5.28662266e-40,   3.35227335e-38,   1.47425690e-37,
         0.00000000e+00,  -2.54109642e-39,  -1.69879413e-41,
         1.07229690e-37,  -2.21405157e-42,  -1.84514516e-36,
        -1.79940736e-41,   1.17073304e-35,  -3.35451850e-35,
         4.88877080e-35,  -4.00631231e-42,   7.76515531e-41,
        -2.77588257e-37,   4.90916891e-41,   4.93257059e-43,
        -0.00000000e+00,  -5.60519386e-45,   2.85556601e-40,
         0.00000000e+00,  -6.20549050e-38,  -0.00000000e+00,
         1.44953116e-40,  -9.31625258e-41,  -3.13263074e-40,
         9.63101224e-39,   4.01016812e-38,  -2.80259693e-45,
         2.10194770e-44,   0.00000000e+00,   7.39466052e-37,
         6.27658678e-38,  -3.49619763e-40,   2.37660220e-42,
         1.75162308e-42,   3.10807999e-41,  -1.19250499e-42,
        -3.58031758e-42,  -3.43802553e-39,  -9.87307254e-40,
        -1.14212551e-38,   2.73813720e-42,   1.23978267e-37,
        -0.00000000e+00,   1.84995188e-35,  -4.02663114e-41,
         3.56747608e-39,   1.54142831e-44,   1.46449562e-39,
         1.07155096e-37,  -1.26116862e-44,  -7.95786188e-40,
         2.34374175e-39,   0.00000000e+00,  -0.00000000e+00,
         9.79507627e-43,   5.63321983e-43,   0.00000000e+00,
        -2.44939797e-37,  -0.00000000e+00,  -0.00000000e+00,
         3.00713802e-38,  -8.35594274e-42,   0.00000000e+00,
        -1.68389833e-40,   6.52149732e-39,  -0.00000000e+00,
        -5.23541361e-39,  -3.46024451e-39,  -1.16175490e-39,
         1.00271313e-40,   1.54142831e-43,  -1.82091729e-40,
        -5.33405662e-40,  -0.00000000e+00,  -5.60519386e-45,
        -2.19583469e-42,  -1.61409092e-34,   3.00848971e-40,
        -3.40330051e-38,  -3.45560201e-42,  -5.74532370e-44,
         5.01906421e-36,   1.06216798e-38,   1.22738331e-40,
         2.31662662e-41,  -2.15912067e-41,  -2.80259693e-45,
        -1.80767502e-43,  -9.38869971e-44,   1.92568130e-35,
        -1.18188553e-34], dtype=float32), array([-0.,  0., -0., -0., -0.,  0., -0.,  0.,  0., -0.,  0.,  0.,  0.,
        0., -0.,  0.,  0., -0.,  0., -0.,  0.,  0.,  0.,  0.,  0., -0.,
        0., -0., -0.,  0., -0., -0.,  0.,  0., -0.,  0., -0., -0.,  0.,
       -0., -0.,  0., -0., -0., -0.,  0.,  0., -0.,  0., -0., -0., -0.,
       -0.,  0.,  0.,  0.,  0.,  0.,  0., -0., -0.,  0.,  0.,  0., -0.,
       -0.,  0.,  0.,  0.,  0., -0., -0.,  0.,  0.,  0.,  0., -0.,  0.,
       -0.,  0.,  0.,  0.,  0.,  0.,  0., -0.,  0., -0.,  0., -0.,  0.,
        0.,  0.,  0.,  0.,  0.,  0.,  0., -0., -0.], dtype=float32), array([ -0.00000000e+00,   2.11596068e-43,   1.12103877e-44,
        -0.00000000e+00,  -0.00000000e+00,  -0.00000000e+00,
        -0.00000000e+00,  -1.92098401e-40,  -4.20389539e-45,
         5.43703804e-43,  -1.45191617e-39,  -9.92119313e-43,
        -6.02749617e-39,   0.00000000e+00,  -3.21023784e-36,
         1.45062910e-36,  -4.05816035e-42,  -1.46204475e-40,
         1.17227305e-39,   0.00000000e+00,  -0.00000000e+00,
         0.00000000e+00,   0.00000000e+00,   2.42424634e-43,
         1.26116862e-44,   0.00000000e+00,   4.20389539e-45,
         0.00000000e+00,   1.65927751e-41,   0.00000000e+00,
        -5.15817965e-42,   0.00000000e+00,   0.00000000e+00,
         5.60519386e-45,  -0.00000000e+00,  -7.00649232e-45,
        -2.66246708e-44,   0.00000000e+00,  -0.00000000e+00,
        -7.00649232e-43,   0.00000000e+00,  -9.80908925e-45,
        -2.97075274e-42,   2.80259693e-45,  -7.24471306e-43,
        -0.00000000e+00,  -7.00649232e-45,   4.20389539e-45,
        -1.97583083e-43,   0.00000000e+00,   0.00000000e+00,
         1.54142831e-44,  -1.70352593e-35,   9.84412171e-42,
         3.22298647e-44,   8.40779079e-45,   1.66963311e-40,
         2.24207754e-44,   1.87773994e-43,   7.16511931e-41,
        -0.00000000e+00,  -0.00000000e+00,  -0.00000000e+00,
         0.00000000e+00,  -1.33123354e-43,  -2.80259693e-45,
         5.50871446e-40,   0.00000000e+00,   0.00000000e+00,
        -4.44582957e-40,  -0.00000000e+00,   0.00000000e+00,
        -0.00000000e+00,   0.00000000e+00,  -0.00000000e+00,
         0.00000000e+00,   0.00000000e+00,   1.40129846e-45,
        -0.00000000e+00,   0.00000000e+00,   6.43476255e-42,
         0.00000000e+00,   0.00000000e+00,   2.80259693e-44,
        -0.00000000e+00,  -2.06960194e-38,   1.02223784e-38,
         4.83098767e-39,  -1.12103877e-44,   0.00000000e+00,
        -8.71833254e-40,  -2.04969188e-39,  -0.00000000e+00,
         0.00000000e+00,  -1.40129846e-45,  -0.00000000e+00,
        -0.00000000e+00,  -0.00000000e+00,   7.84656530e-34,
        -2.22105807e-42], dtype=float32), array([ -1.52500914e-25,   8.17677742e-23,  -2.09831538e-24,
         8.88208785e-23,  -6.29099720e-29,  -1.71115415e-29,
        -1.51662749e-25,  -1.18729317e-21,   3.97513523e-22,
        -1.60403215e-22,   2.22539631e-20,  -5.11052251e-27,
        -1.27978541e-20,  -5.04379366e-27,   4.31709948e-25,
         2.11014582e-21,  -8.48632107e-24,   4.02939387e-21,
         6.94386846e-20,  -2.31213340e-27,  -3.56717494e-28,
        -4.01813055e-23,   4.15193272e-24,  -2.95985665e-25,
         2.89809885e-24,   1.07037149e-27,   1.63484939e-25,
         5.64664903e-27,   1.04294413e-24,   1.06008139e-25,
        -5.34523112e-22,  -6.29117805e-25,   2.58917831e-26,
         8.68743734e-26,   3.70562859e-21,  -5.89578678e-26,
         9.96488356e-26,  -2.14272494e-27,  -2.67135061e-23,
         6.12305378e-23,   4.19204061e-23,  -8.84571525e-25,
        -4.63651321e-25,  -4.18406184e-24,  -3.10440798e-22,
         6.37101574e-28,   3.31483013e-23,  -1.31572079e-24,
        -4.32124159e-24,   1.61620143e-26,  -2.34891587e-21,
         1.21293905e-26,  -1.11077496e-20,   5.71789123e-21,
        -1.85597476e-22,  -3.13278948e-27,  -1.63592742e-24,
        -1.58901363e-20,   8.24218692e-29,   4.05899701e-24,
         8.86638006e-24,  -3.69476283e-31,   2.02341194e-22,
        -1.29179238e-29,   2.49142488e-26,  -2.73455036e-23,
         1.76592253e-24,  -1.10848639e-25,   4.89461691e-27,
         2.82216542e-25,   1.33711184e-25,  -2.00998215e-27,
         2.23331453e-27,  -2.67920968e-27,  -1.79076086e-27,
        -3.94417338e-25,  -4.38440600e-28,  -9.27131659e-27,
         1.59519165e-29,  -9.22401683e-26,   1.68880794e-22,
        -7.67568997e-30,  -2.49897520e-29,  -2.88193689e-29,
        -5.20488083e-26,   1.32954905e-21,  -2.66270163e-19,
        -1.12524394e-22,   1.73283111e-23,   3.20227167e-23,
         1.25324629e-26,  -3.53333915e-21,   1.39911399e-26,
        -6.15222081e-26,  -1.18837758e-26,  -1.44970201e-26,
         1.85387628e-30,   2.80952807e-28,  -2.11910488e-17,
         2.52421653e-23], dtype=float32), array([  1.37429764e-17,   1.07415586e-18,  -2.69202783e-15,
         4.75054749e-25,   1.37231902e-17,  -4.90125887e-17,
        -1.24392326e-15,   9.86926196e-17,   1.30806213e-16,
        -1.49346975e-21,   4.65563983e-17,  -4.66134783e-19,
         3.03334225e-16,  -3.64544369e-18,   1.59194557e-14,
         5.70923057e-19,   2.44302159e-19,   1.49237120e-16,
         7.58587376e-15,   2.37909810e-19,  -1.97324271e-19,
        -2.15105436e-15,   2.29400872e-21,   6.92941243e-17,
        -2.71928306e-22,  -5.76762832e-24,   4.52315552e-18,
         1.83008768e-18,  -3.76490634e-16,   1.26006119e-20,
         1.16378095e-19,  -4.76659261e-19,  -3.18034143e-20,
        -4.90553134e-18,   1.30181457e-18,  -2.71630280e-20,
         1.74041273e-20,  -4.33965970e-21,  -1.30458162e-15,
         3.19103384e-16,   1.59108760e-18,  -4.40400975e-20,
         2.24086928e-20,   9.81121716e-19,   3.33856077e-16,
         1.52966037e-22,   3.93530018e-17,  -1.03541202e-15,
         1.58907444e-18,   1.07410837e-19,   1.28747875e-15,
         7.44654656e-17,  -6.71336543e-17,   9.93580297e-19,
        -1.62013065e-20,  -1.63880666e-21,   4.95787347e-19,
         7.08497236e-15,   1.58962158e-20,   3.15785318e-16,
         6.84927013e-18,  -3.61771609e-20,   5.94952499e-19,
        -2.45594730e-21,   3.07541388e-18,   2.17856125e-20,
         1.52659552e-15,  -5.27006421e-21,   2.92914278e-22,
         5.07700994e-17,   2.15413234e-17,  -1.51109818e-17,
         2.33082553e-21,   9.83134466e-20,   6.00584565e-19,
         1.64729876e-17,   3.43515641e-16,   8.34043465e-21,
        -1.34954782e-16,  -7.59762485e-21,   2.22068733e-19,
         3.14740403e-18,  -4.23661065e-17,  -7.06633579e-20,
        -2.75753995e-18,  -1.77049345e-18,   8.36116810e-16,
         8.21148656e-19,   1.69393148e-19,  -1.78008639e-17,
         1.83556051e-18,   1.03128188e-15,  -4.52238925e-19,
         1.46992165e-16,  -6.72153214e-19,   2.78606639e-17,
        -5.50138620e-22,   6.68448167e-21,  -7.86459398e-16,
         4.48639975e-18], dtype=float32), array([ -0.00000000e+00,  -0.00000000e+00,   0.00000000e+00,
        -0.00000000e+00,  -0.00000000e+00,   0.00000000e+00,
         0.00000000e+00,   0.00000000e+00,   0.00000000e+00,
        -0.00000000e+00,  -0.00000000e+00,   0.00000000e+00,
        -0.00000000e+00,   0.00000000e+00,   0.00000000e+00,
         0.00000000e+00,   0.00000000e+00,  -0.00000000e+00,
         2.24207754e-44,   0.00000000e+00,   0.00000000e+00,
         0.00000000e+00,   0.00000000e+00,   0.00000000e+00,
         0.00000000e+00,  -0.00000000e+00,  -0.00000000e+00,
         0.00000000e+00,   0.00000000e+00,  -0.00000000e+00,
         0.00000000e+00,   0.00000000e+00,  -0.00000000e+00,
         0.00000000e+00,   0.00000000e+00,   0.00000000e+00,
         0.00000000e+00,  -0.00000000e+00,   0.00000000e+00,
         0.00000000e+00,   0.00000000e+00,   0.00000000e+00,
         0.00000000e+00,  -0.00000000e+00,   0.00000000e+00,
         0.00000000e+00,   0.00000000e+00,   0.00000000e+00,
         0.00000000e+00,   0.00000000e+00,   0.00000000e+00,
        -0.00000000e+00,   0.00000000e+00,   0.00000000e+00,
         0.00000000e+00,  -0.00000000e+00,   0.00000000e+00,
         0.00000000e+00,   0.00000000e+00,   0.00000000e+00,
        -0.00000000e+00,   0.00000000e+00,  -0.00000000e+00,
         0.00000000e+00,   0.00000000e+00,   0.00000000e+00,
        -0.00000000e+00,   0.00000000e+00,   0.00000000e+00,
         0.00000000e+00,   0.00000000e+00,   0.00000000e+00,
         0.00000000e+00,  -0.00000000e+00,   0.00000000e+00,
        -0.00000000e+00,  -0.00000000e+00,   0.00000000e+00,
         0.00000000e+00,  -0.00000000e+00,   0.00000000e+00,
         0.00000000e+00,   0.00000000e+00,   0.00000000e+00,
        -0.00000000e+00,   0.00000000e+00,   0.00000000e+00,
        -0.00000000e+00,   0.00000000e+00,   0.00000000e+00,
        -0.00000000e+00,   0.00000000e+00,   0.00000000e+00,
         0.00000000e+00,  -0.00000000e+00,  -0.00000000e+00,
         0.00000000e+00,   0.00000000e+00,   0.00000000e+00,
        -0.00000000e+00], dtype=float32), array([-0., -0., -0., -0.,  0., -0.,  0., -0.,  0.,  0., -0.,  0., -0.,
       -0., -0., -0., -0.,  0.,  0., -0., -0., -0.,  0., -0.,  0., -0.,
        0., -0.,  0., -0., -0.,  0.,  0.,  0., -0.,  0.,  0., -0.,  0.,
        0., -0.,  0.,  0., -0.,  0., -0.,  0., -0., -0., -0.,  0.,  0.,
       -0., -0.,  0., -0.,  0., -0.,  0., -0., -0.,  0., -0.,  0.,  0.,
       -0., -0., -0., -0.,  0., -0.,  0., -0., -0., -0.,  0., -0., -0.,
       -0.,  0., -0.,  0.,  0.,  0.,  0.,  0.,  0.,  0., -0.,  0.,  0.,
        0., -0.,  0.,  0.,  0.,  0., -0.,  0.,  0.], dtype=float32), array([ -0.00000000e+00,  -0.00000000e+00,   0.00000000e+00,
         0.00000000e+00,  -0.00000000e+00,   0.00000000e+00,
         0.00000000e+00,   0.00000000e+00,  -0.00000000e+00,
        -0.00000000e+00,   0.00000000e+00,  -0.00000000e+00,
        -0.00000000e+00,  -0.00000000e+00,   0.00000000e+00,
         0.00000000e+00,   0.00000000e+00,  -0.00000000e+00,
        -0.00000000e+00,   0.00000000e+00,  -0.00000000e+00,
        -0.00000000e+00,   0.00000000e+00,   0.00000000e+00,
         0.00000000e+00,   0.00000000e+00,   0.00000000e+00,
        -0.00000000e+00,  -0.00000000e+00,  -0.00000000e+00,
         0.00000000e+00,  -0.00000000e+00,  -0.00000000e+00,
         0.00000000e+00,  -0.00000000e+00,  -0.00000000e+00,
         0.00000000e+00,  -0.00000000e+00,   0.00000000e+00,
        -0.00000000e+00,  -0.00000000e+00,   0.00000000e+00,
         0.00000000e+00,   0.00000000e+00,   0.00000000e+00,
         0.00000000e+00,   0.00000000e+00,  -0.00000000e+00,
         0.00000000e+00,   0.00000000e+00,  -0.00000000e+00,
        -0.00000000e+00,  -0.00000000e+00,  -0.00000000e+00,
        -0.00000000e+00,  -0.00000000e+00,   0.00000000e+00,
        -7.00649232e-45,   0.00000000e+00,  -0.00000000e+00,
         0.00000000e+00,   0.00000000e+00,  -0.00000000e+00,
         0.00000000e+00,  -0.00000000e+00,  -0.00000000e+00,
        -0.00000000e+00,  -0.00000000e+00,  -0.00000000e+00,
        -0.00000000e+00,   0.00000000e+00,   0.00000000e+00,
        -0.00000000e+00,   0.00000000e+00,   0.00000000e+00,
        -0.00000000e+00,  -0.00000000e+00,   0.00000000e+00,
         0.00000000e+00,   0.00000000e+00,  -0.00000000e+00,
         0.00000000e+00,   0.00000000e+00,  -0.00000000e+00,
        -0.00000000e+00,   0.00000000e+00,  -0.00000000e+00,
         0.00000000e+00,  -0.00000000e+00,   0.00000000e+00,
         0.00000000e+00,  -0.00000000e+00,   0.00000000e+00,
         0.00000000e+00,   0.00000000e+00,  -0.00000000e+00,
         0.00000000e+00,   0.00000000e+00,  -0.00000000e+00,
        -0.00000000e+00], dtype=float32), array([ -0.00000000e+00,  -0.00000000e+00,  -0.00000000e+00,
        -0.00000000e+00,  -0.00000000e+00,  -0.00000000e+00,
         0.00000000e+00,  -1.40129846e-45,   4.34542654e-42,
        -0.00000000e+00,   2.34173789e-40,  -0.00000000e+00,
         7.76568780e-38,   0.00000000e+00,   6.44228752e-39,
         1.40129846e-45,   0.00000000e+00,   0.00000000e+00,
         7.35919915e-41,   0.00000000e+00,  -0.00000000e+00,
        -7.78701557e-42,   0.00000000e+00,   0.00000000e+00,
        -0.00000000e+00,   0.00000000e+00,   2.66246708e-44,
        -0.00000000e+00,  -3.32107736e-43,   5.88545355e-44,
         8.40779079e-44,  -0.00000000e+00,  -0.00000000e+00,
         0.00000000e+00,  -9.80908925e-45,   0.00000000e+00,
         0.00000000e+00,   0.00000000e+00,   1.40129846e-45,
         8.40779079e-45,   0.00000000e+00,  -0.00000000e+00,
        -0.00000000e+00,  -0.00000000e+00,  -5.05868746e-43,
        -0.00000000e+00,  -0.00000000e+00,  -0.00000000e+00,
        -6.02558340e-44,  -0.00000000e+00,   2.80259693e-45,
        -0.00000000e+00,   1.78973840e-41,   0.00000000e+00,
         0.00000000e+00,  -0.00000000e+00,   0.00000000e+00,
        -1.66698465e-41,  -0.00000000e+00,  -1.07899982e-43,
        -0.00000000e+00,   0.00000000e+00,   0.00000000e+00,
        -0.00000000e+00,   0.00000000e+00,  -0.00000000e+00,
        -1.02294788e-43,  -0.00000000e+00,  -0.00000000e+00,
        -1.40129846e-45,  -0.00000000e+00,  -0.00000000e+00,
        -0.00000000e+00,  -0.00000000e+00,   0.00000000e+00,
         0.00000000e+00,  -7.51095977e-43,   0.00000000e+00,
        -0.00000000e+00,  -4.20389539e-45,   1.42932443e-43,
        -0.00000000e+00,  -0.00000000e+00,  -0.00000000e+00,
        -0.00000000e+00,  -1.40550236e-42,   0.00000000e+00,
        -1.66572348e-41,  -2.66246708e-44,  -2.80259693e-45,
         2.99037092e-42,  -7.36816746e-41,   0.00000000e+00,
         0.00000000e+00,  -4.62428493e-43,   0.00000000e+00,
         0.00000000e+00,   0.00000000e+00,   8.58995959e-43,
        -0.00000000e+00], dtype=float32), array([ -7.59310662e-36,   1.91081899e-39,   6.36980332e-33,
         1.66147755e-40,   3.99032490e-39,   4.28523402e-36,
        -3.43322328e-39,  -3.97134632e-33,   6.80204758e-37,
         2.36721350e-41,   5.08062875e-33,   1.65884311e-40,
         6.80144342e-30,  -1.42371924e-42,  -1.07803714e-33,
         1.79796346e-38,  -2.68933362e-38,   2.33553026e-34,
        -3.95521641e-31,  -2.67153835e-36,   8.88214713e-38,
        -1.50080115e-36,  -2.64408625e-39,   1.64457187e-38,
         4.23868963e-39,   1.68155816e-44,  -1.13057854e-36,
        -7.44089485e-43,   8.01021053e-35,   8.22826315e-37,
        -2.32762618e-35,  -1.24266307e-39,   9.11644513e-36,
        -4.65735913e-34,  -3.06139343e-34,  -2.27301681e-39,
        -2.02099749e-39,   1.33691441e-39,  -1.89795823e-34,
        -1.87623574e-33,  -1.94757043e-35,  -2.63225509e-40,
        -5.00681293e-34,   4.28130312e-39,  -6.82495435e-36,
        -4.29638109e-42,  -6.52164305e-42,   4.11798739e-39,
         3.83371440e-36,   3.22043610e-40,  -1.36409404e-35,
        -9.19483287e-38,  -1.00856134e-31,   1.59875207e-37,
         3.62248810e-36,   2.27472780e-41,  -4.18862012e-37,
        -3.39685159e-32,  -1.58715672e-37,   2.89122541e-38,
         1.65069296e-35,  -1.40129846e-44,  -4.70420728e-36,
        -5.80207629e-41,  -6.25758854e-38,   9.90384057e-38,
        -4.73658656e-37,   1.12103877e-42,  -7.51024455e-38,
         1.99661447e-38,   7.15709536e-37,  -4.95639267e-42,
         2.92605132e-41,  -7.04413540e-39,  -2.07392173e-43,
        -7.53505313e-38,  -3.14421550e-35,   7.42688186e-44,
        -1.38541685e-38,  -1.17982324e-40,   1.77199334e-36,
        -1.04977770e-37,   5.15677835e-43,  -3.71533033e-37,
         5.35531432e-40,   1.79783754e-35,   1.10140328e-36,
         1.33789938e-38,  -6.50033379e-38,   8.98652705e-41,
         2.77553111e-34,  -1.13818372e-32,   2.36819440e-43,
         6.73089895e-40,   9.21017515e-32,   1.29900368e-41,
        -1.32002315e-42,   2.42446091e-37,   4.27912697e-28,
        -3.09139012e-34], dtype=float32), array([  1.21188467e-38,  -2.63851650e-30,  -1.15805305e-33,
        -1.32484115e-37,  -8.68816258e-40,  -4.63969922e-42,
         1.15703533e-39,   5.25902455e-35,   1.13133740e-35,
         3.84864018e-36,  -2.57629970e-31,  -6.86004412e-36,
         9.18805470e-32,  -2.09861485e-37,  -7.02789652e-29,
         2.55651941e-35,  -2.51187727e-37,   7.37782666e-31,
         5.45698746e-30,  -3.35211005e-36,   9.66825875e-40,
         1.61839606e-34,  -4.54181887e-33,   7.15760921e-35,
        -3.03494174e-38,   5.86583537e-42,  -1.33045358e-38,
        -1.91583438e-35,   3.68174345e-33,  -1.12663980e-35,
         6.51480206e-35,   1.94168652e-38,   3.18297928e-37,
        -5.60180215e-38,  -2.70744293e-37,   1.67551549e-36,
         1.02152204e-34,  -3.33421145e-38,   9.47028391e-34,
         1.58667757e-34,  -3.85359948e-37,   1.70580062e-41,
         8.78476810e-40,   1.91696229e-40,  -2.66468113e-39,
         2.15221227e-40,   4.02046389e-35,   1.72827749e-36,
        -5.16873142e-40,  -1.03895654e-37,   6.78372854e-35,
        -4.82607191e-42,   1.44806766e-36,   2.04166633e-32,
        -6.89689168e-36,   5.83634739e-36,   2.36988437e-39,
        -4.50770016e-31,   7.51600444e-41,   4.30610167e-34,
         4.63712088e-34,  -0.00000000e+00,   2.21550222e-35,
         3.60782170e-38,   2.68561849e-38,  -2.13961460e-37,
         1.51726948e-37,  -1.82399328e-38,  -4.40091796e-41,
         8.83341875e-35,  -1.10477471e-35,  -4.31615481e-39,
         1.47833324e-35,   2.49848099e-36,   7.45314219e-40,
        -5.00872892e-38,  -1.24295108e-30,  -4.62428493e-44,
         4.05922170e-38,  -1.74088913e-40,   3.04139828e-36,
         1.09629184e-40,  -7.42688186e-44,  -4.40512185e-41,
        -1.73540246e-36,  -5.27081652e-31,   2.67518971e-36,
         9.79547363e-35,   1.58697892e-39,  -6.46620042e-35,
         3.14609153e-35,   1.64178343e-30,  -9.96000909e-41,
         5.09312622e-37,  -5.00273682e-33,  -3.50324616e-44,
        -4.88499651e-40,  -3.37712930e-43,  -1.33615800e-30,
         3.07722873e-38], dtype=float32), array([  9.86683069e-33,  -6.45287296e-27,  -8.23449596e-25,
        -3.53430714e-29,  -6.49593375e-30,  -2.97519572e-34,
         1.83185761e-23,  -6.29339346e-23,  -1.71516544e-24,
        -9.48720975e-29,  -1.48161221e-26,  -3.39204257e-27,
         1.20982913e-24,  -4.58340218e-30,  -3.69735288e-23,
        -9.32917672e-28,  -3.29464860e-26,   1.52181871e-22,
         1.02207067e-23,   2.69016360e-26,   8.28574423e-29,
         3.16269520e-30,  -1.16440493e-30,   7.65426671e-29,
         1.75413206e-28,  -5.31913308e-27,   4.88886981e-25,
        -8.54925992e-32,  -1.47814772e-25,  -2.97352991e-29,
        -2.54536044e-27,   7.48700987e-31,  -8.72818090e-29,
         9.81944335e-30,  -5.13804267e-22,  -1.09549145e-29,
        -1.22928220e-28,   1.77539213e-27,  -8.49714899e-27,
        -5.97772466e-25,  -3.71294136e-29,   1.43788726e-29,
         5.25465870e-25,  -7.70345013e-35,   8.11152882e-26,
        -4.53482787e-28,  -3.74511305e-28,   6.21238612e-25,
        -4.82070003e-26,   3.74189501e-29,   1.23746764e-23,
         6.86686560e-30,  -4.25330576e-21,  -1.69050663e-24,
        -1.20515131e-25,  -4.97329327e-28,  -3.78332452e-27,
        -1.11011786e-27,   4.80961041e-28,   2.29086984e-28,
        -2.41550072e-26,  -4.06742742e-35,   1.62306566e-28,
        -2.83464195e-28,  -3.70126526e-27,   2.55550779e-35,
         2.25003779e-22,  -2.10693943e-28,   6.37901647e-26,
         6.34704465e-28,  -1.52212057e-28,  -2.92609587e-26,
        -2.09262400e-28,   5.69646696e-28,   1.76786563e-33,
        -2.34621254e-27,  -1.48207458e-26,  -2.13400510e-26,
        -1.15208491e-28,   3.86958109e-28,  -1.36039428e-24,
        -8.82764434e-28,   4.72075346e-35,   5.97155682e-30,
        -7.70648202e-26,  -7.19851846e-26,   9.05485713e-29,
        -2.27117045e-26,   1.44368849e-26,   1.69099268e-26,
         3.14764305e-23,   4.88046028e-23,  -4.21981558e-30,
        -5.21347496e-32,   3.53880884e-27,   1.96059398e-29,
        -1.43211955e-29,   6.53105113e-30,  -2.72724897e-28,
         3.19547326e-23], dtype=float32), array([  2.19298375e-13,   7.46202755e-14,  -5.73464751e-14,
         6.03379041e-14,  -2.09315222e-16,  -1.81497358e-14,
        -6.73657704e-14,   3.20076810e-14,   3.02295244e-13,
        -3.97880767e-15,  -4.72725537e-13,   4.59047459e-13,
         1.62358527e-12,  -2.22763246e-17,   9.14143435e-13,
        -6.54725297e-15,   2.23840790e-11,   3.33431443e-13,
        -7.29274930e-13,   4.11657504e-15,  -7.77575636e-14,
         5.87289982e-12,   2.03516302e-16,   3.79865028e-16,
         4.41659750e-15,  -4.31486293e-17,   2.92848889e-13,
        -1.64004753e-15,   4.91354597e-14,  -1.05791705e-14,
         6.80910840e-12,   3.13806056e-14,   1.31759321e-14,
         1.28195776e-16,   1.66037821e-14,  -4.21040199e-16,
         6.07422166e-14,  -6.55135152e-18,  -9.35698242e-13,
         1.11181782e-14,   9.78166099e-15,   3.11068019e-17,
        -5.16886237e-14,  -5.60066570e-15,  -2.10005502e-13,
         1.08259389e-17,   8.88120889e-14,   1.34233744e-11,
         9.91379288e-14,   3.28462335e-14,  -5.10421749e-14,
         3.36955371e-13,  -4.31941572e-14,   6.58027762e-16,
         5.39939162e-15,   1.71031953e-16,   2.81586711e-13,
        -2.15456762e-13,   5.14722144e-15,   6.41193268e-15,
        -1.49792652e-15,  -2.05213721e-15,  -9.91211592e-15,
        -1.84698075e-15,  -1.16037830e-14,  -1.97629702e-18,
        -1.55870569e-13,  -2.38689988e-14,   1.38662255e-17,
        -1.76946335e-13,   6.30645113e-13,  -1.20926159e-14,
        -1.26646444e-14,   5.26310486e-15,   2.71408991e-14,
        -2.14145663e-15,   2.30622243e-13,  -4.33843817e-16,
         1.64877519e-12,  -1.18015415e-14,   4.78750123e-13,
        -1.73577363e-14,   1.61104938e-14,  -2.35091284e-14,
        -2.15870489e-16,   5.93995426e-12,  -1.77959637e-17,
         2.23760745e-12,  -6.65876181e-14,  -5.64545257e-15,
         1.08713392e-13,   3.03697179e-10,  -7.67605736e-15,
        -2.07565475e-14,  -9.01557136e-15,  -9.72598382e-15,
         1.36439559e-14,  -2.17954249e-14,   6.97071845e-11,
         1.00431356e-11], dtype=float32), array([  0.00000000e+00,   0.00000000e+00,  -0.00000000e+00,
        -0.00000000e+00,   0.00000000e+00,  -0.00000000e+00,
        -0.00000000e+00,  -8.40779079e-45,   0.00000000e+00,
         0.00000000e+00,  -1.65353219e-43,  -0.00000000e+00,
        -0.00000000e+00,   0.00000000e+00,  -7.28675201e-44,
         0.00000000e+00,  -0.00000000e+00,  -0.00000000e+00,
        -3.16693453e-43,  -0.00000000e+00,  -0.00000000e+00,
        -0.00000000e+00,   0.00000000e+00,  -0.00000000e+00,
         0.00000000e+00,  -0.00000000e+00,  -0.00000000e+00,
        -0.00000000e+00,   0.00000000e+00,   0.00000000e+00,
        -0.00000000e+00,   0.00000000e+00,   0.00000000e+00,
        -0.00000000e+00,  -0.00000000e+00,   0.00000000e+00,
         0.00000000e+00,  -0.00000000e+00,   0.00000000e+00,
         0.00000000e+00,   0.00000000e+00,  -0.00000000e+00,
         0.00000000e+00,   0.00000000e+00,  -0.00000000e+00,
         0.00000000e+00,   1.40129846e-45,  -0.00000000e+00,
         0.00000000e+00,   0.00000000e+00,  -0.00000000e+00,
         0.00000000e+00,  -0.00000000e+00,   0.00000000e+00,
        -0.00000000e+00,  -0.00000000e+00,  -0.00000000e+00,
        -4.20693621e-40,   0.00000000e+00,   0.00000000e+00,
         0.00000000e+00,  -0.00000000e+00,  -0.00000000e+00,
         0.00000000e+00,  -0.00000000e+00,  -0.00000000e+00,
        -0.00000000e+00,   0.00000000e+00,   0.00000000e+00,
        -0.00000000e+00,   0.00000000e+00,  -0.00000000e+00,
        -0.00000000e+00,   0.00000000e+00,  -0.00000000e+00,
         0.00000000e+00,   0.00000000e+00,   0.00000000e+00,
         0.00000000e+00,   0.00000000e+00,   0.00000000e+00,
        -0.00000000e+00,   0.00000000e+00,  -0.00000000e+00,
        -0.00000000e+00,   0.00000000e+00,  -0.00000000e+00,
         0.00000000e+00,   0.00000000e+00,  -0.00000000e+00,
         0.00000000e+00,   0.00000000e+00,   0.00000000e+00,
         0.00000000e+00,  -0.00000000e+00,   0.00000000e+00,
         0.00000000e+00,  -0.00000000e+00,  -0.00000000e+00,
         3.38847982e-41], dtype=float32), array([ -4.98993275e-39,   2.57138268e-42,   5.27474660e-37,
        -1.13505176e-43,   1.26116862e-43,   0.00000000e+00,
        -2.40846016e-38,  -6.54465349e-38,   2.56864686e-34,
         1.40129846e-45,   1.93801609e-38,  -1.07853599e-39,
        -1.24998406e-36,   0.00000000e+00,  -1.29013891e-34,
         8.66468943e-39,  -1.83990208e-39,  -0.00000000e+00,
        -1.02031884e-35,   0.00000000e+00,  -1.20511668e-43,
        -2.37940479e-41,  -3.38413579e-42,  -9.04818418e-42,
        -4.28770705e-40,   0.00000000e+00,   1.31862185e-42,
        -2.80259693e-45,  -1.51760624e-42,   2.80259693e-45,
        -2.06613051e-40,   0.00000000e+00,   0.00000000e+00,
        -2.80259693e-45,   1.01033619e-42,   7.63707663e-43,
         1.16307773e-43,  -1.40129846e-45,  -1.95060746e-42,
        -6.38239490e-38,   1.25305454e-38,  -1.38728548e-43,
        -8.18386329e-41,  -2.24207754e-44,  -5.46408310e-41,
         5.60519386e-45,  -7.35597784e-38,  -1.96181785e-44,
        -6.93748818e-39,   5.96112367e-42,  -6.65616771e-43,
         0.00000000e+00,   9.22801282e-40,  -3.76633714e-39,
         4.53064316e-39,   0.00000000e+00,   1.79926723e-41,
         9.09924922e-35,   1.40129846e-45,   0.00000000e+00,
        -5.51403939e-40,   0.00000000e+00,  -1.49755267e-38,
        -0.00000000e+00,   1.03696086e-43,  -1.33123354e-43,
         7.36256226e-41,  -0.00000000e+00,  -3.79751884e-43,
         9.34666076e-43,   3.12540985e-39,  -0.00000000e+00,
        -2.21328450e-38,  -2.21405157e-43,   0.00000000e+00,
        -0.00000000e+00,  -9.55685553e-43,   4.20389539e-45,
        -1.54142831e-44,   1.35253328e-41,  -3.75547988e-43,
        -2.00385680e-43,  -0.00000000e+00,  -0.00000000e+00,
        -0.00000000e+00,  -8.21357082e-40,   2.80259693e-45,
         2.94272678e-44,   2.27711000e-42,  -1.68155816e-44,
         8.39425424e-40,   7.47348120e-37,  -6.23577817e-43,
         1.26116862e-43,  -3.03735366e-39,   2.80259693e-45,
        -0.00000000e+00,  -0.00000000e+00,  -6.49359063e-37,
         1.87367873e-36], dtype=float32), array([ -4.20389539e-45,   7.48209302e-41,  -5.23244847e-42,
        -0.00000000e+00,   0.00000000e+00,  -1.37327250e-43,
         2.17159223e-41,  -2.09662814e-37,   1.84665112e-34,
         1.54142831e-44,   4.49537130e-37,  -2.38220739e-44,
         2.63549153e-38,  -4.20389539e-45,   4.92038632e-35,
        -3.59478615e-37,   1.84859293e-41,   1.37467379e-42,
         3.11854909e-34,  -0.00000000e+00,   0.00000000e+00,
         0.00000000e+00,  -0.00000000e+00,   3.05735299e-41,
         5.60519386e-44,   0.00000000e+00,  -6.30584309e-44,
        -0.00000000e+00,  -3.49267757e-39,  -0.00000000e+00,
         0.00000000e+00,  -0.00000000e+00,   3.28656338e-40,
         1.40129846e-45,   3.04600247e-41,   4.11981749e-43,
        -0.00000000e+00,  -0.00000000e+00,   5.60519386e-45,
        -7.63287274e-42,   1.40467952e-38,   0.00000000e+00,
        -1.94780487e-43,   2.57403114e-40,  -1.07759852e-42,
         0.00000000e+00,   0.00000000e+00,   4.62428493e-44,
        -0.00000000e+00,   1.40129846e-45,   7.02873093e-40,
        -2.62042813e-43,  -9.13423487e-34,  -6.87897416e-42,
        -3.36258382e-40,  -0.00000000e+00,  -8.40779079e-45,
         6.62126136e-40,   3.73305911e-42,   9.06862668e-35,
        -2.94013437e-40,  -0.00000000e+00,   0.00000000e+00,
        -0.00000000e+00,  -0.00000000e+00,   4.90454463e-44,
        -9.22727854e-39,  -0.00000000e+00,  -0.00000000e+00,
        -1.88600760e-41,   0.00000000e+00,   0.00000000e+00,
         2.80259693e-45,  -0.00000000e+00,   0.00000000e+00,
        -2.47609439e-42,   3.59152796e-42,   0.00000000e+00,
         7.00649232e-45,   1.40129846e-45,   4.96620176e-42,
         0.00000000e+00,   0.00000000e+00,  -0.00000000e+00,
        -0.00000000e+00,  -6.01297171e-42,   1.65177944e-37,
         4.72097453e-42,  -2.66246708e-44,  -4.20389539e-45,
         3.19888694e-39,  -1.50929213e-35,   0.00000000e+00,
        -0.00000000e+00,   1.04581847e-39,  -0.00000000e+00,
        -0.00000000e+00,   0.00000000e+00,   1.40412488e-38,
         5.63882502e-42], dtype=float32), array([  0.00000000e+00,   0.00000000e+00,  -4.20389539e-45,
         0.00000000e+00,  -0.00000000e+00,   0.00000000e+00,
         0.00000000e+00,   9.34666076e-43,  -3.36311631e-44,
        -0.00000000e+00,   3.92363570e-44,   0.00000000e+00,
         8.26766094e-44,  -0.00000000e+00,   1.88315434e-37,
        -2.38220739e-44,   0.00000000e+00,  -0.00000000e+00,
        -2.65486801e-37,  -0.00000000e+00,  -0.00000000e+00,
         0.00000000e+00,  -0.00000000e+00,  -0.00000000e+00,
         1.40129846e-44,  -0.00000000e+00,  -0.00000000e+00,
        -0.00000000e+00,   2.33035935e-42,  -0.00000000e+00,
         0.00000000e+00,   0.00000000e+00,   7.84727140e-44,
        -0.00000000e+00,  -0.00000000e+00,   0.00000000e+00,
         0.00000000e+00,   0.00000000e+00,   0.00000000e+00,
        -0.00000000e+00,  -0.00000000e+00,  -0.00000000e+00,
        -0.00000000e+00,   0.00000000e+00,  -0.00000000e+00,
        -0.00000000e+00,   0.00000000e+00,  -0.00000000e+00,
        -0.00000000e+00,   0.00000000e+00,   1.40129846e-45,
        -0.00000000e+00,  -9.84130678e-38,   1.65773608e-42,
        -0.00000000e+00,  -0.00000000e+00,  -0.00000000e+00,
         3.01382866e-40,   0.00000000e+00,  -0.00000000e+00,
        -0.00000000e+00,   0.00000000e+00,   0.00000000e+00,
        -0.00000000e+00,  -0.00000000e+00,   0.00000000e+00,
         0.00000000e+00,  -0.00000000e+00,  -0.00000000e+00,
         0.00000000e+00,   0.00000000e+00,  -0.00000000e+00,
         0.00000000e+00,   0.00000000e+00,  -0.00000000e+00,
         0.00000000e+00,  -0.00000000e+00,   0.00000000e+00,
        -0.00000000e+00,   0.00000000e+00,  -0.00000000e+00,
        -0.00000000e+00,   0.00000000e+00,   0.00000000e+00,
        -0.00000000e+00,   7.00649232e-45,   4.62358428e-41,
        -9.80908925e-45,   0.00000000e+00,  -0.00000000e+00,
        -1.40129846e-45,   2.10814144e-40,  -0.00000000e+00,
        -0.00000000e+00,   0.00000000e+00,   0.00000000e+00,
        -0.00000000e+00,  -0.00000000e+00,   2.24207754e-44,
        -0.00000000e+00], dtype=float32), array([ 0., -0.,  0.,  0.,  0.,  0.,  0.,  0.,  0.,  0.,  0.,  0., -0.,
        0., -0.,  0.,  0.,  0.,  0., -0.,  0., -0., -0.,  0., -0.,  0.,
        0., -0.,  0.,  0., -0.,  0.,  0., -0., -0.,  0.,  0.,  0., -0.,
       -0.,  0.,  0., -0.,  0.,  0.,  0.,  0., -0., -0.,  0., -0., -0.,
        0., -0., -0.,  0., -0., -0., -0., -0.,  0.,  0.,  0., -0.,  0.,
        0., -0.,  0.,  0.,  0.,  0.,  0., -0., -0.,  0., -0.,  0., -0.,
        0.,  0.,  0., -0.,  0., -0., -0., -0., -0., -0.,  0.,  0., -0.,
        0., -0.,  0.,  0.,  0.,  0.,  0., -0.,  0.], dtype=float32), array([  0.00000000e+00,   0.00000000e+00,  -0.00000000e+00,
         0.00000000e+00,  -0.00000000e+00,  -0.00000000e+00,
         1.68155816e-43,  -1.57901114e-40,   0.00000000e+00,
         0.00000000e+00,  -1.23314265e-43,   0.00000000e+00,
         3.18094751e-43,  -0.00000000e+00,  -2.79535457e-37,
         1.12762487e-41,   0.00000000e+00,  -0.00000000e+00,
        -2.52233724e-44,  -0.00000000e+00,  -0.00000000e+00,
         0.00000000e+00,  -0.00000000e+00,  -0.00000000e+00,
         0.00000000e+00,   0.00000000e+00,   0.00000000e+00,
         0.00000000e+00,   0.00000000e+00,  -0.00000000e+00,
        -8.12753109e-44,   0.00000000e+00,  -0.00000000e+00,
         0.00000000e+00,  -0.00000000e+00,  -0.00000000e+00,
         0.00000000e+00,   0.00000000e+00,   0.00000000e+00,
         0.00000000e+00,   0.00000000e+00,   0.00000000e+00,
        -0.00000000e+00,   0.00000000e+00,   0.00000000e+00,
         0.00000000e+00,   0.00000000e+00,  -0.00000000e+00,
        -9.80908925e-45,   0.00000000e+00,   0.00000000e+00,
        -0.00000000e+00,   2.80259693e-45,   0.00000000e+00,
         1.40129846e-44,   0.00000000e+00,  -1.49938936e-43,
         1.73620880e-42,   0.00000000e+00,  -0.00000000e+00,
        -0.00000000e+00,   0.00000000e+00,   0.00000000e+00,
         0.00000000e+00,  -0.00000000e+00,   0.00000000e+00,
        -1.40129846e-45,  -0.00000000e+00,   0.00000000e+00,
        -0.00000000e+00,  -1.40129846e-45,  -0.00000000e+00,
        -0.00000000e+00,   0.00000000e+00,  -0.00000000e+00,
        -0.00000000e+00,   0.00000000e+00,   0.00000000e+00,
        -0.00000000e+00,   0.00000000e+00,  -1.30320757e-43,
        -0.00000000e+00,  -0.00000000e+00,  -0.00000000e+00,
        -0.00000000e+00,  -2.10194770e-44,   1.40129846e-45,
         0.00000000e+00,   0.00000000e+00,  -0.00000000e+00,
         0.00000000e+00,  -8.09950512e-43,  -0.00000000e+00,
         0.00000000e+00,  -0.00000000e+00,  -0.00000000e+00,
        -0.00000000e+00,   0.00000000e+00,  -1.33123354e-43,
        -0.00000000e+00], dtype=float32), array([  9.51507939e-26,   1.43338285e-24,   1.33323702e-26,
         8.18952020e-27,   1.03807747e-25,  -2.10072949e-24,
         4.81968178e-25,  -1.01393944e-25,   7.13297090e-26,
        -1.92670678e-24,   3.38158215e-22,  -1.78548319e-28,
         6.69790063e-22,   2.25387236e-26,   4.39634338e-21,
         5.68368366e-25,   6.48290789e-22,   7.81451229e-23,
         1.08419819e-22,  -9.13140024e-25,  -5.36254548e-24,
        -2.47218926e-23,   5.88381940e-23,   1.14769969e-23,
        -3.99838063e-23,   1.47934463e-27,   2.14629892e-22,
        -3.32958544e-27,  -1.20931454e-23,   2.39766973e-27,
         1.02038262e-22,   2.13839539e-23,   8.69192288e-25,
         4.48064159e-22,  -6.33935575e-25,   5.06469646e-28,
         5.19095009e-24,   3.30809745e-27,   1.17329704e-23,
        -2.83722034e-25,  -4.08220881e-27,  -6.63316280e-23,
         2.45523648e-24,  -9.26180258e-23,  -1.49553877e-24,
         1.31283267e-25,  -1.14226261e-21,   2.10383950e-23,
        -3.22817638e-20,  -7.85313303e-23,   1.15365499e-26,
         1.02989566e-26,   7.07753509e-23,  -3.32125040e-27,
         4.02020009e-25,  -1.40368877e-26,  -1.21707286e-26,
         9.89721522e-21,   3.87145519e-25,   1.14386255e-21,
         1.70950684e-27,  -1.61990449e-29,  -5.24473056e-27,
         1.33599474e-25,  -1.57181216e-24,   1.94919383e-27,
         8.87929024e-23,  -3.16772479e-28,  -1.13053486e-22,
         6.33387514e-25,   6.90043504e-26,  -9.21393605e-26,
        -2.41287874e-25,   1.10241974e-22,   2.57401862e-26,
         4.81459126e-24,  -1.57680557e-21,  -7.49782708e-26,
         3.80440241e-24,   2.69276776e-26,  -1.87401383e-21,
         5.58013742e-27,  -4.42075281e-29,   3.26201025e-24,
        -1.62327727e-23,   6.67480996e-21,   9.63511628e-27,
         2.78012308e-25,   2.84793307e-25,   1.09354071e-27,
        -1.44695619e-22,  -2.17015761e-23,  -3.41809856e-25,
        -1.76501834e-25,   3.50185537e-25,  -6.24366951e-26,
        -1.32537322e-25,  -3.70128434e-25,  -7.81073291e-21,
        -3.04935243e-25], dtype=float32), array([-0., -0.,  0., -0., -0., -0., -0., -0.,  0., -0.,  0., -0.,  0.,
       -0., -0.,  0.,  0., -0.,  0.,  0.,  0., -0., -0., -0.,  0.,  0.,
       -0., -0., -0., -0., -0., -0.,  0., -0., -0.,  0., -0.,  0.,  0.,
       -0.,  0., -0., -0., -0.,  0.,  0.,  0.,  0., -0.,  0.,  0.,  0.,
        0.,  0., -0., -0.,  0., -0.,  0.,  0., -0., -0., -0., -0.,  0.,
       -0.,  0., -0., -0.,  0.,  0., -0., -0.,  0.,  0., -0., -0., -0.,
       -0., -0.,  0., -0., -0., -0.,  0.,  0.,  0., -0.,  0., -0.,  0.,
       -0., -0.,  0.,  0., -0., -0.,  0., -0.,  0.], dtype=float32), array([ -3.67057562e-31,  -9.47701917e-29,   4.70604015e-28,
        -1.25174538e-30,  -1.49935392e-28,   3.07606242e-32,
        -8.85047528e-28,   6.60725489e-25,   7.87530590e-25,
         4.73965228e-30,  -2.35351721e-28,   1.34450168e-28,
        -1.53194569e-24,  -3.17622086e-34,   7.18891470e-26,
        -4.55631416e-25,   1.21149600e-29,  -1.83473935e-32,
         2.15793609e-26,   6.43146297e-28,   3.65547451e-31,
        -2.10070399e-28,   7.48354639e-31,  -1.68487997e-27,
        -2.60663653e-30,   5.37678835e-29,   1.66875821e-25,
        -1.33670282e-31,   4.58500865e-27,   3.47275672e-33,
        -2.97672479e-28,  -1.27735058e-31,  -1.12753574e-33,
         3.30093149e-36,   3.51008050e-33,  -2.71815818e-32,
         1.83764830e-33,  -1.15054941e-32,  -6.57252242e-28,
        -2.45277651e-28,   1.43281627e-30,   5.14720378e-28,
        -8.01425811e-31,   4.38191263e-32,   1.45844066e-31,
        -1.54924188e-28,   3.31181258e-29,  -5.82860434e-27,
        -5.74107342e-28,  -1.49027190e-36,  -3.65623732e-30,
         4.75493754e-32,  -6.41241611e-27,  -3.12034505e-31,
        -5.12257342e-29,  -3.01856817e-31,   8.27655682e-28,
        -5.07655628e-26,  -1.16916737e-29,   2.44729343e-31,
         1.15563047e-30,  -2.17108179e-32,  -2.57714573e-30,
         4.46211830e-35,  -5.85360553e-26,   2.79878170e-33,
         7.96639043e-27,   7.72041744e-31,  -1.79321832e-29,
        -3.73394724e-29,   1.70122457e-27,  -6.12740419e-32,
        -2.53983469e-31,   7.40704616e-32,  -4.16849281e-32,
        -1.57331971e-29,  -5.11216341e-28,   2.92065471e-29,
         3.13191135e-30,   3.63860090e-27,  -8.55312109e-29,
        -4.98913552e-36,   2.93737074e-34,   2.78192847e-29,
         8.45028880e-27,   4.21554634e-26,  -9.92188612e-29,
        -7.46234965e-32,   1.66718144e-30,  -1.99508569e-30,
        -9.25818237e-29,   2.55815512e-25,  -2.38250444e-29,
        -2.91668819e-33,   5.10330451e-27,   5.64974859e-29,
         4.59508869e-34,   3.66439242e-33,   1.27336394e-26,
         9.66513490e-26], dtype=float32), array([ -0.00000000e+00,   0.00000000e+00,  -0.00000000e+00,
         0.00000000e+00,   0.00000000e+00,  -0.00000000e+00,
         0.00000000e+00,   0.00000000e+00,   0.00000000e+00,
        -0.00000000e+00,   0.00000000e+00,  -0.00000000e+00,
        -0.00000000e+00,   0.00000000e+00,  -0.00000000e+00,
         0.00000000e+00,  -0.00000000e+00,   0.00000000e+00,
        -0.00000000e+00,   0.00000000e+00,   0.00000000e+00,
        -0.00000000e+00,   0.00000000e+00,  -0.00000000e+00,
         0.00000000e+00,   0.00000000e+00,   0.00000000e+00,
         0.00000000e+00,   0.00000000e+00,   0.00000000e+00,
         0.00000000e+00,   0.00000000e+00,  -0.00000000e+00,
        -0.00000000e+00,   0.00000000e+00,  -0.00000000e+00,
        -0.00000000e+00,   0.00000000e+00,  -0.00000000e+00,
        -0.00000000e+00,   0.00000000e+00,   0.00000000e+00,
        -0.00000000e+00,  -0.00000000e+00,  -0.00000000e+00,
        -0.00000000e+00,  -0.00000000e+00,   0.00000000e+00,
         0.00000000e+00,  -0.00000000e+00,  -0.00000000e+00,
         0.00000000e+00,   0.00000000e+00,   0.00000000e+00,
         0.00000000e+00,  -0.00000000e+00,   0.00000000e+00,
         0.00000000e+00,  -0.00000000e+00,   0.00000000e+00,
         0.00000000e+00,   0.00000000e+00,  -0.00000000e+00,
         0.00000000e+00,  -0.00000000e+00,  -0.00000000e+00,
        -0.00000000e+00,  -0.00000000e+00,  -0.00000000e+00,
         0.00000000e+00,  -0.00000000e+00,   0.00000000e+00,
        -0.00000000e+00,   0.00000000e+00,  -0.00000000e+00,
        -0.00000000e+00,  -0.00000000e+00,   0.00000000e+00,
         0.00000000e+00,   0.00000000e+00,   0.00000000e+00,
        -0.00000000e+00,  -0.00000000e+00,  -0.00000000e+00,
         0.00000000e+00,  -0.00000000e+00,  -0.00000000e+00,
        -0.00000000e+00,  -0.00000000e+00,  -0.00000000e+00,
        -0.00000000e+00,   0.00000000e+00,   0.00000000e+00,
        -0.00000000e+00,   0.00000000e+00,   0.00000000e+00,
         0.00000000e+00,   0.00000000e+00,  -2.10194770e-44,
         0.00000000e+00], dtype=float32), array([ 0., -0.,  0., -0.,  0.,  0.,  0.,  0.,  0.,  0.,  0.,  0.,  0.,
        0., -0., -0., -0., -0., -0.,  0., -0., -0., -0., -0., -0., -0.,
        0.,  0.,  0.,  0.,  0., -0., -0.,  0., -0., -0.,  0.,  0., -0.,
       -0.,  0.,  0., -0.,  0., -0., -0.,  0.,  0., -0.,  0.,  0., -0.,
       -0.,  0.,  0.,  0., -0., -0.,  0., -0.,  0., -0.,  0., -0., -0.,
        0., -0.,  0.,  0., -0., -0.,  0.,  0.,  0.,  0.,  0., -0.,  0.,
       -0.,  0.,  0., -0., -0.,  0., -0.,  0.,  0., -0.,  0.,  0., -0.,
       -0., -0.,  0., -0., -0.,  0., -0.,  0.,  0.], dtype=float32), array([ 0., -0., -0., -0., -0.,  0.,  0.,  0.,  0., -0.,  0.,  0.,  0.,
       -0.,  0.,  0.,  0.,  0., -0., -0., -0.,  0.,  0., -0., -0.,  0.,
       -0., -0.,  0., -0., -0., -0.,  0., -0., -0.,  0., -0.,  0.,  0.,
        0.,  0., -0., -0.,  0., -0.,  0., -0., -0.,  0.,  0., -0., -0.,
        0., -0., -0., -0.,  0.,  0., -0.,  0.,  0.,  0.,  0.,  0.,  0.,
       -0.,  0.,  0., -0.,  0., -0.,  0.,  0., -0., -0.,  0., -0., -0.,
       -0.,  0.,  0.,  0., -0.,  0.,  0.,  0., -0.,  0., -0.,  0., -0.,
        0.,  0., -0.,  0., -0.,  0.,  0., -0., -0.], dtype=float32), array([ -4.31494495e-31,  -8.30259070e-29,  -2.89151495e-27,
         5.28491276e-30,  -4.32633900e-34,   5.30425240e-39,
        -7.44098210e-27,   2.79886617e-27,  -6.54331232e-28,
        -2.26194115e-33,   2.24113414e-28,  -5.15939348e-33,
        -7.21761313e-28,  -6.64604934e-32,  -1.87263854e-26,
        -1.82320882e-29,   8.28167672e-27,  -6.63878644e-28,
        -3.55407453e-27,   1.00142609e-31,   7.08091394e-35,
         1.24432685e-28,  -1.05897657e-29,   2.04450445e-33,
        -6.44851139e-31,  -1.48025641e-33,  -3.99852632e-31,
         1.94997408e-39,  -4.09678942e-32,   2.42404262e-31,
         1.64876491e-28,  -1.86908913e-28,  -6.95344825e-28,
        -1.61982730e-29,  -4.82159985e-30,   1.18956516e-34,
         6.42236097e-30,  -1.16665811e-30,  -2.58958614e-29,
        -1.35960979e-29,   8.49294433e-32,   4.35558649e-31,
        -2.75628336e-30,   4.88654499e-29,  -1.11465994e-29,
        -6.58263759e-33,   1.68298656e-32,  -2.30449515e-33,
        -3.63966309e-28,  -1.13631912e-31,  -5.78101179e-33,
         5.22603164e-37,  -6.59302458e-26,   6.58296096e-28,
         8.07284014e-28,   1.72885960e-33,   1.13821449e-28,
         1.28270213e-25,   3.66116091e-32,  -1.88215529e-30,
         1.47731465e-33,  -1.25248005e-35,  -1.63256770e-33,
        -3.17804889e-33,   4.65879632e-31,   2.80847916e-34,
        -1.14008155e-28,   4.16437878e-41,   4.09934076e-33,
         4.77271442e-31,  -3.25798171e-30,   4.83494073e-39,
         2.61530966e-31,   3.42953416e-32,  -9.46639936e-36,
         1.49244765e-29,   5.64063242e-27,  -6.76275477e-32,
        -8.49367229e-30,  -6.57924203e-36,  -5.98949754e-32,
         8.53183298e-31,   5.19546290e-35,   6.81287125e-29,
        -2.56705558e-34,   4.77975175e-27,   5.87963445e-28,
        -7.32456041e-27,  -8.13183012e-31,  -7.44926933e-32,
         9.45370543e-28,  -2.62799310e-29,   1.09504284e-29,
        -4.90634914e-32,  -9.86495310e-28,  -2.04434138e-29,
        -1.49886498e-36,   4.36957699e-34,   2.22577351e-26,
        -7.27047413e-28], dtype=float32), array([-0.,  0.,  0.,  0.,  0.,  0., -0., -0.,  0., -0., -0., -0.,  0.,
        0., -0., -0., -0., -0.,  0.,  0., -0.,  0.,  0., -0.,  0.,  0.,
        0.,  0., -0.,  0.,  0.,  0.,  0., -0.,  0., -0., -0.,  0.,  0.,
        0.,  0.,  0., -0.,  0.,  0., -0., -0.,  0., -0., -0.,  0., -0.,
       -0., -0., -0.,  0.,  0., -0.,  0., -0.,  0., -0., -0.,  0.,  0.,
       -0.,  0.,  0.,  0., -0., -0.,  0.,  0., -0.,  0., -0.,  0.,  0.,
        0., -0.,  0., -0., -0.,  0.,  0.,  0.,  0.,  0.,  0.,  0.,  0.,
        0.,  0.,  0.,  0.,  0.,  0.,  0.,  0., -0.], dtype=float32), array([-0., -0., -0.,  0., -0., -0., -0., -0.,  0., -0., -0., -0.,  0.,
       -0., -0.,  0.,  0., -0.,  0.,  0.,  0.,  0.,  0.,  0., -0., -0.,
        0.,  0.,  0., -0.,  0.,  0., -0., -0.,  0.,  0., -0., -0.,  0.,
       -0.,  0., -0.,  0., -0.,  0.,  0.,  0.,  0.,  0., -0.,  0.,  0.,
        0., -0., -0., -0.,  0., -0.,  0., -0., -0., -0., -0., -0.,  0.,
       -0.,  0.,  0.,  0.,  0.,  0.,  0.,  0.,  0.,  0.,  0., -0.,  0.,
        0.,  0.,  0.,  0.,  0.,  0., -0., -0.,  0., -0., -0., -0.,  0.,
        0., -0.,  0.,  0., -0.,  0., -0., -0., -0.], dtype=float32), array([  0.00000000e+00,  -0.00000000e+00,  -0.00000000e+00,
        -0.00000000e+00,   0.00000000e+00,   0.00000000e+00,
        -0.00000000e+00,   0.00000000e+00,   0.00000000e+00,
         0.00000000e+00,  -0.00000000e+00,   0.00000000e+00,
        -1.40129846e-45,  -0.00000000e+00,  -0.00000000e+00,
         0.00000000e+00,  -0.00000000e+00,  -0.00000000e+00,
         7.00649232e-44,   0.00000000e+00,   0.00000000e+00,
        -0.00000000e+00,  -0.00000000e+00,  -0.00000000e+00,
        -0.00000000e+00,  -0.00000000e+00,  -0.00000000e+00,
        -0.00000000e+00,   0.00000000e+00,   0.00000000e+00,
        -0.00000000e+00,   0.00000000e+00,  -0.00000000e+00,
         0.00000000e+00,  -0.00000000e+00,   0.00000000e+00,
        -0.00000000e+00,   0.00000000e+00,   0.00000000e+00,
        -0.00000000e+00,  -0.00000000e+00,  -0.00000000e+00,
         0.00000000e+00,   0.00000000e+00,   0.00000000e+00,
         0.00000000e+00,  -0.00000000e+00,  -0.00000000e+00,
         0.00000000e+00,   0.00000000e+00,  -0.00000000e+00,
        -0.00000000e+00,   1.04550206e-38,   0.00000000e+00,
        -0.00000000e+00,   0.00000000e+00,  -0.00000000e+00,
        -0.00000000e+00,  -0.00000000e+00,   0.00000000e+00,
         0.00000000e+00,  -0.00000000e+00,   0.00000000e+00,
         0.00000000e+00,  -0.00000000e+00,  -0.00000000e+00,
        -0.00000000e+00,   0.00000000e+00,  -0.00000000e+00,
        -0.00000000e+00,   0.00000000e+00,   0.00000000e+00,
        -0.00000000e+00,  -0.00000000e+00,   0.00000000e+00,
        -0.00000000e+00,   0.00000000e+00,  -0.00000000e+00,
        -0.00000000e+00,   0.00000000e+00,  -0.00000000e+00,
        -0.00000000e+00,   0.00000000e+00,  -0.00000000e+00,
        -0.00000000e+00,   0.00000000e+00,  -0.00000000e+00,
        -0.00000000e+00,  -0.00000000e+00,  -0.00000000e+00,
        -0.00000000e+00,   2.80259693e-45,   0.00000000e+00,
         0.00000000e+00,  -0.00000000e+00,   0.00000000e+00,
        -0.00000000e+00,   0.00000000e+00,   0.00000000e+00,
         0.00000000e+00], dtype=float32), array([ -7.83474240e-34,  -2.08230196e-31,   2.85616187e-31,
         2.66848697e-34,   7.69803011e-36,  -5.00221905e-38,
        -3.03309916e-31,  -5.99796181e-31,   4.52993719e-33,
        -1.64225846e-37,   1.34531340e-25,   8.24526709e-33,
        -1.23905136e-28,   8.87278366e-39,  -8.25037393e-30,
         1.76761683e-31,   9.49295572e-31,   2.91926499e-32,
         5.46009986e-29,  -6.15619340e-34,   5.41648732e-33,
         1.05636263e-32,  -3.47759167e-33,   2.90400920e-33,
         6.76707656e-38,   4.91104306e-36,   3.45059991e-30,
         6.41443820e-36,   2.96648251e-29,   6.25165559e-31,
        -1.39150949e-30,  -6.49236768e-31,   6.06358495e-31,
         4.82591354e-34,   8.28776744e-31,   5.27003269e-39,
         3.62435434e-33,   1.14400378e-33,  -2.63967065e-33,
        -2.51116203e-31,   1.25364039e-33,  -4.63983835e-35,
         2.07931104e-35,   9.39561431e-34,   2.59913464e-33,
        -1.35514553e-35,   1.02641059e-32,   1.43540534e-34,
         3.56257132e-32,   1.82866624e-33,   4.55679304e-31,
         9.01823844e-40,   2.83520374e-31,   1.30464502e-38,
         1.27458106e-34,   2.58632641e-38,  -1.41536126e-31,
        -1.43391826e-32,   3.98191881e-35,  -1.63288032e-35,
         2.43186621e-35,  -1.54173589e-35,   2.95861884e-35,
         1.02071129e-37,   4.03664760e-33,   3.26351613e-35,
         9.11461040e-32,  -3.24050129e-35,  -1.07575481e-36,
         4.22098899e-33,   1.66345202e-30,  -1.49112246e-36,
         4.38127099e-36,   1.91911635e-35,  -4.84620562e-35,
         3.92107336e-33,  -2.21283109e-35,   1.00217643e-39,
         2.28586961e-31,   3.36450108e-34,  -9.92727571e-34,
         4.52082184e-36,   9.13267548e-39,   5.08855121e-33,
        -1.54860285e-37,  -4.47548580e-32,  -2.67656207e-33,
        -2.00983979e-31,  -1.61181799e-31,  -6.53926990e-31,
         1.36119336e-32,   3.02936358e-28,  -2.14097576e-32,
         1.46325989e-36,  -3.81573697e-29,  -4.54554115e-32,
         1.84971397e-43,   2.53999780e-39,   7.97198102e-27,
        -5.06637288e-27], dtype=float32), array([ -0.00000000e+00,   0.00000000e+00,  -0.00000000e+00,
         0.00000000e+00,  -0.00000000e+00,   0.00000000e+00,
         0.00000000e+00,   0.00000000e+00,   1.12103877e-44,
         0.00000000e+00,  -2.95673976e-43,  -0.00000000e+00,
        -0.00000000e+00,  -0.00000000e+00,   1.44614002e-42,
         0.00000000e+00,  -0.00000000e+00,  -1.40129846e-45,
        -1.68441821e-39,  -0.00000000e+00,  -0.00000000e+00,
        -0.00000000e+00,   0.00000000e+00,  -0.00000000e+00,
         0.00000000e+00,   0.00000000e+00,  -0.00000000e+00,
         0.00000000e+00,  -2.80259693e-45,   0.00000000e+00,
         0.00000000e+00,   0.00000000e+00,  -0.00000000e+00,
         0.00000000e+00,   1.54142831e-44,   0.00000000e+00,
        -0.00000000e+00,   0.00000000e+00,  -8.40779079e-45,
         1.40129846e-44,  -0.00000000e+00,  -0.00000000e+00,
         0.00000000e+00,  -0.00000000e+00,   0.00000000e+00,
         0.00000000e+00,   0.00000000e+00,   0.00000000e+00,
        -0.00000000e+00,   0.00000000e+00,   8.82818033e-44,
         0.00000000e+00,  -1.40129846e-45,   0.00000000e+00,
         0.00000000e+00,   0.00000000e+00,  -0.00000000e+00,
        -3.76248638e-42,   0.00000000e+00,   2.80259693e-45,
        -0.00000000e+00,   0.00000000e+00,   0.00000000e+00,
         0.00000000e+00,  -0.00000000e+00,  -0.00000000e+00,
         0.00000000e+00,  -0.00000000e+00,  -0.00000000e+00,
        -0.00000000e+00,   0.00000000e+00,   0.00000000e+00,
         0.00000000e+00,   0.00000000e+00,   0.00000000e+00,
        -0.00000000e+00,  -0.00000000e+00,  -0.00000000e+00,
        -0.00000000e+00,   0.00000000e+00,   0.00000000e+00,
        -0.00000000e+00,   0.00000000e+00,   0.00000000e+00,
        -0.00000000e+00,   9.38869971e-44,   0.00000000e+00,
        -1.82168800e-44,   0.00000000e+00,   0.00000000e+00,
        -0.00000000e+00,   7.14662217e-44,  -0.00000000e+00,
         0.00000000e+00,  -0.00000000e+00,  -0.00000000e+00,
        -0.00000000e+00,  -0.00000000e+00,   9.54621967e-40,
        -2.80259693e-45], dtype=float32), array([-0., -0., -0.,  0.,  0.,  0.,  0.,  0.,  0.,  0.,  0., -0., -0.,
        0.,  0.,  0., -0.,  0.,  0., -0., -0., -0., -0., -0.,  0.,  0.,
        0., -0., -0.,  0.,  0.,  0.,  0.,  0.,  0.,  0.,  0., -0., -0.,
       -0.,  0.,  0.,  0., -0., -0., -0.,  0.,  0.,  0., -0.,  0.,  0.,
        0.,  0.,  0.,  0., -0.,  0.,  0., -0.,  0.,  0., -0., -0.,  0.,
        0., -0., -0., -0., -0.,  0., -0.,  0.,  0., -0.,  0., -0.,  0.,
        0.,  0.,  0., -0., -0., -0.,  0.,  0., -0., -0., -0.,  0., -0.,
        0.,  0.,  0.,  0., -0., -0.,  0., -0.,  0.], dtype=float32), array([  2.89299692e-35,   5.66045667e-34,  -2.62502674e-33,
         8.69539328e-40,   8.86127507e-38,   1.95999616e-41,
         1.88075790e-34,  -1.25985047e-32,  -3.20824046e-34,
        -2.52584048e-41,   1.21192338e-33,  -3.89887937e-32,
         2.17326793e-35,   3.63246810e-35,   3.61391877e-30,
        -1.16991292e-36,  -1.13766455e-34,   1.25225827e-30,
         5.96328560e-34,   1.72494942e-35,   6.24615755e-36,
        -4.94617813e-32,  -8.92432813e-33,   2.27306647e-33,
         9.97468082e-33,   8.33354035e-36,   3.91216863e-31,
         1.10198111e-41,   7.69138223e-33,   2.63905425e-33,
         1.02539877e-31,   4.63356013e-38,  -0.00000000e+00,
         1.50938232e-33,   3.78424122e-31,   5.69437810e-39,
         8.05408175e-33,  -9.33040569e-41,  -4.77413898e-34,
        -4.65265241e-36,  -1.60765334e-37,   2.70450604e-43,
         5.27991044e-40,   7.70568047e-34,   4.10235888e-37,
         8.77181163e-36,   5.21918022e-32,   2.51709469e-33,
        -3.14398454e-34,   1.57885569e-33,   2.09512968e-33,
         5.68254733e-37,   4.60001126e-27,  -1.46636529e-32,
         3.57601471e-33,   4.47479609e-38,  -2.72194267e-38,
         6.27831827e-32,   1.90362830e-35,  -1.17101622e-34,
         3.47876120e-34,   1.51421369e-39,   4.41578293e-39,
        -7.01996990e-36,   2.82312844e-36,  -2.26555097e-37,
        -2.18078587e-37,  -1.53283566e-37,   5.43125853e-38,
         2.43563440e-33,   9.97721475e-33,  -3.07077604e-33,
        -2.27682723e-36,  -1.10618094e-35,  -5.01944858e-34,
         6.96979988e-32,   1.53880813e-36,   1.37013409e-35,
         4.98101095e-35,  -2.69090447e-34,  -5.88919800e-35,
         9.52118138e-36,  -1.69314647e-36,   1.77293263e-39,
         6.35851089e-39,  -9.88860379e-30,  -3.84239895e-37,
        -2.84074579e-32,  -4.75191576e-38,   2.00806070e-42,
         7.08200493e-32,   2.24960129e-32,  -1.40189531e-36,
        -3.78268170e-35,  -4.86239418e-33,  -3.18572671e-33,
         2.24606507e-35,  -2.54142933e-36,   2.11173313e-29,
        -5.54315014e-34], dtype=float32), array([  4.94254952e-38,  -5.98460943e-40,  -1.37920315e-36,
         7.85115300e-40,  -2.96511392e-39,  -2.17201262e-43,
        -2.44761384e-38,   1.51197180e-33,  -7.39989593e-35,
        -7.90332334e-43,  -6.46387981e-31,   5.30952078e-37,
        -2.86237377e-36,  -2.86605884e-36,   6.46198288e-35,
         4.79174588e-36,   2.86045262e-38,   1.43200932e-39,
         2.37306390e-32,   5.21770821e-39,   6.09482155e-40,
         1.71161601e-40,  -3.68697119e-37,   3.09982635e-40,
         9.01034913e-43,   0.00000000e+00,  -1.71463127e-37,
         4.25738856e-39,   1.03603724e-37,  -3.40406232e-35,
         2.17783235e-38,  -6.30584309e-44,  -2.19184940e-39,
         2.79937394e-41,   9.24932376e-39,   7.90500490e-41,
        -4.57131585e-41,  -0.00000000e+00,  -6.92801961e-42,
        -7.43441058e-35,  -1.42737873e-38,  -1.70815480e-40,
         2.32055026e-42,  -2.63833462e-36,   9.59686260e-40,
        -2.93431898e-42,  -6.24326110e-40,   1.03924638e-39,
        -4.12216037e-36,   3.37362605e-41,  -2.79093927e-35,
         3.80551745e-39,  -9.39143028e-34,   6.72952938e-36,
        -1.50236431e-39,   5.83771210e-37,  -1.33971711e-37,
        -6.04251939e-32,  -1.33644637e-40,   2.79771494e-36,
         1.94976150e-38,  -1.54142831e-44,  -4.18860723e-40,
         2.26309702e-40,  -1.60864159e-39,  -1.33205190e-39,
        -8.82078147e-40,  -3.10838828e-40,  -7.78811559e-39,
         7.08701093e-40,  -1.14188875e-37,   1.47059267e-40,
        -9.08752233e-37,  -4.22211227e-42,  -2.46628530e-43,
         2.37715464e-37,  -3.19748844e-39,   5.45105103e-43,
        -1.40129846e-44,  -7.04948920e-38,   3.93678268e-39,
         1.80402954e-38,   1.00893489e-43,   3.89258853e-39,
        -3.46204799e-41,  -2.85514176e-35,   2.20855888e-35,
         9.67346934e-38,  -1.18351566e-39,  -2.99551369e-40,
        -9.40957906e-41,  -5.35684766e-32,  -9.33293504e-39,
         1.61263543e-38,  -8.09450888e-37,  -1.00235300e-39,
         0.00000000e+00,  -1.68155816e-44,   1.22466492e-29,
         1.83333728e-38], dtype=float32), array([ 0.,  0.,  0.,  0., -0., -0.,  0., -0.,  0.,  0., -0., -0.,  0.,
        0., -0.,  0.,  0.,  0., -0., -0., -0.,  0., -0.,  0., -0., -0.,
        0.,  0., -0.,  0., -0., -0., -0.,  0., -0., -0., -0.,  0.,  0.,
        0.,  0., -0.,  0.,  0.,  0., -0., -0., -0., -0., -0., -0., -0.,
       -0., -0.,  0.,  0., -0., -0.,  0.,  0.,  0.,  0.,  0.,  0.,  0.,
        0., -0.,  0., -0., -0.,  0., -0., -0.,  0.,  0.,  0., -0., -0.,
        0.,  0.,  0., -0., -0., -0.,  0., -0., -0.,  0.,  0., -0., -0.,
        0.,  0., -0., -0., -0., -0.,  0., -0., -0.], dtype=float32), array([-0., -0., -0., -0., -0., -0., -0., -0.,  0.,  0.,  0.,  0.,  0.,
        0., -0.,  0.,  0.,  0., -0.,  0.,  0., -0.,  0.,  0., -0.,  0.,
        0., -0.,  0.,  0., -0.,  0., -0., -0.,  0., -0.,  0.,  0., -0.,
       -0.,  0.,  0., -0., -0., -0.,  0.,  0., -0., -0., -0.,  0., -0.,
       -0.,  0.,  0., -0., -0.,  0.,  0.,  0., -0.,  0., -0.,  0., -0.,
       -0.,  0., -0.,  0.,  0.,  0.,  0., -0., -0., -0.,  0., -0., -0.,
        0., -0., -0.,  0., -0., -0., -0.,  0., -0.,  0.,  0., -0.,  0.,
       -0., -0., -0.,  0., -0., -0., -0., -0.,  0.], dtype=float32), array([ -0.00000000e+00,  -0.00000000e+00,  -0.00000000e+00,
         0.00000000e+00,  -0.00000000e+00,   0.00000000e+00,
        -0.00000000e+00,   0.00000000e+00,   0.00000000e+00,
        -0.00000000e+00,  -0.00000000e+00,  -0.00000000e+00,
        -0.00000000e+00,   0.00000000e+00,   0.00000000e+00,
        -0.00000000e+00,   0.00000000e+00,   0.00000000e+00,
        -1.40129846e-45,  -0.00000000e+00,  -0.00000000e+00,
         0.00000000e+00,   0.00000000e+00,   0.00000000e+00,
         0.00000000e+00,   0.00000000e+00,  -0.00000000e+00,
        -0.00000000e+00,  -0.00000000e+00,   0.00000000e+00,
         0.00000000e+00,   0.00000000e+00,   0.00000000e+00,
        -0.00000000e+00,  -0.00000000e+00,   0.00000000e+00,
         0.00000000e+00,   0.00000000e+00,  -0.00000000e+00,
         0.00000000e+00,   0.00000000e+00,   0.00000000e+00,
         0.00000000e+00,   0.00000000e+00,  -0.00000000e+00,
        -0.00000000e+00,   0.00000000e+00,   0.00000000e+00,
        -0.00000000e+00,   0.00000000e+00,  -0.00000000e+00,
        -0.00000000e+00,  -0.00000000e+00,   0.00000000e+00,
         0.00000000e+00,   0.00000000e+00,  -0.00000000e+00,
         0.00000000e+00,   0.00000000e+00,   0.00000000e+00,
        -0.00000000e+00,  -0.00000000e+00,  -0.00000000e+00,
        -0.00000000e+00,   0.00000000e+00,   0.00000000e+00,
        -0.00000000e+00,  -0.00000000e+00,  -0.00000000e+00,
         0.00000000e+00,   0.00000000e+00,   0.00000000e+00,
         0.00000000e+00,   0.00000000e+00,   0.00000000e+00,
        -0.00000000e+00,   0.00000000e+00,   0.00000000e+00,
         0.00000000e+00,   0.00000000e+00,   0.00000000e+00,
        -0.00000000e+00,  -0.00000000e+00,  -0.00000000e+00,
         0.00000000e+00,  -0.00000000e+00,   0.00000000e+00,
         0.00000000e+00,   0.00000000e+00,   0.00000000e+00,
         0.00000000e+00,   0.00000000e+00,   0.00000000e+00,
        -0.00000000e+00,   0.00000000e+00,  -0.00000000e+00,
        -0.00000000e+00,  -0.00000000e+00,  -1.40129846e-45,
        -0.00000000e+00], dtype=float32), array([ -6.49054263e-38,  -7.67685312e-33,   1.95263932e-35,
         2.77610755e-35,   2.69267908e-40,  -4.06376555e-44,
        -6.66400424e-30,  -1.16502088e-33,  -1.02919695e-32,
        -1.00495823e-37,  -5.62879240e-32,  -4.76363920e-36,
         2.85906307e-34,   4.54797750e-38,  -3.94522551e-27,
         1.71829077e-32,  -2.97493963e-32,  -4.77706835e-36,
         4.17134750e-32,   4.98256641e-36,   1.06937063e-33,
         1.25264122e-33,   2.66257851e-37,   3.86503990e-37,
        -5.02590544e-32,   6.45157813e-42,   1.29871248e-35,
         1.37327250e-42,  -1.18230811e-35,  -2.90810069e-40,
        -1.63859222e-31,  -1.54143573e-31,   8.57286375e-41,
        -3.28470105e-39,   3.56914667e-35,   9.22516818e-40,
         1.34478161e-36,   3.19410431e-39,  -3.48269438e-37,
         1.10035849e-35,  -8.78270088e-35,   3.01258520e-37,
         1.22126242e-36,   2.61235381e-33,  -9.18599330e-36,
         7.42969146e-39,  -9.96062567e-40,   1.13400852e-37,
        -2.12584980e-31,  -1.06565990e-36,   7.33304772e-35,
         9.17472144e-41,   1.35408188e-33,   1.03330720e-33,
        -3.80108698e-33,   1.42092043e-38,   8.04396237e-35,
        -3.27339140e-33,   1.08383851e-34,   5.28954495e-33,
        -2.74662795e-37,  -6.35488854e-40,  -1.18188933e-35,
        -4.29357849e-42,   1.15642145e-37,   2.87291268e-39,
         2.81013331e-33,   0.00000000e+00,   6.15572198e-40,
         6.76127146e-36,  -4.75593168e-34,   1.12103877e-44,
         2.15647947e-33,  -1.36025499e-37,   2.80259693e-45,
         2.34741315e-39,  -2.64004827e-34,   1.34340775e-36,
         9.88465338e-33,   1.37887769e-42,  -3.55256020e-34,
         3.93538222e-38,   0.00000000e+00,   4.01026778e-36,
        -1.96181785e-43,  -4.94852081e-33,   4.36403124e-31,
        -6.91393922e-35,   2.31110041e-34,   3.84388903e-34,
        -1.62344976e-34,   6.01703291e-32,  -1.98946872e-37,
         2.68937180e-35,   2.44702494e-33,  -9.47884132e-38,
        -0.00000000e+00,   7.14662217e-43,  -1.75897918e-32,
         3.82788627e-32], dtype=float32), array([-0.,  0., -0.,  0.,  0., -0.,  0.,  0., -0.,  0., -0.,  0., -0.,
        0.,  0.,  0.,  0.,  0., -0., -0., -0., -0.,  0., -0., -0., -0.,
       -0., -0.,  0.,  0., -0., -0.,  0., -0.,  0., -0.,  0.,  0., -0.,
       -0.,  0., -0., -0., -0.,  0.,  0., -0., -0.,  0., -0.,  0.,  0.,
        0., -0., -0.,  0., -0.,  0., -0.,  0.,  0., -0.,  0., -0.,  0.,
        0.,  0.,  0., -0., -0., -0.,  0., -0.,  0.,  0., -0.,  0.,  0.,
        0., -0., -0., -0., -0., -0., -0., -0.,  0.,  0.,  0.,  0.,  0.,
       -0.,  0., -0., -0.,  0.,  0., -0., -0., -0.], dtype=float32), array([  0.00000000e+00,  -0.00000000e+00,  -0.00000000e+00,
        -0.00000000e+00,   0.00000000e+00,  -0.00000000e+00,
        -0.00000000e+00,  -0.00000000e+00,   2.80259693e-45,
        -0.00000000e+00,   0.00000000e+00,   0.00000000e+00,
         0.00000000e+00,   0.00000000e+00,  -3.09686961e-43,
        -2.72972941e-42,   0.00000000e+00,   0.00000000e+00,
         6.64902108e-41,  -0.00000000e+00,   0.00000000e+00,
         0.00000000e+00,   0.00000000e+00,   0.00000000e+00,
         0.00000000e+00,  -0.00000000e+00,   0.00000000e+00,
         0.00000000e+00,   4.20389539e-45,  -0.00000000e+00,
        -0.00000000e+00,   0.00000000e+00,   0.00000000e+00,
         0.00000000e+00,  -9.80908925e-44,  -0.00000000e+00,
        -0.00000000e+00,  -0.00000000e+00,  -0.00000000e+00,
        -0.00000000e+00,   0.00000000e+00,  -0.00000000e+00,
         0.00000000e+00,  -0.00000000e+00,  -0.00000000e+00,
         0.00000000e+00,  -0.00000000e+00,   0.00000000e+00,
        -0.00000000e+00,  -0.00000000e+00,   0.00000000e+00,
        -0.00000000e+00,  -0.00000000e+00,   0.00000000e+00,
        -1.40129846e-45,  -0.00000000e+00,   0.00000000e+00,
         0.00000000e+00,   0.00000000e+00,  -4.62428493e-44,
         0.00000000e+00,   0.00000000e+00,   0.00000000e+00,
         0.00000000e+00,   0.00000000e+00,  -0.00000000e+00,
         0.00000000e+00,  -0.00000000e+00,  -0.00000000e+00,
         0.00000000e+00,   0.00000000e+00,   0.00000000e+00,
        -0.00000000e+00,   0.00000000e+00,  -0.00000000e+00,
         0.00000000e+00,   0.00000000e+00,  -0.00000000e+00,
         0.00000000e+00,   0.00000000e+00,  -0.00000000e+00,
         0.00000000e+00,   0.00000000e+00,  -0.00000000e+00,
        -0.00000000e+00,  -0.00000000e+00,   0.00000000e+00,
         0.00000000e+00,  -0.00000000e+00,  -0.00000000e+00,
         0.00000000e+00,   4.20389539e-45,  -0.00000000e+00,
        -0.00000000e+00,  -0.00000000e+00,   0.00000000e+00,
         0.00000000e+00,   0.00000000e+00,  -7.00649232e-45,
        -0.00000000e+00], dtype=float32), array([  6.98386173e-32,  -5.60011509e-28,   3.44122529e-30,
         6.68570723e-34,   5.38203439e-32,   2.61113295e-33,
        -1.43643393e-29,  -1.34447349e-29,  -2.75648677e-26,
        -1.20367439e-29,  -6.89487253e-29,   6.13412273e-32,
         5.94178991e-30,   1.29906923e-34,   1.94956902e-25,
         5.51224569e-27,   4.27022905e-30,   3.17906419e-28,
        -4.25050659e-27,   2.64780396e-32,  -4.58800726e-35,
         2.12779075e-28,   5.01013795e-31,   2.21704088e-29,
        -1.47244480e-27,  -5.64262400e-36,  -1.58018363e-27,
        -1.24328061e-33,  -4.12244958e-27,  -1.06063456e-31,
         1.17641093e-26,  -1.28912998e-31,  -4.00529594e-30,
        -1.33090822e-31,  -5.63946112e-29,  -1.21885224e-32,
        -1.72712917e-34,   3.35303306e-36,   6.85753923e-31,
         2.47596902e-32,  -1.84498889e-34,  -2.30047865e-31,
        -2.07357663e-35,  -2.02944943e-29,  -1.08629681e-30,
         6.29620988e-32,  -9.50455926e-31,  -1.38026488e-32,
        -8.67207792e-31,   5.31685574e-30,  -1.89573664e-32,
        -1.75786416e-30,   3.79850994e-28,  -7.24783260e-30,
         4.86700061e-26,   1.31010065e-35,   2.09461757e-28,
         3.87352492e-28,  -7.67531231e-29,  -9.27647103e-30,
         5.96763695e-33,  -2.51262491e-35,  -4.77784684e-34,
         7.12159391e-30,  -1.04385513e-35,  -3.34512889e-33,
        -1.22020120e-29,   1.29965155e-36,   2.38755098e-33,
        -1.41813354e-29,   4.59097402e-28,   8.70367012e-35,
         1.08095456e-32,   2.86867265e-31,  -1.67212690e-36,
        -3.82817908e-31,   8.33528656e-31,  -1.19653607e-33,
         8.61891191e-30,   7.66074456e-40,   5.51543051e-28,
        -1.70962864e-31,   2.97747898e-41,  -1.37301219e-28,
        -3.29509774e-37,   9.63439609e-30,  -2.57539276e-28,
        -9.71976976e-28,   1.93906050e-30,   3.15780963e-28,
         1.25616845e-27,   5.04501171e-29,  -3.20884186e-35,
        -2.60422667e-30,   1.23718435e-26,   1.49398337e-37,
        -4.99212063e-33,   9.99076535e-31,   1.35152134e-29,
         4.60809650e-28], dtype=float32), array([ -1.28919459e-43,   3.44489413e-38,  -2.81826569e-37,
         4.41409016e-43,   4.20389539e-45,   2.66246708e-44,
        -2.43882125e-38,   3.05443022e-37,  -1.39305009e-37,
        -1.89315423e-42,   5.78413496e-37,  -2.25814904e-39,
         1.74272361e-35,  -0.00000000e+00,   5.67954043e-36,
        -4.43701316e-37,  -2.31679164e-36,   8.16908651e-35,
         2.41620166e-35,  -9.10684254e-40,  -3.31034211e-36,
        -3.82134091e-41,   2.02207368e-42,  -1.94780487e-43,
        -0.00000000e+00,  -1.40129846e-45,  -2.45787751e-42,
         7.52357145e-42,  -1.25629953e-38,   0.00000000e+00,
         4.59013755e-36,  -2.78017615e-42,   1.91977890e-41,
         2.06446296e-40,  -1.81172547e-36,  -0.00000000e+00,
        -3.50324616e-44,  -2.78017615e-42,  -4.31437672e-36,
         1.97675037e-38,   2.65425547e-39,   4.48051171e-41,
        -1.43158579e-37,   1.43478950e-41,  -1.01392352e-40,
         1.96181785e-43,  -2.20143989e-42,   1.16307773e-43,
        -3.57331108e-43,   0.00000000e+00,  -3.53148232e-40,
         1.40129846e-45,  -1.92641318e-33,  -3.79404082e-39,
         6.52164305e-41,   0.00000000e+00,  -8.90945564e-42,
         2.72914927e-38,   7.70761800e-40,  -7.56701171e-44,
        -1.04362674e-36,   0.00000000e+00,   2.00105421e-42,
         1.01473347e-39,   1.54142831e-43,   1.12103877e-44,
        -6.72623263e-44,   2.45444433e-40,  -0.00000000e+00,
         3.51990760e-40,   3.74079428e-40,   5.99324003e-39,
        -1.68856465e-42,  -7.00649232e-45,  -0.00000000e+00,
        -4.48415509e-44,   2.93178768e-37,   0.00000000e+00,
        -5.92889380e-42,  -8.53530895e-42,   1.45964113e-37,
         0.00000000e+00,   0.00000000e+00,   5.60519386e-45,
        -4.58447404e-40,  -6.12730085e-38,  -1.27763903e-37,
        -2.73253201e-43,  -9.80908925e-45,   1.63139111e-37,
        -8.37261819e-41,  -6.78623780e-36,  -6.92241441e-43,
        -3.36311631e-44,   3.34022050e-38,  -6.47399891e-43,
         2.00385680e-43,  -3.67434470e-41,   2.31113597e-35,
        -4.86208282e-37], dtype=float32), array([-0.,  0.,  0.,  0., -0., -0.,  0., -0.,  0.,  0., -0.,  0., -0.,
        0., -0., -0.,  0., -0.,  0.,  0., -0., -0., -0.,  0.,  0.,  0.,
        0., -0., -0.,  0.,  0., -0., -0., -0., -0., -0., -0., -0., -0.,
       -0., -0.,  0., -0., -0., -0.,  0., -0., -0., -0.,  0.,  0., -0.,
       -0.,  0., -0.,  0., -0.,  0.,  0.,  0., -0.,  0., -0.,  0., -0.,
        0.,  0., -0.,  0., -0.,  0.,  0., -0.,  0.,  0., -0.,  0., -0.,
       -0., -0.,  0., -0., -0.,  0.,  0.,  0.,  0.,  0., -0.,  0.,  0.,
       -0.,  0., -0.,  0., -0., -0.,  0.,  0.,  0.], dtype=float32), array([ 0.,  0., -0., -0., -0.,  0., -0.,  0., -0., -0., -0.,  0.,  0.,
       -0., -0.,  0., -0.,  0.,  0.,  0.,  0.,  0.,  0., -0.,  0.,  0.,
       -0., -0., -0., -0., -0., -0.,  0.,  0., -0.,  0., -0.,  0.,  0.,
       -0.,  0.,  0.,  0.,  0.,  0., -0.,  0.,  0.,  0., -0.,  0.,  0.,
       -0.,  0.,  0.,  0.,  0., -0.,  0.,  0.,  0., -0., -0., -0.,  0.,
       -0.,  0.,  0., -0., -0., -0.,  0.,  0.,  0., -0., -0.,  0., -0.,
        0., -0.,  0.,  0.,  0.,  0., -0., -0., -0., -0.,  0., -0.,  0.,
       -0., -0., -0.,  0., -0., -0.,  0., -0.,  0.], dtype=float32), array([ -0.00000000e+00,   5.40060428e-42,  -0.00000000e+00,
        -0.00000000e+00,   0.00000000e+00,   0.00000000e+00,
        -0.00000000e+00,  -2.66807228e-42,   2.84603718e-42,
         0.00000000e+00,   8.21160900e-43,  -0.00000000e+00,
        -3.56143788e-39,   0.00000000e+00,  -2.96309313e-37,
        -0.00000000e+00,  -0.00000000e+00,   0.00000000e+00,
        -8.07147915e-43,   0.00000000e+00,   0.00000000e+00,
        -1.12103877e-44,   0.00000000e+00,   0.00000000e+00,
         0.00000000e+00,   0.00000000e+00,  -0.00000000e+00,
         0.00000000e+00,   4.76021088e-41,   0.00000000e+00,
        -2.50271906e-42,  -0.00000000e+00,  -0.00000000e+00,
         0.00000000e+00,   1.40129846e-45,   0.00000000e+00,
        -0.00000000e+00,  -0.00000000e+00,   1.82168800e-44,
         0.00000000e+00,  -0.00000000e+00,   0.00000000e+00,
        -0.00000000e+00,  -0.00000000e+00,   0.00000000e+00,
        -0.00000000e+00,  -0.00000000e+00,   0.00000000e+00,
         2.78297875e-42,   0.00000000e+00,   0.00000000e+00,
        -0.00000000e+00,   0.00000000e+00,   0.00000000e+00,
        -0.00000000e+00,  -0.00000000e+00,  -0.00000000e+00,
         6.13488468e-42,   0.00000000e+00,   1.26116862e-44,
         0.00000000e+00,   0.00000000e+00,  -0.00000000e+00,
        -0.00000000e+00,   0.00000000e+00,  -0.00000000e+00,
        -0.00000000e+00,  -0.00000000e+00,   0.00000000e+00,
        -1.68155816e-44,   5.32493416e-44,   0.00000000e+00,
        -0.00000000e+00,  -0.00000000e+00,  -0.00000000e+00,
        -0.00000000e+00,   0.00000000e+00,  -0.00000000e+00,
        -0.00000000e+00,   0.00000000e+00,   7.33705863e-41,
         0.00000000e+00,   0.00000000e+00,   0.00000000e+00,
        -0.00000000e+00,   8.40779079e-45,   1.50779715e-42,
        -0.00000000e+00,   0.00000000e+00,   0.00000000e+00,
         1.00375009e-41,  -8.58965130e-40,   0.00000000e+00,
        -0.00000000e+00,   7.84727140e-44,   0.00000000e+00,
         0.00000000e+00,  -0.00000000e+00,  -1.99825161e-42,
        -0.00000000e+00], dtype=float32), array([ -5.44220218e-31,  -4.54090586e-29,  -4.53129254e-27,
         3.77143501e-30,  -2.09682693e-35,  -1.45905578e-39,
        -7.52497037e-27,   1.04867402e-26,  -8.10719969e-29,
        -3.65160823e-34,   4.61421663e-28,  -7.99624081e-33,
        -3.79239921e-29,  -9.40726030e-32,   1.37355028e-26,
        -1.59158866e-29,  -8.76218622e-27,  -1.78536383e-27,
         6.33113077e-26,   2.80369362e-32,   2.10723687e-32,
         7.58266605e-29,   3.19836139e-30,  -1.39227204e-33,
         5.14500242e-31,  -4.99877274e-34,  -3.32991289e-31,
        -1.11746546e-39,  -1.82290319e-33,  -1.28022232e-31,
         4.24552990e-29,  -1.82293639e-28,  -9.19634148e-28,
        -3.54404783e-29,  -3.46044735e-30,  -2.80042043e-35,
        -9.42726683e-30,   4.41932311e-30,  -2.54118211e-29,
        -1.80420771e-29,   6.84881330e-32,   1.45417526e-31,
        -3.31555911e-32,   4.07143125e-29,  -8.28109477e-30,
        -1.34315621e-33,   1.17160405e-32,  -1.26533950e-33,
         1.21968604e-27,  -1.14653605e-31,  -9.26980551e-30,
        -1.06726541e-36,  -1.60611144e-25,   1.15047043e-27,
         9.52919803e-28,  -3.92287922e-33,   4.82098360e-27,
         7.80592410e-26,   4.16197910e-32,   7.95794704e-30,
        -1.44872525e-33,  -3.88612162e-36,   1.09449211e-34,
        -1.32181989e-33,   1.43222044e-31,   5.15534032e-34,
        -1.30361467e-28,  -2.17005080e-41,   8.81358995e-33,
         2.72875403e-31,   1.89246330e-29,  -8.97643210e-39,
        -1.41013760e-31,   2.58880473e-32,   3.89983919e-36,
         7.92112341e-30,   6.19156279e-27,   8.47487981e-31,
         4.98513387e-30,  -1.94880505e-35,   4.78559502e-32,
         5.97284713e-31,   3.46516478e-35,   4.26688425e-29,
        -8.81929790e-35,   3.76185232e-27,   4.24470530e-28,
        -5.63592121e-26,  -8.85755212e-31,   1.92893063e-31,
         2.36730918e-27,   5.96650990e-29,   3.16702358e-29,
        -6.06623181e-34,  -1.43032230e-27,  -8.52333839e-30,
        -1.72849937e-36,   3.04721219e-34,  -3.47936069e-26,
        -7.84986753e-28], dtype=float32), array([  0.00000000e+00,   1.07899982e-43,   1.30320757e-43,
         1.40129846e-45,   0.00000000e+00,  -0.00000000e+00,
         1.25902463e-40,   5.01664850e-43,   4.43335101e-39,
        -1.09301280e-43,   4.85156153e-40,  -1.41584955e-39,
         2.69784006e-39,  -0.00000000e+00,   1.94669333e-36,
         8.32371288e-43,  -1.40129846e-44,   4.48415509e-43,
         1.04421336e-35,   1.40129846e-45,  -1.40129846e-45,
        -1.51270169e-41,   1.50639585e-42,   3.62196417e-40,
         0.00000000e+00,   0.00000000e+00,   1.61347425e-38,
         0.00000000e+00,  -9.79507627e-43,   0.00000000e+00,
         0.00000000e+00,  -0.00000000e+00,  -1.13505176e-42,
         0.00000000e+00,  -3.63082598e-39,   0.00000000e+00,
         0.00000000e+00,  -1.40129846e-45,  -0.00000000e+00,
        -1.41476494e-40,   8.50448038e-41,   1.96181785e-44,
         1.58150545e-41,   1.40129846e-44,  -1.88012215e-41,
        -0.00000000e+00,   1.81888541e-42,  -1.54002701e-42,
         2.11604476e-40,   0.00000000e+00,  -5.89694420e-41,
         2.38418322e-40,  -9.43739483e-40,  -3.56490329e-42,
        -2.28257507e-41,  -0.00000000e+00,  -5.60519386e-45,
         5.21486637e-39,  -1.12103877e-44,  -3.11765086e-40,
         6.75005470e-42,  -0.00000000e+00,   1.51059974e-42,
         0.00000000e+00,   0.00000000e+00,  -0.00000000e+00,
        -9.82374459e-38,   0.00000000e+00,   0.00000000e+00,
         1.56785680e-40,  -4.18848111e-42,   2.80259693e-45,
         1.54142831e-44,   1.47136339e-42,   1.08094622e-39,
        -8.68805048e-44,  -1.22193226e-42,  -9.80908925e-45,
        -0.00000000e+00,   0.00000000e+00,   0.00000000e+00,
        -5.45805752e-42,   0.00000000e+00,  -0.00000000e+00,
         0.00000000e+00,  -9.72080745e-42,  -1.20511668e-43,
        -3.14845465e-37,  -2.98476573e-43,  -1.40129846e-45,
         3.01279170e-43,   1.77551175e-35,   0.00000000e+00,
         0.00000000e+00,   1.09175163e-41,  -1.54142831e-44,
        -0.00000000e+00,   0.00000000e+00,  -3.84945937e-39,
         3.99370062e-43], dtype=float32), array([  0.00000000e+00,   0.00000000e+00,  -0.00000000e+00,
        -0.00000000e+00,   0.00000000e+00,   0.00000000e+00,
         1.40129846e-45,  -7.00649232e-45,  -1.43983417e-41,
         0.00000000e+00,   0.00000000e+00,   0.00000000e+00,
        -4.60382597e-41,   0.00000000e+00,  -0.00000000e+00,
         0.00000000e+00,   0.00000000e+00,   0.00000000e+00,
        -0.00000000e+00,   0.00000000e+00,   0.00000000e+00,
         0.00000000e+00,  -0.00000000e+00,   0.00000000e+00,
         0.00000000e+00,  -0.00000000e+00,   0.00000000e+00,
        -0.00000000e+00,  -0.00000000e+00,  -0.00000000e+00,
         0.00000000e+00,  -0.00000000e+00,   0.00000000e+00,
        -0.00000000e+00,   0.00000000e+00,  -0.00000000e+00,
         0.00000000e+00,   0.00000000e+00,  -0.00000000e+00,
        -0.00000000e+00,  -0.00000000e+00,  -0.00000000e+00,
        -0.00000000e+00,   0.00000000e+00,  -0.00000000e+00,
        -0.00000000e+00,   0.00000000e+00,   0.00000000e+00,
        -0.00000000e+00,  -0.00000000e+00,   0.00000000e+00,
        -0.00000000e+00,   0.00000000e+00,   1.40129846e-45,
         0.00000000e+00,  -0.00000000e+00,  -0.00000000e+00,
        -1.40129846e-45,   0.00000000e+00,  -0.00000000e+00,
        -0.00000000e+00,  -0.00000000e+00,   0.00000000e+00,
         0.00000000e+00,   0.00000000e+00,   0.00000000e+00,
        -0.00000000e+00,  -0.00000000e+00,  -0.00000000e+00,
        -0.00000000e+00,   0.00000000e+00,   0.00000000e+00,
        -0.00000000e+00,  -0.00000000e+00,   0.00000000e+00,
        -0.00000000e+00,  -0.00000000e+00,   0.00000000e+00,
        -0.00000000e+00,   0.00000000e+00,   0.00000000e+00,
         0.00000000e+00,   0.00000000e+00,  -0.00000000e+00,
        -0.00000000e+00,  -0.00000000e+00,   0.00000000e+00,
        -0.00000000e+00,  -0.00000000e+00,   0.00000000e+00,
         0.00000000e+00,  -0.00000000e+00,  -0.00000000e+00,
         0.00000000e+00,   0.00000000e+00,   0.00000000e+00,
        -0.00000000e+00,   0.00000000e+00,  -6.75425860e-43,
        -0.00000000e+00], dtype=float32), array([ -2.81380732e-41,   2.97298922e-39,   1.72110522e-34,
        -1.13791181e-39,   5.38098610e-43,  -0.00000000e+00,
         3.43352680e-33,  -1.87125899e-37,   2.18352950e-37,
         1.10786657e-41,   1.97479840e-36,   2.94272678e-44,
        -4.40693850e-38,   9.99125805e-42,  -4.36920000e-34,
         1.03475870e-36,   7.08152625e-39,   1.85440870e-36,
        -1.98724107e-35,   1.82168800e-44,  -4.34402524e-43,
        -1.37122141e-38,   8.29307489e-39,   1.77166165e-41,
        -1.72352705e-40,   4.20389539e-45,  -5.88490704e-40,
        -0.00000000e+00,   8.54792063e-44,  -2.28691909e-42,
         2.50731251e-38,   1.37658259e-37,  -4.13311665e-38,
         1.76892116e-36,  -5.17942333e-40,   1.69557114e-43,
         1.50560832e-39,  -1.47959663e-37,   6.28342231e-42,
        -4.14705918e-37,  -7.82765322e-42,  -2.60641514e-43,
        -8.17657654e-42,   9.73448816e-37,   7.42625464e-38,
        -1.41811405e-41,   3.70783574e-42,  -2.57656749e-41,
        -1.23364443e-36,   2.10194770e-44,   3.41104521e-37,
         3.99370062e-43,   8.36407944e-33,  -1.43905677e-35,
         1.75002582e-35,  -3.71484223e-42,   1.39920526e-36,
         1.95700797e-36,   3.14604117e-40,   1.02740373e-38,
        -9.52882956e-44,   0.00000000e+00,  -1.82168800e-44,
         7.00649232e-45,   0.00000000e+00,  -6.58610278e-44,
         3.25366117e-38,  -0.00000000e+00,  -4.60382597e-41,
        -5.46968830e-41,  -5.98189371e-39,  -0.00000000e+00,
        -2.66725952e-40,  -3.13890856e-43,   0.00000000e+00,
        -1.24658474e-38,   2.32715037e-39,   1.57856272e-41,
         8.68247793e-35,  -1.66754517e-43,  -5.62646501e-38,
        -1.05838672e-40,   0.00000000e+00,   3.00844767e-40,
         0.00000000e+00,   5.10236524e-35,  -3.12866065e-36,
        -2.08739144e-33,   1.72281238e-40,  -1.20391156e-40,
         4.21074942e-37,  -7.67234200e-36,   4.25994733e-43,
         7.42407926e-42,   6.91427729e-36,   5.29830949e-42,
         1.26116862e-44,   7.90752723e-42,  -1.35090052e-33,
         9.94769000e-37], dtype=float32), array([ 0., -0.,  0.,  0.,  0.,  0., -0.,  0.,  0., -0.,  0., -0., -0.,
       -0., -0., -0.,  0.,  0.,  0.,  0., -0.,  0.,  0., -0.,  0.,  0.,
       -0.,  0.,  0.,  0., -0., -0., -0., -0., -0., -0.,  0.,  0., -0.,
       -0.,  0., -0.,  0.,  0., -0.,  0., -0.,  0., -0., -0., -0.,  0.,
       -0.,  0., -0.,  0., -0.,  0., -0., -0.,  0., -0.,  0.,  0., -0.,
       -0.,  0.,  0., -0., -0.,  0., -0., -0.,  0.,  0., -0.,  0.,  0.,
       -0., -0., -0.,  0.,  0.,  0., -0.,  0., -0., -0.,  0.,  0.,  0.,
        0., -0.,  0.,  0., -0., -0.,  0.,  0., -0.], dtype=float32), array([ 0.,  0.,  0., -0., -0., -0., -0.,  0., -0.,  0.,  0., -0., -0.,
        0.,  0.,  0., -0.,  0., -0., -0., -0.,  0.,  0., -0., -0.,  0.,
        0., -0.,  0.,  0.,  0., -0., -0.,  0.,  0.,  0.,  0., -0.,  0.,
       -0.,  0.,  0., -0.,  0.,  0., -0., -0., -0., -0.,  0.,  0.,  0.,
       -0.,  0.,  0., -0.,  0.,  0.,  0., -0.,  0., -0.,  0.,  0.,  0.,
        0., -0., -0., -0.,  0.,  0.,  0., -0., -0., -0., -0.,  0., -0.,
        0., -0.,  0., -0., -0., -0., -0.,  0., -0., -0.,  0.,  0.,  0.,
        0.,  0.,  0., -0., -0.,  0.,  0., -0., -0.], dtype=float32), array([ -1.41705614e-34,   9.06793128e-39,  -3.77763071e-31,
         1.39893999e-34,   2.74130329e-38,   3.02680468e-43,
        -1.57115725e-34,  -8.06101275e-33,   3.04329883e-30,
        -1.42719026e-39,   1.39058498e-32,   3.18623277e-34,
        -8.91573321e-32,  -1.15221486e-39,   2.25449209e-30,
        -1.97601335e-33,   3.39286126e-34,  -1.44442146e-37,
        -5.85445746e-31,  -1.58626986e-42,   5.96480908e-40,
         6.07870198e-36,   1.36144430e-37,  -2.79807690e-38,
        -2.33107780e-36,  -1.44193612e-42,  -4.49693997e-38,
        -4.00996549e-39,   1.40813478e-37,  -6.71258398e-40,
         3.14765123e-36,   3.50324616e-44,   2.21790996e-37,
         4.93302349e-38,  -1.02757306e-37,  -2.23902899e-37,
         2.26338975e-38,  -7.82179720e-39,  -7.75119120e-37,
         1.22339997e-33,   3.45827981e-34,   4.43286756e-41,
        -4.23126757e-37,  -4.37721303e-38,  -9.52803676e-36,
        -5.58728526e-39,  -1.14361894e-31,  -1.59981145e-38,
        -1.12764083e-34,  -9.20210225e-38,   3.19599656e-37,
         2.20438261e-41,   3.53146383e-37,   1.53115555e-34,
         1.68717510e-33,   4.84933347e-41,  -4.68998943e-35,
        -8.23480023e-30,   5.60113009e-41,   4.95316968e-41,
         9.49861975e-34,   2.24207754e-44,  -5.09938155e-33,
         7.65963754e-41,   2.24135307e-39,   8.86475702e-39,
        -2.35019478e-37,   2.67648007e-43,  -5.28638444e-40,
        -9.25675064e-38,   5.81223584e-35,   2.52233724e-44,
         1.54344943e-33,   1.11601147e-37,  -5.60519386e-45,
        -3.82722637e-41,  -4.17769532e-38,  -2.86247441e-40,
         3.00559463e-39,  -5.95582396e-38,   1.14550839e-38,
         1.12536531e-37,   7.90924298e-38,   5.32493416e-44,
        -0.00000000e+00,   3.28427238e-35,   5.32459505e-39,
         3.39380475e-38,   1.37262538e-38,   1.32673537e-40,
         4.29521044e-34,   3.12657106e-32,   6.59101013e-39,
        -7.68719968e-39,   4.72855402e-35,   4.33465055e-40,
         5.19671535e-41,   2.07392173e-43,  -1.38700413e-34,
        -4.62566807e-30], dtype=float32), None]
