[array([-0.10503238, -0.0309578 ,  0.01903364,  0.06628937,  0.00498766,
       -0.06045802,  0.01167962, -0.06199278, -0.04223074,  0.02187137,
        0.03929144,  0.09962498,  0.01489499,  0.00515649, -0.03961347,
       -0.03404291, -0.0218087 ,  0.04567286, -0.00080403, -0.01759407,
        0.00358931,  0.08203697,  0.02727935,  0.03454587,  0.01495421,
        0.05057971,  0.01754241,  0.04576742, -0.00759884, -0.02344567,
       -0.00684245, -0.00283073, -0.04488249,  0.00764255, -0.00047902,
       -0.06769572, -0.08867149,  0.03767776,  0.0349853 ,  0.02070809,
        0.03211122,  0.00853644,  0.01007385,  0.07761213, -0.06558796,
        0.01111337,  0.02602791, -0.02739981, -0.01393141,  0.05286832,
        0.03910458, -0.00365952,  0.0375775 ,  0.06102114, -0.03175367,
       -0.03855592,  0.04256441, -0.01859508, -0.02695607,  0.02725712,
        0.06445291, -0.02091446, -0.03927106,  0.02213361, -0.02225332,
       -0.00259937, -0.04613861,  0.04756499,  0.05745155,  0.05684102,
       -0.08099732,  0.04381211,  0.0159113 , -0.02079299,  0.07649148,
       -0.03223454,  0.1344327 ,  0.03848936, -0.00466599,  0.03403616,
        0.00387092, -0.05375974, -0.06468606,  0.00388118,  0.03808483,
        0.02884313, -0.04115279,  0.07489862,  0.00215097, -0.05712662,
       -0.00014912,  0.03613483, -0.03204217,  0.10575679, -0.02553773,
        0.04478606,  0.09403947, -0.01519283, -0.08233281, -0.05382984], dtype=float32), array([-0.13877252, -0.02525436,  0.00950742,  0.08600065,  0.00644002,
       -0.06152289,  0.02394839, -0.05902204, -0.06227666, -0.00341256,
        0.0587111 ,  0.11584403,  0.01587166,  0.01595986, -0.05650365,
       -0.02170965,  0.0107736 ,  0.04525413,  0.00370358, -0.00142727,
        0.01145888,  0.05142843,  0.0207307 ,  0.02116969,  0.03106854,
        0.01441456, -0.00323075,  0.10827965, -0.00714511, -0.00816682,
       -0.02048455,  0.00656186, -0.07071602,  0.07164364, -0.02157569,
       -0.02416608, -0.05609372,  0.05286434,  0.02976008,  0.04492188,
        0.05347281,  0.00836777,  0.04369973,  0.0700608 , -0.04819478,
       -0.0257239 ,  0.00499632, -0.03423573, -0.02436312,  0.06015269,
        0.06464693, -0.00205038,  0.0602433 ,  0.07149488, -0.01135495,
       -0.04536623,  0.0275296 , -0.03840752, -0.02186944,  0.05117767,
        0.00114562, -0.0014685 , -0.00577142,  0.04837635, -0.03139832,
       -0.03137361, -0.04575053,  0.04593863,  0.04586763,  0.07460078,
       -0.05850907,  0.037022  ,  0.01589527,  0.01388741,  0.115706  ,
       -0.03168443,  0.10738653,  0.03729277, -0.01307989, -0.00736704,
        0.01300894, -0.05385913, -0.0866689 ,  0.02497343,  0.01050745,
        0.04396847, -0.0373894 ,  0.0794958 , -0.00290225, -0.01668364,
        0.02737452,  0.02724236, -0.03873991,  0.08130344, -0.02438132,
        0.07494052,  0.06994265, -0.02386619, -0.06443035, -0.08838588], dtype=float32), array([-0.08813751, -0.03860879,  0.0362395 ,  0.05285556,  0.0330551 ,
       -0.02227986, -0.02997416, -0.0307571 , -0.02982972,  0.01897622,
        0.03783783,  0.12690805,  0.03908692, -0.01040954, -0.03739201,
       -0.06799031, -0.03396361,  0.05346584, -0.0318464 , -0.03269789,
        0.02295455,  0.08648843,  0.06581765,  0.03067259,  0.02434897,
        0.04218683,  0.0315099 ,  0.0523485 ,  0.0117682 , -0.03868626,
        0.02158399, -0.00318578, -0.0489969 ,  0.0268749 ,  0.02984591,
       -0.02074086, -0.07491023,  0.02845135,  0.05436128,  0.03451946,
        0.06188536, -0.00902156,  0.01016944,  0.07992469, -0.10595673,
        0.01467027, -0.03706236, -0.01300445, -0.01289106,  0.04549044,
        0.05282223, -0.00604562,  0.04513907,  0.08294845, -0.06024346,
       -0.04029317,  0.01519366, -0.01637694, -0.00066467,  0.03981736,
        0.08769156,  0.00803713, -0.04449588,  0.02691102, -0.02465502,
       -0.03303638, -0.05247621,  0.06830952,  0.04053067,  0.08277148,
       -0.10406218,  0.0301484 ,  0.00213787, -0.00304208,  0.0237245 ,
       -0.04340862,  0.12228225,  0.03341821,  0.01159864,  0.04327835,
       -0.0278142 , -0.05159399, -0.08661985, -0.00130399,  0.01153923,
       -0.02432992, -0.03060349,  0.05244301,  0.00126312, -0.05188075,
       -0.00784881,  0.06184097, -0.03528156,  0.13666707, -0.0152891 ,
        0.04181057,  0.08705441, -0.01565495, -0.10238942, -0.07869738], dtype=float32), array([-0.09074961, -0.02033537,  0.01402819,  0.04143017,  0.03959709,
       -0.03803899,  0.00081605, -0.04559933, -0.02969513,  0.0228725 ,
        0.0367827 ,  0.0961064 ,  0.03436256,  0.01547915, -0.05026835,
       -0.02031935, -0.00332839,  0.04933632, -0.01378587, -0.01041869,
        0.03359616,  0.08040061,  0.02993297,  0.02378044,  0.03330728,
        0.03682178, -0.00147994,  0.0551416 , -0.0004225 , -0.02987436,
       -0.0053145 , -0.00800527, -0.03695602,  0.04960712, -0.00139578,
       -0.04252427, -0.08432455,  0.0208929 ,  0.02970028,  0.02435072,
        0.0473216 ,  0.00759452, -0.00351747,  0.08555846, -0.07630468,
        0.01392336, -0.00233047, -0.01138911, -0.01496191,  0.04748376,
        0.04850398, -0.00104727,  0.04730175,  0.07265951, -0.04841806,
       -0.04467756,  0.02622919, -0.01430483, -0.01795725,  0.05139674,
        0.05367432,  0.00570796, -0.02561341,  0.0432369 , -0.0176531 ,
       -0.03209177, -0.04135253,  0.04070086,  0.0481429 ,  0.05041626,
       -0.0742876 ,  0.02770846,  0.01030813,  0.00213122,  0.05597484,
       -0.05519211,  0.11757974,  0.02553328, -0.00295019,  0.02688625,
       -0.0405512 , -0.04429078, -0.07038065,  0.01997199,  0.02823509,
        0.00484318, -0.03685646,  0.04626331,  0.00799128, -0.03787306,
        0.01021077,  0.03986095, -0.03615877,  0.11248522, -0.01017301,
        0.02677748,  0.08345495, -0.01289953, -0.09212451, -0.0808011 ], dtype=float32), array([-0.08155169, -0.02455115,  0.01362141,  0.07290017,  0.01583471,
       -0.01897208, -0.02447302, -0.04422319, -0.01421523,  0.00127652,
        0.02681802,  0.1049675 ,  0.02290681,  0.0017071 , -0.031408  ,
       -0.04255063, -0.00463296,  0.04493767, -0.01016404, -0.00319277,
        0.00809182,  0.0814321 ,  0.01761843,  0.00091467,  0.03351609,
        0.0370306 ,  0.02021479,  0.06680289,  0.00226584, -0.02469246,
       -0.00396312, -0.00350204, -0.03981071,  0.04002649,  0.01435166,
       -0.02622318, -0.06871019,  0.00697947,  0.041171  ,  0.02705844,
        0.04596777, -0.0198289 ,  0.01158815,  0.07127618, -0.07389765,
       -0.0048501 , -0.00769466, -0.02091361, -0.02192415,  0.03241745,
        0.03610281, -0.00520403,  0.04756416,  0.0613309 , -0.03917583,
       -0.04908875,  0.0046652 , -0.01654004, -0.0262883 ,  0.04446781,
        0.06465969, -0.00501625, -0.04038355,  0.01061385, -0.01452432,
       -0.01634925, -0.02549748,  0.07373832,  0.04412492,  0.0511873 ,
       -0.08632047,  0.02954623,  0.00508213,  0.01151845,  0.03866317,
       -0.04462572,  0.12896462,  0.02707245,  0.01172713,  0.01713118,
       -0.02149266, -0.04584987, -0.0748864 ,  0.00400908,  0.00187496,
        0.00069299, -0.0110321 ,  0.04011322,  0.01226862, -0.05725724,
        0.00323024,  0.03014262, -0.0441912 ,  0.12199999, -0.00584287,
        0.04188552,  0.04943563, -0.01251238, -0.07805695, -0.0525712 ], dtype=float32), array([-0.09580476, -0.03161139,  0.02009161,  0.07790199,  0.02363174,
       -0.05225806,  0.0105978 , -0.03903444, -0.05309661,  0.03755389,
        0.03911313,  0.12663385,  0.02356247,  0.01224701, -0.04180855,
       -0.04010308,  0.00543811,  0.05377592, -0.0275688 , -0.0246987 ,
        0.02120646,  0.05826183,  0.03849918,  0.02423775,  0.02353953,
        0.03671461,  0.00243447,  0.06420359, -0.00805443, -0.01520529,
       -0.00225498, -0.00757044, -0.05606412,  0.05319165, -0.00638735,
       -0.03191273, -0.07495566,  0.04129416,  0.03992398,  0.03640545,
        0.03782056,  0.00307172,  0.02196376,  0.08583304, -0.06663994,
       -0.0020818 , -0.00945169, -0.01869724, -0.01468237,  0.06096054,
        0.06352306,  0.00461338,  0.04833072,  0.07728816, -0.01634462,
       -0.03835124,  0.02354088, -0.00511814, -0.00999131,  0.04445831,
        0.04229787, -0.00356483, -0.03773893,  0.01941028, -0.01147505,
       -0.03238258, -0.06383672,  0.04924651,  0.05431594,  0.08519314,
       -0.07951806,  0.02651074,  0.00856949, -0.00505079,  0.0909508 ,
       -0.03088564,  0.12021283,  0.03667333, -0.00312073,  0.02680731,
       -0.01463099, -0.06151178, -0.06436048,  0.01464292,  0.02052732,
        0.02232433, -0.0298945 ,  0.08503788, -0.00125149, -0.04919523,
       -0.00556244,  0.02734839, -0.03057018,  0.09790538, -0.02580094,
        0.0576827 ,  0.07838751,  0.00765554, -0.07946422, -0.08158672], dtype=float32), array([ -1.14221632e-01,  -1.19109889e-02,   4.54384983e-02,
         6.67686984e-02,  -8.22153222e-03,  -1.94433406e-02,
        -2.09756121e-02,  -7.08961561e-02,  -2.68872175e-02,
        -3.01117357e-02,   4.96591441e-02,   1.34618968e-01,
        -4.61332388e-02,   1.03769423e-02,  -5.11469245e-02,
        -4.57436703e-02,  -1.17974579e-02,   3.02393045e-02,
         2.63912771e-02,  -4.31943573e-02,   2.61732433e-02,
         5.30399084e-02,   4.27766657e-03,  -1.55931870e-02,
         3.59295979e-02,   7.17947111e-02,  -1.29501641e-04,
         7.29820356e-02,   2.26468090e-02,   8.09062365e-03,
         3.29227261e-02,   3.76020297e-02,  -1.67241953e-02,
         5.63537069e-02,  -4.22840603e-02,  -2.20104889e-03,
        -1.20464943e-01,   1.18141351e-02,   4.96900491e-02,
         1.74053628e-02,   8.16816613e-02,   2.18823906e-02,
         2.09459569e-02,   3.14572901e-02,  -1.09839402e-01,
        -1.26299271e-02,  -1.88951008e-02,   1.03041588e-03,
        -2.72965524e-02,   1.18842674e-03,   5.19261174e-02,
        -6.72621606e-03,   2.74282377e-02,   3.40748057e-02,
        -1.86249092e-02,  -1.02956884e-01,   6.61555678e-02,
        -1.04903998e-02,  -4.15642560e-02,   4.50864024e-02,
         1.40757896e-02,  -2.54525151e-02,  -6.88446835e-02,
        -1.85709391e-02,  -5.10935038e-02,  -4.23396826e-02,
         3.20305526e-02,   9.81481001e-02,   4.02263692e-03,
         6.95952550e-02,  -8.63146856e-02,   2.82720253e-02,
        -4.34474321e-03,  -2.81921122e-03,   2.95892004e-02,
        -8.14504102e-02,   1.32094696e-01,   2.76657138e-02,
        -1.95743162e-02,   1.53667405e-02,   1.43911904e-02,
        -1.32592507e-02,  -8.75230357e-02,  -1.56653579e-04,
        -1.23289162e-02,  -1.58673972e-02,   4.81207715e-03,
         2.15061661e-02,  -9.45079315e-04,  -1.55666396e-02,
        -1.31589063e-02,   4.97401506e-02,  -4.34939899e-02,
         1.35392830e-01,  -3.09149828e-02,   6.69834837e-02,
         7.47092888e-02,  -5.29418103e-02,  -1.27222613e-01,
        -4.59558107e-02], dtype=float32), array([-0.09138781, -0.03834251,  0.00080541,  0.09108384,  0.02424971,
       -0.03288919, -0.0302002 , -0.04679788, -0.0490777 ,  0.03169337,
        0.03234064,  0.12457076,  0.04342513,  0.00761929, -0.05539261,
       -0.02585594,  0.00616222,  0.07611157, -0.00904932, -0.00499806,
        0.04491777,  0.08455781,  0.04070695,  0.01528164,  0.01572952,
        0.02860642,  0.02694463,  0.05822532,  0.01227174, -0.02735677,
       -0.01281549,  0.0017328 , -0.06416368,  0.05554412, -0.00748527,
       -0.01508963, -0.10667906,  0.03604175,  0.05769442,  0.05210105,
        0.03563024, -0.01146326,  0.0199075 ,  0.08125177, -0.09087729,
        0.0044825 ,  0.00971682, -0.02206241, -0.03290689,  0.06139306,
        0.0426085 ,  0.0199401 ,  0.05014508,  0.07014544, -0.05372021,
       -0.07832774,  0.0434557 , -0.02254605, -0.00387395,  0.05975892,
        0.05148136, -0.01139766, -0.0263696 ,  0.01049156, -0.01763293,
       -0.01563765, -0.00706719,  0.06428231,  0.05350783,  0.06006872,
       -0.08381689,  0.02705226,  0.02440921, -0.0271606 ,  0.06454126,
       -0.02285488,  0.12161642,  0.04377601,  0.01038541, -0.00909951,
       -0.00098559, -0.04110252, -0.0916371 ,  0.02186323,  0.0250239 ,
        0.01450269, -0.02919344,  0.07264815,  0.00697443, -0.04647976,
       -0.00552729,  0.04139822, -0.03681907,  0.11502314, -0.0117233 ,
        0.03402798,  0.08984385, -0.03612399, -0.05931438, -0.10459742], dtype=float32), array([-0.08816573, -0.04012991,  0.02774043,  0.07104829,  0.0052257 ,
       -0.01749337,  0.01380921, -0.03885711, -0.01736875,  0.02503601,
        0.01174885,  0.11186369,  0.04185093,  0.00347422, -0.04863971,
       -0.03326012,  0.02196915,  0.02734761,  0.02228186, -0.01615123,
        0.00222896,  0.06078611,  0.010865  ,  0.0216181 ,  0.01511919,
        0.02894478,  0.00374672,  0.02781816,  0.00098409, -0.0272074 ,
       -0.00325265, -0.01326573, -0.02437962,  0.04705911,  0.02235059,
       -0.03478815, -0.05975849,  0.03388129,  0.02963808,  0.02813864,
        0.01517869, -0.00869768,  0.02167631,  0.06925323, -0.06461774,
        0.02229719, -0.01312734, -0.02632885, -0.03754633,  0.05770173,
        0.05443685,  0.00313592,  0.04300962,  0.03888096, -0.00217668,
       -0.04951317,  0.02191721, -0.02589671,  0.00354159,  0.06073185,
        0.02939684, -0.02496826, -0.02723039, -0.01097031, -0.00224346,
       -0.02908831, -0.03578406,  0.03184061,  0.08060239,  0.03746808,
       -0.05486661,  0.04295014,  0.02333377, -0.00838785,  0.05369756,
       -0.01823849,  0.10126709,  0.02578196, -0.02056689,  0.02479803,
       -0.0067168 , -0.04125912, -0.0241517 ,  0.00086159,  0.01287506,
        0.00863722, -0.04033111,  0.06099543, -0.0146944 , -0.0347155 ,
       -0.01645011,  0.01238527, -0.03259964,  0.08144884, -0.02775596,
        0.04606844,  0.04881534, -0.0145779 , -0.05089024, -0.04325584], dtype=float32), array([-0.09155708, -0.03538854,  0.02935817,  0.07625396,  0.01669286,
       -0.02020229, -0.02005745, -0.04045958, -0.02339827,  0.03162208,
        0.02244673,  0.12797256,  0.02196416, -0.00813784, -0.05392879,
       -0.02810739, -0.01537795,  0.0435744 , -0.00513664, -0.02380025,
        0.03642821,  0.06746351,  0.00766133,  0.02201215,  0.02403254,
        0.06362308,  0.02160284,  0.05537765, -0.00084977, -0.03368435,
       -0.00477348,  0.01544492, -0.04873351,  0.05481892, -0.0102359 ,
       -0.05228357, -0.10365543,  0.01508336,  0.05877595,  0.03834984,
        0.03575157,  0.0043256 ,  0.04026045,  0.07000057, -0.07438618,
       -0.00637983, -0.00949631, -0.00932384, -0.04052722,  0.05340049,
        0.02984642,  0.00796085,  0.04905964,  0.0548868 , -0.02255486,
       -0.0691122 ,  0.04790388, -0.0171485 , -0.01435675,  0.03206605,
        0.05609677, -0.01712935, -0.02653012, -0.00022348, -0.00598552,
       -0.01000268, -0.01783067,  0.07352235,  0.04569577,  0.05882186,
       -0.07728674,  0.0197747 , -0.00178793, -0.01117329,  0.07630561,
       -0.0308045 ,  0.11842892,  0.03996059, -0.00404514, -0.00193436,
        0.01122557, -0.02880414, -0.06226773,  0.00660418,  0.02844842,
        0.01347494, -0.03121025,  0.06180836,  0.02445112, -0.03512379,
       -0.00396117,  0.02854569, -0.03027817,  0.11214161, -0.02577858,
        0.03130466,  0.08565124, -0.03047232, -0.08152322, -0.07821912], dtype=float32), array([-0.06629391, -0.03273722,  0.00688099,  0.06449509,  0.02531214,
       -0.02209494, -0.03242057, -0.04569227, -0.03303291,  0.02919388,
        0.01904925,  0.10997201,  0.03926162, -0.02240448, -0.04287932,
       -0.02305112,  0.00796525,  0.05532734, -0.01699537, -0.02076954,
        0.02611171,  0.08866664,  0.03179448,  0.03456439, -0.01066855,
        0.01874   ,  0.02594008,  0.05129318,  0.00688039, -0.044122  ,
       -0.00172822, -0.0166494 , -0.05214836,  0.06019639,  0.00683381,
       -0.04760133, -0.10568163,  0.02688186,  0.06692342,  0.02812405,
        0.02736348,  0.00470253,  0.02088514,  0.08219802, -0.09976136,
        0.01889123, -0.01130206, -0.01599866, -0.03823347,  0.04956564,
        0.01955182, -0.01893608,  0.03253311,  0.06852193, -0.04847941,
       -0.06480374,  0.04654334,  0.00304792,  0.00739831,  0.05051439,
        0.04784907, -0.02449885, -0.03698482,  0.01313653, -0.02121514,
       -0.0126533 , -0.02681611,  0.04138687,  0.04972333,  0.03464564,
       -0.09801377,  0.0260195 ,  0.00181254, -0.0190217 ,  0.06215374,
       -0.02982616,  0.12512498, -0.01021584,  0.00504669,  0.02733564,
       -0.04132342, -0.04069889, -0.06703702, -0.00071464,  0.0196497 ,
        0.0147627 , -0.03361652,  0.0698873 ,  0.0173153 , -0.04362076,
       -0.00788742,  0.05428464, -0.04178358,  0.13543256, -0.00159746,
        0.0109365 ,  0.08740536, -0.01812496, -0.07552326, -0.08648229], dtype=float32), array([-0.10669692, -0.04005202,  0.02138899,  0.07643852,  0.01421584,
       -0.04215716,  0.00279848, -0.04222379, -0.04409407,  0.02944653,
        0.03303488,  0.10794964,  0.02093915,  0.00490747, -0.03726906,
       -0.0270521 ,  0.00535673,  0.03906997, -0.00281081, -0.02122184,
        0.0163219 ,  0.04951976,  0.02435706,  0.02353468,  0.02680724,
        0.03228252, -0.00116279,  0.05974612, -0.00860161,  0.0105321 ,
       -0.00216964, -0.01027966, -0.0452826 ,  0.04635133,  0.00043811,
       -0.02620885, -0.06252059,  0.02562431,  0.03620775,  0.04191469,
        0.04328064,  0.00048941,  0.02982035,  0.07563769, -0.06926042,
       -0.00388643, -0.00955986, -0.00964244, -0.0198152 ,  0.05473251,
        0.04408705, -0.00596356,  0.04761812,  0.07393096, -0.00683648,
       -0.04136688,  0.02622596, -0.02481085, -0.01476186,  0.03487489,
        0.03558744, -0.00871345, -0.03269953,  0.00637151, -0.01072387,
       -0.02793773, -0.05736406,  0.04466218,  0.04591533,  0.07432176,
       -0.05706843,  0.04597347,  0.01961945, -0.00242733,  0.08216324,
       -0.03370516,  0.10385323,  0.03837205,  0.01174297,  0.0164791 ,
       -0.00645988, -0.05020237, -0.04566804,  0.01443712,  0.00677904,
        0.02013504, -0.04497033,  0.068457  ,  0.0091516 , -0.02679716,
        0.0018155 ,  0.02561771, -0.03314346,  0.0745803 , -0.02081512,
        0.05825209,  0.07481121, -0.00312194, -0.08061289, -0.08259905], dtype=float32), array([-0.09049733, -0.01858399,  0.01322328,  0.07178   ,  0.00602298,
       -0.04280456, -0.00367791, -0.0557595 , -0.03568186, -0.02404475,
        0.02527638,  0.10306639,  0.01534008,  0.00245649, -0.05091068,
       -0.03675288,  0.02925934,  0.05076844, -0.02681149, -0.00348008,
        0.02208205,  0.08594386,  0.04573322,  0.03733236,  0.05675755,
        0.02999579, -0.00381556,  0.0533372 , -0.01595777, -0.04544225,
        0.02934999,  0.0006544 , -0.03105117,  0.00794277,  0.03962139,
       -0.01424215, -0.08214387,  0.04761868,  0.01892832,  0.03708615,
        0.07403157,  0.00769588,  0.01800885,  0.09291484, -0.08239632,
       -0.00428026,  0.00602466, -0.03681611, -0.00063347,  0.04290409,
        0.05387422, -0.02041803,  0.03964943,  0.09234744, -0.04684464,
       -0.02951052,  0.02543047, -0.01441323, -0.00753544,  0.07225609,
        0.06327373,  0.00661902, -0.01102518,  0.02606423, -0.02043957,
       -0.01258381, -0.05216334,  0.042231  ,  0.05771478,  0.05629956,
       -0.07395677,  0.03973489,  0.02434948,  0.00103406,  0.08045533,
       -0.05975829,  0.12553668,  0.02524732, -0.00385921,  0.03288339,
       -0.0352058 , -0.04786231, -0.07980301,  0.00059359,  0.02184825,
        0.00679075, -0.02211865,  0.09206562,  0.02282037, -0.03816191,
        0.02748552,  0.03588028, -0.05445548,  0.11734163, -0.00791951,
        0.03177251,  0.07217772, -0.00428228, -0.0790666 , -0.0917242 ], dtype=float32), array([ -1.06983759e-01,  -1.76988952e-02,   1.77961793e-02,
         9.21143964e-02,   1.64139085e-02,  -3.94127145e-02,
         6.71273936e-03,  -2.22911481e-02,  -5.52401282e-02,
         8.44941754e-03,   5.38278073e-02,   1.29323378e-01,
         3.11159808e-02,  -3.99050582e-03,  -4.42047045e-02,
        -5.51169217e-02,   1.27466107e-02,   8.85170028e-02,
        -9.95361060e-03,   2.38237865e-02,   1.56637020e-02,
         6.35269061e-02,   5.10692745e-02,   2.10669879e-02,
         2.99662892e-02,   1.53434696e-02,   4.40226868e-03,
         7.94268772e-02,  -1.75083661e-03,  -3.58644016e-02,
        -7.29053063e-05,   1.16169481e-02,  -5.25611266e-02,
         6.35418445e-02,   1.23647007e-03,  -2.17031520e-02,
        -8.36029947e-02,   5.97549118e-02,   5.18490449e-02,
         3.18410695e-02,   6.76172748e-02,   2.39159968e-02,
         3.75042073e-02,   9.40416530e-02,  -9.34973508e-02,
        -3.19791846e-02,  -4.21547936e-03,  -5.49339354e-02,
        -1.46283396e-02,   5.45964800e-02,   5.32403737e-02,
         1.50800114e-02,   4.99018468e-02,   7.77962133e-02,
        -3.36533338e-02,  -2.74335202e-02,   4.20685261e-02,
        -2.36038025e-02,  -1.81060135e-02,   5.60466126e-02,
         3.55655067e-02,   1.96839217e-02,  -2.98992526e-02,
         5.27155474e-02,  -2.00398900e-02,  -3.94341610e-02,
        -4.35372442e-02,   5.37180156e-02,   6.20716363e-02,
         7.21933693e-02,  -7.40709826e-02,   3.32558937e-02,
         1.79875325e-02,   1.10510821e-02,   1.03021063e-01,
        -2.75620036e-02,   1.26799956e-01,   4.52964790e-02,
        -2.18021888e-02,   5.05277608e-03,   1.43772485e-02,
        -5.27023450e-02,  -9.68439430e-02,   3.53535227e-02,
         2.77738851e-02,   1.26974052e-02,  -4.10629958e-02,
         9.05640274e-02,  -3.13744741e-03,  -2.57773586e-02,
         4.26387377e-02,   3.02819666e-02,  -3.93411927e-02,
         1.09536208e-01,  -1.32830413e-02,   2.51143929e-02,
         8.71577337e-02,  -1.94552168e-02,  -7.27925897e-02,
        -1.04770526e-01], dtype=float32), array([-0.12072656, -0.02408195,  0.00106686,  0.0522452 , -0.01420054,
       -0.01544502, -0.02719679, -0.06284028, -0.0192261 , -0.00620639,
        0.0307291 ,  0.08391921,  0.02691193,  0.03137467, -0.07247835,
       -0.01416092, -0.01371887,  0.03271662, -0.00343597, -0.00439934,
        0.00078267,  0.03592988,  0.04162247,  0.02971992,  0.05539062,
       -0.00815385,  0.01177406,  0.06262657, -0.02273047, -0.03486949,
       -0.04028332, -0.02063866, -0.02408587,  0.01186001,  0.0346545 ,
       -0.02015314, -0.05693669,  0.00046672,  0.02828148,  0.01745783,
        0.05191777, -0.0105158 ,  0.00630954,  0.10954988, -0.09712171,
        0.02122894,  0.00637427, -0.00250611, -0.02835553,  0.04260211,
        0.04734379, -0.03339225,  0.03780141,  0.0428331 , -0.06166818,
       -0.02783319,  0.00163776, -0.02525832, -0.01931068,  0.06865178,
        0.06134595,  0.00803686, -0.02749113,  0.04928448, -0.01787485,
       -0.02216485, -0.065883  , -0.00119251,  0.03250226,  0.03241449,
       -0.06566702,  0.04171125, -0.01711227, -0.0076585 ,  0.03843886,
       -0.05727631,  0.12497722,  0.02662549,  0.00861326,  0.05606939,
        0.00056954, -0.04535591, -0.07901572, -0.00943527,  0.0234454 ,
        0.02586375, -0.03839359,  0.065705  ,  0.03030493, -0.03240418,
       -0.01259326,  0.04552907, -0.00165376,  0.14007016,  0.00992001,
        0.03907852,  0.08192398,  0.01251734, -0.07999872, -0.0461286 ], dtype=float32), array([ -1.02240421e-01,  -4.94725853e-02,   1.56331677e-02,
         8.83518010e-02,   2.34214123e-02,  -1.64818279e-02,
        -2.85714529e-02,  -5.61730042e-02,  -4.40948531e-02,
         2.62386389e-02,   2.44546942e-02,   1.32269710e-01,
         5.14458045e-02,  -2.07042154e-02,  -3.56859677e-02,
        -3.58038656e-02,   6.38773339e-03,   7.57717341e-02,
        -1.05639184e-02,  -1.76413693e-02,   4.63996008e-02,
         9.11916941e-02,   3.82633246e-02,   1.65503435e-02,
         1.61193423e-02,   3.00656389e-02,   2.72013452e-02,
         6.18611313e-02,   4.21450986e-03,  -4.49096486e-02,
         3.98902362e-03,  -1.57137867e-02,  -4.35596853e-02,
         6.92554638e-02,   1.24538420e-02,  -3.66907157e-02,
        -1.13067880e-01,   2.78405510e-02,   5.94213270e-02,
         3.94507721e-02,   4.33813818e-02,   3.37384809e-05,
         2.56341118e-02,   9.08459276e-02,  -9.64442715e-02,
         1.40368249e-02,  -3.57981864e-03,  -2.88812369e-02,
        -4.01034318e-02,   4.84172255e-02,   2.76804492e-02,
         6.24501379e-03,   4.37637717e-02,   7.22046420e-02,
        -4.61505838e-02,  -7.94819891e-02,   4.38222177e-02,
        -2.21001990e-02,  -1.40478704e-02,   6.52339980e-02,
         7.94255808e-02,  -3.25562879e-02,  -3.39290388e-02,
         4.29796660e-03,  -4.02230024e-03,  -1.46685326e-02,
        -3.67951021e-02,   6.20523617e-02,   5.17343767e-02,
         5.36374934e-02,  -9.14882943e-02,   2.29486935e-02,
         7.06339208e-03,  -5.90630760e-03,   6.93141222e-02,
        -2.98736952e-02,   1.28536910e-01,   2.19637938e-02,
         1.36222839e-02,   1.26351938e-02,  -1.85084157e-02,
        -4.36980911e-02,  -6.34504631e-02,   6.77934755e-03,
         9.15628299e-03,  -1.15521252e-05,  -4.17332277e-02,
         7.59306848e-02,   1.94505416e-02,  -4.10712995e-02,
        -4.23187064e-03,   3.16029452e-02,  -5.04472107e-02,
         1.04916543e-01,  -1.65195018e-02,   3.75206061e-02,
         9.47073773e-02,  -2.61717010e-02,  -7.27986842e-02,
        -8.47544372e-02], dtype=float32), array([-0.08472739, -0.0336871 , -0.00626133,  0.0734412 ,  0.03970303,
       -0.04319159, -0.01259703, -0.03220313, -0.03510058,  0.03295432,
        0.02430914,  0.09262007,  0.04722501, -0.00471297, -0.03466027,
       -0.03338845, -0.00855443,  0.05739364, -0.01946214,  0.00453192,
        0.02822773,  0.06427182,  0.04292634,  0.01262646,  0.02230049,
        0.02462587,  0.00191501,  0.06270129,  0.01025312, -0.03736712,
       -0.0148209 , -0.00612654, -0.03057857,  0.05710488,  0.00679318,
       -0.0257676 , -0.09050744,  0.03315749,  0.03388358,  0.04230217,
        0.03705462, -0.00836546,  0.01805451,  0.08796409, -0.08744694,
       -0.00955599, -0.00083491, -0.0175119 , -0.03675835,  0.06525578,
        0.03836914,  0.00651276,  0.05347203,  0.0715967 , -0.05744086,
       -0.04703142,  0.03728488, -0.02945595, -0.01248048,  0.06139513,
        0.08375014, -0.00954483, -0.0198989 ,  0.03399662,  0.01138679,
       -0.03762826, -0.04915045,  0.07077001,  0.04712122,  0.05966316,
       -0.0790542 ,  0.04569487,  0.02055747, -0.01129363,  0.05237205,
       -0.03059913,  0.12051836,  0.02801286,  0.00386268,  0.03643367,
       -0.02823938, -0.06159509, -0.07327412,  0.01956347,  0.02634666,
       -0.00014997, -0.03512676,  0.06716356,  0.01792839, -0.05230737,
        0.01426724,  0.01921448, -0.05254758,  0.11334629, -0.01056138,
        0.03048478,  0.09181583, -0.018162  , -0.07008858, -0.08852184], dtype=float32), array([-0.09428285, -0.02827202,  0.02191005,  0.10332017,  0.03379466,
       -0.02345124, -0.02181357, -0.05193088, -0.04660177,  0.02149922,
        0.03560653,  0.13172263,  0.01744785,  0.00357767, -0.06779324,
       -0.04397796, -0.01080263,  0.05626972, -0.01847749, -0.02227249,
        0.04724314,  0.07416859,  0.03572137,  0.00197031,  0.02762251,
        0.04627385,  0.03163063,  0.06843444,  0.00721742, -0.03921824,
        0.00098583,  0.0168486 , -0.05567694,  0.08019556, -0.01816041,
       -0.01425823, -0.12046048,  0.03314463,  0.0676079 ,  0.04938438,
        0.0484731 ,  0.02813982,  0.02085233,  0.07484718, -0.10005797,
        0.0018319 , -0.02131506, -0.01890589, -0.04153049,  0.04732468,
        0.03482971,  0.01731466,  0.04551819,  0.07211298, -0.03815376,
       -0.06886978,  0.05344943, -0.00955216, -0.01926801,  0.04957419,
        0.06343828, -0.03258955, -0.03881859,  0.00021174, -0.02399183,
       -0.02119715, -0.00283997,  0.09823327,  0.0481532 ,  0.07119951,
       -0.09911525,  0.03511948,  0.01219404, -0.01249304,  0.05823224,
       -0.0506882 ,  0.13732409,  0.02539537, -0.00029613,  0.01219604,
        0.00129987, -0.04725267, -0.0861595 ,  0.01417025,  0.01942306,
       -0.00262423, -0.03364755,  0.05783825,  0.02188051, -0.03495219,
       -0.0175919 ,  0.0362701 , -0.04968104,  0.11459507, -0.01869697,
        0.0498808 ,  0.09933206, -0.03484228, -0.10055517, -0.09008425], dtype=float32), array([-0.08063486, -0.01909579, -0.00609048,  0.06794106,  0.02492164,
       -0.04927653, -0.01865553, -0.06414773, -0.00721435,  0.01721831,
        0.02747047,  0.09668978,  0.02771719,  0.03290681, -0.0132643 ,
       -0.0264822 ,  0.03377765,  0.05472722, -0.0189655 ,  0.00044404,
        0.04731891,  0.08921829,  0.02552673,  0.00638896,  0.04880507,
        0.03522362,  0.01814701,  0.07057183,  0.0137449 , -0.03995742,
        0.01202596, -0.00185654, -0.03711188,  0.04522637,  0.01160982,
       -0.03901561, -0.07785658,  0.00994894,  0.02284153,  0.02715711,
        0.03563509, -0.02187518,  0.00954197,  0.10683943, -0.05926703,
       -0.00060751, -0.01478636, -0.00902321, -0.01122404,  0.06390222,
        0.03845589,  0.00723124,  0.03269707,  0.04692048, -0.04178329,
       -0.05208936,  0.03312444, -0.02242826, -0.01447907,  0.06848439,
        0.06609459,  0.0037533 , -0.0284843 ,  0.02701504, -0.00094056,
       -0.03723041, -0.01477578,  0.0571251 ,  0.06121154,  0.03911617,
       -0.0731139 ,  0.04840034,  0.00335317, -0.00630954,  0.06587514,
       -0.03992381,  0.12483028,  0.02594968,  0.00174388,  0.04105239,
       -0.01284046, -0.06067536, -0.07152771,  0.00310637,  0.02419145,
        0.02310339, -0.0355839 ,  0.05742742,  0.03905546, -0.05421633,
       -0.01024905,  0.01743037, -0.04691758,  0.12306897,  0.01831051,
        0.02735398,  0.04869043, -0.03012742, -0.06247339, -0.08808471], dtype=float32), array([ -1.02858633e-01,  -4.38768119e-02,   2.39112843e-02,
         5.73924333e-02,   1.73434109e-05,  -1.33345481e-02,
        -2.59584896e-02,  -5.78518175e-02,  -9.39784385e-03,
         2.08188668e-02,   5.38076200e-02,   1.21565551e-01,
         4.32618819e-02,  -6.22227276e-03,  -4.79190834e-02,
        -2.71313321e-02,  -3.92792933e-03,   5.58685809e-02,
         1.82129741e-02,  -1.11272940e-02,   1.39645152e-02,
         6.26712218e-02,   8.64483882e-03,   1.22015495e-02,
         1.47031955e-02,   4.81929677e-03,  -2.89666874e-04,
         1.01095140e-01,   2.88615376e-03,  -2.22515427e-02,
        -1.50561361e-02,  -1.34727061e-02,  -1.25581920e-02,
        -9.23709851e-03,   1.99345946e-02,  -5.97326010e-02,
        -7.67691135e-02,   1.82924289e-02,   5.96255921e-02,
         6.37440290e-03,   4.31654714e-02,  -2.20389925e-02,
         8.55705701e-03,   1.04832165e-01,  -7.98302516e-02,
         2.12888587e-02,   2.18454190e-02,  -1.59022529e-02,
        -2.57533453e-02,   1.57695934e-02,   5.03336117e-02,
        -1.73920242e-03,   2.90059298e-02,   4.04216275e-02,
        -6.05600700e-02,  -3.60014215e-02,   3.34615186e-02,
        -2.52805594e-02,  -2.66893860e-02,   5.73319197e-02,
         9.82850045e-02,  -2.33337637e-02,  -3.38293351e-02,
         1.61531568e-02,  -1.53344692e-04,  -9.45778564e-03,
        -3.64203602e-02,   2.01609004e-02,   6.55096844e-02,
         3.87378894e-02,  -6.65763915e-02,   6.70970082e-02,
        -9.81852505e-03,   1.42903840e-02,   5.55918477e-02,
        -5.11463732e-02,   1.12000726e-01,   1.31361773e-02,
        -6.51745033e-03,   6.61454499e-02,   9.74110700e-03,
        -5.80110773e-02,  -9.24522728e-02,  -2.17062477e-02,
         1.53724253e-02,   3.52008455e-02,  -3.91566306e-02,
         3.42825949e-02,   2.34417897e-02,  -6.73125908e-02,
         3.65789142e-03,   4.31769975e-02,  -4.45742346e-02,
         1.17381997e-01,  -6.62209641e-04,   3.09748854e-02,
         7.96793550e-02,  -1.05176549e-02,  -6.63701743e-02,
        -5.74886240e-02], dtype=float32), array([-0.09356339, -0.0035054 , -0.00087904,  0.06787353,  0.01427502,
       -0.03210189, -0.04450458, -0.04236254, -0.05476442,  0.01892483,
        0.04520467,  0.11271568,  0.0101647 ,  0.02710845, -0.0370488 ,
       -0.04357921, -0.00176424,  0.05910021, -0.0164496 , -0.01536763,
        0.03306307,  0.05850223,  0.02959392, -0.01276821,  0.01774861,
        0.01299661, -0.01134052,  0.07949702,  0.01742505, -0.0413261 ,
       -0.00565721,  0.02002354, -0.06321825,  0.05422655, -0.00695782,
       -0.00638746, -0.07937771,  0.03547738,  0.02365339,  0.03071238,
        0.05350791,  0.02309883,  0.00617979,  0.09789816, -0.08965616,
       -0.0197275 , -0.01231521, -0.02138263, -0.01546995,  0.05614567,
        0.05156726,  0.00069366,  0.04160415,  0.10077538, -0.05306667,
       -0.03610214,  0.02687571, -0.01028512, -0.00192781,  0.03952079,
        0.07560953,  0.03140937, -0.03036392,  0.03740778, -0.03001636,
       -0.0066537 , -0.02883401,  0.05484358,  0.03852481,  0.06094522,
       -0.1010282 ,  0.04140802, -0.00042312, -0.01661128,  0.0605093 ,
       -0.03495257,  0.11059829,  0.06209975, -0.00945976,  0.01759998,
       -0.00195141, -0.05119308, -0.08050808,  0.02529912,  0.01766136,
        0.03288497, -0.0375686 ,  0.05432039,  0.01969247, -0.01673699,
       -0.00620899,  0.04541212, -0.04524843,  0.13010307, -0.00801468,
        0.02584142,  0.08402596, -0.005447  , -0.07584964, -0.09793422], dtype=float32), array([-0.07951736, -0.02145265,  0.03111753,  0.04737328,  0.02618955,
       -0.03099795, -0.02904284, -0.01455834, -0.0351484 ,  0.02370108,
        0.02223236,  0.10292727,  0.03070937, -0.02436345, -0.02767896,
       -0.06796636, -0.01505268,  0.04893658, -0.03238682, -0.0095673 ,
        0.03171418,  0.09074627,  0.04278325,  0.00375804,  0.0225564 ,
        0.06094864,  0.05159796,  0.06045622, -0.00080506, -0.05733829,
        0.0002617 ,  0.01455407, -0.04949195,  0.07383977,  0.01728033,
       -0.01816073, -0.09685753,  0.02481897,  0.0770696 ,  0.03489384,
        0.02915186,  0.00563575,  0.03774915,  0.08353904, -0.08951087,
        0.00758725, -0.01615687, -0.0193464 , -0.01794264,  0.05899831,
        0.01339202,  0.01036468,  0.04685304,  0.06018716, -0.05771807,
       -0.02760253,  0.03995962,  0.00855895, -0.01356543,  0.04820531,
        0.08342569, -0.03782063, -0.03655895,  0.02840704, -0.01233125,
       -0.00320047, -0.0224143 ,  0.09542104,  0.02956848,  0.04989542,
       -0.09030575,  0.01770575,  0.00201795,  0.01818744,  0.03719311,
       -0.0171175 ,  0.09667464,  0.03209031, -0.00664599,  0.01741775,
       -0.00261633, -0.06424379, -0.09215103, -0.01418668,  0.01209203,
       -0.01800732, -0.02944193,  0.07057405,  0.0216119 , -0.04990477,
       -0.00645287,  0.02760998, -0.0493343 ,  0.12644422, -0.01513418,
        0.02335147,  0.06376129,  0.00320321, -0.08955316, -0.105174  ], dtype=float32), array([-0.09485219, -0.02594897,  0.0194668 ,  0.04532657,  0.00902803,
        0.00819989, -0.0178541 , -0.05741857,  0.0059256 ,  0.00441702,
       -0.00345753,  0.1149296 ,  0.04780882,  0.02648662, -0.05564212,
       -0.01105727,  0.02913321,  0.04846042,  0.01590336,  0.004953  ,
        0.0185329 ,  0.06952379,  0.00937211,  0.01129272,  0.03662314,
       -0.00438947,  0.01153273,  0.0747766 , -0.00727617, -0.06548565,
       -0.02423497, -0.03698275, -0.01100932,  0.02715144,  0.02130278,
       -0.08164173, -0.07025517,  0.00136744,  0.0305973 ,  0.01740745,
        0.02850425, -0.02861491,  0.02742577,  0.07171521, -0.08632677,
        0.0008146 ,  0.03153331, -0.00944077, -0.05838922,  0.03669256,
        0.01182109,  0.00835146,  0.03303061,  0.03959468, -0.02254867,
       -0.08170509,  0.04002433, -0.00710786,  0.00186983,  0.0510127 ,
        0.05252362, -0.0139086 , -0.03200055,  0.00547602, -0.00394744,
       -0.02181966,  0.00529928,  0.04495336,  0.05492404, -0.00148051,
       -0.06809859,  0.01130334,  0.02142085,  0.02673713,  0.08787335,
       -0.02825005,  0.12746409, -0.023754  , -0.03359582,  0.03503535,
       -0.01301998, -0.01804093, -0.06722604, -0.02249801, -0.0102422 ,
        0.01062774, -0.01567493,  0.07139577,  0.03800391, -0.04235188,
        0.02377803,  0.04128535, -0.02326318,  0.12196588,  0.04046056,
        0.00314399,  0.04656545, -0.01226015, -0.02873241, -0.03726963], dtype=float32), array([-0.08888419, -0.01517377,  0.04860815,  0.06421664,  0.02946939,
       -0.03553781, -0.02347367, -0.05833498, -0.05369922,  0.01603484,
        0.02492176,  0.13563995, -0.01766626,  0.00076639, -0.05795521,
       -0.06697186, -0.01019556,  0.04077116,  0.00113852, -0.03255384,
        0.02782819,  0.04269044,  0.03463814,  0.01541937,  0.03581306,
        0.05278834, -0.00358502,  0.03248031,  0.00725985, -0.02784401,
        0.00338081,  0.00452703, -0.02105663,  0.05769681, -0.02048807,
       -0.0134943 , -0.10512958,  0.03782405,  0.04096805,  0.02665234,
        0.06844059,  0.02324892,  0.02530048,  0.06377621, -0.10851596,
       -0.01564898, -0.02608214, -0.00965729, -0.01706363,  0.02152474,
        0.05477024,  0.00557622,  0.04338505,  0.05659726, -0.02489972,
       -0.06846295,  0.04417777,  0.00032952, -0.00812661,  0.02864086,
        0.04678549, -0.02584953, -0.07192801, -0.01486821, -0.02072359,
       -0.02367436, -0.00991536,  0.08383955,  0.02759144,  0.08843372,
       -0.09543741,  0.0137785 , -0.00208613, -0.00978941,  0.01723718,
       -0.04169284,  0.12200695,  0.01645473, -0.02251957,  0.02013987,
        0.01064617, -0.04222598, -0.0693971 ,  0.02476185,  0.01408769,
       -0.02671393, -0.0017232 ,  0.05073127,  0.02088709, -0.01148374,
       -0.02697057,  0.04518417, -0.0404918 ,  0.1236876 ,  0.00357349,
        0.05725192,  0.08487575, -0.01303268, -0.11648325, -0.06577164], dtype=float32), array([-0.11865204, -0.01267844,  0.05469678,  0.07591839,  0.02255808,
       -0.03131823, -0.01058133, -0.077524  , -0.03218621,  0.00301627,
        0.03023726,  0.1410218 , -0.03560541,  0.0141703 , -0.05007849,
       -0.06076182, -0.00201897,  0.02633585,  0.00576612, -0.02265738,
        0.02899419,  0.06048914,  0.01739535,  0.00746202,  0.04412301,
        0.07717558,  0.0070468 ,  0.06427944,  0.02013396, -0.03172127,
        0.01754913,  0.01347758, -0.02193413,  0.05314494, -0.02543668,
       -0.02031149, -0.09835531,  0.02766092,  0.03934107,  0.01850223,
        0.0854704 ,  0.02782389,  0.01888823,  0.05980895, -0.10798728,
       -0.01125276, -0.02616761, -0.00809688, -0.02435851,  0.02428126,
        0.05455261,  0.0071152 ,  0.03760273,  0.04893403, -0.02184427,
       -0.07793717,  0.05352641,  0.00412095, -0.02422412,  0.04401126,
        0.01899864, -0.03042962, -0.07188594, -0.00618768, -0.02926889,
       -0.02427351, -0.01128679,  0.08721413,  0.03485763,  0.08012096,
       -0.09390481,  0.02801235, -0.00895655, -0.01017585,  0.02264518,
       -0.07005078,  0.13348031,  0.02204234, -0.01730355,  0.02903156,
        0.00020972, -0.04531518, -0.08591054,  0.01372313, -0.00120227,
       -0.01878188, -0.00386651,  0.04223062,  0.02784031, -0.03430817,
       -0.01854705,  0.04743735, -0.05793063,  0.12526681, -0.01408718,
        0.0587891 ,  0.06284121, -0.0344596 , -0.1225917 , -0.0636498 ], dtype=float32), array([ -7.58502260e-02,  -1.00142071e-02,   9.36728064e-03,
         6.59882426e-02,   8.95055383e-03,  -5.77135161e-02,
         1.03548278e-04,  -4.80559021e-02,  -5.46225905e-02,
         1.83366165e-02,   2.15381943e-02,   1.04829118e-01,
         2.98010316e-02,  -1.86278520e-03,  -2.45917253e-02,
        -5.26949205e-02,   2.04611532e-02,   7.51188397e-02,
        -1.67567767e-02,  -2.41959337e-02,   3.89364809e-02,
         7.52079412e-02,   5.21449745e-02,   3.04336399e-02,
         3.03033236e-02,   1.47958323e-02,   1.50343333e-03,
         7.63467774e-02,  -1.70693249e-02,  -4.85043824e-02,
        -5.98521950e-03,  -1.85120851e-02,  -5.67800477e-02,
         2.70649362e-02,   2.08840389e-02,  -4.36428562e-02,
        -6.27265722e-02,   4.41511013e-02,   3.03229727e-02,
         3.71460617e-02,   5.16166314e-02,  -5.26106858e-04,
         1.79813467e-02,   1.27017468e-01,  -8.29113945e-02,
         1.02784857e-02,   4.27754596e-03,  -3.40456106e-02,
         5.63160563e-03,   6.18572645e-02,   7.22203776e-02,
        -3.90668679e-03,   5.18136434e-02,   6.26226887e-02,
        -3.77159305e-02,  -2.52462048e-02,   9.81885381e-03,
        -2.12540980e-02,   7.55127473e-03,   7.67887086e-02,
         5.85952774e-02,   3.27344313e-02,  -5.54033294e-02,
         1.96188185e-02,  -4.30428283e-03,  -1.10221133e-02,
        -7.06415027e-02,   5.09074070e-02,   4.84977141e-02,
         9.18309242e-02,  -1.03270069e-01,   2.90351044e-02,
         2.63770111e-02,  -2.18643397e-02,   5.69060817e-02,
        -3.67346071e-02,   1.09196827e-01,   5.68152517e-02,
         1.50404554e-02,   8.13656859e-03,   1.56845190e-02,
        -9.58897546e-02,  -8.18013251e-02,   4.73397085e-03,
         2.02952567e-02,   8.79528373e-03,  -4.98590618e-02,
         7.79734999e-02,   1.81661174e-02,  -3.27837355e-02,
        -2.01920085e-02,   3.54471505e-02,  -3.50914858e-02,
         1.17334172e-01,   1.66592572e-03,   6.47509620e-02,
         8.02733451e-02,   1.27929952e-02,  -7.87253156e-02,
        -9.19577479e-02], dtype=float32), array([-0.07155468, -0.00047117,  0.00549491,  0.07968299,  0.03869243,
       -0.05219325, -0.00506861, -0.05188189, -0.03727173,  0.01368963,
        0.03386601,  0.09508369,  0.01756384,  0.01694857, -0.03083063,
       -0.03750309,  0.01747383,  0.06770772, -0.03096372, -0.00762784,
        0.03137758,  0.07283898,  0.03459598,  0.0157525 ,  0.0217162 ,
        0.01362315,  0.02225583,  0.06004487, -0.01112573, -0.04585257,
       -0.01000257, -0.00844524, -0.06956162,  0.05112857,  0.00295664,
       -0.04277738, -0.08626441,  0.03090782,  0.02864542,  0.05039884,
        0.03497689,  0.00947274,  0.00465063,  0.1002963 , -0.08616646,
        0.01599789,  0.01076106, -0.03488419, -0.01132415,  0.06872123,
        0.07599965, -0.00196121,  0.05825225,  0.07120209, -0.04466441,
       -0.01249574,  0.03321087, -0.01612201, -0.00359646,  0.05699141,
        0.04237498,  0.0148434 , -0.03005044,  0.02745015, -0.01484804,
       -0.03808275, -0.04785957,  0.06104137,  0.04548483,  0.06229887,
       -0.09562031,  0.02449294,  0.02232287, -0.03979811,  0.07500359,
       -0.04084105,  0.09775402,  0.04859895, -0.01782568,  0.01757817,
       -0.02785587, -0.0853171 , -0.07833273,  0.01887759,  0.0339926 ,
        0.00862391, -0.03383765,  0.09183984, -0.00943878, -0.0392196 ,
       -0.02394946,  0.0342997 , -0.02979843,  0.1282144 , -0.00813461,
        0.02353699,  0.09624235, -0.00339285, -0.0724436 , -0.1052494 ], dtype=float32), array([ -1.21491782e-01,  -3.47312316e-02,  -6.90710079e-03,
         7.26994872e-02,   3.19452072e-03,  -5.44266887e-02,
         3.61190550e-03,  -6.27667904e-02,  -2.63917185e-02,
         2.35200692e-02,   4.32039648e-02,   9.25466940e-02,
         1.44131901e-02,   1.79365613e-02,  -4.40193042e-02,
        -1.62320118e-02,   6.16495032e-03,   5.15559390e-02,
        -2.07400657e-02,  -4.00205143e-03,   3.06241866e-02,
         7.76655078e-02,   1.39905689e-02,   1.96186895e-03,
         2.66159922e-02,   4.49104086e-02,   8.14905018e-03,
         9.02802572e-02,   4.99643944e-03,  -2.47184373e-02,
        -6.55383337e-05,   2.40817667e-06,  -5.49321845e-02,
         4.06874083e-02,  -5.02238888e-03,  -4.19655219e-02,
        -8.30753967e-02,   1.66183822e-02,   2.98471116e-02,
         1.78313814e-02,   6.43646047e-02,  -7.77104031e-03,
        -1.39701450e-02,   1.11409329e-01,  -5.78223430e-02,
        -6.17418811e-03,   9.35355760e-03,  -9.43233818e-03,
        -2.32335255e-02,   7.10483715e-02,   5.59320077e-02,
        -6.52898088e-05,   6.50179088e-02,   7.48443305e-02,
        -5.86744063e-02,  -5.45765273e-02,   3.00329011e-02,
        -1.42887626e-02,  -1.62905902e-02,   5.37991151e-02,
         6.92757145e-02,   2.34213192e-02,  -1.90910026e-02,
         5.38368262e-02,  -1.47406962e-02,  -2.09248066e-02,
        -5.22572882e-02,   3.61992121e-02,   5.20461574e-02,
         4.07413542e-02,  -7.86844790e-02,   3.35649215e-02,
         1.58163365e-02,  -1.43632265e-02,   7.48150274e-02,
        -5.44324666e-02,   1.32437825e-01,   3.98321450e-02,
        -1.03016850e-02,   2.75896471e-02,  -2.92176008e-02,
        -5.07800765e-02,  -7.50955343e-02,   2.57335622e-02,
         2.79890057e-02,   3.38366069e-02,  -3.01676802e-02,
         6.00797907e-02,   2.08539721e-02,  -4.51838747e-02,
         1.33318035e-02,   2.30279714e-02,  -4.73836288e-02,
         9.29450318e-02,  -2.49949470e-02,   3.78503948e-02,
         9.39407647e-02,  -2.08135955e-02,  -7.37816244e-02,
        -6.88555986e-02], dtype=float32), array([-0.10660361, -0.0368299 , -0.02035048,  0.06343022,  0.04419097,
       -0.06874023,  0.00506078, -0.02677645, -0.03898539,  0.02543898,
        0.01395261,  0.10424005,  0.02311789,  0.01791856, -0.04382191,
       -0.02216231,  0.00243858,  0.07047364, -0.02786201, -0.01994374,
        0.03051349,  0.07425748,  0.05764433,  0.02386022,  0.02996406,
        0.02912236,  0.01900923,  0.06831475, -0.00084826, -0.04015016,
       -0.00828767, -0.01533579, -0.05623347,  0.0650046 , -0.00827121,
       -0.02938846, -0.09374098,  0.03452275,  0.03046006,  0.04858591,
        0.03768617,  0.01465826,  0.010909  ,  0.08778982, -0.08945934,
        0.00837305, -0.00845149, -0.00639508, -0.05267141,  0.07695618,
        0.04367901,  0.01302353,  0.04976459,  0.09943046, -0.058256  ,
       -0.06750336,  0.0503494 , -0.02510334, -0.00476202,  0.06187951,
        0.06360115,  0.01501157, -0.01206899,  0.03146318, -0.00837147,
       -0.04451329, -0.03283294,  0.06621409,  0.03916751,  0.06466785,
       -0.08307074,  0.0265236 ,  0.03736544,  0.00088095,  0.05893901,
       -0.07225614,  0.12552576,  0.02365254, -0.00910761,  0.01389953,
       -0.04089595, -0.065134  , -0.08609965,  0.03436949,  0.01345332,
       -0.01130645, -0.02203065,  0.074779  ,  0.02101842, -0.060354  ,
        0.01382543,  0.0256416 , -0.05674355,  0.10158695, -0.00972236,
        0.05109318,  0.09244315, -0.01484856, -0.08891334, -0.09939655], dtype=float32), array([-0.0453507 , -0.02244211,  0.01741288,  0.04057868,  0.02055238,
       -0.01619364, -0.03239514, -0.03379723, -0.0256853 ,  0.00528559,
       -0.00145594,  0.10515676,  0.0509744 , -0.00217452, -0.02828041,
       -0.04102629,  0.00667147,  0.05726978, -0.00817183, -0.01342651,
        0.03692072,  0.09281649,  0.04031229,  0.03363401,  0.01045626,
       -0.00469193, -0.01185325,  0.05269015,  0.00969792, -0.04618572,
        0.00855802, -0.01435975, -0.02591932,  0.03215761, -0.00762345,
       -0.00871164, -0.10619158,  0.02060912,  0.04555317,  0.02865415,
        0.011644  ,  0.00311679, -0.00165815,  0.07746915, -0.10351428,
        0.03606654,  0.00175498, -0.00238706, -0.04638293,  0.03781309,
        0.01527923, -0.00508955,  0.04674919,  0.07052563, -0.03291128,
       -0.06434675,  0.04305818, -0.02450186,  0.01868737,  0.04724691,
        0.04769382,  0.00325781, -0.01780354, -0.00028572, -0.01308384,
       -0.02986953, -0.02747661,  0.0330673 ,  0.03970414,  0.03862162,
       -0.08852525,  0.01285021,  0.0087984 , -0.03395408,  0.04241873,
       -0.01797995,  0.09086969, -0.01455969, -0.00718323,  0.01339247,
       -0.00527395, -0.0387225 , -0.05079112, -0.00935884,  0.02913596,
        0.0095331 , -0.04510578,  0.06452795,  0.00417157, -0.03701367,
       -0.00525128,  0.03463918, -0.04010339,  0.08493823,  0.01393821,
       -0.00379167,  0.04271888, -0.01376556, -0.07320214, -0.07531527], dtype=float32), array([-0.10643958, -0.03382118,  0.00324802,  0.09910037,  0.01615586,
       -0.01522686, -0.0086127 , -0.04494308, -0.06184532,  0.03772733,
        0.03056727,  0.10921099,  0.02567497,  0.00470367, -0.05594437,
       -0.02510824,  0.01113113,  0.06839307, -0.02837181, -0.00568464,
        0.04066313,  0.08607791,  0.02683981,  0.00231324,  0.02713973,
        0.04274807,  0.03535267,  0.05641583, -0.01379422, -0.02996601,
       -0.00958843,  0.01674988, -0.07475053,  0.0863594 ,  0.00724624,
       -0.018854  , -0.10104594,  0.04131364,  0.05633748,  0.05788729,
        0.0243314 , -0.00254001,  0.02205119,  0.08648634, -0.07755582,
        0.00405703, -0.01229955, -0.0224497 , -0.0348457 ,  0.0734529 ,
        0.03542858,  0.01195243,  0.06427272,  0.09250443, -0.0361876 ,
       -0.06795731,  0.03035918, -0.01351411, -0.00711865,  0.05773443,
        0.04882963, -0.02440055, -0.0056083 ,  0.00322602, -0.02582489,
       -0.02320264, -0.01013194,  0.08707688,  0.06234334,  0.07912043,
       -0.08939552,  0.03544938,  0.02736463, -0.01338002,  0.0940501 ,
       -0.02067933,  0.11924931,  0.064798  ,  0.02007632, -0.00235895,
       -0.00303636, -0.04211466, -0.07778212,  0.01931713,  0.02609297,
        0.01805116, -0.03560621,  0.0687243 ,  0.02642166, -0.03260159,
       -0.01844272,  0.0209804 , -0.04811059,  0.10133716, -0.02063427,
        0.04122528,  0.08315265, -0.03120111, -0.06892829, -0.08932162], dtype=float32), array([-0.11345445, -0.03296062,  0.02453196,  0.05270411,  0.03875023,
       -0.0534717 , -0.01946252, -0.04456742, -0.00618081,  0.01912986,
        0.01298227,  0.10916532,  0.03526151, -0.00630785, -0.03197734,
       -0.07028851, -0.02125504,  0.02025809, -0.03581615, -0.02701095,
        0.02579449,  0.07481213,  0.04380282,  0.03218509,  0.05496049,
        0.05318875,  0.02147123,  0.04341626,  0.02214386, -0.04827111,
       -0.00725414,  0.00828167, -0.01054824,  0.0164785 , -0.01297582,
        0.00558601, -0.07528818,  0.00914068,  0.05181594,  0.02688701,
        0.0557568 ,  0.01315569, -0.0052886 ,  0.07777047, -0.10190091,
        0.01207567, -0.02291727,  0.01922265, -0.0189778 ,  0.02624542,
        0.04770314, -0.00125775,  0.04650364,  0.05547618, -0.04017556,
       -0.0485734 ,  0.05839019, -0.00992378, -0.01890531,  0.03295895,
        0.0564401 , -0.02536439, -0.04074714,  0.02707342, -0.01096179,
       -0.04727324, -0.08842932,  0.06822599,  0.0394968 ,  0.06273509,
       -0.09117673,  0.02717757, -0.02076906, -0.024317  , -0.00937104,
       -0.06467107,  0.11367156,  0.01677009,  0.01257975,  0.05068967,
       -0.02810316, -0.04741763, -0.07220411,  0.01098629,  0.01649443,
       -0.01853187, -0.02061571,  0.04697025,  0.02429737, -0.07535408,
       -0.01826532,  0.03137268, -0.02914202,  0.10585395, -0.01897838,
        0.04448503,  0.03925348, -0.01510098, -0.10649066, -0.07294618], dtype=float32), array([-0.09261393, -0.05427668,  0.0030554 ,  0.05976085,  0.04349994,
       -0.01736796, -0.0024863 , -0.0412441 , -0.025998  ,  0.02255236,
        0.0346254 ,  0.08422947,  0.03865761,  0.00315453, -0.04343509,
       -0.01996029, -0.00857558,  0.04690741, -0.01932102, -0.02310145,
        0.00417308,  0.07094806,  0.02548838,  0.01615871,  0.02342289,
        0.03808868,  0.02081619,  0.0501789 ,  0.00673556, -0.01309801,
       -0.0307051 ,  0.00356345, -0.01224899,  0.02956815, -0.00404909,
       -0.04817021, -0.10151505,  0.02118278,  0.04070016,  0.00059961,
        0.04031354,  0.0033834 ,  0.03679261,  0.07368571, -0.08090024,
        0.01284509,  0.0133564 , -0.00915634, -0.01980535,  0.00696923,
        0.04583216,  0.0001696 ,  0.04679523,  0.04964211, -0.05420016,
       -0.06862669,  0.0323734 , -0.00119804, -0.01888823,  0.02875605,
        0.08518896, -0.00817289, -0.0343388 ,  0.00330937, -0.02519111,
       -0.03230779, -0.06214657,  0.02916736,  0.06223296,  0.02858798,
       -0.06718577,  0.04249458,  0.00982213, -0.02017331,  0.06111327,
       -0.02742989,  0.12732697,  0.04391585,  0.02346792,  0.02559467,
       -0.01852366, -0.03309438, -0.0577229 , -0.00461527,  0.02949275,
        0.00503457, -0.02156782,  0.06608912,  0.00381688, -0.04642513,
        0.01273303,  0.03084574, -0.02792311,  0.11205762, -0.03060721,
        0.03176206,  0.0884308 , -0.00834873, -0.06081514, -0.04443406], dtype=float32), array([-0.09130707, -0.02528343,  0.03624729,  0.0826295 ,  0.02557757,
       -0.02362075, -0.027025  , -0.05152907, -0.04050158,  0.01931462,
        0.02094817,  0.13325715, -0.00030575, -0.0012708 , -0.06268647,
       -0.05201072, -0.0047872 ,  0.04868871, -0.01268538, -0.02642842,
        0.02838954,  0.06779767,  0.03129094,  0.00721012,  0.02645698,
        0.05610093,  0.01228101,  0.04574995,  0.01165304, -0.03283601,
        0.0038804 ,  0.01425679, -0.02847296,  0.0624473 , -0.02153725,
       -0.01301924, -0.11988815,  0.03360536,  0.05652548,  0.01979481,
        0.05638829,  0.01809373,  0.02172988,  0.06818664, -0.11367657,
       -0.00186669, -0.01488704, -0.01464228, -0.02957647,  0.02146915,
        0.05252979,  0.00020743,  0.04142401,  0.0580593 , -0.02583244,
       -0.07644045,  0.05895528,  0.00274548, -0.0230224 ,  0.04024267,
        0.04348284, -0.03469047, -0.06482999, -0.00957777, -0.0251852 ,
       -0.02547444, -0.01219673,  0.08198936,  0.03861072,  0.07367315,
       -0.10394654,  0.01323626,  0.00352785, -0.02287297,  0.04595101,
       -0.0454468 ,  0.13041407,  0.0218647 , -0.01175627,  0.01897647,
       -0.00302126, -0.03465053, -0.08182586,  0.01408414,  0.02105796,
       -0.01070425, -0.01676253,  0.05442813,  0.01003938, -0.03001978,
       -0.01219924,  0.04802998, -0.03834795,  0.12425866, -0.0101314 ,
        0.04858394,  0.09321233, -0.02740142, -0.10035411, -0.07912116], dtype=float32), array([-0.10058369, -0.0224059 ,  0.04527732,  0.08946539,  0.01292999,
       -0.02274875, -0.01566579, -0.0634942 , -0.0337681 ,  0.005408  ,
        0.01882006,  0.12922762, -0.00024875, -0.00141312, -0.05539689,
       -0.05687418,  0.0092134 ,  0.0410979 ,  0.00805518, -0.02808043,
        0.02082413,  0.07342103,  0.01082277,  0.02039177,  0.03035242,
        0.06718647,  0.00989195,  0.05480101,  0.01917213, -0.02850814,
        0.01984093,  0.01418978, -0.02929881,  0.05637177,  0.00325625,
       -0.02972686, -0.10717908,  0.03395395,  0.03665774,  0.03087369,
        0.06602488,  0.01309505,  0.03526055,  0.04529956, -0.09213212,
        0.00520833, -0.02764283, -0.01736946, -0.02926016,  0.02742471,
        0.06061461,  0.00237849,  0.03544179,  0.05414852, -0.01783254,
       -0.07927528,  0.04549966, -0.00935771, -0.01994423,  0.05173672,
        0.03171834, -0.02988493, -0.04315917, -0.00844717, -0.02162156,
       -0.02771248, -0.00819249,  0.08491676,  0.05045178,  0.06268775,
       -0.08884645,  0.0327665 , -0.00065347, -0.00347364,  0.04077339,
       -0.0478313 ,  0.12990119,  0.01844165, -0.02365329,  0.01963058,
       -0.00426577, -0.04090973, -0.06840853,  0.01352023,  0.01229294,
       -0.01982157, -0.01192603,  0.03985453,  0.0234919 , -0.03943036,
       -0.01794937,  0.03140513, -0.04475451,  0.12448923, -0.01350839,
        0.04909281,  0.06431477, -0.04178307, -0.09688587, -0.05467148], dtype=float32), array([-0.09019711, -0.04031966,  0.00399571,  0.11125214,  0.03821796,
       -0.00375573, -0.03011433, -0.03584391, -0.04351784,  0.05820285,
        0.02280238,  0.12044177,  0.05408639, -0.01423143, -0.05200947,
       -0.02438474,  0.00867122,  0.06937896, -0.00617119, -0.02189122,
        0.05150333,  0.09077305,  0.03564312,  0.0080357 ,  0.01483127,
        0.03267043,  0.04646844,  0.05155961,  0.00194471, -0.04062961,
       -0.00830345,  0.00867641, -0.0572032 ,  0.08083469,  0.01159921,
       -0.01730398, -0.11998745,  0.02501651,  0.07127258,  0.05519497,
        0.02652793,  0.00198499,  0.01826333,  0.07704437, -0.0863547 ,
        0.01076515, -0.01141556, -0.01794494, -0.04883477,  0.05900097,
        0.01716756,  0.02335488,  0.05421618,  0.07165369, -0.05447332,
       -0.08112242,  0.04323484, -0.01730768, -0.00198219,  0.05678164,
        0.05890319, -0.03386137, -0.02632947,  0.00561086, -0.01208654,
       -0.00727216, -0.00747603,  0.0752207 ,  0.05753535,  0.05862962,
       -0.08669221,  0.01979592,  0.01430183, -0.0264274 ,  0.06665241,
       -0.0246067 ,  0.12363967,  0.03038245,  0.02462553, -0.00897949,
       -0.00648498, -0.0396949 , -0.06009162,  0.01585837,  0.02778236,
        0.0108607 , -0.03766902,  0.06326214,  0.0288424 , -0.04159516,
       -0.01267965,  0.02260088, -0.03789455,  0.10419386, -0.01769715,
        0.03288499,  0.08940792, -0.0341519 , -0.06357402, -0.10238246], dtype=float32), array([-0.09746204, -0.02052468,  0.00143229,  0.08529691,  0.01866008,
       -0.0567021 , -0.01307614, -0.04947799, -0.04771772,  0.02571299,
        0.0450585 ,  0.11179611,  0.04033978,  0.01022526, -0.03816414,
       -0.019906  ,  0.00038347,  0.0596281 , -0.03045487, -0.00130893,
        0.02314409,  0.0550572 ,  0.04099689,  0.01845417,  0.01870976,
        0.0385648 ,  0.02176855,  0.0637363 ,  0.01559275, -0.01692689,
       -0.0085854 , -0.00447932, -0.06899183,  0.04026391, -0.0126638 ,
       -0.03595337, -0.07590616,  0.03132044,  0.05232677,  0.03883921,
        0.04268939, -0.0114121 ,  0.00735018,  0.09114286, -0.07877503,
       -0.01004583, -0.00037645, -0.01888964, -0.01644997,  0.0628934 ,
        0.05983297, -0.00756901,  0.04078548,  0.06607506, -0.04939653,
       -0.06617852,  0.03139405, -0.02464955, -0.01935511,  0.04361844,
        0.06186438, -0.00966472, -0.0346901 ,  0.03375137, -0.01120502,
       -0.03568126, -0.04149247,  0.06741502,  0.05822953,  0.07457773,
       -0.08066364,  0.00985492,  0.00321333, -0.0123049 ,  0.08269385,
       -0.04570652,  0.1293311 ,  0.04922285,  0.0006016 ,  0.00931061,
       -0.00132618, -0.05555945, -0.10346576,  0.00654914,  0.02317586,
        0.03676063, -0.03473424,  0.06706836, -0.00549265, -0.04976874,
       -0.00633511,  0.02643547, -0.04882101,  0.11760139, -0.02205428,
        0.0431786 ,  0.09913545, -0.02822877, -0.08105571, -0.08647296], dtype=float32), array([-0.07938832, -0.05460259,  0.01615623,  0.05525675,  0.03987721,
        0.00412289, -0.02939776, -0.04027259, -0.02351667,  0.02565681,
        0.02973055,  0.12098274,  0.05841565, -0.01389944, -0.04319611,
       -0.03498321,  0.0106844 ,  0.04847078, -0.01299694, -0.03367422,
        0.03864776,  0.0904964 ,  0.04274363,  0.02317054,  0.00519855,
        0.0141188 ,  0.02070686,  0.05948477,  0.01961056, -0.05209157,
        0.0069425 , -0.014312  , -0.02859541,  0.04372687,  0.02344854,
       -0.02546212, -0.08723263,  0.03872421,  0.0328759 ,  0.03390334,
        0.05643896,  0.00182629,  0.03746144,  0.08297722, -0.08873706,
        0.01742748,  0.02151276, -0.00786556, -0.03459077,  0.03773483,
        0.05893829,  0.00249141,  0.03540586,  0.05959286, -0.04704059,
       -0.07551356,  0.04968989, -0.01402126, -0.00505401,  0.03671988,
        0.07483609, -0.01459837, -0.02915371, -0.00840504,  0.00275089,
       -0.04647378, -0.04720888,  0.03016396,  0.07720572,  0.05010567,
       -0.07490876,  0.06189951, -0.00015225, -0.00562098,  0.05187056,
       -0.00871558,  0.14602016,  0.01477988, -0.01579495,  0.03015882,
       -0.00842525, -0.05322672, -0.06427464,  0.00744443,  0.01010294,
       -0.01143456, -0.03956967,  0.05518259, -0.00348705, -0.06487275,
        0.01604244,  0.04639623, -0.03287263,  0.10649254, -0.01405597,
        0.02465789,  0.07150012, -0.04373206, -0.05599359, -0.06828445], dtype=float32), array([-0.07443888, -0.01101353,  0.00329833,  0.07956611,  0.02372843,
       -0.04822326, -0.02075452, -0.02098653, -0.0175495 ,  0.01567616,
        0.03303442,  0.09815273,  0.05330796, -0.00669862, -0.03663447,
       -0.06019174,  0.00862637,  0.0614911 , -0.02256252,  0.0016985 ,
        0.02575867,  0.07493465,  0.06174041,  0.03560115,  0.02493935,
        0.02592135,  0.00315177,  0.04733426, -0.01336625, -0.04131942,
        0.00662113, -0.00070015, -0.04192325,  0.03061039, -0.00190757,
       -0.02174589, -0.10309776,  0.02334557,  0.05700323,  0.0309508 ,
        0.03349458,  0.00475368,  0.01515952,  0.09642883, -0.11957265,
       -0.00135152, -0.0334995 , -0.03705893, -0.02864772,  0.05256389,
        0.02999117,  0.01388949,  0.04537701,  0.06906762, -0.05151541,
       -0.02905575,  0.03662488, -0.02705862, -0.00198975,  0.0715102 ,
        0.07160247,  0.00222338, -0.0310729 ,  0.0154157 ,  0.00135574,
       -0.03279048, -0.03900308,  0.06031803,  0.0415583 ,  0.06743973,
       -0.08956053,  0.02047964,  0.01889867, -0.00823342,  0.06635688,
       -0.04837322,  0.12073216,  0.01510475,  0.00173257,  0.01765853,
       -0.02559302, -0.05723057, -0.0760811 ,  0.0094956 ,  0.04053999,
       -0.02922911, -0.03417   ,  0.07858103,  0.00294585, -0.05376323,
        0.02616001,  0.03608793, -0.04074819,  0.14319198,  0.0010006 ,
        0.00639651,  0.09297393,  0.00271169, -0.09467356, -0.09845816], dtype=float32), array([-0.10154163, -0.03125606,  0.03785357,  0.08302145,  0.00786799,
       -0.01829154, -0.0027644 , -0.0783955 , -0.01434147,  0.00930343,
        0.03335599,  0.14551114,  0.00536227, -0.00134126, -0.02961345,
       -0.04747558,  0.00933032,  0.03106106,  0.02075351, -0.0172032 ,
        0.03799202,  0.06995873,  0.02481674, -0.00216522,  0.02594003,
        0.0236865 ,  0.03273356,  0.07945815, -0.01647183, -0.04945473,
       -0.0008743 , -0.01843195, -0.03930432,  0.02688959,  0.00241807,
       -0.02994246, -0.06526235,  0.01176883,  0.03720196,  0.02753248,
        0.02911098, -0.01805523,  0.01205028,  0.08638857, -0.10266759,
       -0.00302019,  0.00927481, -0.004459  , -0.01762002,  0.04515769,
        0.03040175,  0.01343714,  0.04847356,  0.04641161, -0.02954461,
       -0.05479447,  0.03911277, -0.0259745 , -0.03090553,  0.04177155,
        0.05355044, -0.03155404, -0.03111243, -0.00988589,  0.01324067,
       -0.00813313, -0.018332  ,  0.05325701,  0.04223265,  0.03087813,
       -0.08042815,  0.05613146,  0.002337  ,  0.00218177,  0.05512898,
       -0.05249154,  0.12848017, -0.00632376,  0.00512957,  0.02439702,
        0.02021194, -0.0295416 , -0.05253609,  0.00067762,  0.01332133,
        0.02764409, -0.05667362,  0.0466165 ,  0.02840577, -0.04234702,
        0.00519342,  0.02310485, -0.03898661,  0.09544484, -0.00467603,
        0.03012138,  0.04499715, -0.03421926, -0.07730006, -0.07759373], dtype=float32), array([-0.10712084, -0.00451334,  0.01708367,  0.0690961 ,  0.01318596,
       -0.02865755, -0.01220089, -0.05716665, -0.02599545,  0.02941028,
        0.0541811 ,  0.12603177,  0.02990484,  0.00471334, -0.0284179 ,
       -0.0664347 , -0.01225525,  0.05135912, -0.00368462, -0.01684033,
        0.01475427,  0.0589089 ,  0.04489634,  0.02374378,  0.04454261,
        0.03219416,  0.01361198,  0.04390208, -0.02174646, -0.03364426,
       -0.02239038, -0.01141108, -0.05670169,  0.0433167 ,  0.0362973 ,
       -0.04486398, -0.08621605,  0.01521512,  0.03381485,  0.01955013,
        0.05773083,  0.00778113, -0.00062458,  0.08326726, -0.08757444,
        0.02998135, -0.00807834, -0.02202172, -0.04142267,  0.05849632,
        0.05170096, -0.02394921,  0.03800539,  0.05617541, -0.01864721,
       -0.03801941,  0.03295379, -0.00705491, -0.00936178,  0.03015498,
        0.04054326,  0.02167552, -0.04140172,  0.02524096, -0.01253504,
       -0.02650569, -0.05418703,  0.03831197,  0.06405844,  0.03116802,
       -0.07599007,  0.00426289, -0.01593635, -0.01400648,  0.06043063,
       -0.04397573,  0.10010305,  0.0323307 , -0.0144039 ,  0.03198608,
        0.00298595, -0.0323009 , -0.04918835,  0.00366105,  0.0248929 ,
        0.01789049, -0.03524021,  0.07309566, -0.00032574, -0.03146367,
       -0.00486612,  0.02938802, -0.0120023 ,  0.0952908 , -0.00729504,
        0.0141572 ,  0.08406382, -0.02240024, -0.09898441, -0.06903137], dtype=float32), array([-0.10754437, -0.03822201,  0.0168838 ,  0.07212639,  0.0249054 ,
       -0.04765887,  0.00972491, -0.04383735, -0.05770623,  0.02637646,
        0.03049969,  0.12936625,  0.02878467, -0.00828698, -0.04069037,
       -0.0271201 ,  0.00461525,  0.0503634 , -0.00880358, -0.01334469,
        0.00811081,  0.05313914,  0.0433757 ,  0.03642897,  0.02328441,
        0.02996844, -0.00343779,  0.0482337 , -0.00351339,  0.00257613,
       -0.02284073, -0.01096006, -0.04494023,  0.05738986,  0.00020923,
       -0.02747351, -0.07633514,  0.04455917,  0.04252415,  0.04125809,
        0.05593454,  0.01321166,  0.03654343,  0.08192735, -0.06181233,
       -0.00038088, -0.00572339, -0.02213031, -0.02469676,  0.04909072,
        0.04600537, -0.00399293,  0.03915061,  0.07664192, -0.00872607,
       -0.05402241,  0.03295648, -0.01827657, -0.01440738,  0.03301477,
        0.02803605, -0.00937716, -0.01769165,  0.00396146, -0.01757407,
       -0.04103402, -0.06593712,  0.03972422,  0.05771808,  0.06631971,
       -0.06471045,  0.04043188,  0.02077917, -0.00328599,  0.09304925,
       -0.02103487,  0.11575369,  0.03880237, -0.00044177,  0.03205308,
       -0.01939467, -0.04520565, -0.0528269 ,  0.01977963,  0.01959952,
        0.01570129, -0.03102606,  0.08308016,  0.00159449, -0.03351228,
        0.00602556,  0.02327234, -0.02533204,  0.0756514 , -0.03240025,
        0.06202575,  0.08872636, -0.00824238, -0.07566749, -0.07728738], dtype=float32), array([-0.07455851, -0.03019785,  0.0041566 ,  0.0625764 ,  0.01090495,
       -0.03641724, -0.01552287, -0.04672241, -0.00839114,  0.02236197,
        0.00904647,  0.09544163,  0.012489  ,  0.00999088, -0.01836722,
       -0.01315403, -0.00022459,  0.05429218,  0.0118331 , -0.00487412,
        0.0285938 ,  0.06727301,  0.03237537,  0.0155259 ,  0.01766487,
        0.02961932,  0.0301918 ,  0.06580421, -0.00957134, -0.03621072,
       -0.00516298, -0.02526517, -0.03812602,  0.05043948, -0.00612894,
       -0.03632762, -0.081948  ,  0.01500176,  0.04865742,  0.02602336,
        0.03305801, -0.00133466,  0.0072751 ,  0.06798321, -0.08415399,
        0.00199978,  0.00027008, -0.01579333, -0.03514029,  0.07251734,
        0.00755846,  0.00723727,  0.04720569,  0.06949046, -0.03760555,
       -0.05263159,  0.0483144 , -0.00090655,  0.00465742,  0.04173281,
        0.04625797, -0.00864704, -0.0281857 , -0.00126983,  0.00021547,
       -0.01702193, -0.02809069,  0.05192395,  0.05111827,  0.03627551,
       -0.05982722, -0.01400251,  0.02125037, -0.00494412,  0.08890859,
       -0.00510486,  0.11177836, -0.01779087, -0.02762618,  0.01379637,
       -0.01491188, -0.02890814, -0.06318145, -0.00264931,  0.03260388,
        0.00260834, -0.04756396,  0.05617474,  0.02396449, -0.02887324,
        0.00596449,  0.04038522, -0.04406461,  0.10179439, -0.00041045,
        0.02232002,  0.06713895, -0.02423651, -0.06645115, -0.09412384], dtype=float32), array([-0.11455931, -0.04877318,  0.03041581,  0.07309047,  0.00606473,
       -0.06963977,  0.00367248, -0.07274467, -0.04938576,  0.01614827,
        0.04678625,  0.12972242,  0.01540281,  0.01013657, -0.03408539,
       -0.01947859, -0.00766466,  0.03731713,  0.00420371, -0.02197169,
        0.03766022,  0.06319594,  0.01208836,  0.01427629,  0.01176888,
        0.03737207,  0.00916941,  0.06930183,  0.00217652, -0.02321876,
       -0.00129228, -0.00176736, -0.0352823 ,  0.04182694, -0.01778257,
       -0.04573298, -0.10855506,  0.02954248,  0.04570087,  0.01908218,
        0.06194421,  0.00753562,  0.03635109,  0.09416438, -0.09075993,
       -0.01873872, -0.00340903, -0.01965434, -0.02232232,  0.05013736,
        0.0298402 ,  0.01201483,  0.0493352 ,  0.05620499, -0.03203352,
       -0.04203314,  0.05167132, -0.00695811, -0.0201937 ,  0.04508253,
        0.03397292, -0.0002792 , -0.05825067, -0.01224225, -0.03403582,
       -0.01569241, -0.03412062,  0.03718577,  0.04248758,  0.07732648,
       -0.0768994 ,  0.04707965, -0.0028146 , -0.00999764,  0.06223471,
       -0.04001925,  0.12142976,  0.01914084,  0.00960358,  0.01383387,
        0.00763528, -0.03398184, -0.07382584,  0.00615141,  0.02557657,
        0.03287957, -0.05030799,  0.07033174,  0.02906478, -0.02734178,
        0.0144589 ,  0.0493082 , -0.04830444,  0.09067738, -0.01730149,
        0.03221846,  0.0858121 , -0.0227093 , -0.09004012, -0.08818282], dtype=float32), array([-0.08685587, -0.04422223,  0.02362893,  0.06625163,  0.03928684,
       -0.00578076, -0.01660228, -0.03563808, -0.00514378,  0.02840349,
        0.02329011,  0.13808911,  0.06625798, -0.01161689, -0.05236262,
       -0.03271757,  0.00871923,  0.04283702,  0.00662044, -0.02144656,
        0.03602161,  0.07666402,  0.04434264,  0.02035147,  0.01898738,
        0.01039007,  0.02409178,  0.05469421,  0.01705599, -0.0614118 ,
       -0.00239773, -0.02278373, -0.02887619,  0.0563469 ,  0.02096943,
       -0.03184221, -0.08115097,  0.01686315,  0.04128213,  0.02376653,
        0.03768083, -0.01257964,  0.0327445 ,  0.06912352, -0.09907492,
        0.02685129,  0.01460897, -0.02066553, -0.03581777,  0.04470173,
        0.04932547,  0.00850764,  0.03901248,  0.03999521, -0.02437522,
       -0.06846745,  0.03495145, -0.03120445, -0.01481193,  0.04415925,
        0.05958982, -0.03874178, -0.02951688, -0.00666599,  0.01710578,
       -0.04055095, -0.03876686,  0.04792418,  0.0793812 ,  0.05563844,
       -0.06788702,  0.04849372,  0.00416609, -0.00482322,  0.0636964 ,
       -0.00638804,  0.13411306, -0.00400539, -0.03161195,  0.02996469,
        0.00051908, -0.05487465, -0.05583064,  0.00461963,  0.01464748,
        0.00272009, -0.04913023,  0.05524829, -0.01522664, -0.0597945 ,
        0.01323642,  0.0468568 , -0.04175958,  0.11340015, -0.01103173,
        0.03684688,  0.07020807, -0.05168775, -0.05081585, -0.07106362], dtype=float32), array([-0.07455303, -0.05812607,  0.02094711,  0.0452802 ,  0.02673226,
       -0.02503326, -0.01219634, -0.05471984, -0.00803263,  0.03399821,
        0.02700591,  0.10606254,  0.03078854,  0.00027555, -0.0433222 ,
       -0.02504897,  0.0097243 ,  0.04117739, -0.00726422, -0.0181288 ,
        0.02926517,  0.0892044 ,  0.04024159,  0.00924921,  0.03480699,
        0.03154953,  0.02238675,  0.0659972 ,  0.01930186, -0.03783423,
       -0.00067066,  0.01952385, -0.03313622,  0.04013241,  0.00703095,
       -0.04788709, -0.090266  ,  0.03707133,  0.06041417,  0.02048551,
        0.05198021,  0.01043481,  0.02258948,  0.07865188, -0.07849906,
        0.01389223,  0.00086128, -0.00194804, -0.03124899,  0.05232606,
        0.02976921,  0.00347203,  0.04131187,  0.0543928 , -0.0228253 ,
       -0.05591702,  0.06014662, -0.01304129, -0.00448406,  0.03867219,
        0.05783878, -0.02878715, -0.01956696, -0.00595356,  0.00469941,
       -0.01939857, -0.04201114,  0.03991595,  0.07073475,  0.03815727,
       -0.06725217,  0.05118639,  0.00549979, -0.0223197 ,  0.06823569,
       -0.02207448,  0.12937328,  0.00521112, -0.00391701,  0.02678563,
       -0.02156845, -0.04427791, -0.05959954,  0.00355401,  0.00953765,
       -0.00093219, -0.02030528,  0.06014202,  0.02928868, -0.04458255,
       -0.0003707 ,  0.03258563, -0.05930451,  0.08343204, -0.02259981,
        0.02561843,  0.06696078, -0.03523733, -0.06939839, -0.087223  ], dtype=float32), array([-0.09594586, -0.02970221,  0.00265484,  0.09629286,  0.03198817,
       -0.02355045, -0.01501558, -0.0314377 , -0.05508749,  0.04689757,
        0.04342246,  0.12262696,  0.03935551, -0.0065424 , -0.05416197,
       -0.03171533, -0.00158828,  0.08716252, -0.01158333, -0.01035924,
        0.03329952,  0.08056407,  0.03329265,  0.00174666,  0.02056345,
        0.0325248 ,  0.02142621,  0.07247835,  0.00422747, -0.0362181 ,
       -0.0174509 ,  0.01386861, -0.05510104,  0.07219829, -0.00552889,
       -0.03456511, -0.10494477,  0.02746345,  0.06288457,  0.03896799,
        0.04208151, -0.00088292,  0.02664554,  0.08054355, -0.08816613,
       -0.00652441,  0.00841547, -0.02977982, -0.03173206,  0.04686999,
        0.0350723 ,  0.0175733 ,  0.04926721,  0.07474289, -0.05294566,
       -0.07735964,  0.04212469, -0.00368396, -0.02386113,  0.04961489,
        0.04791535, -0.01061871, -0.02213849,  0.01314704, -0.01459906,
       -0.02640665, -0.03135146,  0.07819866,  0.0569556 ,  0.06735057,
       -0.09144454,  0.02818883,  0.0226205 , -0.02729295,  0.09298653,
       -0.01959392,  0.12919016,  0.04522361,  0.00776028, -0.0018012 ,
        0.00089203, -0.04801656, -0.08429834,  0.01323957,  0.03221444,
        0.01896771, -0.03861866,  0.07217219,  0.00329878, -0.04164875,
        0.00275633,  0.02718223, -0.03240422,  0.11108505, -0.02966236,
        0.0413236 ,  0.10164928, -0.02607116, -0.06904707, -0.10070862], dtype=float32), array([-0.10115767, -0.05527686,  0.01243341,  0.08300344,  0.04816454,
       -0.02818324,  0.02104108, -0.04534928, -0.04105477,  0.04111828,
        0.0166708 ,  0.11920112,  0.01478107,  0.01832451, -0.05913356,
       -0.0334782 ,  0.02964674,  0.03898524, -0.01472901, -0.01414249,
        0.0351212 ,  0.07711244,  0.04879846, -0.0056077 ,  0.04913625,
        0.04254715,  0.00093184,  0.05297673, -0.00190919, -0.04643206,
       -0.01563296, -0.00045567, -0.06041571,  0.0667118 ,  0.0069742 ,
       -0.03314701, -0.09239872,  0.05416536,  0.05622873,  0.03694297,
        0.04388772,  0.01918721,  0.03591114,  0.09169536, -0.08115797,
       -0.00769589, -0.00692648, -0.03813947, -0.03505057,  0.06950351,
        0.03607429,  0.01042758,  0.05281971,  0.08460545, -0.03885561,
       -0.05566337,  0.03893897, -0.01046129, -0.02119946,  0.04593954,
        0.04291195, -0.01923853, -0.03780485, -0.00641167,  0.00279117,
       -0.02295442, -0.02017488,  0.07718873,  0.06563263,  0.05361518,
       -0.08346786,  0.03799269,  0.02299539, -0.01730332,  0.06776934,
       -0.02908556,  0.13181505,  0.01987709,  0.00098333,  0.02513815,
       -0.03393561, -0.04480299, -0.07329832,  0.03181747,  0.02175644,
        0.00908312, -0.01116385,  0.06712042,  0.03505925, -0.04440754,
        0.01354816,  0.02608972, -0.07287259,  0.11774661, -0.00341061,
        0.03466741,  0.09222452, -0.02690996, -0.07912554, -0.11504155], dtype=float32), array([-0.09947367, -0.0241562 ,  0.01347481,  0.06984712,  0.02134643,
       -0.0335618 , -0.00967972, -0.06381597, -0.04836205,  0.03050889,
        0.02866453,  0.11700118,  0.00966838,  0.01103895, -0.02977009,
       -0.0275664 , -0.00186002,  0.04315844, -0.01318049, -0.03503028,
        0.00925558,  0.08229148,  0.01435697,  0.02430438,  0.01904301,
        0.04451906,  0.01374613,  0.05770767, -0.00199366, -0.03101343,
        0.00076025, -0.00232966, -0.04377612,  0.02692355,  0.00337347,
       -0.05890582, -0.09553935,  0.01628488,  0.04455777,  0.01676372,
        0.0539275 ,  0.00251766,  0.01621392,  0.10253485, -0.07500046,
       -0.0116266 ,  0.00887767, -0.01960383, -0.02005855,  0.03588281,
        0.05788452, -0.00345951,  0.02049475,  0.06872346, -0.03079357,
       -0.04857287,  0.03620717,  0.01080344, -0.01228718,  0.04456023,
        0.05411825, -0.00276195, -0.04822499,  0.00603115, -0.01873387,
       -0.01181967, -0.05157437,  0.04734776,  0.05161037,  0.03900654,
       -0.1016124 ,  0.03463445, -0.00475764, -0.02032539,  0.0879468 ,
       -0.04465912,  0.13303344,  0.03964731,  0.00838526,  0.03830336,
        0.0042329 , -0.03910385, -0.07384895,  0.0012597 ,  0.03420329,
        0.0300599 , -0.02445015,  0.06729903,  0.02111857, -0.04208694,
       -0.0101723 ,  0.03123629, -0.03051774,  0.11218507, -0.01273335,
        0.04319426,  0.10136139, -0.00422301, -0.08105727, -0.05739893], dtype=float32), array([-0.08552823, -0.0307762 ,  0.01377793,  0.06389674, -0.0043487 ,
       -0.04972269, -0.00275776, -0.06226927, -0.05040277, -0.00275167,
        0.04091105,  0.10431556,  0.02431592, -0.01923665, -0.01053052,
       -0.03554583, -0.00268788,  0.06877653, -0.00642276, -0.0331575 ,
        0.02158377,  0.06656254,  0.02908095,  0.01957031,  0.03137892,
        0.01800987,  0.01534985,  0.06751508, -0.00999809, -0.04011426,
        0.01714059,  0.00085383, -0.0485347 ,  0.01489943,  0.00829027,
       -0.05293931, -0.085696  ,  0.02422926,  0.04172204,  0.02500227,
        0.06520994, -0.01015009,  0.01999354,  0.08623641, -0.07272074,
       -0.00908787,  0.02434207, -0.03648736, -0.01278057,  0.0484066 ,
        0.0662693 ,  0.00546073,  0.03074985,  0.06333414, -0.03364375,
       -0.03704561,  0.04169895,  0.01534632, -0.01114264,  0.0302532 ,
        0.07021899, -0.01290669, -0.04771198,  0.0140497 , -0.01179393,
        0.00889517, -0.05392592,  0.06112141,  0.05732097,  0.06489148,
       -0.08811668,  0.03239862,  0.00147307, -0.01611853,  0.07817047,
       -0.02511779,  0.1066828 ,  0.04024816,  0.02628753,  0.00729732,
        0.02071578, -0.05461062, -0.07920453, -0.00175171,  0.01365566,
        0.01750498, -0.03039422,  0.07375421,  0.0096055 , -0.04851513,
        0.00154576,  0.0319919 , -0.0464179 ,  0.10790066, -0.02983744,
        0.05343667,  0.10822137, -0.03729496, -0.07958286, -0.07480161], dtype=float32), array([-0.06754822, -0.00767512,  0.01463441,  0.07072566,  0.03516594,
       -0.00830785, -0.01642085, -0.06330078, -0.00613634,  0.00909064,
        0.03135361,  0.10518878,  0.05305754,  0.00111532, -0.02997498,
       -0.0522656 , -0.00476721,  0.05971415, -0.03352505, -0.00527334,
        0.03924689,  0.07149058,  0.05315885,  0.01692078,  0.03948804,
       -0.00106781, -0.01905273,  0.0423952 , -0.00712243, -0.064234  ,
        0.00208635, -0.00705219, -0.02588439,  0.03625445,  0.04086645,
       -0.01393146, -0.07692314,  0.03738685,  0.0319367 ,  0.01112001,
        0.0641903 ,  0.00832204,  0.0157341 ,  0.09530718, -0.12394911,
       -0.003469  , -0.0145124 , -0.04230557, -0.01338219,  0.03139998,
        0.04173596, -0.02467369,  0.03623364,  0.05477562, -0.03360597,
       -0.03042134,  0.00609808,  0.00017765, -0.02094485,  0.04111806,
        0.07514416,  0.01964159, -0.05509539,  0.02449856,  0.0133529 ,
       -0.04462809, -0.0371844 ,  0.04822308,  0.05982275,  0.02748793,
       -0.10118642,  0.0346318 , -0.00987897, -0.02380888,  0.03512477,
       -0.0406435 ,  0.11026145,  0.00906033,  0.00205384,  0.04293799,
       -0.04009884, -0.04422516, -0.06196617, -0.00058012,  0.04545645,
       -0.00361453, -0.0247845 ,  0.07104846,  0.01959847, -0.06040327,
        0.00486089,  0.02869995, -0.04651637,  0.13953063,  0.01321491,
        0.00496634,  0.06838246, -0.01088645, -0.08310991, -0.09614643], dtype=float32), array([ -8.84940177e-02,  -4.79447134e-02,   3.59360464e-02,
         5.84871396e-02,   1.49537353e-02,  -2.57689320e-02,
         1.08768484e-02,  -4.37897518e-02,  -1.76351499e-02,
         2.26808060e-02,   4.57584858e-02,   1.07365087e-01,
         4.02799025e-02,  -1.61037855e-02,  -4.23728414e-02,
         1.22910854e-03,   3.12393974e-03,   4.95640635e-02,
         8.64327233e-03,  -2.14719456e-02,  -2.34446162e-03,
         7.08415806e-02,   2.27333084e-02,   2.53696088e-02,
         1.25023453e-02,   2.93319635e-02,   2.00789813e-02,
         8.56201798e-02,  -2.81333923e-05,  -3.69502306e-02,
        -5.80318831e-03,  -3.08294757e-03,  -2.39330493e-02,
         2.60037854e-02,  -2.84776161e-03,  -6.49133101e-02,
        -1.12009898e-01,   5.10081202e-02,   5.14937229e-02,
         3.00694760e-02,   3.11549641e-02,  -7.51008140e-03,
         4.83279638e-02,   6.82079345e-02,  -7.23643899e-02,
         1.88611075e-02,   2.28827912e-02,  -3.16530839e-02,
        -2.35806275e-02,   4.98658307e-02,   3.44916545e-02,
         1.02256788e-02,   3.25588547e-02,   5.08115478e-02,
        -4.65101004e-02,  -4.74551097e-02,   5.18656671e-02,
        -8.36304855e-03,  -1.19084576e-02,   6.28765747e-02,
         4.74029854e-02,  -2.32680142e-02,  -3.99687849e-02,
         2.78224759e-02,  -1.49366697e-02,   7.88013637e-03,
        -5.11582233e-02,   4.23249863e-02,   6.08613119e-02,
         5.11180758e-02,  -5.15259579e-02,   3.89927998e-02,
         3.17347385e-02,   1.92503855e-02,   9.44654942e-02,
        -3.42924073e-02,   1.36960790e-01,  -7.20937643e-03,
        -7.25933118e-04,   2.97951847e-02,  -2.45239073e-03,
        -6.61717877e-02,  -5.65937720e-02,  -1.38742821e-02,
         4.83646058e-03,   1.49342502e-02,  -3.53871360e-02,
         8.20918679e-02,   3.13582160e-02,  -4.93261889e-02,
         1.88804623e-02,   3.35691907e-02,  -6.13784790e-02,
         1.15294777e-01,  -3.40135815e-03,   4.20420170e-02,
         5.11032492e-02,  -1.66205224e-02,  -6.62328079e-02,
        -4.44272272e-02], dtype=float32), array([-0.09786111, -0.0309106 ,  0.02173926,  0.072497  ,  0.03170648,
       -0.02800995, -0.01951282, -0.03807283, -0.01316267,  0.03572923,
        0.0184596 ,  0.11399785,  0.03002114, -0.00330686, -0.03777287,
       -0.02754025,  0.01450444,  0.05409603,  0.0063174 , -0.02233325,
        0.02556152,  0.07257634,  0.02051898,  0.01520661,  0.02468019,
        0.04925361,  0.00996865,  0.0567436 ,  0.00821148, -0.02000491,
       -0.00595678, -0.01152982, -0.0367814 ,  0.03854572,  0.00521242,
       -0.04412831, -0.09141546,  0.01276187,  0.05457015,  0.00864013,
        0.03718552, -0.00342223,  0.02506257,  0.07887467, -0.07767975,
        0.00149484, -0.01171789, -0.01390383, -0.0250816 ,  0.04153263,
        0.03714031,  0.01395139,  0.04639313,  0.0591648 , -0.02901921,
       -0.06879625,  0.051629  , -0.00291453, -0.01889455,  0.03616437,
        0.0679747 , -0.01452605, -0.03242512,  0.00912174, -0.02152769,
       -0.01509744, -0.02849352,  0.07277515,  0.0703126 ,  0.03576702,
       -0.08038551,  0.05555941,  0.01841698,  0.0064618 ,  0.07198038,
       -0.04341193,  0.11930187,  0.0413253 , -0.00128659,  0.01755018,
       -0.01048192, -0.03412334, -0.0689827 , -0.00867122,  0.03214402,
       -0.00131341, -0.03769034,  0.06004445,  0.03099865, -0.06058978,
        0.01682255,  0.03125975, -0.04484059,  0.10104591, -0.03343117,
        0.01631133,  0.09103037, -0.01628168, -0.07430148, -0.08533326], dtype=float32), array([-0.09969974, -0.03193592,  0.03216866,  0.08970805,  0.03141395,
       -0.01788593, -0.03181915, -0.05590976, -0.04236683,  0.01813008,
        0.03479763,  0.14606674,  0.01329106, -0.00537955, -0.06356622,
       -0.05624572, -0.00839815,  0.05505893, -0.00785738, -0.02487058,
        0.04260059,  0.07375727,  0.03561275,  0.00320337,  0.0194524 ,
        0.04928351,  0.01914444,  0.06441821,  0.01858795, -0.03614265,
        0.00775037,  0.01224589, -0.03410326,  0.07866427, -0.01686706,
       -0.0093118 , -0.12399182,  0.03512537,  0.05762062,  0.03848531,
        0.0575091 ,  0.0245941 ,  0.02167347,  0.07242046, -0.11346669,
       -0.00149391, -0.0193416 , -0.00968376, -0.0392023 ,  0.03060955,
        0.04892355,  0.01010954,  0.04766411,  0.06238282, -0.04372964,
       -0.08101519,  0.05882578, -0.00748102, -0.01914692,  0.05189473,
        0.05543956, -0.02813999, -0.05649758, -0.00546142, -0.02084887,
       -0.02897258, -0.00176143,  0.08675945,  0.04386195,  0.07803667,
       -0.10396376,  0.02194005, -0.00134311, -0.01463818,  0.04067175,
       -0.0539626 ,  0.12921368,  0.02566858, -0.00797035,  0.00818398,
        0.00536189, -0.04466686, -0.08745565,  0.02276211,  0.01272955,
       -0.01538906, -0.02247234,  0.04849523,  0.01289382, -0.03815858,
       -0.01501411,  0.04022038, -0.04425862,  0.12081596, -0.01486796,
        0.04858796,  0.08726178, -0.0342869 , -0.10124329, -0.07821377], dtype=float32), array([ -8.34282041e-02,  -3.26695964e-02,   1.42238138e-03,
         5.59465252e-02,   3.49868014e-02,  -3.41676474e-02,
        -8.40103440e-03,  -4.69617620e-02,  -2.13392731e-02,
         1.80580094e-02,   3.52307782e-02,   8.58945996e-02,
         6.19993955e-02,   5.54826576e-03,  -3.57574001e-02,
        -3.78877111e-02,  -1.17598589e-04,   5.14480546e-02,
        -1.46307601e-02,  -2.38211732e-02,   1.36495009e-02,
         8.91099349e-02,   5.55906035e-02,   2.31422074e-02,
         2.12544352e-02,   1.92602705e-02,   1.98058076e-02,
         4.81224321e-02,   3.70392250e-03,  -5.17249741e-02,
         6.69210358e-03,   8.04557744e-03,  -3.10599077e-02,
         3.39685380e-02,   1.23284888e-02,  -4.34753411e-02,
        -1.18340477e-01,   1.51574789e-02,   6.38709888e-02,
         1.26176877e-02,   5.01593798e-02,   1.00176856e-02,
        -5.57047222e-03,   8.79019871e-02,  -9.07962024e-02,
         7.39979744e-03,  -9.68655688e-04,  -2.95938402e-02,
        -2.54173931e-02,   5.95701188e-02,   6.71973899e-02,
         4.33029234e-03,   4.27614227e-02,   6.38754144e-02,
        -4.48882841e-02,  -4.10764888e-02,   4.75658476e-02,
        -2.64883824e-02,  -3.44650969e-02,   5.38178124e-02,
         8.54436755e-02,   3.42332385e-03,  -5.29936068e-02,
         3.99244912e-02,   4.63962695e-03,  -4.52454574e-02,
        -4.49699275e-02,   6.13177083e-02,   3.54382470e-02,
         2.86101252e-02,  -1.06529415e-01,   2.06417982e-02,
        -3.81613672e-02,  -2.51063984e-02,   7.26606101e-02,
        -4.87138629e-02,   1.32140741e-01,   1.51600055e-02,
        -5.40380692e-03,   3.32790129e-02,  -3.65197212e-02,
        -3.66893187e-02,  -6.49900660e-02,   1.63765997e-02,
         3.41438092e-02,   1.46137001e-02,  -3.44303958e-02,
         5.79266921e-02,   2.68029850e-02,  -6.58336207e-02,
         6.21212134e-03,   3.74367684e-02,  -3.99963558e-02,
         1.36337802e-01,  -2.38965489e-02,   2.26300899e-02,
         1.07258633e-01,  -1.35036614e-02,  -1.01036608e-01,
        -7.40164444e-02], dtype=float32), array([-0.08677142, -0.04242513,  0.00083362,  0.10881093,  0.03536974,
       -0.00665604, -0.03326686, -0.03351858, -0.04925771,  0.05492613,
        0.02907882,  0.12698588,  0.04667219, -0.01342575, -0.05680598,
       -0.02626359,  0.00317234,  0.0697634 , -0.01405226, -0.01715105,
        0.05122794,  0.09022715,  0.04058588,  0.00063939,  0.01555241,
        0.03542001,  0.04702589,  0.06155263,  0.00229563, -0.04347746,
       -0.01190702,  0.01036895, -0.05626059,  0.08384302,  0.00558708,
       -0.01720595, -0.11892878,  0.02962618,  0.07188474,  0.06213614,
        0.02647859,  0.00351198,  0.01722094,  0.08115408, -0.08861309,
        0.01164973, -0.00968745, -0.01923956, -0.04803234,  0.05762744,
        0.01330847,  0.02501335,  0.05455337,  0.07780964, -0.05479574,
       -0.08216419,  0.04469516, -0.01545808, -0.00644586,  0.05859802,
        0.0594273 , -0.03038471, -0.02353796,  0.00035551, -0.00866118,
       -0.01287378, -0.00527024,  0.07791495,  0.0621705 ,  0.06468815,
       -0.09038466,  0.02121341,  0.02367441, -0.02658383,  0.06797463,
       -0.02257915,  0.12221501,  0.03372291,  0.02350224, -0.00915776,
       -0.0015579 , -0.04025919, -0.06765231,  0.01595815,  0.03174571,
        0.00909098, -0.04251112,  0.0637221 ,  0.02877   , -0.0388547 ,
       -0.012859  ,  0.02743176, -0.03607614,  0.10230493, -0.01671593,
        0.03580647,  0.093734  , -0.03370855, -0.06785352, -0.09972343], dtype=float32), array([-0.08208475, -0.01367974,  0.0198355 ,  0.03218657,  0.00274505,
       -0.03657025, -0.01572522, -0.02672935, -0.04646677,  0.03034013,
        0.01904747,  0.09580161,  0.00800571, -0.00967588, -0.0362023 ,
       -0.03784795,  0.01534154,  0.03308211, -0.0119755 , -0.00849111,
        0.02292313,  0.03384782,  0.02093326,  0.02806889,  0.02693469,
        0.03556976, -0.00046846,  0.06705552, -0.02858407, -0.04453373,
        0.00796965, -0.01837968, -0.04591111,  0.0266641 , -0.00064877,
       -0.03462963, -0.05623674,  0.03558168,  0.03822302,  0.02632228,
        0.03583097, -0.01116398,  0.0155724 ,  0.09137663, -0.06365483,
       -0.01410747, -0.01831085, -0.02165054, -0.0036104 ,  0.05674144,
        0.0388319 , -0.01631304,  0.05777545,  0.07015094, -0.03375386,
       -0.03511155,  0.00995705,  0.00223727,  0.01918248,  0.03536084,
        0.04663138,  0.01081931, -0.05039034,  0.02456279,  0.01148389,
       -0.00922335, -0.07528178,  0.05306586,  0.03254867,  0.06349749,
       -0.07912683, -0.00127269,  0.00574622,  0.0023987 ,  0.09167391,
       -0.02319083,  0.07819315,  0.05733655,  0.01649054,  0.00322636,
       -0.00768604, -0.04560967, -0.07646596,  0.01721768, -0.00519052,
        0.00399091, -0.03177844,  0.06840847,  0.00153621, -0.03647843,
       -0.03085294,  0.0328283 , -0.04076036,  0.10335559, -0.01447688,
        0.04360422,  0.06241146, -0.0011026 , -0.08314416, -0.09933197], dtype=float32), array([ -9.17605087e-02,  -5.39695695e-02,   1.76498629e-02,
         5.29292859e-02,   1.57279558e-02,  -3.18004079e-02,
        -8.43485724e-03,  -4.89163585e-02,  -1.41647253e-02,
         6.73438003e-03,   4.79658395e-02,   1.30615085e-01,
         2.19653193e-02,  -4.63977968e-03,  -6.31621853e-02,
        -2.26367768e-02,  -8.22103489e-03,   3.82107273e-02,
        -5.84462611e-03,  -2.52597947e-02,   2.60293894e-02,
         8.17978308e-02,   2.94725113e-02,   2.62330212e-02,
         1.45158377e-02,   6.29780665e-02,   2.81205401e-02,
         5.26740886e-02,   1.23981759e-02,  -1.46930451e-02,
         2.47702245e-02,  -2.62320577e-03,  -4.18845043e-02,
         2.60189977e-02,   9.30182356e-03,  -4.66382168e-02,
        -9.96972546e-02,   7.10497843e-03,   5.38461134e-02,
         8.61649401e-03,   6.06899038e-02,   3.57549079e-03,
         2.12760326e-02,   6.40332550e-02,  -8.87963176e-02,
         9.82513651e-03,  -1.30710816e-02,   1.27362111e-03,
        -2.57675536e-02,   4.12627086e-02,   5.71682118e-02,
        -1.12251323e-02,   4.18432876e-02,   4.81330939e-02,
        -3.63196507e-02,  -3.79100963e-02,   4.89474051e-02,
        -4.25129058e-03,  -4.03419025e-02,   3.64152677e-02,
         4.34772559e-02,  -1.04636233e-02,  -5.27087189e-02,
         2.31211260e-02,  -3.37028652e-02,  -2.46365834e-02,
        -3.96766737e-02,   3.50557342e-02,   4.39393260e-02,
         5.48570231e-02,  -7.75959268e-02,   3.01801860e-02,
        -7.38003058e-03,  -1.50560448e-02,   4.59424630e-02,
        -6.38317391e-02,   1.21179789e-01,   2.54364423e-02,
         6.67265290e-03,   3.93781178e-02,  -2.15282906e-02,
        -3.11537161e-02,  -5.57993911e-02,   2.12424099e-02,
        -3.04445257e-05,   2.67098914e-03,  -1.42348958e-02,
         4.81985137e-02,   1.63357574e-02,  -4.64795269e-02,
        -6.72343466e-03,   3.22831795e-02,  -5.17237633e-02,
         9.73280966e-02,  -3.14614177e-02,   4.57035750e-02,
         7.82931745e-02,  -2.72217114e-02,  -1.07379936e-01,
        -6.56075329e-02], dtype=float32), array([-0.07357594, -0.04387463,  0.00154013,  0.08389682,  0.02214544,
       -0.02870198, -0.03512255, -0.03765706, -0.03937881,  0.05540551,
        0.03235515,  0.10784716,  0.0504998 , -0.00234271, -0.04766718,
       -0.03093246,  0.0131145 ,  0.07558993, -0.00522118, -0.00850405,
        0.03153963,  0.09220787,  0.05040587,  0.01029014,  0.02282885,
        0.03365202,  0.02920391,  0.06608245, -0.00340178, -0.04309677,
       -0.00316107,  0.00480557, -0.04492609,  0.06183507, -0.01033041,
       -0.02327485, -0.10684482,  0.03506637,  0.05395577,  0.05177452,
        0.02256875, -0.00117077,  0.0121571 ,  0.07813577, -0.08928417,
        0.01781121, -0.0029969 , -0.02140434, -0.02995208,  0.05811147,
        0.02296645,  0.02428242,  0.04722213,  0.08169583, -0.05795161,
       -0.07809012,  0.03746504, -0.03550798, -0.01666258,  0.0537567 ,
        0.05499751, -0.015044  , -0.03506692,  0.01520191, -0.01072307,
       -0.00459568, -0.02285157,  0.06625789,  0.06807984,  0.06989642,
       -0.09726392,  0.00852087,  0.02555401, -0.01730063,  0.07102768,
       -0.02763611,  0.10841247,  0.0331659 ,  0.01066048,  0.00238228,
       -0.01128986, -0.05594769, -0.07521513,  0.01017796,  0.03524873,
       -0.00724815, -0.01999209,  0.06951778,  0.01545259, -0.04323277,
       -0.00628403,  0.02840279, -0.03342402,  0.09191197, -0.00764036,
        0.02672435,  0.08067687, -0.01706318, -0.07000889, -0.10867538], dtype=float32), array([-0.07941429, -0.01991808,  0.00906107,  0.07780585,  0.03855502,
       -0.01719505, -0.02950099, -0.04793217, -0.03231485,  0.0416286 ,
        0.02407618,  0.12316509,  0.03642812, -0.00286644, -0.032412  ,
       -0.04717247, -0.00817356,  0.05901616,  0.00623054, -0.01434885,
        0.0418139 ,  0.08313689,  0.03774228,  0.02529381,  0.02046996,
        0.03273997,  0.02435365,  0.04581048, -0.00398501, -0.051686  ,
       -0.01278547, -0.00557719, -0.04665751,  0.04532654,  0.00762057,
       -0.02510145, -0.11716632,  0.0163918 ,  0.04864977,  0.03546183,
        0.03711704,  0.00131302, -0.00185728,  0.08411182, -0.09722462,
        0.01211795, -0.00160729, -0.01184579, -0.04361153,  0.06116918,
        0.04031057, -0.01521187,  0.03474335,  0.06199836, -0.03726497,
       -0.06770692,  0.05105662, -0.01661693, -0.01096587,  0.04092727,
        0.06045033, -0.01241623, -0.04291396,  0.00060737, -0.01416545,
       -0.01121182, -0.03881416,  0.0622749 ,  0.06113892,  0.04878905,
       -0.09840807,  0.01465269, -0.01093433, -0.03203832,  0.0425313 ,
       -0.04548376,  0.11530603,  0.02673183, -0.00175525,  0.02452804,
       -0.01685502, -0.04282303, -0.07591537,  0.00091869,  0.02159863,
        0.01427173, -0.03283994,  0.06296147,  0.01978714, -0.04757315,
       -0.01770578,  0.02156936, -0.03727983,  0.11222655, -0.01382722,
        0.03377491,  0.08491434, -0.01575082, -0.08111138, -0.0937474 ], dtype=float32), array([-0.09000921, -0.03400986,  0.02698829,  0.07409266,  0.01915136,
       -0.03403693,  0.00626507, -0.03930098, -0.02631233,  0.01464562,
        0.02406019,  0.1128267 ,  0.04703399, -0.00202768, -0.04281949,
       -0.03720404,  0.02105699,  0.03984888,  0.0133469 , -0.0072671 ,
        0.01909142,  0.05712686,  0.023521  ,  0.00843213,  0.0210498 ,
        0.0112605 ,  0.02751252,  0.05442569, -0.00125478, -0.05159941,
       -0.00991984, -0.00281764, -0.03362732,  0.04455473,  0.02586638,
       -0.03926121, -0.07746335,  0.05105044,  0.02392324,  0.02895656,
        0.0387415 ,  0.00546263,  0.01532171,  0.07132831, -0.06838333,
        0.02383826,  0.00371114, -0.02365398, -0.03163364,  0.05726637,
        0.06533281,  0.00034747,  0.06600419,  0.0418983 , -0.01912878,
       -0.04732006,  0.02846507, -0.01819571,  0.00673062,  0.05660816,
        0.0466495 , -0.01274972, -0.0388143 ,  0.00222698,  0.01396491,
       -0.04215636, -0.03466519,  0.04290006,  0.07928964,  0.04980923,
       -0.07870072,  0.03104578,  0.01676599, -0.01058682,  0.05936245,
       -0.02329377,  0.12425253,  0.01541726, -0.0244795 ,  0.02315988,
        0.00756916, -0.06235088, -0.05116078,  0.00946025,  0.01004314,
        0.00111202, -0.05500585,  0.06825157, -0.00606118, -0.04767124,
       -0.00771436,  0.0115082 , -0.0314781 ,  0.10645063, -0.02102756,
        0.03630707,  0.05752927, -0.01895167, -0.05224814, -0.06748598], dtype=float32), array([-0.10111512, -0.0145084 ,  0.05626534,  0.06665434,  0.02699368,
       -0.02782046, -0.02260793, -0.07897435, -0.03869938,  0.00122156,
        0.0322962 ,  0.14538209, -0.02545063,  0.00265744, -0.06098925,
       -0.06647921, -0.01503716,  0.03725032,  0.00548415, -0.03665312,
        0.02630452,  0.05184348,  0.02292141,  0.00974184,  0.02978961,
        0.0717093 , -0.00493765,  0.05010363,  0.02994434, -0.02690895,
        0.02445128,  0.00899406, -0.01375447,  0.05676464, -0.02827983,
       -0.01881583, -0.11508232,  0.02587201,  0.04416053,  0.01356802,
        0.08943335,  0.03645596,  0.03495211,  0.05987123, -0.11812263,
       -0.01872976, -0.02714161, -0.00818509, -0.02064594,  0.00844208,
        0.06755585,  0.00696007,  0.02918219,  0.04177644, -0.02655352,
       -0.08619399,  0.05458706,  0.00921981, -0.02958447,  0.03427584,
        0.03444004, -0.03235969, -0.08415131, -0.00547907, -0.03400323,
       -0.03080458, -0.00163623,  0.09064139,  0.02103906,  0.08359595,
       -0.10489095,  0.02569411, -0.01498199, -0.01185112,  0.00688148,
       -0.07231222,  0.13158914,  0.02604059, -0.02448582,  0.02921975,
        0.00916996, -0.0421935 , -0.0876084 ,  0.01666229,  0.00382789,
       -0.0281697 ,  0.00470193,  0.04093822,  0.01966087, -0.02632543,
       -0.02540561,  0.03994461, -0.05239604,  0.13223095, -0.01125095,
        0.0603489 ,  0.07897019, -0.03238776, -0.12532635, -0.04903317], dtype=float32), None]
