[array([-0.20502582,  0.02355303,  0.02004069,  0.42788592, -0.02686886,
       -0.24550916, -0.32402071, -0.16501202, -0.27572889,  0.10525178,
        0.56556975,  0.02915583, -0.08540123, -0.43174981, -0.11277834,
       -0.29661407, -0.02635214, -0.36033779,  0.28885723, -0.33185486,
        0.25346601,  0.41087902,  0.10425642,  0.41053624,  0.07724995,
       -0.10757804, -0.11189612,  0.38747013, -0.1199097 , -0.02503029,
       -0.07959329,  0.06813806, -0.07074099, -0.18554171, -0.11370457,
        0.14854336,  0.00604533,  0.13141202,  0.20359058, -0.14036224,
        0.33130557, -0.02742567, -0.05671224,  0.42279592, -0.09357928,
       -0.12859223,  0.02897769, -0.31857679, -0.2988787 , -0.14514698,
       -0.23282   ,  0.02850283,  0.40999263,  0.03613647, -0.03600206,
        0.66318619,  0.17453288, -0.28108067, -0.21047119,  0.12207645,
        0.22866618, -0.43374419,  0.02385444, -0.11915133,  0.25517431,
        0.02627778, -0.18881801, -0.04264154,  0.10533558,  0.04081055,
        0.12610275, -0.10943924, -0.09349483, -0.41422759,  0.55048285,
       -0.11040429,  0.00448723, -0.0020016 ,  0.10307767,  0.16559647,
       -0.02327799, -0.04420213, -0.36786862, -0.30155511, -0.0545961 ,
        0.58008835,  0.18505187, -0.10455193, -0.11581618,  0.20792877,
       -0.1814923 ,  0.32033367,  0.02278564, -0.00969123,  0.03826887,
       -0.00984013, -0.02792331,  0.05022401, -0.11210249, -0.03454193]), array([ 0.03172851, -0.15733279,  0.05547586,  0.12073208,  0.06648207,
       -0.16340312, -0.0956132 , -0.14648572, -0.26526224,  0.08469184,
        0.21976001,  0.1765724 , -0.0024731 , -0.23571214,  0.02468337,
       -0.11036387, -0.02980183, -0.05488455,  0.12057139, -0.17922764,
        0.2735631 ,  0.24183476, -0.02516194,  0.17130501,  0.01796952,
       -0.08594171,  0.00477809,  0.28439745, -0.24745066,  0.03771797,
       -0.06249242, -0.03303131,  0.01084453,  0.03535279,  0.03519243,
        0.12004312, -0.14537582,  0.03490112,  0.10697747,  0.20468297,
        0.14664254,  0.05627635, -0.0305565 ,  0.14428399,  0.06590784,
       -0.13364675, -0.05126341, -0.1438907 , -0.0829562 , -0.07392432,
       -0.1543453 , -0.08086865,  0.25222796, -0.09181846, -0.03315948,
        0.29527285, -0.0389817 , -0.17463161,  0.01693938,  0.02847331,
        0.13062184, -0.13592195, -0.03137937,  0.01888123,  0.2073059 ,
       -0.24361296, -0.12921785,  0.01721618,  0.22618769,  0.02251379,
        0.17333698, -0.05329484,  0.02668815, -0.09848293,  0.16977792,
        0.27433293,  0.10016755,  0.05150901, -0.01409781,  0.01323632,
       -0.05253401, -0.10027419,  0.01813868, -0.10115888, -0.15547799,
        0.22447466,  0.0148605 , -0.02777101, -0.19837811,  0.21778107,
        0.04160486,  0.1207567 , -0.07619608,  0.00584691,  0.05992775,
        0.18890863,  0.12744026,  0.00511218,  0.06184309, -0.24255398]), array([ 0.0153486 , -0.04730834,  0.1420922 ,  0.25557573,  0.09216156,
       -0.07237783, -0.17880542, -0.09352154, -0.12890107,  0.00187625,
        0.2026124 ,  0.11010382, -0.22273499, -0.11332115, -0.04257346,
       -0.3799346 , -0.04175189, -0.36766409,  0.27119671, -0.27849918,
        0.24251638,  0.24515221,  0.07600386,  0.16239193, -0.01513609,
       -0.17246777, -0.06047626,  0.26619359, -0.11114032, -0.08449921,
        0.1968742 , -0.02832383, -0.07844681, -0.08866101,  0.03443586,
        0.1793544 ,  0.0287622 ,  0.04447916,  0.13553967,  0.03462363,
        0.17243734,  0.20192514,  0.07756892,  0.21874268,  0.06064134,
       -0.20116731, -0.16593356, -0.16208821, -0.0705909 , -0.0505513 ,
       -0.16736816, -0.07661089,  0.34481842, -0.00662909, -0.0287949 ,
        0.39929268, -0.07487719, -0.10199639,  0.12843537,  0.07449625,
        0.09590262, -0.28458305,  0.12205731,  0.04376821,  0.25617713,
       -0.13470345, -0.23632625,  0.04020583,  0.2675025 ,  0.16831814,
        0.0414282 , -0.03197654, -0.19698235, -0.03910725,  0.29899058,
        0.0810254 ,  0.12172105, -0.1198572 ,  0.19701269, -0.01627942,
        0.05769916, -0.01387019, -0.00244486, -0.19947684, -0.30770937,
        0.23813749,  0.11660699, -0.07481208, -0.20038259,  0.22584467,
       -0.25044566,  0.17354233, -0.00666175,  0.02790122,  0.15365679,
        0.06393943,  0.16309085, -0.01062689,  0.04956205, -0.16493248]), array([ 0.03238912,  0.11541019,  0.01288387,  0.13800029,  0.11357623,
       -0.23643756, -0.34941471, -0.0239646 , -0.20979646,  0.20866088,
        0.5554919 ,  0.06741051, -0.13199005, -0.06512804, -0.06866835,
       -0.55387053,  0.05811961, -0.03782425,  0.3736563 , -0.4575669 ,
        0.18342216,  0.38576738,  0.10656412,  0.21126149, -0.01798961,
        0.14166417, -0.09164582,  0.12002245,  0.09790654, -0.03385355,
        0.12609653, -0.03565811,  0.22227253, -0.05153047, -0.19203716,
        0.14814259,  0.09177911,  0.11477837,  0.12725416, -0.20021324,
        0.24263486,  0.19324859, -0.31342718,  0.51611382,  0.22395008,
       -0.28831147, -0.08429857, -0.23478056,  0.01180521,  0.02075036,
       -0.14264613,  0.00345519,  0.50043235, -0.20220098, -0.19830916,
        0.41410362,  0.12089734, -0.11576531,  0.19203586,  0.1380031 ,
        0.20246616, -0.43571697,  0.24179352,  0.03152876,  0.21663885,
       -0.1207903 , -0.27086846,  0.27985915,  0.27109805,  0.15303764,
        0.07046967, -0.18527075, -0.28115845, -0.09438086,  0.65279803,
       -0.00129823, -0.14639114, -0.03781274,  0.16226676, -0.07114409,
       -0.40244839, -0.06370936, -0.21785499, -0.01325516, -0.17832659,
        0.48429925,  0.0376278 , -0.13245782, -0.21127111,  0.27117647,
       -0.1901193 ,  0.14133131,  0.03835468, -0.20894645,  0.0849577 ,
        0.02098145,  0.24993965,  0.01568258,  0.10390372, -0.21012989]), array([-0.0571385 , -0.16432947,  0.03835419,  0.29405322,  0.069456  ,
        0.02765516, -0.13830374, -0.14101079, -0.26289123,  0.05258146,
        0.2757445 ,  0.01182879, -0.14174465, -0.18231738, -0.03857808,
        0.01506331,  0.03337659, -0.22821918,  0.25342337, -0.10227418,
        0.12881721,  0.43883682,  0.03149027,  0.17646871,  0.067269  ,
       -0.16478084,  0.07433585,  0.39521214, -0.10958194,  0.08404688,
       -0.07794509, -0.01735357, -0.07821423, -0.02134604, -0.00393568,
        0.20433089,  0.06420511, -0.01889372,  0.2020367 ,  0.17786451,
        0.13124591, -0.0643896 , -0.01028567,  0.2638146 , -0.19443274,
       -0.20118563,  0.13844966, -0.1792076 , -0.06443222, -0.16808326,
       -0.17143314, -0.04280627,  0.21842033,  0.10472846, -0.12476975,
        0.3292505 ,  0.04861727, -0.14415666, -0.20714711,  0.05321785,
        0.27967534, -0.32170274, -0.05158527,  0.01373517,  0.36874513,
       -0.12637048, -0.20497796, -0.0276354 ,  0.22607288, -0.07466342,
        0.01026603, -0.04564086, -0.04801078, -0.29017166,  0.32222141,
        0.22686754,  0.04880198, -0.15373832,  0.15096979, -0.008428  ,
        0.12878088, -0.1422806 , -0.25350666, -0.13981329, -0.27869953,
        0.3578069 ,  0.14778995, -0.15368229, -0.01773051,  0.08074773,
       -0.18932519,  0.21905443, -0.07389314,  0.03503382, -0.03483778,
       -0.00045815,  0.01129081,  0.20692009,  0.07452601,  0.03733689]), array([ 0.11285744, -0.19389492,  0.18996082,  0.30479127,  0.43659957,
       -0.45664483, -0.38045328, -0.09356908, -0.47788229,  0.18927914,
        0.82855441,  0.28985641, -0.07327494, -0.54556169,  0.11279151,
       -0.83827426, -0.01183745, -0.05087155,  0.28778516, -0.66320837,
        0.46008679,  0.75206067,  0.17229124,  0.3333614 , -0.07881095,
       -0.14978352, -0.0402863 ,  0.48715812, -0.15456792, -0.07114657,
        0.174456  , -0.08106717,  0.23092092,  0.08728638, -0.1771188 ,
        0.07659249,  0.15523634, -0.01044886,  0.40381147, -0.09126163,
        0.76560483,  0.2445105 , -0.53525557,  0.75358128, -0.00987201,
       -0.42458889, -0.21031974, -0.35399137, -0.17926543, -0.11135262,
       -0.26061676, -0.17826726,  0.9693422 , -0.27463322, -0.10235797,
        0.72625185,  0.08649724, -0.34984387,  0.231613  ,  0.19576018,
        0.42336417, -0.71233438,  0.19903685,  0.14581369,  0.51431954,
       -0.45622427, -0.55837085,  0.26905365,  0.44188276,  0.2508968 ,
        0.20166492, -0.25528659, -0.45303359, -0.13738605,  0.80573602,
        0.4582673 ,  0.01208959, -0.02114349,  0.16343686, -0.15017627,
       -0.26153008, -0.15821246, -0.11205941, -0.24740749, -0.40000382,
        0.7933271 ,  0.03955981, -0.01434998, -0.49555483,  0.30177838,
       -0.1555281 ,  0.19448655, -0.07801126, -0.16038751,  0.11429206,
        0.22629776,  0.43538577, -0.00681625,  0.20077099, -0.39095606]), array([-0.02476252, -0.11182531,  0.06130178,  0.09925175,  0.03176863,
       -0.00632136, -0.01136382, -0.05569229, -0.12088607, -0.05474644,
        0.11589271, -0.03675463, -0.02644203, -0.03495144, -0.03057517,
       -0.03998121,  0.05733048,  0.01471283,  0.07716307, -0.10954874,
        0.03686037,  0.09163082,  0.05232933, -0.02529539,  0.10486369,
       -0.08912142,  0.10560811,  0.12978171, -0.07836978,  0.08887668,
       -0.03890177, -0.00865313,  0.02228912,  0.00959705,  0.0397769 ,
        0.08935433,  0.00107047,  0.03223322, -0.05854995, -0.10954401,
        0.08500502,  0.06857042,  0.08455174,  0.06541082, -0.05806822,
       -0.08266624,  0.06625846, -0.06577268,  0.02349514, -0.02934306,
       -0.11675373, -0.03048093,  0.01398685,  0.00017009, -0.02116464,
        0.12327251,  0.04683223, -0.00798985, -0.08454668,  0.07275226,
       -0.05379478, -0.08187454,  0.0505992 , -0.02774476,  0.04262852,
       -0.03728654,  0.00748098,  0.04725509, -0.02816432, -0.0455186 ,
       -0.00682074, -0.04966615, -0.04284414, -0.0416386 ,  0.10777293,
        0.00273422, -0.00769822,  0.05270897, -0.0066258 , -0.03450132,
        0.05209226, -0.02845788, -0.01297028, -0.08601813, -0.06442288,
        0.12443284,  0.02210077,  0.02927199, -0.06738384,  0.00388555,
       -0.08009034,  0.04782221, -0.01993918, -0.06817605, -0.04636706,
        0.03000801,  0.05615561,  0.12089574, -0.04419902,  0.06457043]), array([ 0.06303487, -0.1809147 ,  0.04175835,  0.23457676,  0.26711164,
       -0.1696352 , -0.23729192, -0.18882615, -0.39942891,  0.1927068 ,
        0.49369019,  0.11011806, -0.04005742, -0.33298112, -0.13117529,
       -0.22329555,  0.19468388, -0.3165433 ,  0.19879756, -0.18905424,
        0.40449082,  0.59815192, -0.0146182 ,  0.34363807, -0.10844007,
       -0.34557701,  0.09463723,  0.3473536 , -0.20616282, -0.05784839,
       -0.0168987 , -0.05190322, -0.11944075,  0.11107308, -0.1532978 ,
        0.33229835, -0.0907554 ,  0.04429128,  0.04870799,  0.10018483,
        0.45570389, -0.16665431, -0.10866088,  0.3997837 , -0.03258955,
       -0.27941416, -0.16193981, -0.04003177, -0.30474208, -0.15956851,
       -0.22032625, -0.14832584,  0.38992659, -0.08982697, -0.02064876,
        0.22546205,  0.13035431, -0.29486861,  0.024132  ,  0.09829957,
        0.34192111, -0.33592358, -0.03101058,  0.16133176,  0.1911211 ,
       -0.05890324, -0.32585567,  0.17453779,  0.1254857 ,  0.37608187,
       -0.06317047,  0.05139334, -0.07734584, -0.3521808 ,  0.5988971 ,
        0.11819177, -0.03842683,  0.08131531, -0.07105353,  0.02457386,
       -0.02286741, -0.33448953, -0.03701572, -0.09562914, -0.19893754,
        0.64057208,  0.08673683, -0.25857859, -0.16161657, -0.06282087,
       -0.30273536,  0.11179218, -0.22854904,  0.05297882,  0.08660111,
       -0.15333664,  0.20789176,  0.06256951,  0.06180985, -0.47145834]), array([-0.10379314, -0.19309218,  0.17224812,  0.29565021,  0.49602064,
       -0.14425095, -0.25635457, -0.16801558, -0.11031465,  0.34953822,
        0.26617007,  0.20959768, -0.1574044 , -0.10031036,  0.09292567,
       -0.34521574,  0.14055366, -0.22482112, -0.05411747,  0.02163064,
        0.31874909,  0.66659289,  0.09712556,  0.13848533, -0.21909403,
       -0.06108871,  0.07802678,  0.39746178, -0.18443721,  0.04248404,
        0.10239003,  0.04661568, -0.0601184 ,  0.07718368,  0.09496563,
        0.03817189, -0.07824995,  0.20395808,  0.10068183, -0.02363064,
        0.15645831,  0.02816797,  0.1552584 ,  0.15601032, -0.31609159,
       -0.16242479, -0.17122257, -0.17163638, -0.27815719, -0.03903845,
        0.17056039, -0.04874945,  0.35479643, -0.11873415,  0.18522129,
        0.19082045,  0.02319864, -0.51199268,  0.18725535,  0.01532317,
        0.51683182, -0.29012222,  0.1348067 ,  0.11630035,  0.26885431,
       -0.24698716, -0.27662208,  0.19186108,  0.34023944,  0.21649008,
       -0.15823011,  0.27154768, -0.19965847, -0.23139954,  0.25803955,
        0.40253113,  0.40407609, -0.05854576, -0.32334021,  0.01726796,
       -0.14333812, -0.0551993 ,  0.42013977, -0.27231108, -0.27224283,
        0.21917576, -0.23934802,  0.20655605, -0.53635394,  0.0473045 ,
        0.11614254,  0.05005147, -0.33968822,  0.09884295, -0.01054567,
        0.26885144,  0.02030622, -0.22042219,  0.20687317, -0.28091963]), array([-0.0317828 ,  0.06079042, -0.07918871,  0.40726159,  0.06924295,
       -0.26481198, -0.40941895, -0.04540604, -0.26980845, -0.03762086,
        0.2836343 , -0.0038131 , -0.07822864, -0.38980909, -0.06699756,
       -0.2132431 , -0.10135199, -0.40159859,  0.16699911, -0.47917573,
        0.21209324,  0.30582671,  0.09997101,  0.30140551,  0.12661769,
       -0.2922355 , -0.0414689 ,  0.2744474 , -0.27392891, -0.04446859,
       -0.02776821,  0.11470521,  0.03334928, -0.0529364 , -0.05806275,
        0.13748664, -0.03410955,  0.16117409,  0.23566737, -0.07572686,
        0.40549611,  0.04793401,  0.04216621,  0.3877348 , -0.161303  ,
       -0.2727019 , -0.00713187, -0.04161846, -0.2783495 , -0.08903858,
       -0.11011337, -0.17560683,  0.36227543,  0.11831457, -0.14304693,
        0.44592156,  0.27326208, -0.22151427, -0.15393544,  0.06163714,
        0.20101149, -0.50728285,  0.10914041, -0.05678221,  0.27737651,
       -0.01149941, -0.19558409,  0.09252892,  0.17959571,  0.21065276,
       -0.03814095, -0.2361837 , -0.21821791, -0.36997243,  0.44214179,
       -0.00531327, -0.15575579,  0.01152569,  0.28234945,  0.11426636,
       -0.07335596, -0.02286653, -0.26464583, -0.21309581, -0.20964188,
        0.55802792,  0.14047243, -0.11551905, -0.25470264, -0.08231227,
       -0.16849127,  0.3517797 , -0.08048313,  0.07646942,  0.05233623,
        0.05506384,  0.04757842,  0.12742356,  0.04791606, -0.17260867]), array([ 0.00435284, -0.13713289, -0.11758843,  0.38827552,  0.17660398,
       -0.11428527, -0.35320281, -0.32676467, -0.34214289,  0.28197015,
        0.62266848,  0.15623453, -0.24528154, -0.45001955, -0.12843978,
       -0.32127922,  0.22606171, -0.30525484,  0.19779353, -0.33739433,
        0.56523208,  0.49104033,  0.1925624 ,  0.14765804, -0.01258358,
       -0.42866669,  0.13575947,  0.60027391, -0.46627221, -0.11670289,
        0.10995114, -0.22573416, -0.16512306, -0.01733775, -0.10396127,
        0.20055005, -0.31348631,  0.34786586,  0.29182119,  0.18134636,
        0.57284126, -0.07670447, -0.09948114,  0.46708785, -0.05129438,
       -0.43401318, -0.21089481,  0.01110637, -0.44662193,  0.12951077,
       -0.25330609, -0.00806798,  0.56397755, -0.07981654,  0.0165217 ,
        0.42964518,  0.14032192, -0.43688038,  0.02767751,  0.06207273,
        0.2495378 , -0.44650583, -0.042472  ,  0.13429258,  0.14860459,
       -0.08237284, -0.18433976,  0.27824808,  0.08814447,  0.45924411,
       -0.10071544, -0.1474004 , -0.03797031, -0.33141986,  0.51013979,
        0.03165201,  0.15824464,  0.004739  ,  0.04328407,  0.00142675,
       -0.03835317, -0.24479014, -0.00320546, -0.0145803 , -0.14193463,
        0.64656612, -0.09126704, -0.26251055, -0.29710507,  0.02153095,
       -0.32521343,  0.07116655, -0.288154  ,  0.00414086,  0.12106041,
       -0.20351386,  0.32731206, -0.10521829, -0.13963148, -0.59284759]), array([ 0.00290973, -0.19496107,  0.07250524,  0.22239267,  0.13915357,
       -0.19573503, -0.08320612, -0.17277921, -0.26818681,  0.0603124 ,
        0.29411564,  0.21532137, -0.00771476, -0.31281727,  0.06837983,
       -0.24772699,  0.00652149, -0.12999486,  0.22877317, -0.24925094,
        0.33757198,  0.29478018,  0.07793702,  0.18886139, -0.00325424,
       -0.11279471,  0.01082994,  0.34981941, -0.29169635,  0.02502454,
       -0.03421853, -0.02368496, -0.02331778,  0.02290324,  0.03648393,
        0.16412844, -0.10047514, -0.05200051,  0.18373164,  0.190121  ,
        0.23940629,  0.05484757, -0.0329095 ,  0.26000471,  0.04066378,
       -0.21174566, -0.09368227, -0.18439387, -0.10129013, -0.02428455,
       -0.14687459, -0.09700312,  0.41843359, -0.07224925,  0.02010159,
        0.37666765, -0.0461898 , -0.28102926,  0.07740291,  0.09563701,
        0.20986367, -0.31871462, -0.00739242,  0.02513762,  0.32044012,
       -0.2706715 , -0.21408584, -0.00752016,  0.24181475,  0.07315215,
        0.19812792, -0.0820857 , -0.04153986, -0.15197052,  0.27862629,
        0.30950173,  0.1773857 ,  0.05115574,  0.06904375,  0.0461486 ,
        0.02211632, -0.13182346,  0.03189199, -0.15135446, -0.23653561,
        0.24799818,  0.01351881, -0.06730926, -0.23505355,  0.22726848,
        0.01800063,  0.09793697, -0.09160872,  0.029369  ,  0.1522705 ,
        0.21960061,  0.1679016 ,  0.06115184,  0.0499642 , -0.24431224]), array([ -2.20409166e-01,  -3.67269530e-02,   9.35148896e-02,
         2.95025951e-01,   9.52979206e-02,  -1.24388419e-01,
        -3.19787502e-01,  -9.35400458e-02,  -1.78407603e-01,
        -3.75587073e-02,   3.61723541e-01,   2.12471800e-01,
        -1.91628631e-01,  -3.78410575e-01,   8.00465091e-02,
        -5.97438500e-01,   3.89302116e-02,  -2.46331177e-01,
         3.72931040e-01,  -3.77675258e-01,   4.34776986e-01,
         2.20540597e-01,  -1.42066081e-02,   2.54125116e-01,
        -5.40766660e-02,  -1.10875598e-01,  -3.97213761e-02,
         4.05811086e-01,  -2.24999566e-01,   9.17343047e-02,
         7.86075338e-03,   1.24696537e-01,   4.30957664e-02,
        -1.29016477e-01,   1.69443208e-03,   2.10800150e-01,
        -1.25998291e-01,   2.31522024e-01,  -2.69055819e-02,
         1.46112745e-01,   5.28736596e-01,   1.94864441e-01,
        -8.98471362e-02,   3.74862420e-01,   1.61231486e-01,
        -3.80563496e-01,  -4.59902099e-01,  -4.03453032e-01,
        -2.82120424e-01,   2.80991021e-02,  -2.13670628e-01,
        -8.45459459e-02,   5.75115757e-01,   2.11053072e-02,
         1.70060509e-04,   4.34035109e-01,   1.11998128e-01,
        -1.73115295e-01,   1.31715615e-01,   2.44999680e-01,
         7.12952552e-02,  -4.14264991e-01,   2.05863545e-01,
         3.46562507e-01,   3.01290531e-01,  -1.49418492e-01,
        -2.07252278e-01,  -5.44360754e-02,   7.33858297e-02,
         2.28625675e-01,   1.02618556e-01,   3.87386819e-02,
        -1.38492907e-01,  -4.12518954e-02,   4.90592772e-01,
        -3.05726812e-02,   2.36021521e-01,   1.43017879e-02,
         2.63921890e-01,  -1.16139090e-01,   1.76205119e-01,
         9.81681027e-02,   7.64732324e-02,  -3.15653314e-01,
        -3.24975543e-01,   4.26446618e-01,   2.44736850e-01,
         1.01940898e-01,  -2.31302609e-01,   1.60298664e-01,
        -1.98648443e-01,   2.29908045e-01,  -2.48395442e-01,
         1.68629177e-01,   9.65217423e-02,   1.47730567e-01,
         1.72983462e-01,  -7.43024901e-02,   1.82242387e-01,
        -3.92082250e-01]), array([-0.12940343,  0.04013234,  0.00667551,  0.19583486, -0.00692434,
       -0.07452939, -0.19572051,  0.05704018, -0.11242185, -0.00171274,
        0.24722583,  0.04251671, -0.00171382, -0.25941956, -0.04505922,
       -0.21718008,  0.09388865, -0.0143832 ,  0.13948428, -0.10611442,
        0.1947699 ,  0.09200535,  0.06779312,  0.08438733, -0.04858168,
       -0.07255667, -0.06919311,  0.14647649, -0.1356478 ,  0.16751436,
       -0.1516078 ,  0.15305471,  0.15503616, -0.03163834, -0.1229107 ,
        0.17904291, -0.12214246,  0.24524224, -0.02214753, -0.0688539 ,
        0.27295046, -0.02021631, -0.13742778,  0.24021916, -0.04717942,
       -0.23294355, -0.1800217 , -0.23519199, -0.26556204, -0.03175827,
       -0.05350442, -0.00188625,  0.16415552,  0.01157594,  0.02185446,
        0.12807678,  0.27020658, -0.12716482,  0.07294231,  0.05595976,
       -0.0553131 , -0.21040448,  0.03087564,  0.33942087,  0.14810169,
        0.01367305, -0.07679869, -0.00783393,  0.02658524,  0.03766003,
        0.03268508,  0.05690967, -0.0579212 , -0.00562315,  0.26117583,
       -0.00572251,  0.05198996,  0.06362985,  0.10159356, -0.02965996,
        0.06566556,  0.08769477, -0.09424688, -0.15001319, -0.04324649,
        0.10657373,  0.00673018,  0.06892839,  0.01101706, -0.00463601,
       -0.02113203,  0.10571684, -0.1782954 ,  0.02379474, -0.04842252,
       -0.04008836, -0.02206787, -0.01775563,  0.10139245, -0.20416695]), array([-0.07674322, -0.07033162,  0.08690515,  0.24982207,  0.09493303,
       -0.01366352, -0.05405331, -0.18673982, -0.08143154,  0.04041245,
        0.20630185,  0.10839794, -0.19081417,  0.00300019, -0.17631905,
       -0.18409516,  0.03346912, -0.29950956,  0.21523555, -0.19751806,
        0.24336118,  0.14521356,  0.00974119,  0.25449947, -0.02697823,
       -0.15486288,  0.06699925,  0.23183834, -0.07262822,  0.0069577 ,
        0.04848118, -0.00096898, -0.03919169,  0.07935265, -0.00219547,
        0.05209741,  0.00510614,  0.04007302,  0.1187352 ,  0.11905656,
        0.2166553 ,  0.09094951, -0.04970403,  0.29806882,  0.08542782,
       -0.21972858, -0.19397624, -0.13155112, -0.03970996,  0.0224996 ,
       -0.22152299, -0.13297572,  0.2577891 , -0.02103817,  0.03138497,
        0.28505953, -0.01191863, -0.13396263,  0.15456878,  0.07563374,
        0.07151494, -0.20788176,  0.13230074,  0.08013554,  0.28394574,
       -0.14235414, -0.29457299,  0.07801395,  0.111567  ,  0.17394221,
        0.10494777,  0.00146605, -0.09084401, -0.00949027,  0.40029264,
        0.0990635 ,  0.12528552,  0.03519085,  0.10811184,  0.02087225,
        0.00059236, -0.10579248,  0.06193235, -0.19519805, -0.1962302 ,
        0.38850016,  0.15382526, -0.08407031, -0.07068181,  0.1437281 ,
       -0.20015898,  0.16893357, -0.07857803,  0.04798787,  0.18953593,
       -0.09218842,  0.22584354,  0.09828973,  0.00216491, -0.25471401]), array([-0.00804714, -0.32411879, -0.02727357,  0.36898733,  0.3436948 ,
       -0.18823436, -0.23112515, -0.27974817, -0.4542002 ,  0.21319737,
        0.43461094,  0.11759817, -0.08680933, -0.5168316 ,  0.15122818,
       -0.48304455,  0.29400368, -0.33959638,  0.18974786, -0.47698087,
        0.48466388,  0.72764396,  0.02692471,  0.25653098, -0.01914238,
       -0.31207225,  0.11584265,  0.4051317 , -0.30922169, -0.06500427,
        0.11492739, -0.1177772 , -0.19946164, -0.00125868,  0.0274971 ,
        0.37517602,  0.04517608,  0.229041  ,  0.03589123,  0.13347514,
        0.75891593, -0.00655853, -0.12249439,  0.48750297, -0.14818965,
       -0.37106326, -0.20739707, -0.0220007 , -0.32820876, -0.00968584,
       -0.23102665, -0.14925118,  0.63138739, -0.01369747, -0.10038149,
        0.31233572,  0.02003636, -0.4419989 ,  0.07385575,  0.23909675,
        0.25655489, -0.64739234,  0.07123935,  0.15930076,  0.3873398 ,
       -0.17190575, -0.40071795,  0.25833498,  0.16870498,  0.37570522,
       -0.05304105,  0.00972791, -0.1598107 , -0.32593513,  0.50028288,
        0.15305929,  0.09593411,  0.01767355, -0.04868787, -0.0014735 ,
        0.01886046, -0.27689841,  0.11179093, -0.11317243, -0.33955118,
        0.5983859 ,  0.10613954, -0.07333639, -0.31227876, -0.01288662,
       -0.23392425,  0.03465795, -0.24500027, -0.08667086,  0.23769464,
        0.11787422,  0.17414559, -0.04326565,  0.2604212 , -0.43943449]), array([-0.13143699,  0.05721042,  0.06003857,  0.10906566,  0.24149684,
       -0.19807206, -0.44096634,  0.14029496, -0.24245192,  0.21457463,
        0.65670691,  0.12881525,  0.03863271, -0.34146093, -0.09733307,
       -0.47713031,  0.06926594, -0.04741856,  0.29221795, -0.50571629,
        0.18727604,  0.44454266,  0.09079481,  0.17283387, -0.04853352,
       -0.01908503, -0.16047145,  0.30042163,  0.15626667,  0.1941298 ,
        0.01981027,  0.06667206,  0.35325116, -0.04820252, -0.0813558 ,
        0.19257395,  0.0548927 ,  0.23174457,  0.27225932,  0.01774542,
        0.49472827, -0.0075581 , -0.55542114,  0.52306763,  0.15855488,
       -0.42953311, -0.16879689, -0.36083898, -0.20877145, -0.09280244,
       -0.12877354,  0.10805068,  0.6580564 , -0.07099499, -0.12347026,
        0.47963921,  0.38392573, -0.08426505,  0.08890301,  0.12761357,
        0.29491481, -0.50281525,  0.07811411,  0.35631561,  0.31030912,
       -0.1373193 , -0.20389546,  0.18258872,  0.14374521,  0.16674873,
        0.04385591, -0.12341636, -0.34958856, -0.29294791,  0.68546092,
        0.06931032, -0.14369565, -0.00146841,  0.21641654, -0.25319843,
       -0.24577729,  0.0226352 , -0.35860173,  0.03621041, -0.26724473,
        0.62007399,  0.12373427,  0.00761792, -0.07420177,  0.08207715,
       -0.09774996,  0.22823168, -0.18077183, -0.08954772, -0.1520825 ,
       -0.00339044,  0.21173851, -0.02919439,  0.17590815, -0.3131335 ]), array([ 0.12094056, -0.23094749, -0.03089238,  0.24549326,  0.21476544,
       -0.10303391, -0.09681258, -0.06054707, -0.36152789,  0.11375897,
        0.25459333,  0.0596051 , -0.05701155, -0.30417466, -0.00429859,
       -0.26878398,  0.02431036, -0.28360345,  0.13535156, -0.31886769,
        0.26904228,  0.45825259,  0.07069144,  0.1630791 , -0.05209107,
       -0.28047   ,  0.0062311 ,  0.20023063, -0.17460851, -0.14652389,
        0.12700259, -0.0848825 , -0.05484585,  0.08917489, -0.03786488,
        0.23095647, -0.06561616,  0.02004585,  0.14204998,  0.06884685,
        0.42277158, -0.0587885 , -0.14802358,  0.22948596, -0.05668506,
       -0.159038  , -0.1312458 ,  0.03247707, -0.26226617, -0.07809175,
       -0.14555839, -0.09456652,  0.34573635,  0.02978999, -0.03137533,
        0.13803592,  0.14434383, -0.23013818, -0.03951578, -0.06794021,
        0.16217913, -0.28683653, -0.05216289,  0.10136438,  0.20438659,
       -0.1189197 , -0.26393551,  0.07335643,  0.15198124,  0.22358816,
       -0.03199077, -0.05859507, -0.1237255 , -0.32228137,  0.21422737,
        0.04430645,  0.08941653, -0.00954392, -0.00981286, -0.01040515,
        0.07397835, -0.16935764, -0.05520117, -0.06839439, -0.08549402,
        0.36986589,  0.13039334, -0.0956456 , -0.07311259, -0.09907065,
       -0.18181093,  0.03643888, -0.12584993, -0.01686755,  0.05946203,
        0.03330018,  0.16395974,  0.03372858,  0.12086311, -0.24778543]), array([  4.96568965e-02,   3.73869687e-02,  -7.13652114e-02,
         3.96004185e-01,   1.49444645e-01,  -1.80804145e-01,
        -3.52374463e-01,  -9.28084823e-02,  -1.02557342e-01,
        -3.00371140e-02,   2.81441908e-01,  -6.28585169e-02,
        -2.42714939e-01,  -1.72685592e-01,  -4.37663391e-02,
        -2.53806824e-01,   6.01817978e-02,  -1.78922849e-01,
         3.47704716e-01,  -3.11383677e-01,   1.52654583e-01,
         2.26010467e-01,   5.79196159e-02,   1.08228992e-01,
         4.86459108e-02,  -2.53007969e-01,  -1.80774426e-01,
         3.56561597e-01,  -2.04159510e-01,   5.97860556e-04,
         1.37386762e-01,  -2.25938638e-02,   2.03445374e-02,
         3.11908528e-04,   3.57938114e-02,   1.51791261e-01,
         3.86365878e-02,   4.35226377e-02,   8.49058921e-02,
         1.70247424e-02,   3.03328507e-01,   7.25079628e-03,
         7.60414695e-02,   3.41612154e-01,  -1.02761515e-01,
        -1.85435936e-01,  -2.05768205e-01,  -1.65184796e-01,
        -1.12257087e-01,  -1.00373335e-01,  -2.03568052e-01,
        -9.11891335e-02,   2.53554504e-01,   1.24549080e-01,
        -8.74393300e-02,   4.37936666e-01,   1.59468780e-01,
        -2.58489366e-01,   1.12925500e-02,   1.26016860e-01,
         4.80061067e-02,  -4.30200061e-01,   8.90144309e-02,
        -1.80753633e-02,   2.80156403e-01,  -1.07331405e-01,
        -3.08001150e-01,   6.81803158e-02,   1.76591776e-01,
         1.05245905e-01,  -1.04159470e-01,  -1.22415619e-01,
        -2.96236723e-01,  -1.53558773e-01,   3.91937318e-01,
         1.20078421e-01,  -1.98521622e-01,  -7.28856626e-02,
         8.03380825e-02,   8.35602620e-02,  -3.95947336e-02,
        -7.77037385e-02,  -1.71838515e-01,  -2.57804955e-01,
        -3.51272293e-01,   4.28620465e-01,   5.37485036e-02,
        -7.21215090e-02,  -6.10146106e-02,  -9.56893694e-02,
        -2.75621312e-01,   7.87914925e-02,  -1.10249577e-01,
        -4.71192912e-02,   3.10702366e-01,  -2.83986419e-03,
        -1.63259453e-03,   2.28608060e-01,   1.09193104e-01,
        -1.37844213e-01]), array([-0.01012482, -0.04356701,  0.0474937 ,  0.27226559,  0.08089038,
       -0.09200835, -0.16153351, -0.14214863, -0.15411518,  0.04302833,
        0.22077293,  0.05536853, -0.15528604, -0.20796495, -0.04213027,
       -0.28049204,  0.06086049, -0.23477584,  0.30380519, -0.2939125 ,
        0.26973353,  0.30395648,  0.05577749,  0.192816  ,  0.0021469 ,
       -0.17084812, -0.03662471,  0.22959527, -0.18655728, -0.02145557,
        0.0239925 , -0.0822719 , -0.06556969, -0.04144329,  0.00229277,
        0.13714668,  0.0389627 , -0.0022511 ,  0.01707556,  0.07143875,
        0.20080134,  0.11055769,  0.07042696,  0.2643831 ,  0.11220696,
       -0.18432975, -0.14354405, -0.19159613, -0.07624625, -0.05047229,
       -0.05449663, -0.09519522,  0.35877745,  0.08038186, -0.04565466,
        0.34467544, -0.10826551, -0.1663805 ,  0.08872347,  0.12984991,
        0.12406418, -0.29556769,  0.07976247,  0.02722121,  0.2881757 ,
       -0.18012105, -0.24449695,  0.06432235,  0.15543536,  0.1280858 ,
        0.02408037,  0.0456704 , -0.11190361,  0.01297492,  0.30815684,
        0.04707213,  0.13675207,  0.00385656,  0.03937061,  0.00466962,
        0.02848851, -0.13893341, -0.05814318, -0.22554007, -0.25033276,
        0.36005424,  0.21591048, -0.10892185, -0.16443809,  0.17302611,
       -0.19057715,  0.13463725, -0.13925096,  0.14131625,  0.1402668 ,
        0.07087396,  0.11719592,  0.00474939,  0.07149352, -0.14546443]), array([-0.07098651,  0.0132382 , -0.05307388,  0.1958637 ,  0.10394644,
       -0.29088106, -0.45877072, -0.02526138, -0.32282662,  0.1293044 ,
        0.59997347, -0.00267482, -0.18724121, -0.0552843 , -0.22292493,
       -0.42846151,  0.04220519, -0.07697593,  0.26976458, -0.60223598,
        0.27958103,  0.44537596,  0.1891271 ,  0.10786591, -0.01103161,
       -0.0476251 , -0.0919164 ,  0.32520461,  0.07168539, -0.05390152,
        0.12865418,  0.050509  ,  0.08342856,  0.13379746, -0.02979721,
        0.21973568,  0.09618763,  0.18242484,  0.21590411, -0.19026643,
        0.34095379,  0.1332985 , -0.35868324,  0.44148745,  0.15354339,
       -0.31849306, -0.12565268, -0.25007677,  0.05435807, -0.16888906,
       -0.14312842, -0.10628577,  0.52363447, -0.12445786, -0.15955665,
        0.6472103 ,  0.16896734,  0.00360955,  0.13258764, -0.04705521,
        0.02056241, -0.43544479,  0.27538803,  0.06859711,  0.28362913,
       -0.08704956, -0.21765738,  0.33409041,  0.31466827,  0.16171227,
        0.02650251, -0.22982812, -0.5400874 , -0.14567088,  0.5139153 ,
       -0.00848496, -0.15239233,  0.04387611,  0.25148484, -0.06945415,
       -0.21635157, -0.0324318 , -0.27131482,  0.03127819, -0.10090815,
        0.53299205,  0.00994637, -0.07527433, -0.05164163,  0.35687709,
       -0.28153978,  0.21191725,  0.01855719, -0.04250068,  0.00296708,
        0.07232905,  0.27730396, -0.06067392, -0.05195386, -0.28244947]), array([ 0.04649372, -0.09684221, -0.02348588,  0.17181594,  0.15039198,
       -0.14258719, -0.21117192, -0.06316951, -0.18173965,  0.06625353,
        0.15430357,  0.05023956, -0.14573161, -0.35450821,  0.12087201,
       -0.16606485, -0.00685804, -0.12869302,  0.11237291, -0.12524401,
        0.23881197,  0.27206928, -0.00996812,  0.11577055,  0.10370587,
       -0.18909219, -0.03043962,  0.2811411 , -0.16128411, -0.04573914,
        0.04058447, -0.04498827, -0.0389368 ,  0.05659591, -0.03768621,
        0.1464326 , -0.00501447,  0.19919554,  0.11359104,  0.07363185,
        0.31445417,  0.12274684, -0.09248016,  0.3269345 , -0.11846476,
       -0.1576735 , -0.15658213, -0.0755036 , -0.1325454 , -0.07258111,
       -0.10444953, -0.13390441,  0.2886054 , -0.01954315, -0.0330335 ,
        0.33103737,  0.06579899, -0.18872962, -0.10501613,  0.07428699,
        0.0325739 , -0.30706859,  0.12354394,  0.00426102,  0.16739866,
       -0.03340533, -0.1534232 , -0.01197804,  0.05419964,  0.12329411,
        0.01370911, -0.08968157, -0.16711452, -0.10353627,  0.16561847,
        0.06118255, -0.05548746, -0.02572642,  0.05753435, -0.11999358,
       -0.06491807, -0.00582609, -0.10209631, -0.17109264, -0.18836712,
        0.26972263,  0.06798888, -0.01190809, -0.16143049,  0.03666099,
       -0.09559189,  0.01414312, -0.01439979, -0.01386207,  0.09618378,
       -0.05036495, -0.00579737, -0.08788705, -0.01148381, -0.17720844]), array([-0.15266805, -0.05537156, -0.08663891,  0.27086503,  0.07248516,
        0.07320279, -0.13239905, -0.22063182, -0.08645373,  0.06480018,
        0.19824734, -0.03661772, -0.14646776, -0.17295451, -0.06689549,
       -0.25037462,  0.25403937, -0.00202349,  0.2228508 , -0.21129395,
        0.25843442,  0.19793765,  0.09645583, -0.00303886,  0.03556418,
       -0.21640373,  0.11031837,  0.29019636, -0.38032064,  0.04689155,
       -0.02200425, -0.18343661,  0.02669917, -0.08710384, -0.08001281,
        0.16504579, -0.11043418,  0.14407034,  0.17842814, -0.12764763,
        0.27282484, -0.05653359,  0.09972633,  0.13150114, -0.16392002,
       -0.18291563,  0.00335938,  0.0774604 , -0.24179106,  0.15393304,
       -0.18282047,  0.1126692 ,  0.17328572,  0.12002856,  0.02104976,
        0.1841089 ,  0.09871082, -0.17680104, -0.03472258,  0.15779512,
        0.18672429, -0.29387278, -0.17597525, -0.11581852,  0.09140038,
       -0.1257294 , -0.05623208,  0.24398808, -0.10605304,  0.01461389,
       -0.16174127, -0.14933304,  0.02464573, -0.1108698 ,  0.25475354,
        0.10072056,  0.21733201, -0.04517385, -0.06582567,  0.10248994,
       -0.00396477, -0.02956568,  0.01747322, -0.14370031, -0.20481423,
        0.19777196,  0.05426325, -0.08032716, -0.03783847,  0.01985869,
       -0.12477402,  0.01294932, -0.19722326, -0.00331587,  0.20401974,
       -0.0396455 ,  0.09241978,  0.1297305 ,  0.15984111, -0.1636986 ]), array([  9.38927163e-02,  -6.83996448e-02,   2.28980290e-01,
         3.78523683e-01,   3.59980237e-01,  -2.25750584e-01,
        -1.32008416e-01,  -2.02469134e-01,  -3.22408764e-01,
        -3.89423588e-02,   2.17472674e-01,   9.34764904e-02,
        -3.41595918e-01,  -2.18631422e-01,  -2.35167138e-01,
        -4.85386573e-01,  -5.94495962e-02,  -3.44329059e-01,
         4.37657779e-01,  -5.01382195e-01,   3.54810063e-01,
         2.77451234e-01,   1.88823448e-01,   8.12322824e-02,
         1.33173129e-01,  -2.37571361e-01,  -8.75897502e-03,
         3.05133782e-01,  -1.94063151e-01,  -9.12440066e-02,
         1.30947086e-01,  -1.47287185e-01,  -1.49610670e-02,
        -1.18342132e-03,   4.22354159e-03,   2.79197010e-01,
         7.10082137e-02,   3.88503309e-02,   2.50065294e-01,
         1.21732601e-01,   6.93091506e-01,   4.95786326e-01,
        -1.22783585e-02,   1.55671642e-01,  -1.35124384e-01,
        -3.06584301e-01,  -2.44151278e-01,  -2.68569613e-01,
         5.04358428e-02,  -2.09463235e-01,  -2.83112003e-01,
        -1.14494527e-01,   4.50340867e-01,   6.24618706e-02,
         4.47707866e-02,   3.76278915e-01,   1.89200063e-01,
        -6.64252735e-02,   3.09784455e-03,   3.16181554e-02,
        -3.18606297e-04,  -3.87382435e-01,   5.59270595e-02,
         9.44634971e-02,   3.68931822e-01,  -2.69598820e-01,
        -4.46271875e-01,   1.11014189e-01,   3.12791529e-01,
         2.93486286e-01,  -5.58354420e-02,  -1.75436841e-01,
        -3.65013677e-01,  -1.35053734e-01,   2.65946655e-01,
         1.20505199e-01,   6.59433645e-02,   5.76323543e-02,
         9.45750927e-02,   1.34277062e-02,  -2.57177698e-02,
        -1.19656639e-01,   1.37582559e-02,  -2.19955114e-01,
        -2.55847873e-01,   3.18750619e-01,   4.03801794e-01,
         1.52375589e-01,  -1.75332585e-01,   5.51302281e-02,
        -3.42615569e-01,   9.75102922e-02,  -9.63182584e-02,
         3.48045337e-02,   1.06750393e-02,   1.39011559e-01,
         4.04068189e-01,   9.66075446e-02,   9.29430352e-02,
        -3.02757834e-01]), array([-0.09875559, -0.1613631 ,  0.19848032,  0.21630215,  0.08422429,
       -0.26805802, -0.07028222, -0.15377938, -0.11699095, -0.06826507,
        0.2222123 ,  0.0262361 , -0.18355405, -0.17430012, -0.07012986,
       -0.37560909,  0.04881485, -0.15535344,  0.25924222, -0.35293226,
        0.21911963,  0.28053668,  0.09719778, -0.03786148,  0.14345865,
       -0.01899774, -0.01884594,  0.24310772, -0.13727155, -0.05697586,
        0.032005  , -0.1627848 ,  0.08960417,  0.010223  , -0.08014437,
        0.0849645 ,  0.20518025,  0.031471  ,  0.35284389, -0.15567753,
        0.46906652,  0.24800667, -0.03536482,  0.1930689 , -0.14207652,
       -0.13503263, -0.11438261, -0.21643196,  0.00864321, -0.05231662,
       -0.38155896, -0.05695722,  0.21384785,  0.07469384,  0.0932456 ,
        0.25794859,  0.21243147, -0.08668728,  0.12494445,  0.03395042,
       -0.01752054, -0.24691241,  0.02814776,  0.17926177,  0.13567484,
       -0.2911051 , -0.32743629,  0.16265928,  0.1338678 ,  0.15413499,
       -0.06636455, -0.11034929, -0.47171291, -0.01688995,  0.28306539,
        0.07600732, -0.09937361,  0.09703788, -0.05027682,  0.0210072 ,
       -0.08778894, -0.17297023, -0.06685139, -0.09227754, -0.10114557,
        0.23977908,  0.2285586 ,  0.18952169, -0.02067995, -0.18161485,
       -0.3349526 ,  0.11605023, -0.13010106, -0.13883724, -0.09441766,
        0.16221759,  0.17668601,  0.11294803, -0.01103624, -0.12533907]), array([ 0.00402343, -0.0630912 ,  0.10748959,  0.25695901,  0.12341605,
       -0.19698952, -0.26113918, -0.13679827, -0.10576549, -0.01345075,
        0.2658952 ,  0.14343112, -0.29691892, -0.21889109,  0.11826459,
       -0.56691626,  0.04751228, -0.2542678 ,  0.35781831, -0.32665774,
        0.378977  ,  0.28978176, -0.00940077,  0.17713261,  0.02970906,
       -0.15915994, -0.03357104,  0.40180434, -0.18768235, -0.03955767,
        0.13138933, -0.11063787, -0.11349097, -0.02410636,  0.02340632,
        0.10808307,  0.03058716,  0.10232997,  0.0036977 ,  0.10211838,
        0.36406663,  0.29961677,  0.00666334,  0.3080678 ,  0.17613176,
       -0.24277588, -0.39696611, -0.28302317, -0.01259907, -0.03670221,
       -0.18750629, -0.07636801,  0.53640237, -0.04438003, -0.02563399,
        0.4803672 , -0.13597606, -0.18574156,  0.11834069,  0.18747696,
        0.12078863, -0.31881925,  0.16054779,  0.11525264,  0.31288426,
       -0.20223494, -0.30743615,  0.05066081,  0.19866013,  0.25549602,
        0.06346997, -0.06724508, -0.17550206,  0.03444154,  0.36679964,
        0.08537244,  0.16387461,  0.04912629,  0.14367021, -0.09187275,
        0.05590678, -0.12335314,  0.15204459, -0.20153267, -0.39378292,
        0.35185854,  0.22587388,  0.06158483, -0.27519751,  0.23342221,
       -0.26992234,  0.06669664, -0.08117452,  0.16059515,  0.21138952,
        0.12722117,  0.28225852, -0.04832304,  0.1113304 , -0.29132281]), array([-0.01390822,  0.01632663,  0.04523648,  0.13244466,  0.16432316,
       -0.29724365, -0.39602496, -0.03598134, -0.15637626,  0.15959986,
        0.58201376,  0.10507718, -0.19725204, -0.08722875, -0.04520548,
       -0.66543064,  0.05940833, -0.0721204 ,  0.35562398, -0.45101805,
        0.27661124,  0.45127831,  0.00645554,  0.22746746, -0.09518197,
       -0.0727588 , -0.12166739,  0.30312248,  0.09344014, -0.03876857,
        0.12279651, -0.03281679,  0.14359748,  0.03266681, -0.05626872,
        0.06422858,  0.17976808,  0.09885358,  0.0940782 , -0.25636757,
        0.24718426,  0.1982405 , -0.2873992 ,  0.50325083,  0.24091452,
       -0.24954564, -0.18744075, -0.28704991,  0.02018674, -0.03104602,
       -0.20042455, -0.06462203,  0.57558845, -0.25868529, -0.23942905,
        0.52843136,  0.04238131, -0.18256324,  0.17909041,  0.1426926 ,
        0.19555048, -0.42420284,  0.27062757,  0.05319229,  0.25029352,
       -0.17514473, -0.33214745,  0.26241071,  0.31259919,  0.18097919,
        0.02496241, -0.14430192, -0.29840355, -0.07369614,  0.60012862,
        0.0523758 , -0.10174022,  0.01082642,  0.12325861, -0.14899293,
       -0.20427213, -0.02708238, -0.11187712, -0.07745317, -0.29605244,
        0.53542939,  0.1602167 , -0.02599907, -0.21468503,  0.40610065,
       -0.25890442,  0.11599086,  0.07174347, -0.03300687,  0.05285565,
        0.05257421,  0.31119085, -0.07158533,  0.07230778, -0.28104581]), array([-0.06649869,  0.27116006,  0.0362607 ,  0.1017576 ,  0.3745387 ,
       -0.72094032, -0.92487031,  0.26143886, -0.38452282,  0.38741434,
        1.32599756, -0.26866912, -0.10270483,  0.03450313, -0.1569397 ,
       -1.17517579,  0.16863719,  0.24352186,  0.52316124, -1.27033854,
        0.21280428,  0.83636618, -0.04000638,  0.31942789, -0.07205439,
        0.04547241, -0.29378216,  0.25964461,  0.56170964,  0.07255904,
        0.26428756,  0.26553885,  0.55557022,  0.04912864, -0.16044657,
        0.13263729,  0.33025209,  0.02140982,  0.23859388, -0.76442557,
        0.40014686,  0.07404084, -0.79078517,  1.05880759,  0.52854013,
       -0.51726602, -0.15696133, -0.3994887 ,  0.1889464 , -0.16638387,
       -0.16745539, -0.07401508,  1.02770089, -0.47186156, -0.76072906,
        0.93825786,  0.28797827, -0.19114023,  0.32369966,  0.27541764,
        0.43202757, -0.84889894,  0.61194341,  0.17998126,  0.16711932,
       -0.16835939, -0.31161446,  0.65897423,  0.5276973 ,  0.32533053,
       -0.08810108, -0.49979354, -0.84175753, -0.23739405,  1.28561548,
        0.03748998, -0.61444007,  0.0430222 ,  0.14259147, -0.28174215,
       -0.72667971, -0.07317356, -0.5885587 , -0.05146288, -0.28906665,
        1.31426028,  0.01092589, -0.28853186, -0.17462074,  0.58333937,
       -0.29753905,  0.23182769, -0.06234455, -0.37177521,  0.0150587 ,
        0.10827736,  0.37726047,  0.13161209,  0.32376034, -0.43835699]), array([-0.09803671, -0.25880083, -0.08315121,  0.29209519,  0.33824636,
       -0.08203738, -0.16486039, -0.22096519, -0.28106473,  0.10564623,
        0.41525171,  0.06471805, -0.12611764, -0.40923566,  0.03301517,
       -0.45085181,  0.25496214, -0.14542508,  0.10403522, -0.40861606,
        0.38543574,  0.44391405,  0.19184989, -0.07266127,  0.03773866,
       -0.38563211,  0.07011212,  0.42552703, -0.4386694 , -0.02953764,
        0.14198783, -0.27809585, -0.07518742, -0.0982937 , -0.01933179,
        0.33071195, -0.13761278,  0.27535842,  0.31087618, -0.06217963,
        0.71163894, -0.00489258, -0.05165833,  0.2930303 , -0.15991921,
       -0.28963346, -0.13141144,  0.12909678, -0.41035974,  0.19655201,
       -0.29309899,  0.12803485,  0.52727566,  0.10454546,  0.05661854,
        0.32133211,  0.18422225, -0.3161522 , -0.03438364,  0.14266723,
        0.20011225, -0.48992359, -0.23283063, -0.01421857,  0.0561572 ,
       -0.2256351 , -0.15983619,  0.32563522, -0.11312174,  0.20005089,
       -0.15397194, -0.22230273, -0.09308373, -0.29298559,  0.38549975,
        0.03695664,  0.21854687,  0.05514227, -0.09151794,  0.06164643,
        0.01469295, -0.13345767,  0.05371805, -0.03640505, -0.30908716,
        0.40022144,  0.04262954, -0.00527567, -0.16655837, -0.11720629,
       -0.21131678, -0.06755194, -0.2028228 , -0.13944253,  0.18206203,
       -0.02047466,  0.30909172, -0.03929224,  0.14690067, -0.35937572]), array([ 0.02124844, -0.13447619, -0.01705777,  0.22752171,  0.13110753,
       -0.06605044, -0.21666487, -0.11385059, -0.1927372 ,  0.20960554,
        0.37349504,  0.09706216, -0.12188744, -0.41080059,  0.08398657,
       -0.42216594,  0.1184602 , -0.09441569,  0.20334168, -0.21375149,
        0.38270307,  0.36857974,  0.05039752,  0.03030473,  0.00572836,
       -0.29604662,  0.01153354,  0.34363891, -0.43729509, -0.08596454,
        0.13696849, -0.2370087 , -0.02529277, -0.16422317, -0.12569782,
        0.2168991 , -0.25201602,  0.1733761 ,  0.12808145,  0.02126832,
        0.40400042, -0.0989201 , -0.01038822,  0.23005037, -0.0549561 ,
       -0.17835826, -0.08346444,  0.09465786, -0.39358666,  0.14709513,
       -0.11945086,  0.07505379,  0.36493146, -0.05310962,  0.00173539,
        0.21529048,  0.1173216 , -0.30274993, -0.04884715,  0.08565461,
        0.24620976, -0.25455804, -0.14861237,  0.0478628 , -0.05364267,
       -0.04979601, -0.07079214,  0.1772196 , -0.07902398,  0.27382701,
       -0.08389872, -0.10513872,  0.04851251, -0.2005007 ,  0.22648702,
        0.04369327,  0.18142158, -0.0772517 , -0.10461445, -0.02441418,
        0.0702408 , -0.10094496,  0.01930275, -0.05931861, -0.0899498 ,
        0.29310709, -0.0477635 , -0.16005189, -0.23987939, -0.02803483,
       -0.19307607, -0.07452605, -0.22389043,  0.00445731,  0.05908714,
       -0.14501297,  0.13242704, -0.07662587,  0.01270001, -0.3072871 ]), array([ 0.15220805, -0.30443398,  0.07247319,  0.29360133,  0.19742874,
       -0.08729141, -0.10498297, -0.05194243, -0.38862662,  0.0071451 ,
        0.22497145, -0.05005338, -0.02109362, -0.18022547,  0.02159715,
       -0.24406934,  0.0982382 , -0.06461413,  0.16656965, -0.22090554,
        0.23805094,  0.25957453,  0.00864015,  0.09356108,  0.06482892,
       -0.07461623, -0.01865982,  0.32305441, -0.37213157,  0.01705212,
        0.1411145 , -0.10623828, -0.1531201 ,  0.11348967,  0.02428493,
        0.19437544,  0.01749642,  0.15280214,  0.15453826,  0.11386953,
        0.43975507, -0.30025381, -0.17038749,  0.30989264, -0.02818347,
       -0.07270275, -0.2278871 , -0.05664489, -0.17365786, -0.02534   ,
       -0.24968124, -0.09011983,  0.4925538 ,  0.01649985, -0.1377715 ,
        0.30542724,  0.02951145, -0.181328  , -0.01410415, -0.15762316,
        0.0514293 , -0.31551465,  0.10347765,  0.25981252, -0.0087025 ,
        0.01733463, -0.14897719,  0.03965081,  0.02003453,  0.21563861,
        0.12079885,  0.0402636 , -0.21018384, -0.14938187,  0.31439498,
       -0.01224095,  0.20669149,  0.0320076 , -0.18461077, -0.01311165,
        0.11758929, -0.19822968, -0.01531377,  0.10066863, -0.15247747,
        0.38581392,  0.15234147, -0.10137289, -0.08376981, -0.06565175,
       -0.19865364,  0.08687056, -0.16000878,  0.10003358,  0.17782854,
       -0.03689469, -0.12860897, -0.04347983, -0.0486205 , -0.33677365]), array([-0.10805111, -0.09516501,  0.1066609 ,  0.20091299, -0.09485619,
       -0.14716081, -0.09602911, -0.12042242,  0.08588809,  0.00792148,
        0.19572646, -0.01400375, -0.11264147, -0.17031775,  0.04180842,
       -0.29024899,  0.08568423, -0.14956394,  0.21102835, -0.15451026,
        0.12382389,  0.26252334, -0.05114062,  0.05978027,  0.07868472,
        0.06602231, -0.09622086,  0.25598841, -0.08419516, -0.07683913,
        0.04343974, -0.09835242,  0.0745825 , -0.01346934, -0.10419852,
        0.07160677,  0.15711929,  0.04551353,  0.25603198, -0.20944459,
        0.09135298,  0.04071598, -0.03257811,  0.24399576,  0.01118155,
       -0.01023938, -0.07002553, -0.09438909, -0.03746794,  0.05442169,
       -0.29062359, -0.03807142,  0.07714168,  0.03963545,  0.01715281,
        0.26113766,  0.04288124, -0.12877194,  0.15626366,  0.03289292,
        0.03263621, -0.16885128,  0.05311745,  0.19015335,  0.11053787,
       -0.22905283, -0.19531   ,  0.05815445,  0.07571131,  0.11160426,
       -0.0435487 ,  0.03266916, -0.38453988,  0.02320866,  0.29904523,
        0.00987791, -0.01663312, -0.02210231,  0.08805992,  0.05252965,
       -0.06110676, -0.13784371, -0.15025225, -0.07110101, -0.1560061 ,
        0.23059688,  0.10947581, -0.00669343, -0.00416318, -0.1276088 ,
       -0.22193125,  0.14251605, -0.08232106, -0.03427769,  0.02788673,
        0.05373716, -0.05337269,  0.06377013, -0.02015692,  0.04939207]), array([-0.21580443, -0.09937158,  0.10029314,  0.25290017,  0.17031681,
       -0.20835949, -0.10973191, -0.29865972, -0.13676098,  0.20724516,
        0.32548713, -0.01347237, -0.13845947, -0.0337133 , -0.17425713,
        0.00899376,  0.05014956, -0.16779836,  0.17432968, -0.07810967,
        0.17218227,  0.16781815,  0.14862612,  0.28258341,  0.09925507,
       -0.04407742,  0.06773899,  0.18103775, -0.19666014,  0.03948662,
       -0.15758458,  0.06856044, -0.00499932,  0.08543465, -0.12894381,
        0.10936499, -0.18067593,  0.17128041,  0.09458548, -0.12044123,
        0.19974098,  0.01897043,  0.05454299,  0.32188093, -0.0424694 ,
       -0.15599104,  0.09703007, -0.12085972, -0.18811055, -0.21578605,
       -0.12714929, -0.11839833,  0.18279217, -0.06301227,  0.09825435,
        0.26304303,  0.02105474, -0.05403902,  0.07626897,  0.05648509,
        0.20749299, -0.16516507, -0.11061117,  0.08786599,  0.13772126,
       -0.10712015, -0.28765114,  0.19476816,  0.14157014,  0.08379084,
        0.01540135,  0.06378387, -0.06792018, -0.09073658,  0.40478274,
        0.14848622,  0.13035693,  0.12093798, -0.16802809,  0.06345919,
       -0.17958335, -0.27127133, -0.02201533, -0.19745941,  0.0138783 ,
        0.42043411, -0.00135432, -0.13818092, -0.1086167 ,  0.05769096,
        0.04934302,  0.14619414, -0.11157705, -0.01758585,  0.01765784,
       -0.14595086,  0.1175525 ,  0.0265506 , -0.03437495, -0.23737524]), array([ 0.09194627, -0.34038873,  0.0535062 ,  0.28823895,  0.29881249,
       -0.21743009, -0.03592048, -0.14117284, -0.39772044,  0.06115916,
        0.33169548,  0.04967853, -0.2214673 , -0.35645637, -0.16542764,
       -0.34509943,  0.00466441, -0.22784873,  0.29251812, -0.43600907,
        0.2972807 ,  0.34378742,  0.15785465,  0.05992664,  0.04581292,
       -0.33246809, -0.00383444,  0.26622146, -0.20487858, -0.1408506 ,
        0.08162353, -0.05301182,  0.02484114,  0.0589303 , -0.05023256,
        0.28912825, -0.1142496 ,  0.10724953,  0.17303282, -0.04842243,
        0.64199143,  0.20629192, -0.1280245 ,  0.23131215, -0.21661604,
       -0.17525671, -0.08960502, -0.16928584, -0.19312055, -0.18818159,
       -0.36822523, -0.08028696,  0.31134105, -0.00475928,  0.07603908,
        0.23621951,  0.26071354, -0.20671771, -0.13184476, -0.06929615,
        0.0752689 , -0.31888668, -0.06858238,  0.09864246,  0.20836522,
       -0.17890802, -0.37172232,  0.08060583,  0.24095301,  0.203582  ,
       -0.05689717, -0.15559826, -0.19155062, -0.37432206,  0.30604503,
        0.02091985,  0.05104944,  0.08663664, -0.03520107, -0.02885488,
        0.00431753, -0.16126935, -0.04196066, -0.11670737, -0.13016297,
        0.39703754,  0.2230612 ,  0.09324659, -0.03247072, -0.09103626,
       -0.26764934,  0.08514917, -0.09755255, -0.14609444, -0.02850736,
       -0.03659816,  0.33727949,  0.14366011,  0.09443235, -0.31034997]), array([-0.0646712 , -0.09156508,  0.04641945,  0.37549293,  0.12105147,
       -0.04535769, -0.15731128, -0.18773974, -0.10833014,  0.093191  ,
        0.27167348,  0.05027996, -0.1882701 , -0.31107969, -0.13165603,
       -0.32568057,  0.12743881,  0.00863895,  0.50277273, -0.31736625,
        0.2456369 ,  0.13296196,  0.24949315, -0.01323677,  0.10304959,
       -0.1491767 , -0.00774641,  0.33349906, -0.35863742,  0.10398386,
        0.01823208, -0.18893207,  0.17956846, -0.16564763, -0.12539916,
        0.16264566, -0.21898672,  0.15355181,  0.20426497, -0.01187695,
        0.47348829,  0.08477056,  0.14027389,  0.1204324 , -0.12235884,
       -0.21742857, -0.08289169, -0.10029575, -0.23226635,  0.12956816,
       -0.17247325,  0.1181963 ,  0.26374128,  0.07694245,  0.09199509,
        0.26837157,  0.2650259 , -0.1553759 , -0.04452802,  0.15171785,
        0.12225883, -0.27725868, -0.09203443,  0.0405875 ,  0.044608  ,
       -0.08310042, -0.13646568,  0.14132075, -0.08074082,  0.12729104,
       -0.1320731 , -0.17354386, -0.03387409, -0.08318551,  0.23710648,
        0.05317761,  0.19515616, -0.06929011, -0.07796202,  0.00762726,
       -0.03286316, -0.05133129,  0.0230022 , -0.16790729, -0.09056665,
        0.16449082,  0.07692585,  0.08990603, -0.09679451, -0.04931567,
       -0.11567053,  0.08111797, -0.28582233,  0.042659  ,  0.00329553,
       -0.05574983,  0.11875207,  0.19880134,  0.02927838, -0.1989315 ]), array([ 0.07302077, -0.17157486, -0.02893664,  0.12681682,  0.13489391,
       -0.07145396, -0.07284982, -0.00818011, -0.26256041,  0.12987707,
        0.2057937 ,  0.06154484, -0.02504393, -0.22158349,  0.05871326,
       -0.17276491,  0.032798  , -0.20330315,  0.07096196, -0.20860386,
        0.19982367,  0.34415673, -0.01173617,  0.10302672, -0.05773425,
       -0.20348082, -0.03253106,  0.16974242, -0.17380091, -0.08734017,
        0.08737326, -0.05234604, -0.12350549,  0.01209151, -0.01466242,
        0.19831404, -0.04835056,  0.01842648,  0.03992361,  0.08169419,
        0.23419486, -0.13569358, -0.12058049,  0.19871634,  0.003342  ,
       -0.11026789, -0.10488741,  0.06330679, -0.2105142 ,  0.00330129,
       -0.11329005, -0.05877161,  0.27610277,  0.03279391, -0.05906535,
        0.0980944 ,  0.0234618 , -0.19802562, -0.01611572, -0.03758326,
        0.14645456, -0.19382848, -0.01289341,  0.07982921,  0.05170648,
       -0.03443045, -0.12967733,  0.07332233,  0.0429886 ,  0.18158128,
        0.01403988, -0.00120356, -0.03791365, -0.24040489,  0.16787501,
        0.03645303,  0.04794726, -0.01107527, -0.03893331, -0.00496213,
        0.11164584, -0.11780863, -0.032322  ,  0.01458945, -0.06163562,
        0.27160937,  0.07640688, -0.13849357, -0.06286964, -0.02525569,
       -0.126593  , -0.00553451, -0.09562211,  0.00616438,  0.08243828,
       -0.00294015,  0.05765777, -0.02020743,  0.03792863, -0.18536578]), array([ -9.39492017e-02,   8.32791255e-02,   2.40305257e-01,
         3.35180120e-01,   1.91396875e-01,  -2.57313356e-01,
        -6.21025751e-01,  -1.84364457e-01,  -5.09481944e-01,
         3.10072502e-01,   1.04682086e+00,   3.81852188e-02,
        -1.85281387e-01,  -1.91714702e-01,  -3.58215851e-01,
        -4.49179995e-01,   1.81966479e-01,  -2.11681899e-01,
         3.28041588e-01,  -6.13308834e-01,   2.88011293e-01,
         6.28702356e-01,   1.38880846e-01,   4.56553676e-01,
        -1.69883478e-02,  -2.86585509e-01,   2.69003663e-01,
         5.03807541e-01,   3.01645072e-02,   1.99948434e-01,
        -3.23502871e-02,   2.10755757e-01,   1.75969261e-02,
         1.43741038e-01,  -1.10761005e-01,   2.45694069e-01,
         2.79737778e-02,   1.35534276e-01,   2.82329618e-01,
        -8.05870860e-02,   4.47227111e-01,   2.97241670e-02,
        -4.12487432e-01,   7.16694999e-01,   9.00582026e-02,
        -5.00920354e-01,  -1.82935968e-01,  -2.98758687e-01,
        -8.86661497e-02,  -4.40036845e-01,  -1.55111557e-01,
        -7.41873383e-03,   5.51373593e-01,  -3.45631183e-01,
        -3.05180861e-01,   7.63530211e-01,   1.53851769e-01,
        -2.63546607e-01,  -6.01346530e-05,  -1.76319917e-02,
         3.71181999e-01,  -5.47441891e-01,   4.19641805e-02,
         6.85247422e-02,   2.43874821e-01,  -1.58957466e-01,
        -3.09076144e-01,   4.17681853e-01,   4.51394681e-01,
         4.06823990e-01,   2.06485902e-01,  -1.45929127e-01,
        -3.12260279e-01,  -2.48510034e-01,   8.85443860e-01,
         2.18335717e-01,  -3.12365780e-01,   1.21911153e-01,
        -1.40869910e-01,  -4.44531959e-02,  -4.28942240e-01,
        -2.33641492e-01,  -2.24664103e-01,  -8.18548354e-02,
        -2.97329235e-01,   9.95306928e-01,   1.95632879e-02,
        -2.96222984e-01,  -1.63928727e-01,   4.21476440e-01,
        -3.32605657e-01,   2.31813161e-01,  -4.26612561e-02,
        -2.11688945e-01,   3.21323237e-02,  -2.26935615e-01,
         2.71390666e-01,  -1.64187690e-04,   2.10565252e-03,
        -4.34638081e-01]), array([-0.15906465,  0.04895095,  0.02394487,  0.16821861,  0.43624395,
       -0.01394473, -0.29535024, -0.2014929 , -0.22630416,  0.56387763,
        0.7861395 ,  0.11657365, -0.25681379, -0.42854318, -0.26535055,
       -0.57982245,  0.24693818, -0.02577126,  0.48510475, -0.65284855,
        0.42344921,  0.70056656,  0.37145329,  0.35471209, -0.37030941,
       -0.40840106,  0.12700967,  0.23195885, -0.21461648,  0.11587578,
        0.3527312 , -0.06986555,  0.3026121 ,  0.30295897, -0.29391901,
        0.19752201, -0.01872036,  0.16427594,  0.42710148, -0.23262377,
        0.59794897,  0.01426333, -0.28732918,  0.57609905,  0.08345689,
       -0.52086048, -0.07804974, -0.23669793, -0.28001048,  0.07747119,
       -0.40742732, -0.02989171,  0.42438244, -0.18252033,  0.17990978,
        0.51567866,  0.44432097, -0.61943426,  0.14959485, -0.0251529 ,
        0.37493403, -0.54949219, -0.24224121, -0.18700926,  0.31278463,
       -0.23969774, -0.5374687 ,  0.46288179,  0.12445301,  0.22029883,
        0.11121984,  0.0287006 , -0.1610726 ,  0.02518822,  0.64465807,
        0.26935947,  0.05492876,  0.06174457, -0.29847044, -0.21897105,
       -0.29053305, -0.06609489,  0.05207293, -0.29474076, -0.32009401,
        0.71591965, -0.04510473, -0.2174075 , -0.11217977,  0.03586026,
       -0.28893688,  0.12148621, -0.37097373, -0.23590534,  0.10564819,
       -0.33268782,  0.50798837,  0.18594898, -0.10049826, -0.2212879 ]), array([-0.01243332,  0.07527858,  0.03074607,  0.32779811,  0.090277  ,
       -0.14835201, -0.27057521, -0.16214163,  0.01066852,  0.03824512,
        0.24447266,  0.11070016, -0.035356  , -0.27522907,  0.03451711,
       -0.25290266,  0.06123274, -0.17013501,  0.24861545, -0.18513168,
        0.09338011,  0.0338396 ,  0.23383585,  0.100641  ,  0.01906719,
       -0.0027731 , -0.08520717,  0.20329292, -0.17731206,  0.02760483,
       -0.03426689, -0.01065755,  0.00919267, -0.07655582,  0.01032465,
        0.08545305, -0.01545906,  0.05819612,  0.06715436,  0.08025647,
        0.3111945 ,  0.14256872, -0.0008409 ,  0.20789157, -0.08671671,
       -0.17741837, -0.17653547, -0.12570775, -0.06591689,  0.11197499,
       -0.07203738,  0.00791336,  0.33680018,  0.01031796, -0.04727531,
        0.2682639 ,  0.09194347, -0.17295139,  0.11161829,  0.14938072,
        0.02451238, -0.29763004,  0.03116454,  0.0772728 ,  0.13490023,
       -0.10723463, -0.20473993,  0.02228185,  0.09736884,  0.21289279,
       -0.03274113, -0.06030514, -0.07344394, -0.08417389,  0.28291851,
        0.02364254,  0.01394156,  0.00820584,  0.17544883,  0.0603691 ,
       -0.00294916, -0.05206916, -0.02095235, -0.06263708, -0.09880168,
        0.13553979, -0.0612262 , -0.00482393, -0.26513616,  0.00513826,
       -0.0622306 ,  0.05547024, -0.15975051,  0.03813997,  0.13862505,
        0.02281864,  0.04216836,  0.07518176, -0.00180666, -0.16572899]), array([-0.03123673,  0.05726723, -0.06769175,  0.31046525,  0.0045166 ,
        0.05599336, -0.15742734, -0.08255142, -0.07220075,  0.08710649,
        0.25952437,  0.04267402, -0.21134864, -0.18325301, -0.07246844,
       -0.28529869,  0.14882844, -0.00485719,  0.33832471, -0.09795235,
        0.28377845,  0.13436554,  0.12092961,  0.03887526,  0.04213316,
       -0.20729481, -0.00746218,  0.2867509 , -0.38007846, -0.00449606,
        0.0735887 , -0.1899597 ,  0.05743058, -0.10666944, -0.18565046,
        0.16458888, -0.12925798, -0.00880973,  0.2055797 , -0.11011628,
        0.20464188, -0.04682756,  0.06168567,  0.16009112, -0.10067879,
       -0.13728473, -0.04393542, -0.0144965 , -0.19089705,  0.09136686,
       -0.07058363,  0.03843036,  0.2013603 ,  0.08648847,  0.04370092,
        0.23562698,  0.14608931, -0.22857362, -0.07669507,  0.07945814,
        0.14406649, -0.28788589, -0.09846204, -0.05237947,  0.11792411,
       -0.1047069 , -0.14379333,  0.11251074, -0.03882647,  0.02382006,
       -0.09243617, -0.10566858, -0.01210601, -0.07245052,  0.20869934,
        0.08954886,  0.22085648, -0.10504525, -0.00665962,  0.08174634,
        0.04436774, -0.03175098, -0.13402977, -0.22197197, -0.17300078,
        0.18455275,  0.07960996, -0.17269577, -0.06743587,  0.06153507,
       -0.19523066, -0.00647954, -0.16608113,  0.05669693,  0.1262207 ,
       -0.19218687,  0.05055815,  0.12699109,  0.02839447, -0.09945716]), array([-0.04652571,  0.02422264,  0.07817292,  0.37341161,  0.15601536,
       -0.24497254, -0.41890635, -0.07431812, -0.15824642,  0.11140933,
        0.71551885, -0.01994065, -0.30612948, -0.09396826, -0.10670364,
       -0.78871509,  0.08203125, -0.2128356 ,  0.52560975, -0.53243022,
        0.38442763,  0.37873686,  0.04855595,  0.17769159, -0.10703596,
       -0.18035874, -0.15146966,  0.36370509, -0.01980365, -0.02000862,
        0.14149001,  0.18277148,  0.1879011 , -0.02322695, -0.12939629,
        0.19801011,  0.08799631, -0.01525751,  0.27221404, -0.48003591,
        0.34260965,  0.30207724, -0.28226978,  0.54799486,  0.23242904,
       -0.30066922, -0.1957188 , -0.4135863 , -0.14345992,  0.053455  ,
       -0.21882932, -0.07905659,  0.58409535, -0.17645507, -0.15630424,
        0.58141254,  0.07318268, -0.17832774,  0.17274887,  0.13068553,
        0.25612003, -0.43854992,  0.23330857,  0.08075017,  0.39414968,
       -0.29046584, -0.47391879,  0.22696049,  0.49159432,  0.10759852,
        0.1048195 , -0.18493148, -0.4351539 , -0.06177371,  0.82814332,
        0.13017098,  0.06228844, -0.04487608,  0.13527876,  0.02021907,
       -0.11287195, -0.01950529, -0.09615706, -0.22470991, -0.36189028,
        0.61238066,  0.25864923, -0.1087774 , -0.20570385,  0.49010021,
       -0.28090835,  0.19799907, -0.01463817,  0.00790566,  0.21260072,
       -0.04400645,  0.34404766,  0.12812982,  0.10659517, -0.24584788]), array([  6.74763220e-02,  -2.69238373e-01,   1.03000786e-01,
         2.92652952e-01,   3.83079583e-01,  -2.63605144e-01,
        -1.42815617e-01,  -2.09565495e-01,  -4.17749249e-01,
         1.09819161e-01,   3.97868245e-01,   2.91908812e-01,
        -3.24908045e-02,  -5.22961688e-01,   1.36206370e-01,
        -3.77320087e-01,   6.67396519e-03,  -1.54820471e-01,
         1.29075368e-01,  -3.14314117e-01,   4.66034376e-01,
         4.37358206e-01,   9.56554241e-02,   2.35729686e-01,
        -2.26726068e-02,  -1.74852710e-01,   5.77957501e-02,
         4.13576087e-01,  -3.08917075e-01,  -6.67995599e-03,
         9.92833433e-02,  -1.06996879e-01,   8.94362461e-03,
         3.98499530e-02,   4.12653492e-02,   2.17924807e-01,
        -7.62738319e-02,   3.12978797e-02,   2.71547544e-01,
         3.26944015e-01,   6.59445061e-01,   2.22903691e-01,
        -1.50011522e-01,   3.56664705e-01,  -8.03658549e-02,
        -3.19994403e-01,  -1.96814440e-01,  -2.48774111e-01,
        -1.85034305e-01,  -7.14388666e-02,  -1.50398906e-01,
        -1.79098499e-01,   6.45783735e-01,  -1.10202032e-01,
         7.02467567e-02,   3.98686409e-01,   7.64514875e-03,
        -3.77181304e-01,   1.21918388e-01,   1.58849708e-01,
         2.30773654e-01,  -4.84622755e-01,   2.45791615e-02,
         9.39228101e-02,   4.83684442e-01,  -4.12143297e-01,
        -4.12245283e-01,   7.82073304e-02,   3.19045918e-01,
         1.84440381e-01,   1.37433025e-01,  -6.41870712e-02,
        -1.44290902e-01,  -1.71607901e-01,   3.42194873e-01,
         4.09172382e-01,   1.58169397e-01,   6.79674762e-02,
         9.77700388e-05,  -7.96879217e-03,  -6.51731805e-02,
        -1.73132202e-01,   1.30047859e-01,  -2.20943118e-01,
        -3.78937587e-01,   4.01540516e-01,   6.66265024e-02,
         2.70922338e-02,  -4.07722790e-01,   1.18911475e-01,
        -3.28070262e-02,   6.07061637e-02,  -9.53306451e-02,
        -4.56592133e-02,   1.31583184e-01,   2.15694544e-01,
         2.75299592e-01,  -3.95036579e-02,   1.85854827e-01,
        -3.87763657e-01]), array([ 0.0107792 , -0.10609926,  0.14896843,  0.3623468 ,  0.19932811,
       -0.22630892, -0.22466179, -0.23500071, -0.25347464,  0.31531475,
        0.54584729,  0.27639746, -0.19171764, -0.22772364, -0.16533201,
        0.0028586 , -0.06894984, -0.36800304,  0.18717212, -0.5021993 ,
        0.11610071,  0.28397142,  0.04868204,  0.33626853, -0.00808097,
       -0.12930429,  0.0770836 ,  0.57596732, -0.21639446,  0.07109919,
        0.05506096,  0.00504262, -0.1414258 , -0.00586408,  0.08113257,
        0.18324353, -0.1459623 ,  0.44158121,  0.21908196,  0.33135034,
        0.40844389, -0.0089892 , -0.16554395,  0.29421787,  0.06285715,
       -0.39719387, -0.20278139, -0.29157744,  0.0436036 , -0.20219784,
       -0.30735152, -0.04150268,  0.26983304, -0.06743803, -0.1069237 ,
        0.66434291,  0.12245767, -0.21718501,  0.00135761, -0.10805122,
        0.00633329, -0.37302333, -0.17056553, -0.1487752 ,  0.21973957,
       -0.1657942 , -0.27538203,  0.20760777,  0.27213448,  0.44541013,
        0.25477688, -0.1087551 , -0.12053624, -0.23341179,  0.58668939,
        0.24700068, -0.27080114,  0.12380212, -0.1751654 ,  0.17908983,
       -0.27974052, -0.08559767,  0.00595183,  0.10421066, -0.21978405,
        0.53046885,  0.00099572, -0.34405053, -0.10033352,  0.20900563,
       -0.15396001,  0.06104392,  0.06847079,  0.01127611,  0.18889931,
       -0.17246583,  0.02806602,  0.06121716, -0.15798471, -0.3590569 ]), array([-0.01505984, -0.07668014, -0.00336761,  0.16421845,  0.01217834,
       -0.13678366, -0.11483452, -0.08233886, -0.19152167, -0.00116963,
        0.14295357,  0.08953248, -0.04061501, -0.18335665,  0.08680371,
       -0.07190312, -0.11653837, -0.088177  ,  0.15178643, -0.09043484,
        0.15177219,  0.10099236,  0.1364114 ,  0.07256349,  0.0684219 ,
       -0.11249955, -0.03597661,  0.15131306, -0.14333247,  0.01980076,
       -0.10768629, -0.05203627, -0.00351723,  0.06140197,  0.00992296,
        0.02749572,  0.01113001,  0.12437908,  0.12271139, -0.03368356,
        0.1815468 , -0.03806262, -0.02151448,  0.17718412, -0.05785848,
       -0.0666958 , -0.09798042, -0.02635932, -0.11422733,  0.01400542,
       -0.04709018, -0.04753142,  0.15635494,  0.07114828, -0.03254254,
        0.25209743,  0.11500897, -0.10028871, -0.11783763,  0.06000616,
       -0.0006289 , -0.16945523,  0.00690953, -0.05210239,  0.06725762,
       -0.04239406, -0.13532206,  0.00994115, -0.01203803, -0.0131238 ,
        0.0330767 , -0.08846114, -0.0462661 , -0.15097485,  0.13722111,
        0.01501839, -0.00950169,  0.05483582,  0.03641075,  0.05792152,
        0.01052855, -0.02031838, -0.06417005, -0.03286058, -0.0386521 ,
        0.16034907,  0.05992306,  0.02913426, -0.12275248,  0.05372936,
        0.05402583,  0.04967382, -0.0254728 ,  0.05303248,  0.04612198,
        0.07780838, -0.02529325, -0.00490475, -0.13577852, -0.05921909]), array([-0.0882961 , -0.07159661,  0.02029105,  0.5636111 ,  0.49740467,
        0.15118699, -0.14905026, -0.44431039, -0.26531978,  0.49815441,
        0.49478382,  0.22168516, -0.37808648, -0.60815011, -0.24414722,
       -0.42944606,  0.2282723 , -0.38547435,  0.70531703, -0.48565128,
        0.58514438,  0.72350225,  0.29252812,  0.51271342, -0.3957599 ,
       -0.65532593,  0.19947162,  0.43814451, -0.46642647,  0.06612184,
        0.30063989, -0.15196084, -0.00326911,  0.21256726, -0.19573612,
        0.20985457, -0.05494369,  0.03951656,  0.49685751,  0.15993034,
        0.65676515, -0.00991254, -0.0297522 ,  0.44279298, -0.08421061,
       -0.6364225 , -0.29172633, -0.27905543, -0.35476906,  0.05788034,
       -0.42614957, -0.15328435,  0.48287989,  0.05315173,  0.29756615,
        0.54551068,  0.36284518, -0.82462865,  0.01756705,  0.05184266,
        0.50869463, -0.65498618, -0.30860741, -0.20759804,  0.60741506,
       -0.35936884, -0.78571536,  0.27675155,  0.20427154,  0.2866424 ,
        0.08245934,  0.22484205, -0.06749371, -0.04457428,  0.5793205 ,
        0.41629468,  0.33440504, -0.07457019, -0.28327916, -0.1123506 ,
       -0.05180244, -0.17288381,  0.24056597, -0.58332888, -0.59406532,
        0.70214864,  0.14355925, -0.30741151, -0.23349249, -0.00760358,
       -0.48429131,  0.19564925, -0.53388894, -0.01996128,  0.30648691,
       -0.2946558 ,  0.46423741,  0.27442238,  0.02259932, -0.22460809]), array([-0.1422064 , -0.41207799, -0.07037867,  0.30370044,  0.11439935,
       -0.2144471 , -0.1076036 , -0.23696585, -0.14080613,  0.32105656,
        0.52589175,  0.22836643, -0.11318473, -0.62728297,  0.1471243 ,
       -0.55235619,  0.14165359, -0.12757814,  0.36639115, -0.45001126,
        0.46221507,  0.54394573,  0.18129453,  0.02056753,  0.08478839,
       -0.28143957, -0.12240913,  0.45686943, -0.41185568, -0.20457711,
        0.20305669, -0.29848965,  0.17829906, -0.04277788, -0.09033826,
        0.14284838, -0.12887716,  0.33245825,  0.58311525, -0.20380357,
        0.7131931 , -0.11907984, -0.07070141,  0.38975379, -0.12919577,
       -0.16137062, -0.16487884, -0.01898118, -0.5437839 ,  0.2308663 ,
       -0.54678525,  0.20337932,  0.46992455,  0.08450815,  0.2805142 ,
        0.42457523,  0.2508116 , -0.43347314,  0.07982335, -0.13636533,
        0.3829464 , -0.2926059 , -0.26804532,  0.12038091,  0.09037696,
       -0.40361406, -0.40979627,  0.26643322, -0.00786293,  0.17740861,
       -0.00760823,  0.03292773, -0.11847485, -0.19002162,  0.46810263,
        0.1026094 ,  0.26843574,  0.06972675, -0.23294802,  0.02820039,
       -0.13547426, -0.11749949, -0.07905686, -0.07837219, -0.15601243,
        0.47105893,  0.0988958 ,  0.03270801, -0.18455014, -0.23975189,
       -0.41747353,  0.06305191, -0.40508428, -0.05664395,  0.10442645,
       -0.04817408,  0.29669013, -0.00365335, -0.16021664, -0.34337733]), array([ 0.0782904 , -0.04964108, -0.01693818,  0.27831785,  0.29786446,
       -0.46204567, -0.44268363,  0.04743119, -0.40182705,  0.29411304,
        0.78597508,  0.01022882, -0.14873939, -0.31742724, -0.0369061 ,
       -0.62188167,  0.05616607, -0.17349683,  0.33763806, -0.73262872,
        0.29446776,  0.68889984, -0.01257835,  0.22313265, -0.07635925,
       -0.23083894, -0.27143362,  0.38259859, -0.01826971, -0.09707241,
        0.23331268,  0.00861946,  0.07769744,  0.01601566, -0.06468397,
        0.30666087, -0.01783548,  0.1296313 ,  0.15352664, -0.18224816,
        0.43926254, -0.07216733, -0.44019963,  0.64479166,  0.19354117,
       -0.35683797, -0.22147341, -0.2095808 , -0.128849  , -0.13418146,
       -0.33147718, -0.1052387 ,  0.77918882, -0.13618419, -0.31298547,
        0.60668495,  0.12178349, -0.29852313,  0.08303483,  0.110935  ,
        0.2064719 , -0.59285799,  0.25768055,  0.21670244,  0.16287652,
       -0.07309137, -0.34314321,  0.3715751 ,  0.30165568,  0.36159458,
       -0.02421398, -0.17005127, -0.37862417, -0.34002427,  0.75521898,
        0.13145588, -0.24479709,  0.01757483,  0.01855578, -0.11335199,
       -0.21465433, -0.12350569, -0.32099852, -0.07252212, -0.29075636,
        0.79261035,  0.05527941, -0.2639194 , -0.17645364,  0.1980022 ,
       -0.20948432,  0.13198122, -0.09250147, -0.1442529 ,  0.16032391,
        0.02815479,  0.24785697,  0.06289464,  0.10206322, -0.44916234]), array([ 0.13234836, -0.16339034,  0.07628853,  0.21594268,  0.45046645,
       -0.20796385, -0.0582949 , -0.01336489, -0.38198556,  0.06409703,
        0.25378601,  0.15933858, -0.14591813, -0.28573382, -0.09717904,
       -0.3840983 , -0.05524426, -0.31167084,  0.13671837, -0.43060576,
        0.29240877,  0.37588869,  0.23225072, -0.02831452,  0.03602874,
       -0.26827727, -0.08865293,  0.2040655 , -0.15829362, -0.22106189,
        0.26071294, -0.21981003, -0.10780052,  0.00699705,  0.02184325,
        0.33318014,  0.09785523,  0.07638924,  0.35440785,  0.1526726 ,
        0.77491204,  0.22847691, -0.21773009,  0.23140682, -0.13796875,
       -0.18146733, -0.22616141, -0.08330074, -0.15354213, -0.10681992,
       -0.20904976, -0.01681273,  0.4982618 ,  0.10056364,  0.12731407,
        0.25619669,  0.23765416, -0.18667161,  0.00421678, -0.07669185,
        0.05421866, -0.43490427, -0.09168148,  0.12866302,  0.19258626,
       -0.19778844, -0.40989771,  0.15185271,  0.2329404 ,  0.30625265,
       -0.06564699, -0.15228867, -0.32683671, -0.34015271,  0.16934376,
        0.04594068,  0.01135833,  0.09399362,  0.01865384,  0.01682038,
       -0.02814457, -0.15430629, -0.05794531, -0.04965635, -0.15248815,
        0.31036367,  0.22735561,  0.06625335, -0.09150797, -0.15187701,
       -0.23973185, -0.07218174, -0.07963587, -0.1085927 ,  0.00704829,
        0.06020298,  0.39889722, -0.11342837,  0.07114206, -0.33521695]), array([ -4.53493119e-02,  -1.61649567e-01,  -3.81187577e-04,
         6.52054557e-01,   2.14734515e-01,  -5.79713203e-01,
        -6.18239059e-01,  -1.67270021e-01,  -7.09591225e-01,
         1.69223845e-01,   1.15925836e+00,   4.19674116e-01,
        -2.03589513e-01,  -5.63924831e-01,  -7.24219865e-02,
        -8.00423034e-01,  -6.87471357e-02,  -1.76058654e-01,
         5.67404216e-01,  -1.17631213e+00,   6.30663080e-01,
         7.30869879e-01,   1.35149685e-01,   4.38463133e-01,
         3.14719928e-02,  -4.01633329e-02,  -2.38618191e-01,
         8.67736414e-01,  -5.44446100e-01,   1.99902082e-01,
        -1.18880323e-01,   5.82829047e-02,   3.30836612e-01,
        -1.72543901e-01,  -3.64828712e-01,   2.71299058e-01,
         1.30659488e-01,   4.71110280e-01,   3.80394736e-01,
        -1.04280852e-01,   9.95151669e-01,   1.48946190e-01,
        -5.32028905e-01,   9.29338445e-01,   5.86346749e-03,
        -6.84311568e-01,  -2.82337034e-01,  -6.41420779e-01,
        -3.10712369e-01,  -1.59281840e-01,  -5.28292049e-01,
        -1.74387998e-01,   7.55664473e-01,  -7.87299790e-02,
        -4.05378563e-01,   1.21461925e+00,   5.75882673e-01,
        -3.68617794e-01,  -2.39589855e-02,   1.29300984e-01,
         1.43162622e-01,  -7.78525296e-01,   1.24993855e-01,
         1.96472357e-02,   5.51813961e-01,  -4.13707912e-01,
        -4.16046277e-01,   3.51434459e-01,   4.37678682e-01,
         9.30649461e-02,   2.35558619e-01,  -5.59133042e-01,
        -6.37422656e-01,  -4.07637803e-01,   1.14109171e+00,
         1.56985781e-01,  -2.16229934e-01,  -1.67694904e-02,
         3.95310753e-01,   1.84939098e-01,  -1.81728066e-01,
         1.40580589e-01,  -4.06569016e-01,  -3.09479157e-01,
        -3.35692209e-01,   1.21355681e+00,   1.55517145e-01,
        -1.43764627e-01,  -3.13660059e-01,   4.31496753e-01,
        -3.94042660e-01,   3.90048881e-01,  -8.82382056e-02,
        -3.48551589e-02,  -6.39910125e-02,   2.45828042e-01,
         2.45595699e-01,   2.16821502e-01,   2.24759286e-01,
        -4.47841457e-01]), array([-0.11499245, -0.10757647, -0.04634723,  0.24526493, -0.0130012 ,
       -0.0964463 , -0.19883165,  0.06717784, -0.25653162,  0.04604426,
        0.34911264,  0.13449396, -0.0542451 , -0.36782251, -0.01632369,
       -0.36394451, -0.06752935, -0.17540193,  0.28704156, -0.29865754,
        0.31004214,  0.19150644, -0.00809966,  0.16507623, -0.01878565,
       -0.17769393, -0.03805898,  0.34879971, -0.15814049,  0.172542  ,
       -0.12012371,  0.12677907,  0.0270571 , -0.08178427, -0.09384176,
        0.23901696, -0.06654239,  0.33804854,  0.06817788,  0.04042192,
        0.57056559, -0.03595499, -0.08266062,  0.376096  ,  0.07299842,
       -0.24403997, -0.25735462, -0.31512017, -0.32980455, -0.17432778,
       -0.13616109, -0.15523521,  0.33947802,  0.11096997,  0.00111015,
        0.41057677,  0.26207775, -0.07028122, -0.08234086,  0.16391367,
        0.07179465, -0.2057645 ,  0.09941296,  0.2865683 ,  0.25204108,
       -0.0247545 , -0.25015388,  0.08517742,  0.09793282,  0.0717298 ,
        0.14056979, -0.00218748, -0.11673244, -0.10876053,  0.45463099,
       -0.13473411,  0.09211844,  0.00640781,  0.32847554, -0.12042325,
        0.01284482,  0.10516122, -0.12707135, -0.23132174, -0.2747741 ,
        0.46243067,  0.14474388,  0.10530637, -0.06312878,  0.07310417,
       -0.2588871 ,  0.24418922, -0.18387044,  0.07394463, -0.07400808,
        0.05160983,  0.14794617, -0.08684285,  0.15565799, -0.21426912]), array([ 0.08426313,  0.00364481, -0.0407526 ,  0.29682916,  0.19474032,
       -0.04706574, -0.04134904, -0.04181436, -0.13684635,  0.11301547,
        0.1348813 ,  0.04420079, -0.06367017, -0.121861  , -0.24258711,
       -0.30863013, -0.14282895, -0.21334451,  0.28090546, -0.31773197,
        0.09497227,  0.20354408,  0.07308367,  0.12336666, -0.01852637,
       -0.10984868, -0.09014093,  0.16053936, -0.10653682, -0.06328186,
        0.06029655,  0.05795248,  0.01623596, -0.10709462, -0.04259815,
        0.28281549,  0.08331544,  0.18397838,  0.22512579,  0.02228209,
        0.48928375,  0.12389414, -0.0054022 ,  0.17435866, -0.03447418,
       -0.08799773, -0.07139031, -0.12732678, -0.06782079, -0.24926684,
       -0.03986205, -0.1409563 ,  0.19118662,  0.08072326,  0.05348868,
        0.22378451,  0.18141167,  0.08899707,  0.00601744,  0.03448802,
        0.07130198, -0.04034143,  0.03009985,  0.08677472,  0.24374144,
       -0.12142825, -0.40408102,  0.04785925,  0.23901249,  0.1667447 ,
        0.06720406, -0.037567  , -0.15664499, -0.13186736,  0.27904393,
       -0.10673377, -0.00190834, -0.03214719,  0.17180255,  0.05138137,
       -0.17967017, -0.0293378 , -0.115026  , -0.10139522, -0.09555343,
        0.25307697,  0.09894338,  0.08223758, -0.03971953,  0.03315261,
       -0.27614183,  0.08667765, -0.13684759,  0.00286224,  0.03253104,
        0.008096  ,  0.10817196,  0.045922  ,  0.07911536, -0.07294792]), array([ -1.50193501e-01,  -9.95978024e-02,  -1.32023852e-01,
         7.17800204e-01,   7.40738028e-02,   6.64619739e-02,
        -3.92057804e-01,  -2.90119122e-01,  -1.16603984e-01,
         3.98422334e-01,   6.65612333e-01,   1.89502876e-01,
        -2.22622301e-01,  -9.40138941e-01,  -9.30708211e-02,
        -9.93350799e-01,   1.74722355e-01,   7.69124835e-02,
         8.56985268e-01,  -2.08135947e-01,   6.01276191e-01,
         2.07770223e-01,   2.05547112e-01,   2.82379088e-02,
         9.51818954e-04,  -4.31997092e-01,  -3.64069840e-02,
         9.80493759e-01,  -1.06159427e+00,   1.43858742e-01,
        -4.78025932e-02,  -3.54230395e-01,   8.90176308e-02,
        -4.26311835e-01,  -4.47278064e-01,   3.42197743e-01,
        -7.09601937e-01,   3.94557473e-01,   4.95991814e-01,
        -2.97161769e-02,   1.07426647e+00,  -4.96339395e-02,
         2.48742895e-01,   3.83149050e-01,  -7.04011962e-02,
        -3.21399755e-01,  -2.60857491e-01,  -2.13252372e-02,
        -7.48952258e-01,   3.20325314e-01,  -2.67014508e-01,
         1.71785204e-01,   7.22526432e-01,   5.03596498e-02,
         2.91335022e-01,   4.91245549e-01,   2.87494580e-01,
        -3.30895034e-01,  -1.07103407e-01,   4.86762191e-01,
         5.15501950e-01,  -2.81667265e-01,  -3.60642276e-01,
         6.63712450e-02,  -8.47315231e-03,  -3.14211668e-01,
        -4.32653114e-01,   4.46544697e-01,  -2.63007187e-01,
         3.23224876e-01,   9.13854512e-04,  -2.44762453e-01,
         3.72838559e-01,  -8.04989358e-02,   6.45519234e-01,
        -3.53752048e-02,   6.90205233e-01,  -3.52686362e-02,
         9.45402971e-02,  -9.23749811e-02,  -1.70770523e-01,
        -1.80402740e-02,  -8.64456830e-02,  -4.97618079e-01,
        -3.89663044e-01,   5.05283831e-01,  -8.59200442e-03,
         3.42891185e-03,  -4.43182459e-01,   1.26474911e-01,
        -5.02026066e-01,  -7.87976426e-02,  -5.84880930e-01,
         2.32740621e-01,   1.95580358e-01,  -4.13027226e-01,
         3.00409637e-01,   5.06307481e-02,   1.72115601e-01,
        -4.73031512e-01]), array([ 0.11322503, -0.00905363,  0.1677362 ,  0.37293234,  0.19645681,
       -0.17369468, -0.22058558, -0.22344713, -0.21288209,  0.10662871,
        0.26860773,  0.0814378 , -0.19465509, -0.23078454, -0.07538977,
       -0.37718531, -0.05116569, -0.26031302,  0.43460323, -0.28983929,
        0.22670299,  0.27244278,  0.12328884,  0.04526244,  0.10782178,
       -0.01423193,  0.11708908,  0.07427247, -0.0834452 , -0.05055079,
       -0.01993095, -0.0747941 , -0.12348652, -0.00072926,  0.14611583,
        0.16580963,  0.03363679,  0.16364235,  0.08473828,  0.14562364,
        0.12939406, -0.06591571,  0.16793445,  0.28338491,  0.09357778,
       -0.22193458, -0.14818699, -0.24462284, -0.00170527, -0.01135793,
       -0.18439084,  0.00790808,  0.42529787,  0.05773988,  0.07393141,
        0.39835604,  0.05928219, -0.17956067,  0.10292764,  0.15049949,
        0.05104927, -0.36209369,  0.05689668,  0.05990099,  0.15608386,
       -0.08094836, -0.24623628,  0.33225432,  0.20339191,  0.05275752,
        0.16422695,  0.07945736, -0.1473547 , -0.06598194,  0.37804685,
        0.06246288,  0.12518754, -0.0174826 , -0.05997013, -0.05522361,
       -0.18946969, -0.27179334, -0.05953815, -0.01548554, -0.20666049,
        0.10087702, -0.06065362, -0.09603948, -0.34281978,  0.17872958,
       -0.10240632,  0.00047699, -0.21242145, -0.0996103 ,  0.13457899,
        0.08533713,  0.126019  ,  0.01319463,  0.05377439,  0.00203021]), array([ 0.1084099 , -0.29568654,  0.04553626,  0.3464968 ,  0.29662478,
       -0.15183548, -0.08657994, -0.14177197, -0.41683273,  0.08271219,
        0.32846024,  0.02716371, -0.1227508 , -0.35924355, -0.07192304,
       -0.32253151,  0.03995131, -0.27729234,  0.22212356, -0.41701101,
        0.32313969,  0.54220956,  0.10546958,  0.11950691,  0.02667256,
       -0.36135297,  0.02167594,  0.27365679, -0.24354138, -0.08392461,
        0.07268166, -0.07127941, -0.06689158,  0.07361027, -0.01866186,
        0.3031857 , -0.03220936,  0.02869095,  0.11904225,  0.0238822 ,
        0.54427689,  0.05993108, -0.1315933 ,  0.25933653, -0.14230953,
       -0.22692392, -0.0936615 , -0.02542591, -0.2239852 , -0.11365343,
       -0.23648521, -0.16672403,  0.36710101,  0.07867051, -0.05815659,
        0.19454921,  0.18988084, -0.23260077, -0.08600175, -0.01384655,
        0.09687695, -0.31501514, -0.01320609,  0.11787725,  0.23278882,
       -0.16745739, -0.29669423,  0.09049977,  0.13628355,  0.23772563,
       -0.04268716, -0.08900164, -0.16498614, -0.33881928,  0.25454617,
        0.07091438,  0.06196406,  0.03615303, -0.01644932, -0.01950144,
        0.14312421, -0.19962294, -0.05964994, -0.13136122, -0.13753545,
        0.47850496,  0.21480969, -0.04219867, -0.14247497, -0.08764772,
       -0.2370265 ,  0.07989253, -0.16114701, -0.06907364,  0.02624561,
        0.02212277,  0.16400859,  0.1107431 ,  0.12889403, -0.23845462]), array([-0.08896939,  0.13567994,  0.02521615,  0.27131733,  0.16362057,
       -0.2294777 , -0.5230601 , -0.04546902, -0.09007043,  0.27993015,
        0.65567294, -0.0463567 , -0.1865343 , -0.23042942, -0.07576989,
       -0.65249613,  0.01663098,  0.05740555,  0.46709396, -0.63871135,
        0.25561059,  0.37390584,  0.05894962,  0.04768543,  0.04850626,
       -0.1150688 , -0.09877607,  0.36686578, -0.12419004,  0.00884142,
        0.25004903, -0.15011924,  0.33702469, -0.2168586 , -0.13976806,
        0.17332366, -0.1298587 ,  0.16848792,  0.24221898, -0.28973629,
        0.36548654,  0.11762413, -0.15973043,  0.47611808,  0.11334404,
       -0.28453072, -0.00632285, -0.23967561, -0.20215076,  0.07976642,
       -0.16166018,  0.024903  ,  0.48630934, -0.1458976 , -0.20792605,
        0.59091528,  0.25054458, -0.2213184 ,  0.05539449,  0.2610413 ,
        0.18158337, -0.48809037,  0.13222609, -0.03623304,  0.00892222,
       -0.12796621, -0.16420559,  0.30981477,  0.14687226,  0.24583522,
       -0.12455849, -0.32077515, -0.29546987, -0.11981902,  0.62260748,
        0.05404911, -0.1334384 , -0.13967386,  0.08914502, -0.09588056,
       -0.303713  ,  0.07388077, -0.24671979, -0.21202312, -0.16064323,
        0.54178917, -0.08093467, -0.19665123, -0.21323488,  0.13435503,
       -0.19855941,  0.12627516, -0.14313808, -0.14486362,  0.08221344,
       -0.08983462,  0.24866846,  0.12733281,  0.01516368, -0.28632794]), array([ 0.07521624, -0.17106011, -0.02810349,  0.12677015,  0.13564547,
       -0.07128608, -0.07863728, -0.01079881, -0.2631166 ,  0.13126908,
        0.20663002,  0.06112693, -0.02628655, -0.22518882,  0.05743479,
       -0.17463479,  0.03021052, -0.20587373,  0.06958303, -0.21086642,
        0.2008431 ,  0.3458585 , -0.00868644,  0.10340706, -0.05727064,
       -0.20330842, -0.03180584,  0.17312988, -0.17328854, -0.08982276,
        0.08676534, -0.05038807, -0.12302556,  0.01366327, -0.0172991 ,
        0.20090621, -0.05010781,  0.0200648 ,  0.04384178,  0.08498386,
        0.23655113, -0.13486778, -0.12029641,  0.2018363 ,  0.00306725,
       -0.11280821, -0.10706376,  0.06218764, -0.21020194,  0.00116746,
       -0.11719757, -0.05869023,  0.2791336 ,  0.03540547, -0.05970235,
        0.0993622 ,  0.02234945, -0.19958989, -0.02001921, -0.04045118,
        0.1490498 , -0.19744838, -0.0111272 ,  0.08048356,  0.05327447,
       -0.03329933, -0.12864892,  0.07291082,  0.04416979,  0.18299075,
        0.01482491, -0.00061575, -0.03761056, -0.24214464,  0.16848517,
        0.03719985,  0.04573631, -0.00916536, -0.03673648, -0.00402188,
        0.11364755, -0.11816974, -0.03261859,  0.01379111, -0.06559989,
        0.27235927,  0.07494314, -0.13862929, -0.06271853, -0.02319695,
       -0.12789484, -0.00783741, -0.09860199,  0.00861178,  0.08131147,
       -0.00462692,  0.05730481, -0.02102353,  0.03747264, -0.18596054]), array([ -7.68583524e-02,  -5.51158678e-02,   4.44327789e-02,
         2.36744357e-01,   9.08565177e-02,  -1.22287712e-01,
        -1.86812251e-01,  -1.05138659e-01,  -1.49294755e-01,
        -8.76847986e-05,   2.83578671e-01,   1.36479277e-01,
        -1.84677657e-01,  -1.62296233e-01,  -8.19222986e-02,
        -3.88594736e-01,   6.12395736e-02,  -1.84276506e-01,
         1.78949357e-01,  -2.36558542e-01,   2.80233337e-01,
         2.54573695e-01,  -3.03618309e-02,   1.40177522e-01,
         5.04706471e-02,  -1.27642140e-01,   2.12205412e-02,
         3.36760067e-01,  -1.63883874e-01,  -4.67752755e-02,
         1.58564824e-01,  -4.11919304e-03,  -1.05631726e-01,
        -8.06375613e-02,   7.77020002e-03,   1.42659761e-01,
         5.57384023e-03,   1.88262448e-01,   8.28188753e-02,
         8.52918586e-02,   2.85991578e-01,   1.52792655e-01,
         5.71187629e-02,   2.86858717e-01,   5.49641095e-02,
        -2.36712156e-01,  -2.50017743e-01,  -2.50000134e-01,
         3.44514517e-03,  -7.28562406e-02,  -1.91056398e-01,
        -1.46865700e-01,   4.93822362e-01,  -3.34734216e-02,
        -7.46512777e-02,   4.31472403e-01,  -5.14947749e-02,
        -1.10909050e-01,   1.00514279e-01,   9.57350347e-02,
         4.22815344e-03,  -3.90333226e-01,   1.66122588e-01,
         1.53949083e-01,   2.60111956e-01,  -1.27074786e-01,
        -2.32879329e-01,   1.85297641e-01,   1.41831700e-01,
         2.53907920e-01,   1.16779875e-01,  -8.95762194e-02,
        -2.50979682e-01,   3.82260482e-02,   4.00006865e-01,
         2.39953118e-02,  -2.83268419e-02,  -1.11958033e-02,
         1.56060290e-01,  -7.83145411e-02,  -3.17575424e-02,
        -1.18123193e-01,   2.30258762e-02,  -1.38906561e-01,
        -2.62569598e-01,   4.76748439e-01,   4.45102373e-02,
         3.29698992e-02,  -2.39276760e-01,   9.75696019e-02,
        -2.63513786e-01,   1.11422073e-01,   5.59639301e-03,
         2.93830821e-02,   9.67811191e-02,   9.65527406e-02,
         2.07950371e-01,  -5.79057170e-02,   7.57267325e-02,
        -3.16015415e-01]), array([-0.00635733,  0.01064957, -0.05989302,  0.15543428,  0.05213283,
       -0.05658267, -0.1729858 , -0.01604551, -0.00259668,  0.01823864,
        0.15416629,  0.00868743,  0.02531122, -0.16337929, -0.04785446,
       -0.09852688, -0.02145664, -0.03360015,  0.07802651, -0.15556278,
        0.07140357,  0.19064974,  0.0827016 ,  0.03271692,  0.00538373,
       -0.16277111,  0.07472335,  0.04675269, -0.06475485,  0.01101843,
       -0.00756057,  0.10609117,  0.06441585, -0.06141732, -0.01715882,
        0.13154074, -0.00163206,  0.01538905,  0.03952782, -0.06280279,
        0.1239699 ,  0.05085461, -0.00454694,  0.15593745,  0.02449113,
       -0.07979115,  0.08310079, -0.09242202, -0.13471725, -0.0317575 ,
       -0.00556928, -0.02132207,  0.0878796 ,  0.02281876, -0.03109762,
        0.20160933,  0.14947003,  0.01200831, -0.02210996,  0.04129706,
        0.05946052, -0.10194073,  0.01303759,  0.07078772,  0.03744275,
       -0.04097061, -0.03093665, -0.02186485,  0.10038209,  0.00483543,
        0.0293618 ,  0.03025875,  0.01862614, -0.06672971,  0.22253589,
       -0.04397441, -0.0186754 , -0.00086847,  0.1627197 ,  0.04143202,
       -0.0181456 , -0.00729193, -0.08806078, -0.09518372, -0.13490545,
        0.22915038,  0.10901437, -0.02291147, -0.09277189, -0.08893299,
       -0.13316409,  0.23314494, -0.08019626, -0.05074917, -0.06551194,
        0.02982684,  0.05767056, -0.03200458, -0.01411974, -0.11115979]), array([  7.57926373e-02,  -1.58927248e-01,  -6.11184764e-03,
         1.17274295e-01,   1.64883872e-01,  -1.16177808e-01,
        -1.37596581e-01,  -2.80895757e-02,  -2.23023198e-01,
         1.59401918e-01,   2.10127568e-01,   8.04926117e-02,
         6.80692946e-03,  -2.62098633e-01,   6.11131190e-02,
        -2.08183042e-01,   5.13047751e-02,  -1.83046323e-01,
         7.37030881e-02,  -2.06127772e-01,   2.03594676e-01,
         3.86732779e-01,  -1.22818771e-02,   8.58537513e-02,
        -3.06123209e-02,  -1.73303696e-01,  -4.64501002e-02,
         1.85161458e-01,  -1.59808489e-01,  -8.76256579e-02,
         7.09532277e-02,  -8.10785163e-02,  -1.32101323e-01,
        -3.36193188e-02,  -1.08656018e-02,   2.08888341e-01,
        -5.21198504e-02,   1.08071499e-01,  -9.05656836e-03,
         1.22160509e-01,   2.64254343e-01,  -8.24650666e-02,
        -8.85401888e-02,   2.04528358e-01,   2.29157552e-02,
        -1.23859556e-01,  -1.17935481e-01,   3.34883817e-02,
        -2.12180592e-01,  -2.77660005e-02,  -9.42177217e-02,
        -3.49373940e-02,   2.95131086e-01,  -5.01906930e-03,
        -7.48671028e-02,   1.21771079e-01,   2.09163154e-02,
        -1.89323375e-01,  -2.11674771e-03,   1.47549946e-02,
         1.43966081e-01,  -1.91459129e-01,  -9.42305476e-03,
         1.18027070e-01,   3.23970803e-03,  -9.18225228e-03,
        -9.87858615e-02,   9.56308297e-02,   3.48976126e-02,
         2.43713114e-01,   4.58418470e-03,   5.20036081e-03,
        -3.77936011e-02,  -2.12983900e-01,   1.67784184e-01,
         9.71615139e-03,   1.04264905e-02,   2.20898999e-02,
        -5.49522374e-02,  -5.20517211e-02,   6.63913684e-02,
        -1.50917023e-01,  -1.68227116e-02,   3.80509727e-02,
        -4.80893908e-02,   2.73795728e-01,   2.66342511e-02,
        -1.00715962e-01,  -1.37393073e-01,  -3.41222883e-02,
        -1.20405557e-01,  -2.64290334e-02,  -1.20985961e-01,
        -3.62207178e-04,   3.44101542e-02,   2.09735915e-03,
         7.04238615e-02,  -1.06668400e-01,   2.07312271e-02,
        -2.36600447e-01]), array([-0.00684224, -0.13646076, -0.06635171,  0.32612018,  0.25729728,
       -0.11689955, -0.19895718, -0.16008755, -0.27527266,  0.17332566,
        0.46754134,  0.09055084, -0.21080766, -0.43478932, -0.0406251 ,
       -0.54604906,  0.11494986, -0.17738607,  0.33855556, -0.37834287,
        0.47597105,  0.4224435 ,  0.11364151,  0.07172212,  0.02081481,
       -0.39440848, -0.02825952,  0.43312074, -0.51259914, -0.15495356,
        0.17376547, -0.23989074, -0.02441903, -0.15796898, -0.1944384 ,
        0.27946923, -0.17478407,  0.08591372,  0.27421741,  0.02765903,
        0.63256342,  0.01148062, -0.15472983,  0.34052967, -0.13812611,
       -0.26119172, -0.14652096,  0.02734568, -0.40423236,  0.08135051,
       -0.1718859 ,  0.01093451,  0.42351703,  0.06703208,  0.01252454,
        0.25358708,  0.22648426, -0.33498936, -0.03121608, -0.00124815,
        0.28617211, -0.32559848, -0.18966695,  0.08639514,  0.05427875,
       -0.12031552, -0.23903754,  0.14904718,  0.02996499,  0.32284092,
       -0.10098735, -0.17095686, -0.12471958, -0.32246051,  0.26996169,
        0.05275107,  0.16448495, -0.05361472, -0.0646191 ,  0.04468444,
        0.09979284, -0.1151493 , -0.04790071, -0.11475494, -0.14390553,
        0.41590025,  0.13142315, -0.11612173, -0.17470037, -0.10213497,
       -0.34281583, -0.0111997 , -0.24772719,  0.08495448,  0.09757085,
       -0.11597764,  0.1787616 ,  0.03970836,  0.04273201, -0.37612356]), array([-0.16533643, -0.38158324,  0.17669399,  0.55130396,  0.56071048,
       -0.22303136, -0.33066639, -0.3939698 , -0.18503153,  0.49216314,
        0.45090526,  0.186817  , -0.32274885, -0.23208821,  0.1290955 ,
       -0.58737122,  0.27709891, -0.3251605 ,  0.22620273, -0.09669871,
        0.58134951,  0.85264816,  0.11979572,  0.30252721, -0.2364766 ,
       -0.22960579,  0.00409449,  0.66034464, -0.4726125 ,  0.14430094,
        0.04063174,  0.10175964, -0.08212515,  0.17345919,  0.03674868,
        0.12209333, -0.06784704,  0.25478019,  0.04901662, -0.04485968,
        0.2543271 ,  0.06129568,  0.14410255,  0.30568307, -0.27574906,
       -0.36917319, -0.29124235, -0.32894727, -0.3141814 , -0.08360197,
       -0.08495668, -0.28787157,  0.41341475, -0.13112796,  0.14153468,
        0.23632645, -0.06823071, -0.75778152,  0.28792959, -0.04878849,
        0.63724737, -0.27570021,  0.12281503,  0.13850226,  0.66185563,
       -0.42277324, -0.57151756,  0.23901502,  0.53137718, -0.05178522,
       -0.04372831,  0.3597773 , -0.25671563, -0.14582461,  0.37143284,
        0.53414332,  0.57760622, -0.11285988, -0.5450788 , -0.05715831,
       -0.04943925, -0.18352097,  0.5163048 , -0.57049401, -0.45673733,
        0.5367799 , -0.15062042,  0.14980507, -0.65655564,  0.19982267,
       -0.16735511,  0.13840293, -0.54083653,  0.43890704,  0.20854816,
        0.28453993,  0.09414735, -0.07099369,  0.24827401, -0.36903857]), array([ 0.05559466, -0.03492971,  0.13576182,  0.2414931 ,  0.21027693,
       -0.12032823, -0.04610087, -0.10068298, -0.23549069, -0.05779548,
        0.14144482,  0.02341554, -0.16588721, -0.09906057, -0.21306534,
       -0.21186267, -0.02660407, -0.16435611,  0.24720273, -0.30111012,
        0.16242335,  0.17740751,  0.18171295, -0.00218676,  0.13226774,
       -0.14813573,  0.01859084,  0.12908714, -0.09790447, -0.03355231,
        0.0424635 , -0.08643586,  0.00671994,  0.01204201, -0.0193816 ,
        0.19419883,  0.09757266, -0.00932136,  0.16907079, -0.01306981,
        0.44983945,  0.29377735, -0.00073705,  0.06681921, -0.17021216,
       -0.15591938, -0.04049616, -0.14432711,  0.04743856, -0.16752103,
       -0.1631925 , -0.05902801,  0.1691913 ,  0.0528188 ,  0.02660123,
        0.18633647,  0.20958909, -0.02191611, -0.05960142,  0.01622904,
       -0.05269774, -0.24138621,  0.01988367,  0.04018921,  0.18378937,
       -0.11499718, -0.24944809,  0.07674337,  0.18524293,  0.11357857,
       -0.06120772, -0.1315794 , -0.24944977, -0.12868727,  0.11121575,
        0.04756664, -0.04477562,  0.05012448,  0.04853756,  0.02281025,
       -0.02931556, -0.07625208, -0.05526612, -0.14795327, -0.08804026,
        0.18382645,  0.20912228,  0.09176525, -0.05465075, -0.03131903,
       -0.19950403,  0.06743711, -0.07464577, -0.07513998, -0.07327271,
        0.07441125,  0.20891863,  0.09942542,  0.03014994, -0.10521291]), None]
