[array([ 0.,  0.,  0.,  0.,  0.,  0.,  0.,  0.,  0.,  0.,  0.,  0.,  0.,
        0.,  0.,  0.,  0.,  0.,  0.,  0.,  0.,  0.,  0.,  0.,  0.,  0.,
        0.,  0.,  0.,  0.,  0.,  0.,  0.,  0.,  0.,  0.,  0.,  0.,  0.,
        0.,  0.,  0.,  0.,  0.,  0.,  0.,  0.,  0.,  0.,  0.,  0.,  0.,
        0.,  0.,  0.,  0.,  0.,  0.,  0.,  0.,  0.,  0.,  0.,  0.,  0.,
        0.,  0.,  0.,  0.,  0.,  0.,  0.,  0.,  0.,  0.,  0.,  0.,  0.,
        0.,  0.,  0.,  0.,  0.,  0.,  0.,  0.,  0.,  0.,  0.,  0.,  0.,
        0.,  0.,  0.,  0.,  0.,  0.,  0.,  0.,  0.], dtype=float32), array([ 0.,  0.,  0.,  0.,  0.,  0.,  0.,  0.,  0.,  0.,  0.,  0.,  0.,
        0.,  0.,  0.,  0.,  0.,  0.,  0.,  0.,  0.,  0.,  0.,  0.,  0.,
        0.,  0.,  0.,  0.,  0.,  0.,  0.,  0.,  0.,  0.,  0.,  0.,  0.,
        0.,  0.,  0.,  0.,  0.,  0.,  0.,  0.,  0.,  0.,  0.,  0.,  0.,
        0.,  0.,  0.,  0.,  0.,  0.,  0.,  0.,  0.,  0.,  0.,  0.,  0.,
        0.,  0.,  0.,  0.,  0.,  0.,  0.,  0.,  0.,  0.,  0.,  0.,  0.,
        0.,  0.,  0.,  0.,  0.,  0.,  0.,  0.,  0.,  0.,  0.,  0.,  0.,
        0.,  0.,  0.,  0.,  0.,  0.,  0.,  0.,  0.], dtype=float32), array([ 0.,  0.,  0.,  0.,  0.,  0.,  0.,  0.,  0., -0.,  0.,  0.,  0.,
        0.,  0.,  0.,  0.,  0.,  0.,  0.,  0.,  0.,  0.,  0.,  0.,  0.,
        0.,  0.,  0.,  0.,  0.,  0.,  0.,  0.,  0.,  0.,  0.,  0.,  0.,
        0.,  0.,  0.,  0.,  0.,  0.,  0.,  0.,  0.,  0.,  0.,  0.,  0.,
        0.,  0.,  0.,  0.,  0.,  0.,  0.,  0.,  0.,  0.,  0.,  0.,  0.,
        0.,  0.,  0.,  0.,  0.,  0.,  0.,  0.,  0.,  0.,  0.,  0.,  0.,
        0.,  0.,  0.,  0.,  0.,  0.,  0.,  0.,  0.,  0.,  0.,  0.,  0.,
        0.,  0.,  0.,  0.,  0.,  0.,  0.,  0.,  0.], dtype=float32), array([  4.10712237e-05,  -3.11936383e-05,  -9.55309442e-05,
         7.73220308e-05,   1.11157082e-04,   6.47894994e-05,
        -6.28718408e-05,   1.16219935e-05,   2.14699321e-04,
        -9.32640069e-06,  -6.01089669e-05,  -1.42552468e-04,
        -1.49988900e-05,  -1.83619864e-04,   1.22294296e-04,
         1.31373672e-04,  -9.95392038e-05,  -5.28665005e-05,
         8.79214422e-05,   2.48723245e-05,  -1.04382321e-04,
         6.74954645e-05,   1.40540054e-04,   1.47941237e-05,
         4.30668733e-05,   5.56458654e-05,   1.01958227e-04,
         2.18359070e-04,  -2.18411646e-04,  -7.60959592e-05,
         1.20031968e-04,   4.83391595e-05,  -3.92152288e-05,
        -4.26337610e-05,  -8.66562696e-05,  -9.78313437e-06,
         4.99502567e-05,   2.65064955e-05,  -4.25271173e-05,
        -8.70671865e-05,  -9.21283136e-05,   4.50420011e-05,
        -1.90634237e-05,   1.71094089e-05,  -3.76951430e-05,
         1.11864269e-04,  -2.24255258e-04,   1.83864016e-04,
        -1.43637721e-04,   8.99548249e-05,  -7.86775781e-05,
        -7.95993401e-05,   1.39842334e-04,   3.61238963e-05,
        -3.43485517e-05,   1.14512615e-04,   7.83595315e-05,
         1.24927765e-05,  -1.29874184e-04,  -1.51488330e-05,
        -1.03442013e-04,   1.14088718e-04,   9.45063948e-06,
        -5.91379066e-05,   1.02695543e-04,   1.13245194e-04,
        -1.14253227e-04,   2.28714343e-05,  -6.29138549e-06,
        -7.80773553e-05,   1.40630567e-04,   7.44698336e-05,
        -3.10863215e-05,   1.07777887e-04,   1.74573688e-05,
        -3.28184324e-05,  -9.17928628e-05,   7.37955343e-05,
         1.06461208e-04,   1.05028652e-04,  -4.29803840e-05,
        -8.16830652e-06,  -1.08822423e-04,  -1.64524026e-05,
        -3.35400473e-05,   3.13131477e-06,  -1.63626300e-05,
        -5.91458920e-05,  -2.36503896e-04,   1.32120695e-04,
        -1.21189434e-04,  -1.63405624e-04,   3.00777901e-05,
        -2.12507774e-04,  -1.09829307e-04,  -5.58253159e-05,
        -9.09305745e-05,   9.88646716e-05,   6.81628590e-05,
         1.93619650e-04], dtype=float32), array([ 0.,  0.,  0.,  0.,  0.,  0.,  0.,  0.,  0.,  0.,  0.,  0.,  0.,
        0.,  0.,  0.,  0.,  0.,  0.,  0.,  0.,  0.,  0.,  0.,  0.,  0.,
        0.,  0.,  0.,  0.,  0.,  0.,  0.,  0.,  0.,  0.,  0.,  0.,  0.,
        0.,  0.,  0.,  0.,  0.,  0.,  0.,  0.,  0.,  0.,  0.,  0.,  0.,
        0.,  0.,  0.,  0.,  0.,  0.,  0.,  0.,  0.,  0.,  0.,  0.,  0.,
        0.,  0.,  0.,  0.,  0.,  0.,  0.,  0.,  0.,  0.,  0.,  0.,  0.,
        0.,  0.,  0.,  0.,  0.,  0.,  0.,  0.,  0.,  0.,  0.,  0.,  0.,
        0.,  0.,  0.,  0.,  0.,  0.,  0.,  0.,  0.], dtype=float32), array([  4.10712237e-05,  -3.11936383e-05,  -9.55309442e-05,
         7.73220308e-05,   1.11157082e-04,   6.47894994e-05,
        -6.28718408e-05,   1.16219935e-05,   2.14699321e-04,
        -9.32640069e-06,  -6.01089669e-05,  -1.42552468e-04,
        -1.49988900e-05,  -1.83619864e-04,   1.22294296e-04,
         1.31373672e-04,  -9.95392038e-05,  -5.28665005e-05,
         8.79214422e-05,   2.48723245e-05,  -1.04382321e-04,
         6.74954645e-05,   1.40540054e-04,   1.47941237e-05,
         4.30668733e-05,   5.56458654e-05,   1.01958227e-04,
         2.18359070e-04,  -2.18411646e-04,  -7.60959592e-05,
         1.20031968e-04,   4.83391595e-05,  -3.92152288e-05,
        -4.26337610e-05,  -8.66562696e-05,  -9.78313437e-06,
         4.99502567e-05,   2.65064955e-05,  -4.25271173e-05,
        -8.70671865e-05,  -9.21283136e-05,   4.50420011e-05,
        -1.90634237e-05,   1.71094089e-05,  -3.76951430e-05,
         1.11864269e-04,  -2.24255258e-04,   1.83864016e-04,
        -1.43637721e-04,   8.99548249e-05,  -7.86775781e-05,
        -7.95993401e-05,   1.39842334e-04,   3.61238963e-05,
        -3.43485517e-05,   1.14512615e-04,   7.83595315e-05,
         1.24927765e-05,  -1.29874184e-04,  -1.51488330e-05,
        -1.03442013e-04,   1.14088718e-04,   9.45063948e-06,
        -5.91379066e-05,   1.02695543e-04,   1.13245194e-04,
        -1.14253227e-04,   2.28714343e-05,  -6.29138549e-06,
        -7.80773553e-05,   1.40630567e-04,   7.44698336e-05,
        -3.10863215e-05,   1.07777887e-04,   1.74573688e-05,
        -3.28184324e-05,  -9.17928628e-05,   7.37955343e-05,
         1.06461208e-04,   1.05028652e-04,  -4.29803840e-05,
        -8.16830652e-06,  -1.08822423e-04,  -1.64524026e-05,
        -3.35400473e-05,   3.13131477e-06,  -1.63626300e-05,
        -5.91458920e-05,  -2.36503896e-04,   1.32120695e-04,
        -1.21189434e-04,  -1.63405624e-04,   3.00777901e-05,
        -2.12507774e-04,  -1.09829307e-04,  -5.58253159e-05,
        -9.09305745e-05,   9.88646716e-05,   6.81628590e-05,
         1.93619650e-04], dtype=float32), array([ 0.,  0.,  0.,  0.,  0.,  0.,  0.,  0.,  0.,  0., -0.,  0.,  0.,
        0.,  0.,  0.,  0.,  0.,  0.,  0.,  0.,  0.,  0.,  0.,  0.,  0.,
        0.,  0.,  0.,  0.,  0.,  0.,  0.,  0.,  0.,  0.,  0.,  0.,  0.,
        0.,  0.,  0.,  0.,  0.,  0.,  0.,  0.,  0.,  0.,  0.,  0.,  0.,
        0.,  0.,  0.,  0.,  0.,  0.,  0.,  0.,  0.,  0.,  0.,  0.,  0.,
        0.,  0.,  0.,  0.,  0.,  0.,  0.,  0.,  0.,  0.,  0.,  0.,  0.,
        0.,  0.,  0.,  0.,  0.,  0.,  0.,  0.,  0.,  0.,  0.,  0.,  0.,
        0.,  0.,  0.,  0.,  0.,  0.,  0.,  0.,  0.], dtype=float32), array([ 0.,  0.,  0.,  0.,  0.,  0.,  0.,  0.,  0.,  0.,  0.,  0.,  0.,
        0.,  0.,  0.,  0.,  0.,  0.,  0.,  0.,  0.,  0.,  0.,  0.,  0.,
        0.,  0.,  0.,  0.,  0.,  0.,  0.,  0.,  0.,  0.,  0.,  0.,  0.,
        0.,  0.,  0.,  0.,  0.,  0.,  0.,  0.,  0.,  0.,  0.,  0.,  0.,
        0.,  0.,  0.,  0.,  0.,  0.,  0.,  0.,  0.,  0.,  0.,  0.,  0.,
        0.,  0.,  0.,  0.,  0.,  0.,  0.,  0.,  0.,  0.,  0.,  0.,  0.,
        0.,  0.,  0.,  0.,  0.,  0.,  0.,  0.,  0.,  0.,  0.,  0.,  0.,
        0.,  0.,  0.,  0.,  0.,  0.,  0.,  0.,  0.], dtype=float32), array([ -8.72275778e-05,   1.31607725e-04,   2.79794731e-05,
        -3.69010304e-05,  -2.35097847e-04,  -1.05059502e-04,
         1.43376761e-04,  -6.28716152e-05,  -1.28339714e-04,
        -9.86728628e-06,   1.00572397e-04,  -1.66867962e-04,
         1.21321427e-04,  -5.23391973e-05,  -1.59311865e-04,
        -2.82570218e-05,   1.75375008e-05,  -9.19797603e-05,
        -1.96008841e-05,  -5.87919712e-05,  -2.43229282e-04,
        -1.68365048e-04,   1.03166138e-04,   8.62502638e-05,
        -1.27124425e-04,   6.42083432e-06,   3.10599644e-05,
        -5.16655164e-05,   8.59913489e-05,   2.45196188e-05,
         4.55168192e-05,  -1.12087720e-04,   8.33510057e-06,
         5.96435893e-05,  -1.32337482e-05,   5.53017344e-05,
         5.22159498e-05,  -3.60038575e-05,   1.01429039e-04,
         6.36722834e-05,   1.56269758e-04,   9.49853711e-05,
         1.11477430e-05,  -8.42549616e-06,   9.04500484e-06,
         1.93398912e-04,  -1.48204534e-04,  -5.56648738e-05,
        -3.36900594e-05,  -1.62717246e-04,   9.59866084e-05,
         8.31002471e-05,   7.74181099e-05,  -4.92431282e-05,
        -1.35524033e-05,  -2.53212656e-05,  -1.69129926e-04,
        -1.92074527e-04,  -1.06745654e-04,  -5.46488591e-05,
         8.19302441e-05,  -8.37685293e-05,  -1.83701282e-04,
        -5.88496696e-05,  -5.93048062e-05,  -5.81074346e-05,
         7.34214773e-05,   3.27223424e-05,   4.58544964e-05,
         4.72588981e-05,   4.33837995e-05,   8.75969272e-05,
        -2.16293720e-05,  -4.12708396e-05,  -1.38490912e-04,
        -6.54916366e-05,   2.39115088e-05,  -5.29125937e-05,
        -6.04980196e-05,  -1.87132260e-04,   8.29540877e-05,
        -1.41392384e-05,  -2.75984003e-05,   3.26804402e-05,
         1.87635651e-05,   1.75957932e-04,  -1.12931390e-04,
        -2.89736818e-05,   8.23360024e-05,   9.78617463e-05,
        -2.20001079e-04,   1.05358794e-07,   1.06489948e-04,
         3.95789284e-05,   1.30235887e-04,   2.65726740e-05,
         1.59384741e-04,   7.42408884e-06,   9.62417325e-05,
         1.93060798e-04], dtype=float32), array([ 0.,  0.,  0.,  0.,  0.,  0.,  0.,  0.,  0.,  0.,  0.,  0.,  0.,
        0.,  0.,  0.,  0.,  0.,  0.,  0.,  0.,  0.,  0.,  0.,  0.,  0.,
        0.,  0.,  0.,  0.,  0.,  0.,  0.,  0.,  0.,  0.,  0.,  0.,  0.,
        0.,  0.,  0.,  0.,  0.,  0.,  0.,  0.,  0.,  0.,  0.,  0.,  0.,
        0.,  0.,  0.,  0.,  0.,  0.,  0.,  0.,  0.,  0.,  0.,  0.,  0.,
        0.,  0.,  0.,  0.,  0.,  0.,  0.,  0.,  0.,  0.,  0.,  0.,  0.,
        0.,  0.,  0.,  0.,  0.,  0.,  0.,  0.,  0.,  0.,  0.,  0.,  0.,
        0.,  0.,  0.,  0.,  0.,  0.,  0.,  0.,  0.], dtype=float32), array([ 0.,  0.,  0.,  0.,  0.,  0.,  0.,  0.,  0.,  0.,  0.,  0.,  0.,
        0.,  0.,  0.,  0.,  0.,  0.,  0.,  0.,  0.,  0.,  0.,  0.,  0.,
        0.,  0.,  0.,  0.,  0.,  0.,  0.,  0.,  0.,  0.,  0.,  0.,  0.,
        0.,  0.,  0.,  0.,  0.,  0.,  0.,  0.,  0.,  0.,  0.,  0.,  0.,
        0.,  0.,  0.,  0.,  0.,  0.,  0.,  0.,  0.,  0.,  0.,  0.,  0.,
        0.,  0.,  0.,  0.,  0.,  0.,  0.,  0.,  0.,  0.,  0.,  0.,  0.,
        0.,  0.,  0.,  0.,  0.,  0.,  0.,  0.,  0.,  0.,  0.,  0.,  0.,
        0.,  0.,  0.,  0.,  0.,  0.,  0.,  0.,  0.], dtype=float32), array([ 0.,  0.,  0.,  0.,  0.,  0.,  0.,  0.,  0.,  0.,  0.,  0.,  0.,
        0.,  0.,  0.,  0.,  0.,  0.,  0.,  0.,  0.,  0.,  0.,  0.,  0.,
        0.,  0.,  0.,  0.,  0.,  0.,  0.,  0.,  0.,  0.,  0.,  0.,  0.,
        0.,  0.,  0.,  0.,  0.,  0.,  0.,  0.,  0.,  0.,  0.,  0.,  0.,
        0.,  0.,  0.,  0.,  0.,  0.,  0.,  0.,  0.,  0.,  0.,  0.,  0.,
        0.,  0.,  0.,  0.,  0.,  0.,  0.,  0.,  0.,  0.,  0.,  0.,  0.,
        0.,  0.,  0.,  0.,  0.,  0.,  0.,  0.,  0.,  0.,  0.,  0.,  0.,
        0.,  0.,  0.,  0.,  0.,  0.,  0.,  0.,  0.], dtype=float32), array([ 0.,  0.,  0.,  0.,  0.,  0.,  0.,  0.,  0.,  0.,  0.,  0.,  0.,
        0.,  0.,  0.,  0.,  0.,  0.,  0.,  0.,  0.,  0.,  0.,  0.,  0.,
        0.,  0.,  0.,  0.,  0.,  0.,  0.,  0.,  0.,  0.,  0.,  0.,  0.,
        0.,  0.,  0.,  0.,  0.,  0.,  0.,  0.,  0.,  0.,  0.,  0.,  0.,
        0.,  0.,  0.,  0.,  0.,  0.,  0.,  0.,  0.,  0.,  0.,  0.,  0.,
        0.,  0.,  0.,  0.,  0.,  0.,  0.,  0.,  0.,  0.,  0.,  0.,  0.,
        0.,  0.,  0.,  0.,  0.,  0.,  0.,  0.,  0.,  0.,  0.,  0.,  0.,
        0.,  0.,  0.,  0.,  0.,  0.,  0.,  0.,  0.], dtype=float32), array([ 0.,  0.,  0.,  0.,  0.,  0.,  0.,  0.,  0.,  0.,  0.,  0.,  0.,
        0.,  0.,  0.,  0.,  0.,  0.,  0.,  0.,  0.,  0.,  0.,  0.,  0.,
        0.,  0.,  0.,  0.,  0.,  0.,  0.,  0.,  0.,  0.,  0.,  0.,  0.,
        0.,  0.,  0.,  0.,  0.,  0.,  0.,  0.,  0.,  0.,  0.,  0.,  0.,
        0.,  0.,  0.,  0.,  0.,  0.,  0.,  0.,  0.,  0.,  0.,  0.,  0.,
        0.,  0.,  0.,  0.,  0.,  0.,  0.,  0.,  0.,  0.,  0.,  0.,  0.,
        0.,  0.,  0.,  0.,  0.,  0.,  0.,  0.,  0.,  0.,  0.,  0., -0.,
        0.,  0.,  0.,  0.,  0.,  0.,  0.,  0.,  0.], dtype=float32), array([ 0.,  0.,  0.,  0.,  0.,  0.,  0.,  0.,  0.,  0., -0.,  0.,  0.,
        0.,  0.,  0.,  0.,  0.,  0.,  0.,  0.,  0.,  0.,  0.,  0.,  0.,
        0.,  0.,  0.,  0.,  0.,  0.,  0.,  0.,  0.,  0.,  0.,  0.,  0.,
        0.,  0.,  0.,  0.,  0.,  0.,  0.,  0.,  0.,  0.,  0.,  0.,  0.,
        0.,  0.,  0.,  0.,  0.,  0.,  0.,  0.,  0.,  0.,  0.,  0.,  0.,
        0.,  0.,  0.,  0.,  0.,  0.,  0.,  0.,  0.,  0.,  0.,  0.,  0.,
        0.,  0.,  0.,  0.,  0.,  0.,  0.,  0.,  0.,  0.,  0.,  0.,  0.,
        0.,  0.,  0.,  0.,  0.,  0.,  0.,  0.,  0.], dtype=float32), array([ 0.,  0.,  0.,  0.,  0.,  0.,  0.,  0.,  0.,  0.,  0.,  0.,  0.,
        0.,  0.,  0.,  0.,  0.,  0.,  0.,  0.,  0.,  0.,  0.,  0.,  0.,
        0.,  0.,  0.,  0.,  0.,  0.,  0.,  0.,  0.,  0.,  0.,  0.,  0.,
        0.,  0.,  0.,  0.,  0.,  0.,  0.,  0.,  0.,  0.,  0.,  0.,  0.,
        0.,  0.,  0.,  0.,  0.,  0.,  0.,  0.,  0.,  0.,  0.,  0.,  0.,
        0.,  0.,  0.,  0.,  0.,  0.,  0.,  0.,  0.,  0.,  0.,  0.,  0.,
        0.,  0.,  0.,  0.,  0.,  0.,  0.,  0.,  0.,  0.,  0.,  0.,  0.,
        0.,  0.,  0.,  0.,  0.,  0.,  0.,  0.,  0.], dtype=float32), array([  4.10712237e-05,  -3.11936383e-05,  -9.55309442e-05,
         7.73220308e-05,   1.11157082e-04,   6.47894994e-05,
        -6.28718408e-05,   1.16219935e-05,   2.14699321e-04,
        -9.32640069e-06,  -6.01089669e-05,  -1.42552468e-04,
        -1.49988900e-05,  -1.83619864e-04,   1.22294296e-04,
         1.31373672e-04,  -9.95392038e-05,  -5.28665005e-05,
         8.79214422e-05,   2.48723245e-05,  -1.04382321e-04,
         6.74954645e-05,   1.40540054e-04,   1.47941237e-05,
         4.30668733e-05,   5.56458654e-05,   1.01958227e-04,
         2.18359070e-04,  -2.18411646e-04,  -7.60959592e-05,
         1.20031968e-04,   4.83391595e-05,  -3.92152288e-05,
        -4.26337610e-05,  -8.66562696e-05,  -9.78313437e-06,
         4.99502567e-05,   2.65064955e-05,  -4.25271173e-05,
        -8.70671865e-05,  -9.21283136e-05,   4.50420011e-05,
        -1.90634237e-05,   1.71094089e-05,  -3.76951430e-05,
         1.11864269e-04,  -2.24255258e-04,   1.83864016e-04,
        -1.43637721e-04,   8.99548249e-05,  -7.86775781e-05,
        -7.95993401e-05,   1.39842334e-04,   3.61238963e-05,
        -3.43485517e-05,   1.14512615e-04,   7.83595315e-05,
         1.24927765e-05,  -1.29874184e-04,  -1.51488330e-05,
        -1.03442013e-04,   1.14088718e-04,   9.45063948e-06,
        -5.91379066e-05,   1.02695543e-04,   1.13245194e-04,
        -1.14253227e-04,   2.28714343e-05,  -6.29138549e-06,
        -7.80773553e-05,   1.40630567e-04,   7.44698336e-05,
        -3.10863215e-05,   1.07777887e-04,   1.74573688e-05,
        -3.28184324e-05,  -9.17928628e-05,   7.37955343e-05,
         1.06461208e-04,   1.05028652e-04,  -4.29803840e-05,
        -8.16830652e-06,  -1.08822423e-04,  -1.64524026e-05,
        -3.35400473e-05,   3.13131477e-06,  -1.63626300e-05,
        -5.91458920e-05,  -2.36503896e-04,   1.32120695e-04,
        -1.21189434e-04,  -1.63405624e-04,   3.00777901e-05,
        -2.12507774e-04,  -1.09829307e-04,  -5.58253159e-05,
        -9.09305745e-05,   9.88646716e-05,   6.81628590e-05,
         1.93619650e-04], dtype=float32), array([ 0.,  0.,  0.,  0.,  0.,  0.,  0.,  0.,  0.,  0.,  0.,  0.,  0.,
        0.,  0.,  0.,  0.,  0.,  0.,  0.,  0.,  0.,  0.,  0.,  0.,  0.,
        0.,  0.,  0.,  0.,  0.,  0.,  0.,  0.,  0.,  0.,  0.,  0.,  0.,
        0.,  0.,  0.,  0.,  0.,  0.,  0.,  0.,  0.,  0.,  0.,  0.,  0.,
        0.,  0.,  0.,  0.,  0.,  0.,  0.,  0.,  0.,  0.,  0.,  0.,  0.,
        0.,  0.,  0.,  0.,  0.,  0.,  0.,  0.,  0.,  0.,  0.,  0.,  0.,
        0.,  0.,  0.,  0.,  0.,  0.,  0.,  0.,  0.,  0.,  0.,  0.,  0.,
        0.,  0.,  0.,  0.,  0.,  0.,  0.,  0.,  0.], dtype=float32), array([ 0.,  0.,  0.,  0.,  0.,  0.,  0.,  0.,  0.,  0.,  0.,  0.,  0.,
        0.,  0.,  0.,  0.,  0.,  0.,  0.,  0.,  0.,  0.,  0.,  0.,  0.,
        0.,  0.,  0.,  0.,  0.,  0.,  0.,  0.,  0.,  0.,  0.,  0.,  0.,
        0.,  0.,  0.,  0.,  0.,  0.,  0.,  0.,  0.,  0.,  0.,  0.,  0.,
        0.,  0.,  0.,  0.,  0.,  0.,  0.,  0.,  0.,  0.,  0.,  0.,  0.,
        0.,  0.,  0.,  0.,  0.,  0.,  0.,  0.,  0.,  0.,  0.,  0.,  0.,
        0.,  0.,  0.,  0.,  0.,  0.,  0.,  0.,  0.,  0.,  0.,  0.,  0.,
        0.,  0.,  0.,  0.,  0.,  0.,  0.,  0.,  0.], dtype=float32), array([ 0.,  0.,  0.,  0.,  0.,  0.,  0.,  0.,  0.,  0.,  0.,  0.,  0.,
        0.,  0.,  0.,  0.,  0.,  0.,  0.,  0.,  0.,  0.,  0.,  0.,  0.,
        0.,  0.,  0.,  0.,  0.,  0.,  0.,  0.,  0.,  0.,  0.,  0.,  0.,
        0.,  0.,  0.,  0.,  0.,  0.,  0.,  0.,  0.,  0.,  0.,  0.,  0.,
        0.,  0.,  0.,  0.,  0.,  0.,  0.,  0.,  0.,  0.,  0.,  0.,  0.,
        0.,  0.,  0.,  0.,  0.,  0.,  0.,  0.,  0.,  0.,  0.,  0.,  0.,
        0.,  0.,  0.,  0.,  0.,  0.,  0.,  0.,  0.,  0.,  0.,  0.,  0.,
        0.,  0.,  0.,  0.,  0.,  0.,  0.,  0.,  0.], dtype=float32), array([  4.10712237e-05,  -3.11936383e-05,  -9.55309442e-05,
         7.73220308e-05,   1.11157082e-04,   6.47894994e-05,
        -6.28718408e-05,   1.16219935e-05,   2.14699321e-04,
        -9.32640069e-06,  -6.01089669e-05,  -1.42552468e-04,
        -1.49988900e-05,  -1.83619864e-04,   1.22294296e-04,
         1.31373672e-04,  -9.95392038e-05,  -5.28665005e-05,
         8.79214422e-05,   2.48723245e-05,  -1.04382321e-04,
         6.74954645e-05,   1.40540054e-04,   1.47941237e-05,
         4.30668733e-05,   5.56458654e-05,   1.01958227e-04,
         2.18359070e-04,  -2.18411646e-04,  -7.60959592e-05,
         1.20031968e-04,   4.83391595e-05,  -3.92152288e-05,
        -4.26337610e-05,  -8.66562696e-05,  -9.78313437e-06,
         4.99502567e-05,   2.65064955e-05,  -4.25271173e-05,
        -8.70671865e-05,  -9.21283136e-05,   4.50420011e-05,
        -1.90634237e-05,   1.71094089e-05,  -3.76951430e-05,
         1.11864269e-04,  -2.24255258e-04,   1.83864016e-04,
        -1.43637721e-04,   8.99548249e-05,  -7.86775781e-05,
        -7.95993401e-05,   1.39842334e-04,   3.61238963e-05,
        -3.43485517e-05,   1.14512615e-04,   7.83595315e-05,
         1.24927765e-05,  -1.29874184e-04,  -1.51488330e-05,
        -1.03442013e-04,   1.14088718e-04,   9.45063948e-06,
        -5.91379066e-05,   1.02695543e-04,   1.13245194e-04,
        -1.14253227e-04,   2.28714343e-05,  -6.29138549e-06,
        -7.80773553e-05,   1.40630567e-04,   7.44698336e-05,
        -3.10863215e-05,   1.07777887e-04,   1.74573688e-05,
        -3.28184324e-05,  -9.17928628e-05,   7.37955343e-05,
         1.06461208e-04,   1.05028652e-04,  -4.29803840e-05,
        -8.16830652e-06,  -1.08822423e-04,  -1.64524026e-05,
        -3.35400473e-05,   3.13131477e-06,  -1.63626300e-05,
        -5.91458920e-05,  -2.36503896e-04,   1.32120695e-04,
        -1.21189434e-04,  -1.63405624e-04,   3.00777901e-05,
        -2.12507774e-04,  -1.09829307e-04,  -5.58253159e-05,
        -9.09305745e-05,   9.88646716e-05,   6.81628590e-05,
         1.93619650e-04], dtype=float32), array([ 0.,  0.,  0.,  0.,  0.,  0.,  0.,  0.,  0.,  0.,  0.,  0.,  0.,
        0.,  0.,  0.,  0.,  0.,  0.,  0.,  0.,  0.,  0.,  0., -0.,  0.,
        0.,  0.,  0.,  0.,  0.,  0.,  0.,  0.,  0.,  0.,  0.,  0.,  0.,
        0.,  0.,  0.,  0.,  0.,  0.,  0.,  0.,  0.,  0.,  0.,  0.,  0.,
        0.,  0.,  0.,  0.,  0.,  0.,  0.,  0.,  0.,  0.,  0.,  0.,  0.,
        0.,  0.,  0.,  0.,  0.,  0.,  0.,  0.,  0.,  0.,  0.,  0.,  0.,
        0.,  0.,  0.,  0.,  0.,  0.,  0.,  0.,  0.,  0.,  0.,  0.,  0.,
        0.,  0.,  0.,  0.,  0.,  0.,  0.,  0.,  0.], dtype=float32), array([ 0.,  0.,  0.,  0.,  0.,  0.,  0.,  0.,  0.,  0.,  0.,  0.,  0.,
        0.,  0.,  0.,  0.,  0.,  0.,  0.,  0.,  0.,  0.,  0.,  0.,  0.,
        0., -0.,  0.,  0.,  0.,  0.,  0.,  0.,  0.,  0.,  0.,  0.,  0.,
        0.,  0.,  0.,  0.,  0.,  0.,  0.,  0.,  0.,  0.,  0.,  0.,  0.,
        0.,  0.,  0.,  0.,  0.,  0.,  0.,  0.,  0.,  0.,  0.,  0.,  0.,
        0.,  0.,  0.,  0.,  0.,  0.,  0.,  0.,  0.,  0.,  0.,  0.,  0.,
        0.,  0.,  0.,  0.,  0.,  0.,  0.,  0.,  0.,  0.,  0.,  0., -0.,
        0.,  0.,  0.,  0.,  0.,  0.,  0.,  0.,  0.], dtype=float32), array([ 0.,  0.,  0.,  0.,  0.,  0.,  0.,  0.,  0.,  0.,  0.,  0.,  0.,
        0.,  0.,  0.,  0.,  0.,  0.,  0.,  0.,  0.,  0.,  0.,  0.,  0.,
        0.,  0.,  0.,  0.,  0.,  0.,  0.,  0.,  0.,  0.,  0.,  0.,  0.,
        0.,  0.,  0.,  0.,  0.,  0.,  0.,  0.,  0.,  0.,  0.,  0.,  0.,
        0.,  0.,  0.,  0.,  0.,  0.,  0.,  0.,  0.,  0.,  0.,  0.,  0.,
        0.,  0.,  0.,  0.,  0.,  0.,  0.,  0.,  0.,  0.,  0.,  0.,  0.,
        0.,  0.,  0.,  0.,  0.,  0.,  0.,  0.,  0.,  0.,  0.,  0.,  0.,
        0.,  0.,  0.,  0.,  0.,  0.,  0.,  0.,  0.], dtype=float32), array([ 0.,  0.,  0.,  0.,  0.,  0.,  0.,  0.,  0.,  0.,  0.,  0.,  0.,
        0.,  0.,  0.,  0.,  0.,  0.,  0.,  0.,  0.,  0.,  0.,  0.,  0.,
        0.,  0.,  0.,  0.,  0.,  0.,  0.,  0.,  0.,  0.,  0.,  0.,  0.,
        0.,  0.,  0.,  0.,  0.,  0.,  0.,  0.,  0.,  0.,  0.,  0.,  0.,
        0.,  0.,  0.,  0.,  0.,  0.,  0.,  0.,  0.,  0.,  0.,  0.,  0.,
        0.,  0.,  0.,  0.,  0.,  0.,  0.,  0.,  0.,  0.,  0.,  0.,  0.,
        0.,  0.,  0.,  0.,  0.,  0.,  0.,  0.,  0.,  0.,  0.,  0.,  0.,
        0.,  0.,  0.,  0.,  0.,  0.,  0.,  0.,  0.], dtype=float32), array([ 0.,  0.,  0.,  0.,  0.,  0.,  0.,  0.,  0.,  0.,  0.,  0.,  0.,
        0.,  0.,  0.,  0.,  0.,  0.,  0.,  0.,  0.,  0.,  0.,  0.,  0.,
        0.,  0.,  0.,  0.,  0.,  0.,  0.,  0.,  0.,  0.,  0.,  0.,  0.,
        0.,  0.,  0.,  0.,  0.,  0.,  0.,  0.,  0.,  0.,  0.,  0.,  0.,
        0.,  0.,  0.,  0.,  0.,  0.,  0.,  0.,  0.,  0.,  0.,  0.,  0.,
        0.,  0.,  0.,  0.,  0.,  0.,  0.,  0.,  0.,  0.,  0.,  0.,  0.,
        0.,  0.,  0.,  0.,  0.,  0.,  0.,  0.,  0.,  0.,  0.,  0.,  0.,
        0.,  0.,  0.,  0.,  0.,  0.,  0.,  0.,  0.], dtype=float32), array([  4.10712237e-05,  -3.11936383e-05,  -9.55309442e-05,
         7.73220308e-05,   1.11157082e-04,   6.47894994e-05,
        -6.28718408e-05,   1.16219935e-05,   2.14699321e-04,
        -9.32640069e-06,  -6.01089669e-05,  -1.42552468e-04,
        -1.49988900e-05,  -1.83619864e-04,   1.22294296e-04,
         1.31373672e-04,  -9.95392038e-05,  -5.28665005e-05,
         8.79214422e-05,   2.48723245e-05,  -1.04382321e-04,
         6.74954645e-05,   1.40540054e-04,   1.47941237e-05,
         4.30668733e-05,   5.56458654e-05,   1.01958227e-04,
         2.18359070e-04,  -2.18411646e-04,  -7.60959592e-05,
         1.20031968e-04,   4.83391595e-05,  -3.92152288e-05,
        -4.26337610e-05,  -8.66562696e-05,  -9.78313437e-06,
         4.99502567e-05,   2.65064955e-05,  -4.25271173e-05,
        -8.70671865e-05,  -9.21283136e-05,   4.50420011e-05,
        -1.90634237e-05,   1.71094089e-05,  -3.76951430e-05,
         1.11864269e-04,  -2.24255258e-04,   1.83864016e-04,
        -1.43637721e-04,   8.99548249e-05,  -7.86775781e-05,
        -7.95993401e-05,   1.39842334e-04,   3.61238963e-05,
        -3.43485517e-05,   1.14512615e-04,   7.83595315e-05,
         1.24927765e-05,  -1.29874184e-04,  -1.51488330e-05,
        -1.03442013e-04,   1.14088718e-04,   9.45063948e-06,
        -5.91379066e-05,   1.02695543e-04,   1.13245194e-04,
        -1.14253227e-04,   2.28714343e-05,  -6.29138549e-06,
        -7.80773553e-05,   1.40630567e-04,   7.44698336e-05,
        -3.10863215e-05,   1.07777887e-04,   1.74573688e-05,
        -3.28184324e-05,  -9.17928628e-05,   7.37955343e-05,
         1.06461208e-04,   1.05028652e-04,  -4.29803840e-05,
        -8.16830652e-06,  -1.08822423e-04,  -1.64524026e-05,
        -3.35400473e-05,   3.13131477e-06,  -1.63626300e-05,
        -5.91458920e-05,  -2.36503896e-04,   1.32120695e-04,
        -1.21189434e-04,  -1.63405624e-04,   3.00777901e-05,
        -2.12507774e-04,  -1.09829307e-04,  -5.58253159e-05,
        -9.09305745e-05,   9.88646716e-05,   6.81628590e-05,
         1.93619650e-04], dtype=float32), array([  1.23213671e-04,  -9.35809148e-05,  -2.86592840e-04,
         2.31966085e-04,   3.33471253e-04,   1.94368506e-04,
        -1.88615522e-04,   3.48659814e-05,   6.44097978e-04,
        -2.79792021e-05,  -1.80326897e-04,  -4.27657389e-04,
        -4.49966683e-05,  -5.50859608e-04,   3.66882887e-04,
         3.94121016e-04,  -2.98617611e-04,  -1.58599505e-04,
         2.63764319e-04,   7.46169753e-05,  -3.13146971e-04,
         2.02486393e-04,   4.21620149e-04,   4.43823701e-05,
         1.29200620e-04,   1.66937592e-04,   3.05874681e-04,
         6.55077223e-04,  -6.55234908e-04,  -2.28287885e-04,
         3.60095903e-04,   1.45017475e-04,  -1.17645686e-04,
        -1.27901279e-04,  -2.59968801e-04,  -2.93494031e-05,
         1.49850763e-04,   7.95194865e-05,  -1.27581356e-04,
        -2.61201552e-04,  -2.76384933e-04,   1.35126000e-04,
        -5.71902710e-05,   5.13282284e-05,  -1.13085429e-04,
         3.35592806e-04,  -6.72765775e-04,   5.51592035e-04,
        -4.30913176e-04,   2.69864482e-04,  -2.36032734e-04,
        -2.38798020e-04,   4.19527001e-04,   1.08371692e-04,
        -1.03045655e-04,   3.43537831e-04,   2.35078594e-04,
         3.74783303e-05,  -3.89622553e-04,  -4.54464971e-05,
        -3.10326053e-04,   3.42266168e-04,   2.83519184e-05,
        -1.77413720e-04,   3.08086630e-04,   3.39735590e-04,
        -3.42759682e-04,   6.86143030e-05,  -1.88741560e-05,
        -2.34232066e-04,   4.21891687e-04,   2.23409501e-04,
        -9.32589610e-05,   3.23333661e-04,   5.23721064e-05,
        -9.84552971e-05,  -2.75378581e-04,   2.21386610e-04,
         3.19383631e-04,   3.15085956e-04,  -1.28941145e-04,
        -2.45049196e-05,  -3.26467270e-04,  -4.93572079e-05,
        -1.00620142e-04,   9.39394431e-06,  -4.90878883e-05,
        -1.77437672e-04,  -7.09511689e-04,   3.96362098e-04,
        -3.63568310e-04,  -4.90216888e-04,   9.02333704e-05,
        -6.37523306e-04,  -3.29487928e-04,  -1.67475955e-04,
        -2.72791716e-04,   2.96594022e-04,   2.04488577e-04,
         5.80858963e-04], dtype=float32), array([ 0.,  0.,  0.,  0.,  0.,  0.,  0.,  0.,  0.,  0.,  0.,  0.,  0.,
        0.,  0.,  0.,  0.,  0.,  0.,  0.,  0.,  0.,  0.,  0.,  0.,  0.,
        0.,  0.,  0.,  0.,  0.,  0.,  0.,  0.,  0.,  0.,  0.,  0.,  0.,
        0.,  0.,  0.,  0.,  0.,  0.,  0.,  0.,  0.,  0.,  0.,  0.,  0.,
        0.,  0.,  0.,  0.,  0.,  0.,  0.,  0.,  0.,  0.,  0.,  0.,  0.,
        0.,  0.,  0.,  0.,  0.,  0.,  0.,  0.,  0.,  0.,  0.,  0.,  0.,
        0.,  0.,  0.,  0.,  0.,  0.,  0.,  0.,  0.,  0.,  0.,  0.,  0.,
        0.,  0.,  0.,  0.,  0.,  0.,  0.,  0.,  0.], dtype=float32), array([ 0.,  0.,  0.,  0.,  0.,  0.,  0.,  0.,  0., -0.,  0.,  0.,  0.,
        0.,  0.,  0.,  0.,  0.,  0.,  0.,  0.,  0.,  0.,  0.,  0.,  0.,
        0.,  0.,  0.,  0.,  0.,  0.,  0.,  0.,  0.,  0.,  0.,  0.,  0.,
        0.,  0.,  0.,  0.,  0.,  0.,  0.,  0.,  0.,  0.,  0.,  0.,  0.,
        0.,  0.,  0.,  0.,  0.,  0.,  0.,  0.,  0.,  0.,  0.,  0.,  0.,
        0.,  0.,  0.,  0.,  0.,  0.,  0.,  0.,  0.,  0.,  0.,  0.,  0.,
        0.,  0.,  0.,  0.,  0.,  0.,  0.,  0.,  0.,  0.,  0.,  0.,  0.,
        0.,  0.,  0.,  0.,  0.,  0.,  0.,  0.,  0.], dtype=float32), array([ 0.,  0.,  0.,  0.,  0.,  0.,  0.,  0.,  0.,  0.,  0.,  0.,  0.,
        0.,  0.,  0.,  0.,  0.,  0.,  0.,  0.,  0.,  0.,  0.,  0.,  0.,
        0.,  0.,  0.,  0.,  0.,  0.,  0.,  0.,  0.,  0.,  0.,  0.,  0.,
        0.,  0.,  0.,  0.,  0.,  0.,  0.,  0.,  0.,  0.,  0.,  0.,  0.,
        0.,  0.,  0.,  0.,  0.,  0.,  0.,  0.,  0.,  0.,  0.,  0.,  0.,
        0.,  0.,  0.,  0.,  0.,  0.,  0.,  0.,  0.,  0.,  0.,  0.,  0.,
        0.,  0.,  0.,  0.,  0.,  0.,  0.,  0.,  0.,  0.,  0.,  0.,  0.,
        0.,  0.,  0.,  0.,  0.,  0.,  0.,  0.,  0.], dtype=float32), array([ 0.,  0.,  0.,  0.,  0.,  0.,  0.,  0.,  0.,  0.,  0.,  0.,  0.,
        0.,  0.,  0.,  0.,  0.,  0.,  0.,  0.,  0.,  0.,  0.,  0.,  0.,
        0.,  0.,  0.,  0.,  0.,  0.,  0.,  0.,  0.,  0.,  0.,  0.,  0.,
        0.,  0.,  0.,  0.,  0.,  0.,  0.,  0.,  0.,  0.,  0.,  0.,  0.,
        0.,  0.,  0.,  0.,  0.,  0.,  0.,  0.,  0.,  0.,  0.,  0.,  0.,
        0.,  0.,  0.,  0.,  0.,  0.,  0.,  0.,  0.,  0.,  0.,  0.,  0.,
        0.,  0.,  0.,  0.,  0.,  0.,  0.,  0.,  0.,  0.,  0.,  0.,  0.,
        0.,  0.,  0.,  0.,  0.,  0.,  0.,  0.,  0.], dtype=float32), array([ 0.,  0.,  0.,  0.,  0.,  0.,  0.,  0.,  0.,  0.,  0.,  0.,  0.,
        0.,  0.,  0.,  0.,  0.,  0.,  0.,  0.,  0.,  0.,  0.,  0.,  0.,
        0.,  0.,  0.,  0.,  0.,  0.,  0.,  0.,  0.,  0.,  0.,  0.,  0.,
        0.,  0.,  0.,  0.,  0.,  0.,  0.,  0.,  0.,  0.,  0.,  0.,  0.,
        0.,  0.,  0.,  0.,  0.,  0.,  0.,  0.,  0.,  0.,  0.,  0.,  0.,
        0.,  0.,  0.,  0.,  0.,  0.,  0.,  0.,  0.,  0.,  0.,  0.,  0.,
        0.,  0.,  0.,  0.,  0.,  0.,  0.,  0.,  0.,  0.,  0.,  0.,  0.,
        0.,  0.,  0.,  0.,  0.,  0.,  0.,  0.,  0.], dtype=float32), array([ 0.,  0.,  0.,  0.,  0.,  0.,  0.,  0.,  0.,  0.,  0.,  0.,  0.,
        0.,  0.,  0.,  0.,  0.,  0.,  0.,  0.,  0.,  0.,  0.,  0.,  0.,
        0.,  0.,  0.,  0.,  0.,  0.,  0.,  0.,  0.,  0.,  0.,  0.,  0.,
        0.,  0.,  0.,  0.,  0.,  0.,  0.,  0.,  0.,  0.,  0.,  0.,  0.,
        0.,  0.,  0.,  0.,  0.,  0.,  0.,  0.,  0.,  0.,  0.,  0.,  0.,
        0.,  0.,  0.,  0.,  0.,  0.,  0.,  0.,  0.,  0.,  0.,  0.,  0.,
        0.,  0.,  0.,  0.,  0.,  0.,  0.,  0.,  0.,  0.,  0.,  0.,  0.,
        0.,  0.,  0.,  0.,  0.,  0.,  0.,  0.,  0.], dtype=float32), array([ 0.,  0.,  0.,  0.,  0.,  0.,  0.,  0.,  0.,  0.,  0.,  0.,  0.,
        0.,  0.,  0.,  0.,  0.,  0.,  0.,  0.,  0.,  0.,  0.,  0.,  0.,
        0.,  0.,  0.,  0.,  0.,  0.,  0.,  0.,  0.,  0.,  0.,  0.,  0.,
        0.,  0.,  0.,  0.,  0.,  0.,  0.,  0.,  0.,  0.,  0.,  0.,  0.,
        0.,  0.,  0.,  0.,  0.,  0.,  0.,  0.,  0.,  0.,  0.,  0.,  0.,
        0.,  0.,  0.,  0.,  0.,  0.,  0.,  0.,  0.,  0.,  0.,  0.,  0.,
        0.,  0.,  0.,  0.,  0.,  0.,  0.,  0.,  0.,  0.,  0.,  0.,  0.,
        0.,  0.,  0.,  0.,  0.,  0.,  0.,  0.,  0.], dtype=float32), array([ 0.,  0.,  0.,  0.,  0.,  0.,  0.,  0.,  0.,  0.,  0., -0.,  0.,
        0.,  0.,  0.,  0.,  0.,  0.,  0.,  0.,  0.,  0.,  0.,  0.,  0.,
        0.,  0.,  0.,  0.,  0.,  0.,  0.,  0.,  0.,  0.,  0.,  0.,  0.,
        0.,  0.,  0.,  0.,  0.,  0.,  0.,  0.,  0.,  0.,  0.,  0.,  0.,
        0.,  0.,  0.,  0.,  0.,  0.,  0.,  0.,  0.,  0.,  0.,  0.,  0.,
        0.,  0.,  0.,  0.,  0.,  0.,  0.,  0.,  0.,  0.,  0.,  0.,  0.,
        0.,  0.,  0.,  0.,  0.,  0.,  0.,  0.,  0.,  0.,  0.,  0.,  0.,
        0.,  0.,  0.,  0.,  0.,  0.,  0.,  0.,  0.], dtype=float32), array([  4.10712237e-05,  -3.11936383e-05,  -9.55309442e-05,
         7.73220308e-05,   1.11157082e-04,   6.47894994e-05,
        -6.28718408e-05,   1.16219935e-05,   2.14699321e-04,
        -9.32640069e-06,  -6.01089669e-05,  -1.42552468e-04,
        -1.49988900e-05,  -1.83619864e-04,   1.22294296e-04,
         1.31373672e-04,  -9.95392038e-05,  -5.28665005e-05,
         8.79214422e-05,   2.48723245e-05,  -1.04382321e-04,
         6.74954645e-05,   1.40540054e-04,   1.47941237e-05,
         4.30668733e-05,   5.56458654e-05,   1.01958227e-04,
         2.18359070e-04,  -2.18411646e-04,  -7.60959592e-05,
         1.20031968e-04,   4.83391595e-05,  -3.92152288e-05,
        -4.26337610e-05,  -8.66562696e-05,  -9.78313437e-06,
         4.99502567e-05,   2.65064955e-05,  -4.25271173e-05,
        -8.70671865e-05,  -9.21283136e-05,   4.50420011e-05,
        -1.90634237e-05,   1.71094089e-05,  -3.76951430e-05,
         1.11864269e-04,  -2.24255258e-04,   1.83864016e-04,
        -1.43637721e-04,   8.99548249e-05,  -7.86775781e-05,
        -7.95993401e-05,   1.39842334e-04,   3.61238963e-05,
        -3.43485517e-05,   1.14512615e-04,   7.83595315e-05,
         1.24927765e-05,  -1.29874184e-04,  -1.51488330e-05,
        -1.03442013e-04,   1.14088718e-04,   9.45063948e-06,
        -5.91379066e-05,   1.02695543e-04,   1.13245194e-04,
        -1.14253227e-04,   2.28714343e-05,  -6.29138549e-06,
        -7.80773553e-05,   1.40630567e-04,   7.44698336e-05,
        -3.10863215e-05,   1.07777887e-04,   1.74573688e-05,
        -3.28184324e-05,  -9.17928628e-05,   7.37955343e-05,
         1.06461208e-04,   1.05028652e-04,  -4.29803840e-05,
        -8.16830652e-06,  -1.08822423e-04,  -1.64524026e-05,
        -3.35400473e-05,   3.13131477e-06,  -1.63626300e-05,
        -5.91458920e-05,  -2.36503896e-04,   1.32120695e-04,
        -1.21189434e-04,  -1.63405624e-04,   3.00777901e-05,
        -2.12507774e-04,  -1.09829307e-04,  -5.58253159e-05,
        -9.09305745e-05,   9.88646716e-05,   6.81628590e-05,
         1.93619650e-04], dtype=float32), array([  4.10712237e-05,  -3.11936383e-05,  -9.55309442e-05,
         7.73220308e-05,   1.11157082e-04,   6.47894994e-05,
        -6.28718408e-05,   1.16219935e-05,   2.14699321e-04,
        -9.32640069e-06,  -6.01089669e-05,  -1.42552468e-04,
        -1.49988900e-05,  -1.83619864e-04,   1.22294296e-04,
         1.31373672e-04,  -9.95392038e-05,  -5.28665005e-05,
         8.79214422e-05,   2.48723245e-05,  -1.04382321e-04,
         6.74954645e-05,   1.40540054e-04,   1.47941237e-05,
         4.30668733e-05,   5.56458654e-05,   1.01958227e-04,
         2.18359070e-04,  -2.18411646e-04,  -7.60959592e-05,
         1.20031968e-04,   4.83391595e-05,  -3.92152288e-05,
        -4.26337610e-05,  -8.66562696e-05,  -9.78313437e-06,
         4.99502567e-05,   2.65064955e-05,  -4.25271173e-05,
        -8.70671865e-05,  -9.21283136e-05,   4.50420011e-05,
        -1.90634237e-05,   1.71094089e-05,  -3.76951430e-05,
         1.11864269e-04,  -2.24255258e-04,   1.83864016e-04,
        -1.43637721e-04,   8.99548249e-05,  -7.86775781e-05,
        -7.95993401e-05,   1.39842334e-04,   3.61238963e-05,
        -3.43485517e-05,   1.14512615e-04,   7.83595315e-05,
         1.24927765e-05,  -1.29874184e-04,  -1.51488330e-05,
        -1.03442013e-04,   1.14088718e-04,   9.45063948e-06,
        -5.91379066e-05,   1.02695543e-04,   1.13245194e-04,
        -1.14253227e-04,   2.28714343e-05,  -6.29138549e-06,
        -7.80773553e-05,   1.40630567e-04,   7.44698336e-05,
        -3.10863215e-05,   1.07777887e-04,   1.74573688e-05,
        -3.28184324e-05,  -9.17928628e-05,   7.37955343e-05,
         1.06461208e-04,   1.05028652e-04,  -4.29803840e-05,
        -8.16830652e-06,  -1.08822423e-04,  -1.64524026e-05,
        -3.35400473e-05,   3.13131477e-06,  -1.63626300e-05,
        -5.91458920e-05,  -2.36503896e-04,   1.32120695e-04,
        -1.21189434e-04,  -1.63405624e-04,   3.00777901e-05,
        -2.12507774e-04,  -1.09829307e-04,  -5.58253159e-05,
        -9.09305745e-05,   9.88646716e-05,   6.81628590e-05,
         1.93619650e-04], dtype=float32), array([ 0.,  0.,  0.,  0.,  0.,  0.,  0.,  0.,  0.,  0.,  0.,  0.,  0.,
        0.,  0.,  0.,  0.,  0.,  0.,  0.,  0.,  0.,  0.,  0.,  0.,  0.,
        0.,  0.,  0.,  0.,  0.,  0.,  0.,  0.,  0.,  0.,  0.,  0.,  0.,
        0.,  0.,  0.,  0.,  0.,  0.,  0.,  0.,  0.,  0.,  0.,  0.,  0.,
        0.,  0.,  0.,  0.,  0.,  0.,  0.,  0.,  0.,  0.,  0.,  0.,  0.,
        0.,  0.,  0.,  0.,  0.,  0.,  0.,  0.,  0.,  0.,  0.,  0.,  0.,
        0.,  0.,  0.,  0.,  0.,  0.,  0.,  0.,  0.,  0.,  0.,  0.,  0.,
        0.,  0.,  0.,  0.,  0.,  0.,  0.,  0.,  0.], dtype=float32), array([ 0.,  0.,  0.,  0.,  0.,  0.,  0.,  0.,  0.,  0.,  0.,  0.,  0.,
        0.,  0.,  0.,  0.,  0.,  0.,  0.,  0.,  0.,  0.,  0.,  0.,  0.,
        0.,  0.,  0.,  0.,  0.,  0.,  0.,  0.,  0.,  0.,  0.,  0.,  0.,
        0.,  0.,  0.,  0.,  0.,  0.,  0.,  0.,  0., -0.,  0.,  0.,  0.,
        0.,  0.,  0.,  0.,  0.,  0.,  0.,  0.,  0.,  0.,  0.,  0.,  0.,
        0.,  0.,  0.,  0.,  0.,  0.,  0.,  0.,  0.,  0.,  0.,  0.,  0.,
        0.,  0.,  0.,  0.,  0.,  0.,  0.,  0.,  0.,  0.,  0.,  0.,  0.,
        0.,  0.,  0.,  0.,  0.,  0.,  0.,  0.,  0.], dtype=float32), array([  4.10712237e-05,  -3.11936383e-05,  -9.55309442e-05,
         7.73220308e-05,   1.11157082e-04,   6.47894994e-05,
        -6.28718408e-05,   1.16219935e-05,   2.14699321e-04,
        -9.32640069e-06,  -6.01089669e-05,  -1.42552468e-04,
        -1.49988900e-05,  -1.83619864e-04,   1.22294296e-04,
         1.31373672e-04,  -9.95392038e-05,  -5.28665005e-05,
         8.79214422e-05,   2.48723245e-05,  -1.04382321e-04,
         6.74954645e-05,   1.40540054e-04,   1.47941237e-05,
         4.30668733e-05,   5.56458654e-05,   1.01958227e-04,
         2.18359070e-04,  -2.18411646e-04,  -7.60959592e-05,
         1.20031968e-04,   4.83391595e-05,  -3.92152288e-05,
        -4.26337610e-05,  -8.66562696e-05,  -9.78313437e-06,
         4.99502567e-05,   2.65064955e-05,  -4.25271173e-05,
        -8.70671865e-05,  -9.21283136e-05,   4.50420011e-05,
        -1.90634237e-05,   1.71094089e-05,  -3.76951430e-05,
         1.11864269e-04,  -2.24255258e-04,   1.83864016e-04,
        -1.43637721e-04,   8.99548249e-05,  -7.86775781e-05,
        -7.95993401e-05,   1.39842334e-04,   3.61238963e-05,
        -3.43485517e-05,   1.14512615e-04,   7.83595315e-05,
         1.24927765e-05,  -1.29874184e-04,  -1.51488330e-05,
        -1.03442013e-04,   1.14088718e-04,   9.45063948e-06,
        -5.91379066e-05,   1.02695543e-04,   1.13245194e-04,
        -1.14253227e-04,   2.28714343e-05,  -6.29138549e-06,
        -7.80773553e-05,   1.40630567e-04,   7.44698336e-05,
        -3.10863215e-05,   1.07777887e-04,   1.74573688e-05,
        -3.28184324e-05,  -9.17928628e-05,   7.37955343e-05,
         1.06461208e-04,   1.05028652e-04,  -4.29803840e-05,
        -8.16830652e-06,  -1.08822423e-04,  -1.64524026e-05,
        -3.35400473e-05,   3.13131477e-06,  -1.63626300e-05,
        -5.91458920e-05,  -2.36503896e-04,   1.32120695e-04,
        -1.21189434e-04,  -1.63405624e-04,   3.00777901e-05,
        -2.12507774e-04,  -1.09829307e-04,  -5.58253159e-05,
        -9.09305745e-05,   9.88646716e-05,   6.81628590e-05,
         1.93619650e-04], dtype=float32), array([ 0.,  0.,  0.,  0.,  0.,  0.,  0.,  0.,  0.,  0.,  0.,  0.,  0.,
        0.,  0.,  0.,  0.,  0.,  0.,  0.,  0.,  0.,  0.,  0.,  0.,  0.,
        0.,  0.,  0.,  0.,  0.,  0.,  0.,  0.,  0.,  0.,  0.,  0.,  0.,
        0.,  0.,  0.,  0.,  0.,  0.,  0.,  0.,  0.,  0.,  0.,  0.,  0.,
        0.,  0.,  0.,  0.,  0.,  0.,  0.,  0.,  0.,  0.,  0.,  0.,  0.,
        0.,  0.,  0.,  0.,  0.,  0.,  0.,  0.,  0.,  0.,  0.,  0.,  0.,
        0.,  0.,  0.,  0.,  0.,  0.,  0.,  0.,  0.,  0.,  0.,  0.,  0.,
        0.,  0.,  0.,  0.,  0.,  0.,  0.,  0.,  0.], dtype=float32), array([ 0.,  0.,  0.,  0.,  0.,  0.,  0.,  0.,  0.,  0.,  0.,  0.,  0.,
        0.,  0.,  0.,  0.,  0.,  0.,  0.,  0.,  0.,  0.,  0.,  0.,  0.,
        0.,  0.,  0.,  0.,  0.,  0.,  0.,  0.,  0.,  0.,  0.,  0.,  0.,
        0.,  0.,  0.,  0.,  0.,  0.,  0.,  0.,  0.,  0.,  0.,  0.,  0.,
        0.,  0.,  0.,  0.,  0.,  0.,  0.,  0.,  0.,  0.,  0.,  0.,  0.,
        0.,  0.,  0.,  0.,  0.,  0.,  0.,  0.,  0.,  0.,  0.,  0.,  0.,
        0.,  0.,  0.,  0.,  0.,  0.,  0.,  0.,  0.,  0.,  0.,  0.,  0.,
        0.,  0.,  0.,  0.,  0.,  0.,  0.,  0.,  0.], dtype=float32), array([ 0.,  0.,  0.,  0.,  0.,  0.,  0.,  0.,  0.,  0.,  0.,  0.,  0.,
        0.,  0.,  0.,  0.,  0.,  0.,  0.,  0.,  0.,  0.,  0.,  0.,  0.,
        0.,  0.,  0.,  0.,  0.,  0.,  0.,  0.,  0.,  0.,  0.,  0.,  0.,
        0.,  0.,  0.,  0.,  0.,  0.,  0.,  0.,  0.,  0.,  0.,  0.,  0.,
        0.,  0.,  0.,  0.,  0.,  0.,  0.,  0.,  0.,  0.,  0.,  0.,  0.,
        0.,  0.,  0.,  0.,  0.,  0.,  0.,  0.,  0.,  0.,  0.,  0.,  0.,
        0.,  0.,  0.,  0.,  0.,  0.,  0.,  0.,  0.,  0.,  0.,  0.,  0.,
        0.,  0.,  0.,  0.,  0.,  0.,  0.,  0.,  0.], dtype=float32), array([ 0.,  0.,  0.,  0.,  0.,  0.,  0.,  0.,  0.,  0.,  0.,  0.,  0.,
        0.,  0.,  0.,  0.,  0.,  0.,  0.,  0.,  0.,  0.,  0.,  0.,  0.,
        0.,  0.,  0.,  0.,  0.,  0.,  0.,  0.,  0.,  0.,  0.,  0.,  0.,
        0.,  0.,  0.,  0.,  0.,  0.,  0.,  0.,  0.,  0.,  0.,  0.,  0.,
        0.,  0.,  0.,  0.,  0.,  0.,  0.,  0.,  0.,  0.,  0.,  0.,  0.,
        0.,  0.,  0.,  0.,  0.,  0.,  0.,  0.,  0.,  0.,  0.,  0.,  0.,
        0.,  0.,  0.,  0.,  0.,  0.,  0.,  0.,  0.,  0.,  0.,  0.,  0.,
        0.,  0.,  0.,  0.,  0.,  0.,  0.,  0.,  0.], dtype=float32), array([ 0.,  0.,  0.,  0.,  0.,  0.,  0.,  0.,  0.,  0.,  0.,  0.,  0.,
        0.,  0.,  0.,  0.,  0.,  0.,  0.,  0.,  0.,  0.,  0.,  0.,  0.,
        0.,  0.,  0.,  0.,  0.,  0.,  0.,  0.,  0.,  0.,  0.,  0.,  0.,
        0.,  0.,  0.,  0.,  0.,  0.,  0.,  0.,  0.,  0.,  0.,  0.,  0.,
        0.,  0.,  0.,  0.,  0.,  0.,  0.,  0.,  0.,  0.,  0.,  0.,  0.,
        0.,  0.,  0.,  0.,  0.,  0.,  0.,  0.,  0.,  0.,  0.,  0.,  0.,
        0.,  0.,  0.,  0.,  0.,  0.,  0.,  0.,  0.,  0.,  0.,  0.,  0.,
        0.,  0.,  0.,  0.,  0.,  0.,  0.,  0.,  0.], dtype=float32), array([  4.10712237e-05,  -3.11936383e-05,  -9.55309442e-05,
         7.73220308e-05,   1.11157082e-04,   6.47894994e-05,
        -6.28718408e-05,   1.16219935e-05,   2.14699321e-04,
        -9.32640069e-06,  -6.01089669e-05,  -1.42552468e-04,
        -1.49988900e-05,  -1.83619864e-04,   1.22294296e-04,
         1.31373672e-04,  -9.95392038e-05,  -5.28665005e-05,
         8.79214422e-05,   2.48723245e-05,  -1.04382321e-04,
         6.74954645e-05,   1.40540054e-04,   1.47941237e-05,
         4.30668733e-05,   5.56458654e-05,   1.01958227e-04,
         2.18359070e-04,  -2.18411646e-04,  -7.60959592e-05,
         1.20031968e-04,   4.83391595e-05,  -3.92152288e-05,
        -4.26337610e-05,  -8.66562696e-05,  -9.78313437e-06,
         4.99502567e-05,   2.65064955e-05,  -4.25271173e-05,
        -8.70671865e-05,  -9.21283136e-05,   4.50420011e-05,
        -1.90634237e-05,   1.71094089e-05,  -3.76951430e-05,
         1.11864269e-04,  -2.24255258e-04,   1.83864016e-04,
        -1.43637721e-04,   8.99548249e-05,  -7.86775781e-05,
        -7.95993401e-05,   1.39842334e-04,   3.61238963e-05,
        -3.43485517e-05,   1.14512615e-04,   7.83595315e-05,
         1.24927765e-05,  -1.29874184e-04,  -1.51488330e-05,
        -1.03442013e-04,   1.14088718e-04,   9.45063948e-06,
        -5.91379066e-05,   1.02695543e-04,   1.13245194e-04,
        -1.14253227e-04,   2.28714343e-05,  -6.29138549e-06,
        -7.80773553e-05,   1.40630567e-04,   7.44698336e-05,
        -3.10863215e-05,   1.07777887e-04,   1.74573688e-05,
        -3.28184324e-05,  -9.17928628e-05,   7.37955343e-05,
         1.06461208e-04,   1.05028652e-04,  -4.29803840e-05,
        -8.16830652e-06,  -1.08822423e-04,  -1.64524026e-05,
        -3.35400473e-05,   3.13131477e-06,  -1.63626300e-05,
        -5.91458920e-05,  -2.36503896e-04,   1.32120695e-04,
        -1.21189434e-04,  -1.63405624e-04,   3.00777901e-05,
        -2.12507774e-04,  -1.09829307e-04,  -5.58253159e-05,
        -9.09305745e-05,   9.88646716e-05,   6.81628590e-05,
         1.93619650e-04], dtype=float32), array([ 0.,  0.,  0.,  0.,  0.,  0.,  0.,  0.,  0.,  0.,  0.,  0.,  0.,
        0.,  0.,  0.,  0.,  0.,  0.,  0.,  0.,  0.,  0.,  0.,  0.,  0.,
        0.,  0.,  0.,  0.,  0.,  0.,  0.,  0.,  0.,  0.,  0.,  0.,  0.,
        0.,  0.,  0.,  0.,  0.,  0.,  0.,  0.,  0.,  0.,  0.,  0.,  0.,
        0.,  0.,  0.,  0.,  0.,  0.,  0.,  0.,  0.,  0.,  0.,  0.,  0.,
        0.,  0.,  0.,  0.,  0.,  0.,  0.,  0.,  0.,  0.,  0.,  0.,  0.,
        0.,  0.,  0.,  0.,  0.,  0.,  0.,  0.,  0.,  0.,  0.,  0.,  0.,
        0.,  0.,  0.,  0.,  0.,  0.,  0.,  0.,  0.], dtype=float32), array([  4.10712237e-05,  -3.11936383e-05,  -9.55309442e-05,
         7.73220308e-05,   1.11157082e-04,   6.47894994e-05,
        -6.28718408e-05,   1.16219935e-05,   2.14699321e-04,
        -9.32640069e-06,  -6.01089669e-05,  -1.42552468e-04,
        -1.49988900e-05,  -1.83619864e-04,   1.22294296e-04,
         1.31373672e-04,  -9.95392038e-05,  -5.28665005e-05,
         8.79214422e-05,   2.48723245e-05,  -1.04382321e-04,
         6.74954645e-05,   1.40540054e-04,   1.47941237e-05,
         4.30668733e-05,   5.56458654e-05,   1.01958227e-04,
         2.18359070e-04,  -2.18411646e-04,  -7.60959592e-05,
         1.20031968e-04,   4.83391595e-05,  -3.92152288e-05,
        -4.26337610e-05,  -8.66562696e-05,  -9.78313437e-06,
         4.99502567e-05,   2.65064955e-05,  -4.25271173e-05,
        -8.70671865e-05,  -9.21283136e-05,   4.50420011e-05,
        -1.90634237e-05,   1.71094089e-05,  -3.76951430e-05,
         1.11864269e-04,  -2.24255258e-04,   1.83864016e-04,
        -1.43637721e-04,   8.99548249e-05,  -7.86775781e-05,
        -7.95993401e-05,   1.39842334e-04,   3.61238963e-05,
        -3.43485517e-05,   1.14512615e-04,   7.83595315e-05,
         1.24927765e-05,  -1.29874184e-04,  -1.51488330e-05,
        -1.03442013e-04,   1.14088718e-04,   9.45063948e-06,
        -5.91379066e-05,   1.02695543e-04,   1.13245194e-04,
        -1.14253227e-04,   2.28714343e-05,  -6.29138549e-06,
        -7.80773553e-05,   1.40630567e-04,   7.44698336e-05,
        -3.10863215e-05,   1.07777887e-04,   1.74573688e-05,
        -3.28184324e-05,  -9.17928628e-05,   7.37955343e-05,
         1.06461208e-04,   1.05028652e-04,  -4.29803840e-05,
        -8.16830652e-06,  -1.08822423e-04,  -1.64524026e-05,
        -3.35400473e-05,   3.13131477e-06,  -1.63626300e-05,
        -5.91458920e-05,  -2.36503896e-04,   1.32120695e-04,
        -1.21189434e-04,  -1.63405624e-04,   3.00777901e-05,
        -2.12507774e-04,  -1.09829307e-04,  -5.58253159e-05,
        -9.09305745e-05,   9.88646716e-05,   6.81628590e-05,
         1.93619650e-04], dtype=float32), array([ 0.,  0.,  0.,  0.,  0.,  0.,  0.,  0.,  0.,  0.,  0.,  0.,  0.,
        0.,  0.,  0.,  0.,  0.,  0.,  0.,  0.,  0.,  0.,  0.,  0.,  0.,
        0.,  0.,  0.,  0.,  0.,  0.,  0.,  0.,  0.,  0.,  0.,  0.,  0.,
        0.,  0.,  0.,  0.,  0.,  0.,  0.,  0.,  0.,  0.,  0.,  0.,  0.,
        0.,  0.,  0.,  0.,  0.,  0.,  0.,  0.,  0.,  0.,  0.,  0.,  0.,
        0.,  0.,  0.,  0.,  0.,  0.,  0.,  0.,  0.,  0.,  0.,  0.,  0.,
        0.,  0.,  0.,  0.,  0.,  0.,  0.,  0.,  0.,  0.,  0.,  0.,  0.,
        0.,  0.,  0.,  0.,  0.,  0.,  0.,  0.,  0.], dtype=float32), array([ 0.,  0.,  0.,  0.,  0.,  0.,  0.,  0.,  0.,  0.,  0.,  0.,  0.,
        0.,  0.,  0.,  0.,  0.,  0.,  0.,  0.,  0.,  0.,  0.,  0.,  0.,
        0.,  0.,  0.,  0.,  0.,  0.,  0.,  0.,  0.,  0.,  0.,  0.,  0.,
        0.,  0.,  0.,  0.,  0.,  0.,  0.,  0.,  0.,  0.,  0.,  0.,  0.,
        0.,  0.,  0.,  0.,  0.,  0.,  0.,  0.,  0.,  0.,  0.,  0.,  0.,
        0.,  0.,  0.,  0.,  0.,  0.,  0.,  0.,  0.,  0.,  0.,  0.,  0.,
        0.,  0.,  0.,  0.,  0.,  0.,  0.,  0.,  0.,  0.,  0.,  0.,  0.,
        0.,  0.,  0.,  0.,  0.,  0.,  0.,  0.,  0.], dtype=float32), array([ 0.,  0.,  0.,  0.,  0.,  0.,  0.,  0.,  0.,  0.,  0.,  0.,  0.,
        0.,  0.,  0.,  0.,  0.,  0.,  0.,  0.,  0.,  0.,  0.,  0.,  0.,
        0.,  0.,  0.,  0.,  0.,  0.,  0.,  0.,  0.,  0.,  0.,  0.,  0.,
        0.,  0.,  0.,  0.,  0.,  0.,  0.,  0.,  0.,  0.,  0.,  0.,  0.,
        0.,  0.,  0.,  0.,  0.,  0.,  0.,  0.,  0.,  0.,  0.,  0.,  0.,
        0.,  0.,  0.,  0.,  0.,  0.,  0.,  0.,  0.,  0.,  0.,  0.,  0.,
        0.,  0.,  0.,  0.,  0.,  0.,  0.,  0.,  0.,  0.,  0.,  0.,  0.,
        0.,  0.,  0.,  0.,  0.,  0.,  0.,  0.,  0.], dtype=float32), array([  1.46658582e-04,   1.83059004e-04,  -2.31504921e-04,
         6.68114808e-05,  -7.59702671e-05,  -5.66625858e-05,
         3.48082358e-05,  -7.87838071e-05,   3.98826123e-05,
         5.17368571e-05,   5.95572237e-05,  -1.02257341e-04,
         4.85449964e-05,  -1.31133449e-04,   4.48685314e-05,
         2.37349232e-05,  -2.19285852e-04,  -2.73665864e-05,
         3.85522981e-05,  -9.87127132e-05,  -6.48273708e-05,
         5.54062681e-05,   1.22816404e-04,  -1.32041287e-05,
        -7.66798112e-05,   3.28016758e-05,  -1.35844157e-05,
         1.63728291e-05,  -6.63845349e-05,  -7.75772569e-05,
         7.45220168e-05,   3.81606260e-05,  -3.27659545e-05,
        -3.58058860e-05,   1.77480193e-04,   1.00674433e-05,
         1.28387255e-04,  -1.17670585e-04,  -4.66120509e-05,
         1.20332916e-05,   5.55497027e-05,  -5.34579849e-05,
         1.90317311e-04,   1.54848603e-05,  -4.85093915e-05,
        -8.66699120e-05,  -2.18702640e-04,  -8.20708883e-05,
        -1.76341593e-04,  -1.02436941e-04,   4.06109763e-07,
        -6.18279737e-05,   2.22638424e-04,  -8.07371107e-05,
         2.82641722e-05,   9.26674038e-05,   1.01945661e-04,
         1.83426644e-04,   4.78753464e-05,   7.59442482e-05,
         7.79156253e-05,   6.54869727e-05,  -2.52168742e-04,
         7.23977937e-05,  -6.86435815e-05,  -1.25619490e-05,
         1.73934139e-04,  -7.73021020e-05,  -1.12577625e-04,
         6.05893774e-06,   2.19762915e-05,  -3.30000948e-05,
        -1.49981541e-04,   2.90550543e-05,   2.64201153e-05,
        -5.46978044e-05,  -1.19268771e-04,  -3.29913964e-05,
         9.72192356e-05,  -6.94606433e-06,  -6.76280761e-05,
         1.64157856e-04,   1.62526412e-05,   4.16236071e-06,
        -9.22194013e-05,  -9.96987296e-07,  -8.16222600e-05,
        -1.24760525e-04,  -5.84894151e-05,   7.19172021e-05,
        -1.90302773e-04,  -1.80778079e-04,  -6.70450675e-07,
        -5.87391078e-05,  -8.69012001e-05,  -8.03971488e-05,
        -4.81958159e-05,  -1.30398248e-05,   1.89911138e-04,
        -4.24399768e-05], dtype=float32), array([ 0.,  0.,  0.,  0.,  0.,  0.,  0.,  0.,  0.,  0.,  0.,  0.,  0.,
        0.,  0.,  0.,  0.,  0.,  0.,  0.,  0.,  0.,  0.,  0.,  0.,  0.,
        0.,  0.,  0.,  0.,  0.,  0.,  0.,  0.,  0.,  0.,  0.,  0.,  0.,
        0.,  0.,  0.,  0.,  0.,  0.,  0.,  0.,  0.,  0.,  0.,  0.,  0.,
        0.,  0.,  0.,  0.,  0.,  0.,  0.,  0.,  0.,  0.,  0.,  0.,  0.,
        0.,  0.,  0.,  0.,  0.,  0.,  0.,  0.,  0.,  0.,  0.,  0.,  0.,
        0.,  0.,  0.,  0.,  0.,  0.,  0.,  0.,  0.,  0.,  0.,  0.,  0.,
        0.,  0.,  0.,  0.,  0.,  0.,  0.,  0.,  0.], dtype=float32), array([  4.10712237e-05,  -3.11936383e-05,  -9.55309442e-05,
         7.73220308e-05,   1.11157082e-04,   6.47894994e-05,
        -6.28718408e-05,   1.16219935e-05,   2.14699321e-04,
        -9.32640069e-06,  -6.01089669e-05,  -1.42552468e-04,
        -1.49988900e-05,  -1.83619864e-04,   1.22294296e-04,
         1.31373672e-04,  -9.95392038e-05,  -5.28665005e-05,
         8.79214422e-05,   2.48723245e-05,  -1.04382321e-04,
         6.74954645e-05,   1.40540054e-04,   1.47941237e-05,
         4.30668733e-05,   5.56458654e-05,   1.01958227e-04,
         2.18359070e-04,  -2.18411646e-04,  -7.60959592e-05,
         1.20031968e-04,   4.83391595e-05,  -3.92152288e-05,
        -4.26337610e-05,  -8.66562696e-05,  -9.78313437e-06,
         4.99502567e-05,   2.65064955e-05,  -4.25271173e-05,
        -8.70671865e-05,  -9.21283136e-05,   4.50420011e-05,
        -1.90634237e-05,   1.71094089e-05,  -3.76951430e-05,
         1.11864269e-04,  -2.24255258e-04,   1.83864016e-04,
        -1.43637721e-04,   8.99548249e-05,  -7.86775781e-05,
        -7.95993401e-05,   1.39842334e-04,   3.61238963e-05,
        -3.43485517e-05,   1.14512615e-04,   7.83595315e-05,
         1.24927765e-05,  -1.29874184e-04,  -1.51488330e-05,
        -1.03442013e-04,   1.14088718e-04,   9.45063948e-06,
        -5.91379066e-05,   1.02695543e-04,   1.13245194e-04,
        -1.14253227e-04,   2.28714343e-05,  -6.29138549e-06,
        -7.80773553e-05,   1.40630567e-04,   7.44698336e-05,
        -3.10863215e-05,   1.07777887e-04,   1.74573688e-05,
        -3.28184324e-05,  -9.17928628e-05,   7.37955343e-05,
         1.06461208e-04,   1.05028652e-04,  -4.29803840e-05,
        -8.16830652e-06,  -1.08822423e-04,  -1.64524026e-05,
        -3.35400473e-05,   3.13131477e-06,  -1.63626300e-05,
        -5.91458920e-05,  -2.36503896e-04,   1.32120695e-04,
        -1.21189434e-04,  -1.63405624e-04,   3.00777901e-05,
        -2.12507774e-04,  -1.09829307e-04,  -5.58253159e-05,
        -9.09305745e-05,   9.88646716e-05,   6.81628590e-05,
         1.93619650e-04], dtype=float32), array([ 0.,  0.,  0.,  0.,  0.,  0.,  0.,  0.,  0.,  0.,  0., -0.,  0.,
        0.,  0.,  0.,  0.,  0.,  0.,  0.,  0.,  0.,  0.,  0.,  0.,  0.,
        0.,  0.,  0.,  0.,  0.,  0.,  0.,  0.,  0.,  0.,  0.,  0.,  0.,
        0.,  0.,  0.,  0.,  0.,  0.,  0.,  0.,  0.,  0.,  0.,  0.,  0.,
        0.,  0.,  0.,  0.,  0.,  0.,  0.,  0.,  0.,  0.,  0.,  0.,  0.,
        0.,  0.,  0.,  0.,  0.,  0.,  0.,  0.,  0.,  0.,  0.,  0.,  0.,
        0.,  0.,  0.,  0.,  0.,  0.,  0.,  0.,  0.,  0.,  0.,  0.,  0.,
        0.,  0.,  0.,  0.,  0.,  0.,  0.,  0.,  0.], dtype=float32), array([ 0.,  0.,  0.,  0.,  0.,  0.,  0.,  0.,  0.,  0.,  0.,  0.,  0.,
        0.,  0.,  0.,  0.,  0.,  0.,  0.,  0.,  0.,  0.,  0.,  0.,  0.,
        0.,  0.,  0.,  0.,  0.,  0.,  0.,  0.,  0.,  0.,  0.,  0.,  0.,
        0.,  0.,  0.,  0.,  0.,  0.,  0.,  0.,  0.,  0.,  0.,  0.,  0.,
        0.,  0.,  0.,  0.,  0.,  0.,  0.,  0.,  0.,  0.,  0.,  0.,  0.,
        0.,  0.,  0.,  0.,  0.,  0.,  0.,  0.,  0.,  0.,  0.,  0.,  0.,
        0.,  0.,  0.,  0.,  0.,  0.,  0.,  0.,  0.,  0.,  0.,  0.,  0.,
        0.,  0.,  0.,  0.,  0.,  0.,  0.,  0.,  0.], dtype=float32), array([ 0.,  0.,  0.,  0.,  0.,  0.,  0.,  0.,  0.,  0.,  0.,  0.,  0.,
        0.,  0.,  0.,  0.,  0.,  0.,  0.,  0.,  0.,  0.,  0.,  0.,  0.,
        0.,  0.,  0.,  0.,  0.,  0.,  0.,  0.,  0.,  0.,  0.,  0.,  0.,
        0.,  0.,  0.,  0.,  0.,  0.,  0.,  0.,  0.,  0.,  0.,  0.,  0.,
        0.,  0.,  0.,  0.,  0.,  0.,  0.,  0.,  0.,  0.,  0.,  0.,  0.,
        0.,  0.,  0.,  0.,  0.,  0.,  0.,  0.,  0.,  0.,  0.,  0.,  0.,
        0.,  0.,  0.,  0.,  0.,  0.,  0.,  0.,  0.,  0.,  0.,  0.,  0.,
        0.,  0.,  0.,  0.,  0.,  0.,  0.,  0.,  0.], dtype=float32), array([ 0.,  0.,  0.,  0.,  0.,  0.,  0.,  0.,  0.,  0.,  0.,  0.,  0.,
        0.,  0.,  0.,  0.,  0.,  0.,  0.,  0.,  0.,  0.,  0.,  0.,  0.,
        0.,  0.,  0.,  0.,  0.,  0.,  0.,  0.,  0.,  0.,  0.,  0.,  0.,
        0.,  0.,  0.,  0.,  0.,  0.,  0.,  0.,  0.,  0.,  0.,  0.,  0.,
        0.,  0.,  0.,  0.,  0.,  0.,  0.,  0.,  0.,  0.,  0.,  0.,  0.,
        0.,  0.,  0.,  0.,  0.,  0.,  0.,  0.,  0.,  0.,  0.,  0.,  0.,
        0.,  0.,  0.,  0.,  0.,  0.,  0.,  0.,  0.,  0.,  0.,  0.,  0.,
        0.,  0.,  0.,  0.,  0.,  0.,  0.,  0.,  0.], dtype=float32), array([ 0.,  0.,  0.,  0.,  0.,  0.,  0.,  0.,  0.,  0.,  0.,  0.,  0.,
        0.,  0.,  0.,  0.,  0.,  0.,  0.,  0.,  0.,  0.,  0.,  0.,  0.,
        0.,  0.,  0.,  0.,  0.,  0.,  0.,  0.,  0.,  0.,  0.,  0.,  0.,
        0.,  0.,  0.,  0.,  0.,  0.,  0.,  0.,  0.,  0.,  0.,  0.,  0.,
        0.,  0.,  0.,  0.,  0.,  0.,  0.,  0.,  0.,  0.,  0.,  0.,  0.,
        0.,  0.,  0.,  0.,  0.,  0.,  0.,  0.,  0.,  0.,  0.,  0.,  0.,
        0.,  0.,  0.,  0.,  0.,  0.,  0.,  0.,  0.,  0.,  0.,  0.,  0.,
        0.,  0.,  0.,  0.,  0.,  0.,  0.,  0.,  0.], dtype=float32), array([ -8.72275778e-05,   1.31607725e-04,   2.79794731e-05,
        -3.69010304e-05,  -2.35097847e-04,  -1.05059502e-04,
         1.43376761e-04,  -6.28716152e-05,  -1.28339714e-04,
        -9.86728628e-06,   1.00572397e-04,  -1.66867962e-04,
         1.21321427e-04,  -5.23391973e-05,  -1.59311865e-04,
        -2.82570218e-05,   1.75375008e-05,  -9.19797603e-05,
        -1.96008841e-05,  -5.87919712e-05,  -2.43229282e-04,
        -1.68365048e-04,   1.03166138e-04,   8.62502638e-05,
        -1.27124425e-04,   6.42083432e-06,   3.10599644e-05,
        -5.16655164e-05,   8.59913489e-05,   2.45196188e-05,
         4.55168192e-05,  -1.12087720e-04,   8.33510057e-06,
         5.96435893e-05,  -1.32337482e-05,   5.53017344e-05,
         5.22159498e-05,  -3.60038575e-05,   1.01429039e-04,
         6.36722834e-05,   1.56269758e-04,   9.49853711e-05,
         1.11477430e-05,  -8.42549616e-06,   9.04500484e-06,
         1.93398912e-04,  -1.48204534e-04,  -5.56648738e-05,
        -3.36900594e-05,  -1.62717246e-04,   9.59866084e-05,
         8.31002471e-05,   7.74181099e-05,  -4.92431282e-05,
        -1.35524033e-05,  -2.53212656e-05,  -1.69129926e-04,
        -1.92074527e-04,  -1.06745654e-04,  -5.46488591e-05,
         8.19302441e-05,  -8.37685293e-05,  -1.83701282e-04,
        -5.88496696e-05,  -5.93048062e-05,  -5.81074346e-05,
         7.34214773e-05,   3.27223424e-05,   4.58544964e-05,
         4.72588981e-05,   4.33837995e-05,   8.75969272e-05,
        -2.16293720e-05,  -4.12708396e-05,  -1.38490912e-04,
        -6.54916366e-05,   2.39115088e-05,  -5.29125937e-05,
        -6.04980196e-05,  -1.87132260e-04,   8.29540877e-05,
        -1.41392384e-05,  -2.75984003e-05,   3.26804402e-05,
         1.87635651e-05,   1.75957932e-04,  -1.12931390e-04,
        -2.89736818e-05,   8.23360024e-05,   9.78617463e-05,
        -2.20001079e-04,   1.05358794e-07,   1.06489948e-04,
         3.95789284e-05,   1.30235887e-04,   2.65726740e-05,
         1.59384741e-04,   7.42408884e-06,   9.62417325e-05,
         1.93060798e-04], dtype=float32), array([ 0.,  0.,  0.,  0.,  0.,  0.,  0.,  0.,  0.,  0.,  0.,  0.,  0.,
        0.,  0.,  0.,  0.,  0.,  0.,  0.,  0.,  0.,  0.,  0.,  0.,  0.,
        0.,  0.,  0.,  0.,  0.,  0.,  0.,  0.,  0.,  0.,  0.,  0.,  0.,
        0.,  0.,  0.,  0.,  0.,  0.,  0.,  0.,  0.,  0.,  0.,  0.,  0.,
        0.,  0.,  0.,  0.,  0.,  0.,  0.,  0.,  0.,  0.,  0.,  0.,  0.,
        0.,  0.,  0.,  0.,  0.,  0.,  0.,  0.,  0.,  0.,  0.,  0.,  0.,
        0.,  0.,  0.,  0.,  0.,  0.,  0.,  0.,  0., -0.,  0.,  0.,  0.,
        0.,  0.,  0.,  0.,  0.,  0.,  0.,  0.,  0.], dtype=float32), None]
