[array([ -2.20580196e+00,   6.13140881e-01,   1.22234690e+00,
         2.65504956e+00,   3.94938231e-01,  -2.64985800e-01,
         2.90079623e-01,  -2.55350065e+00,  -1.78446889e+00,
        -3.51327866e-01,   2.12256718e+00,   8.40111613e-01,
         1.46606013e-01,  -7.24447131e-01,  -2.72109896e-01,
        -6.03018850e-02,   4.50921565e-01,  -4.38704878e-01,
         4.51676488e-01,  -9.94436562e-01,  -6.89170003e-01,
         9.52250421e-01,  -1.73737347e-01,   3.79920721e+00,
         1.95167673e+00,   9.01091158e-01,   6.09430112e-03,
         8.10469568e-01,  -6.89773381e-01,  -8.99584770e-01,
         1.99799919e+00,  -4.28336591e-01,  -1.74799347e+00,
        -2.37745643e+00,  -5.61105669e-01,  -1.46432579e+00,
        -1.84391844e+00,   7.48162150e-01,   6.86523616e-01,
         1.83219746e-01,   7.64548540e-01,   6.63735569e-01,
        -1.79514997e-02,   1.03289807e+00,  -1.49675643e+00,
        -1.31112516e+00,   1.93078649e+00,   2.55320162e-01,
         1.15743354e-01,   6.78710639e-01,   6.96460664e-01,
        -1.95595849e+00,   9.43755329e-01,  -7.30657279e-01,
        -4.44276124e-01,   1.44409370e+00,   1.53508425e+00,
         2.20577717e+00,  -3.27954841e+00,   1.84304178e+00,
         1.62563872e+00,  -1.81260586e+00,  -1.57955289e+00,
         6.10226750e-01,   6.58463657e-01,   8.79430294e-01,
        -2.84523177e+00,  -1.13494587e+00,   3.59208775e+00,
         4.73169446e-01,  -1.69793689e+00,   8.49633813e-01,
        -7.47320652e-01,  -1.43690038e+00,   1.26290822e+00,
        -2.34309840e+00,   2.77066886e-01,  -8.08467388e-01,
        -5.30326247e-01,   3.37314081e+00,   1.45462275e-01,
        -1.31728029e+00,  -1.36577543e-02,  -1.26159620e+00,
         1.45722926e+00,   1.10638928e+00,  -1.89225233e+00,
         4.84414488e-01,  -1.54749620e+00,  -1.45608413e+00,
        -5.94390571e-01,   2.27119637e+00,  -2.08464295e-01,
         1.10691500e+00,  -1.60276324e-01,  -1.85743839e-01,
        -3.65839899e-03,  -1.55001819e+00,  -4.01948601e-01,
         6.02222979e-03], dtype=float32), array([-0.65774953,  0.10463469,  0.08579746,  0.75339258,  0.27750614,
        0.08965097,  0.1998035 , -0.80832255, -0.62527537, -0.12031184,
        1.13688517,  0.39289862,  0.45281133, -0.15772499, -0.21114963,
        0.06130686,  0.50354481,  0.51563346, -0.11707167, -0.28423163,
       -0.33886614,  0.15750384, -0.16324984,  0.60964859,  0.72846675,
       -0.26970392,  0.22594383,  0.79758471, -0.27196562,  0.28559169,
        0.11893841,  0.46488714, -0.2450802 ,  0.30246598, -0.11739476,
       -0.37270868, -0.5663783 , -0.01095757, -0.00187687,  0.1234552 ,
        0.26078168,  0.33561313,  0.13516816,  0.13539486,  0.17794116,
       -0.51973522, -0.20728521,  0.18846658, -0.27860069,  0.25354156,
        0.03205507, -0.16007385,  0.29476386, -0.12699591,  0.05480202,
        0.10763223,  0.22788949,  0.34198999, -0.66043347,  0.2533887 ,
       -0.03121066,  0.00423637, -0.29448539,  0.74244577,  0.16086188,
       -0.46348488, -0.80489075, -0.03307365,  0.774037  ,  0.27530208,
       -0.11322573,  0.19768739, -0.34388107, -0.20145546,  0.62350398,
       -0.41348103,  0.38904643,  0.34726718, -0.63064039,  0.44478619,
        0.26146549, -0.32292467, -0.27366856,  0.40523925, -0.11279538,
        0.14277931, -0.19934589,  0.48907495, -0.47636873, -0.3257314 ,
       -0.05552982,  0.00638303,  0.05808849,  0.25607958, -0.41066021,
        0.36003259, -0.17091674, -0.10876769,  0.01179419, -0.35445446], dtype=float32), array([-1.42207623, -0.04538284,  0.26874799,  1.32226622,  0.71775156,
        1.40085471, -0.68737596, -0.30751792, -1.21878862, -0.57969356,
        1.19415426,  1.20144999, -0.07108428, -0.90462017, -0.24277511,
       -0.40889218, -1.06708527, -0.01431703,  0.13944089, -0.58840775,
        0.04217276,  1.2011354 ,  0.23778763,  2.54718256,  0.4205409 ,
        0.24336222, -0.71457791,  0.91715801,  0.28693858, -1.03567505,
        1.46134329,  0.01525235,  0.10682148, -1.30572891, -0.39673489,
        0.97259122, -1.52980256,  0.36784932,  0.89584762,  0.43548697,
        0.54666787,  0.32644725,  0.32136428,  0.33802396, -0.99677205,
        0.24594559, -0.42434329,  0.46094605, -0.11883043,  0.75111252,
        0.70024598, -0.67811728,  1.30688071, -0.22846407,  0.23848471,
        0.36331093,  0.25851393,  1.59755206, -1.55591357,  1.16923881,
        1.71902263, -0.72665262,  0.34629029,  0.81556499,  0.61943567,
       -0.29830992, -1.34396422,  0.12018179,  1.90614688,  1.2888962 ,
       -1.09220624,  0.77273798, -0.99491358, -0.63007247,  0.04842005,
       -2.06313825, -0.41547498, -0.25371179,  0.26794478,  1.51526046,
       -0.59724426, -0.51071209, -0.45540503, -0.60170537,  0.25999311,
       -0.98307371, -1.08654785,  0.02311589, -1.44885957, -1.31750202,
       -0.6325984 ,  0.56396466, -0.42342052,  0.18261123, -0.04231551,
       -0.17201507,  0.4656173 , -0.72948998, -0.4473289 ,  0.19853464], dtype=float32), array([-2.20020747,  0.68764949,  0.66096628,  1.05372524,  0.89970499,
        1.41154158, -0.03706638, -1.53647959, -1.54502439,  0.27245462,
        1.09807479,  1.10360956, -0.01751142, -0.97934526, -0.09097394,
        0.15125987, -0.0765647 ,  0.06811912,  0.43022552, -0.5022853 ,
       -0.19641906,  0.87578946, -0.44743201,  2.75472236,  1.08001387,
        0.09912987, -0.253916  ,  0.52701306, -0.82762092, -0.60751516,
        1.44015098, -0.28831056, -0.37153518, -0.81426764, -0.65158927,
       -0.67231345, -1.26467073,  0.99909729,  0.10391427,  0.07818019,
        1.26931298,  0.58408362,  0.04116804,  0.73194003, -0.25909233,
       -0.78017402, -0.24060544, -0.14499837, -0.33105135,  0.71574992,
        0.57580459, -0.83239561,  1.83454537, -0.13230263,  0.25572422,
        0.32994816,  0.72191203,  2.07515931, -1.37487054,  1.30105913,
        1.24179733, -0.53566241,  0.05356885,  0.78138024,  0.53693616,
       -0.48563808, -1.74104095, -0.6927712 ,  2.16826749,  0.3281793 ,
       -1.08458459,  0.32436031, -0.98974389, -0.50253928,  1.88061714,
       -3.17421436, -0.12664972,  0.13318244, -1.0548166 ,  1.70437706,
       -0.14169778, -0.9127686 ,  0.65178716,  0.44246817,  0.6385138 ,
       -0.46897414, -0.87980324,  0.18619214, -1.24090219, -1.12129784,
       -0.61111808,  0.47334039, -0.07802804,  0.78803784,  0.20844524,
       -0.1288901 ,  0.37445077, -0.82589132, -0.8041324 , -0.18759328], dtype=float32), array([-1.67198896,  0.764476  ,  0.00349207,  2.00613284, -0.33644187,
        1.15907133, -0.3956227 , -1.22226   , -1.34012079, -0.49087167,
        0.51799107,  0.59767389, -0.60733271, -0.70959044, -0.29570428,
        0.0312523 ,  0.02210345, -0.69087541,  0.45840633, -0.83784622,
       -0.46850935,  1.47884059, -0.40310791,  2.41795826,  1.4245919 ,
        0.22077006,  0.22383158,  1.64559352,  0.5846926 , -0.51718783,
        1.30760539,  0.07146741,  0.46205631, -0.9342013 , -0.9052251 ,
        1.49745226, -1.08240557,  0.45098856,  1.05630839,  0.07718687,
        1.73263383, -0.17343971, -0.25874233,  0.6338861 , -1.23621881,
       -0.11626008,  0.22105101,  0.70643234, -0.40037641, -0.41907653,
        0.06292462, -0.73517275,  1.87816083, -0.4231503 , -0.21832988,
        0.47421116,  0.55701303,  1.79405773, -2.18622279,  1.88024235,
        1.14920378, -1.90947104, -0.03440265, -0.14814503,  1.34036314,
       -0.29289263, -1.30883849,  0.28694707,  2.2834003 ,  0.9678247 ,
       -1.19968081,  0.53365082, -0.5507462 , -0.60309899,  1.41357958,
       -1.67314577, -0.19405462,  0.1000332 ,  0.20950675,  1.23154092,
       -0.55371708, -1.59290445,  0.14277741, -0.38401997,  1.41052437,
       -0.0457613 , -0.53485537,  0.42281234, -0.3728942 , -1.7644465 ,
       -0.57728475,  1.10910046, -0.66224182,  1.18638766,  0.26377165,
        0.01870574, -0.5903222 , -0.5214383 ,  0.16114879, -0.35038984], dtype=float32), array([ -1.39461410e+00,   3.97991180e-01,   1.11517787e+00,
         2.64454651e+00,   5.20262003e-01,   3.09020460e-01,
         2.66925365e-01,  -2.25181460e+00,  -1.64476883e+00,
         1.99230954e-01,   1.70899379e+00,   1.62417126e+00,
         1.36110938e+00,  -1.11773455e+00,  -9.18739960e-02,
        -3.48328650e-01,   6.82873666e-01,   8.35779488e-01,
        -2.25766897e-01,  -1.41979313e+00,  -6.77739620e-01,
         8.30403924e-01,   3.20325702e-01,   3.18981338e+00,
         1.52557492e+00,   3.13121140e-01,  -1.01918578e-02,
         1.41241634e+00,  -4.51355994e-01,  -4.44146514e-01,
         2.08720422e+00,   4.15917397e-01,  -5.57592392e-01,
        -4.03911382e-01,  -1.45254567e-01,  -7.78203487e-01,
        -1.82511115e+00,   5.30692458e-01,   1.25579655e+00,
        -5.72784543e-01,   1.03070915e+00,   1.95410222e-01,
        -1.23433694e-01,   6.95143223e-01,  -1.60929000e+00,
        -7.34093904e-01,  -9.17926133e-01,   9.07855213e-01,
        -5.37508488e-01,   1.08556747e+00,   1.36417055e+00,
        -1.48168945e+00,   1.51836908e+00,   2.62995869e-01,
         1.00309443e+00,   7.01801777e-01,  -1.79049864e-01,
         1.92168713e+00,  -2.77256894e+00,   1.32181776e+00,
         1.14440501e+00,  -8.18917751e-01,  -8.22181046e-01,
         1.14894533e+00,   9.59561229e-01,   2.22691834e-01,
        -2.50983858e+00,   7.78310522e-02,   2.56864452e+00,
         1.93906605e+00,  -1.64109790e+00,   3.33698928e-01,
        -6.02515459e-01,  -6.69834971e-01,   1.10715497e+00,
        -2.30796003e+00,   7.33140349e-01,  -8.16247642e-01,
        -1.18234706e+00,   2.75823832e+00,   1.06071733e-01,
        -9.59188581e-01,   3.08900923e-01,   6.11601353e-01,
        -1.32662207e-02,  -2.35236973e-01,  -1.01244950e+00,
         2.22499192e-01,  -2.05737424e+00,  -1.55813909e+00,
        -9.48388815e-01,   3.44888419e-01,   5.20848811e-01,
         1.33229840e+00,  -2.20461652e-01,   7.93699622e-02,
        -2.28451192e-03,  -8.65011364e-02,  -5.70912600e-01,
         4.76298302e-01], dtype=float32), array([-2.21593928,  0.48219767,  0.19958299,  1.03138137,  0.00980989,
        1.16416132,  0.2274366 , -1.52790368, -1.12873888, -0.20855719,
        1.57552385,  1.14647949, -1.51344037, -0.44524249,  0.03763456,
        0.10810632, -0.43732575, -0.41427684,  0.74420273, -0.76645291,
        0.11201265,  0.84066063, -0.26982108,  1.40447509,  1.10149884,
        0.27273262,  0.06903354,  1.28886986,  1.28079057,  0.20613158,
        1.44169497,  0.56543916, -0.11968591, -0.54372829, -1.15996647,
        1.62382245, -2.03105164,  0.30051458,  0.81580329, -0.2122584 ,
        1.31834006, -0.01306511, -0.27228123, -0.00627675, -0.71948189,
       -0.71276224,  0.30710176,  1.72877598, -0.59023589, -0.55873716,
       -0.87854564, -0.31364524, -0.23848611, -0.64128637,  0.41924673,
       -0.80898434,  1.35567617,  0.64936769, -1.58106303,  0.53775227,
       -0.10520614, -0.88299441,  0.02856135, -0.19575331,  0.35985664,
        0.00427134,  0.97642255,  0.00873707,  1.66379809,  0.6705274 ,
       -0.96611202,  0.27411193, -1.05616677, -0.60214382,  0.19455342,
       -1.9673903 ,  0.07607579,  0.64404452, -0.25682428,  1.07012784,
        0.86842668, -0.55321908,  0.0749899 , -0.01898298,  0.29408231,
       -0.6699416 ,  0.11064636,  0.09776844, -2.04004955, -0.36754176,
       -0.50551337,  0.40837049, -0.37660834,  0.12561746, -0.98547524,
        0.56273431, -0.07882956, -1.24027193, -0.77562773, -0.59822106], dtype=float32), array([-1.55900526,  0.68376511,  0.22483158,  1.74497414,  0.90063113,
        1.77230906, -0.72182286, -1.15989244, -1.42650104, -0.58757019,
        0.94525009,  1.51492345,  0.37436426, -0.72564983, -0.99638683,
       -0.0525931 ,  0.51011312,  0.7834298 , -0.03014781, -0.49858832,
        0.50819415,  1.2361331 , -0.07645665,  2.16377807,  0.932428  ,
        0.19888666,  1.23176169,  1.01646328, -0.26926777, -0.92473352,
        0.64822024, -0.40586233, -0.69570911,  0.28874281, -0.49568105,
        0.30438697, -1.06289363,  0.76725608,  0.40916002,  0.34536284,
        0.52221906, -0.49894738,  0.36098033,  0.74412626, -1.46848249,
       -0.77269208,  0.31390488,  0.12462424, -1.13914263,  0.72862262,
        0.39301676,  0.38102737,  1.55630577, -0.91621768,  0.01752949,
       -0.2945185 ,  1.25243127,  0.77598649, -0.91414464,  0.81221169,
        1.55059493, -0.95990908, -0.56558353,  0.94638443, -0.17987865,
        0.080047  , -0.95879614,  0.79580355,  1.63010085,  0.5713563 ,
       -1.31907427,  0.18577507, -0.18243161, -1.23115289,  1.269315  ,
       -1.43841922, -0.19005999,  0.84428179, -0.29749092,  1.49152005,
       -0.18156987, -0.32471335, -0.03319055,  0.20999172,  0.34332603,
        0.10575856, -0.72616374, -0.07249815, -0.7403754 , -1.4362551 ,
       -1.30752659,  0.37797093,  0.3139379 ,  0.50449306,  0.35273373,
       -0.32921892, -0.7738629 , -1.57512462,  0.08570425, -0.36941233], dtype=float32), array([-0.91636997, -0.24555895,  0.63643563,  2.53403091, -0.1705443 ,
        1.25687194,  0.7715987 , -1.54213214, -0.7797792 ,  0.06580054,
       -0.54963893,  1.11621583, -0.24541582,  0.08103161,  0.03597717,
       -0.38209045,  1.11446214,  0.26587793,  1.17357063, -0.67355984,
       -0.14583319,  0.66112643,  0.42504811,  2.35857439,  0.81902564,
        1.20506048,  0.76726842,  0.03255532, -0.45706987, -0.35233694,
        1.16772652, -0.36672387,  0.16743132, -0.2519199 , -0.05077925,
       -0.38076782, -0.7528584 , -0.36665988,  0.44241011, -0.28751522,
        0.65206826, -0.42690587, -0.50179797,  1.1002388 , -1.82909286,
       -0.69156516,  0.31482118, -0.20106259, -0.26223305,  0.86342746,
        0.58913404, -0.89728796,  1.45823157, -0.44240072,  0.86538434,
        0.12319215, -0.86384583,  0.94426143, -0.82843709,  1.01602447,
        0.30920255, -1.18983054, -1.12427235, -0.18412475,  1.85582602,
       -0.33579171, -1.44880056, -0.94762117,  2.54949951,  0.42090571,
       -0.95676368,  0.51957649,  0.86202353, -0.49407595,  1.01814735,
       -1.98557365,  0.05519889,  0.67156601, -0.52986908,  2.00745893,
       -1.03541017, -1.41548061,  1.32219052, -0.29313266,  0.31863546,
       -0.72971767, -0.98617637,  0.32200629, -0.94383627, -1.69131291,
        0.31847346,  0.91084337, -0.46324188,  0.90618259, -0.0603238 ,
        0.43333393, -0.52878195, -0.46299097, -0.44079518,  0.48338783], dtype=float32), array([-2.53231335,  1.08176935,  0.40725011,  2.41316891,  0.02135259,
        2.41134238, -0.89072877, -1.67645073, -1.71610916,  0.00434119,
        1.36183345,  2.32108402,  0.41813859, -1.53319943, -0.74532586,
        0.14641011, -0.4483338 , -0.10636283, -0.81171179, -0.75279993,
        0.19404033,  0.91361612, -0.34893486,  2.92455935,  1.32044888,
        0.89531243,  0.62887824,  0.90462196, -0.0116995 , -1.81456816,
        1.7950716 ,  0.14768365, -1.2904501 , -1.01806939, -1.48532605,
        0.05669012, -2.52433062,  0.48717386,  0.9413029 ,  0.72021598,
        1.95035076,  0.35730955,  1.05209219,  0.47927082, -1.96376479,
       -0.44787088,  0.3907367 ,  1.79991114, -0.61406314,  0.30584085,
        0.46859732, -1.26206541,  2.58327866, -0.83789808,  0.78210229,
       -0.33715388,  1.26622558,  1.75383914, -3.04839182,  0.88433284,
        2.2044301 , -2.35687518, -0.22780472,  0.09249097,  0.91850942,
        0.97483033, -0.96740282,  0.89467353,  2.82544184,  2.08326268,
       -1.34098887,  0.04729964, -1.61618733, -1.4886781 ,  1.89831555,
       -2.67457271,  0.16424718,  0.75873554, -0.11909686,  2.28993893,
        0.12740996, -1.03043783,  0.33323205, -0.26915336,  1.53444719,
        0.1369321 , -0.62016404,  0.51590538, -1.18103206, -1.70895994,
       -1.1703248 ,  1.31074834,  0.68906629,  1.49209607, -0.21799141,
       -0.44893262,  0.321666  , -1.7863071 ,  0.1415585 , -0.28388053], dtype=float32), array([-1.14367473,  0.54469818,  0.02274708,  1.53737843,  0.49069291,
        0.98523659,  0.16036722, -1.3822695 , -1.64402127,  0.36579534,
        0.39860082,  1.91357362,  0.17380624, -0.843454  , -0.58344287,
       -0.14940086,  0.54498118, -0.16722769, -0.14920415,  0.3259818 ,
        0.75789189,  0.73179895,  0.37636453,  1.7815696 ,  0.5747242 ,
       -0.07603717,  0.20476548,  0.94086719, -0.45441553, -1.25891745,
        0.58160174, -1.07944918, -0.52403247, -0.45400006, -0.64035708,
       -0.30999395, -1.39997554,  0.69820362,  0.38228118,  0.78912616,
        0.29358953, -0.07812499,  0.53979492,  0.28775147, -0.84897596,
       -0.47365797, -0.10324343,  0.17759377, -0.94944674,  0.93301797,
        0.37490571, -0.36513573,  1.65515471, -0.01501849, -0.19235423,
       -0.3467344 ,  0.53116965,  0.52072811, -1.46116173,  0.77436185,
        0.83412492, -0.87080002, -0.10904578,  0.89226925,  0.33888876,
        0.11908731, -0.80337137,  0.64779019,  1.50680399,  0.71030903,
       -0.90373445, -0.05951255, -0.7492336 , -0.40253377,  1.02601206,
       -1.45015049,  0.42985713,  0.05295325, -0.58557099,  1.38197327,
       -0.15169102, -0.59380037,  0.05535274,  0.20291966,  0.64464778,
        0.09166255, -0.76789129, -0.17849824, -1.11029899, -0.66272795,
       -1.13851285,  0.67508531, -0.13992316,  0.65074182,  0.26921606,
       -0.00309877,  0.29576468, -1.2089709 , -0.40613627, -0.05097823], dtype=float32), array([-1.17422664,  0.32708347,  0.92113352,  2.05332518,  0.22365393,
        0.63778853,  0.34610218, -2.14248466, -1.46317506,  0.21402273,
        1.09118795,  1.4614296 ,  0.79201388, -0.29949623, -0.43382674,
       -0.29599375,  0.38452566,  0.4527486 , -0.11365131, -1.42384613,
       -0.10086687,  0.2699196 ,  0.61955285,  2.58785653,  1.64489293,
        0.00463096, -0.47941634,  0.75125283, -0.13137794, -0.19884691,
        1.26687169,  0.04715763, -0.93820119, -0.64027536,  0.16448712,
       -0.28987533, -1.14509845, -0.26554823,  1.00251448,  0.03708871,
        0.94374675,  0.03098786,  0.43308005,  0.38986939, -1.1756227 ,
       -0.61204594, -0.81385398,  0.30151409, -0.24554357,  0.33061421,
        1.00405145, -0.83531475,  1.45110941,  0.50999498,  0.9858501 ,
        0.50222528, -0.28160635,  0.83134884, -2.26326013,  0.75278533,
        1.2388742 , -0.37666279, -0.54488516,  0.99186498,  1.12818301,
       -0.56869185, -1.89828181, -0.09280168,  1.5167222 ,  1.28781879,
       -0.56918788,  0.58312434, -0.67784548, -0.99358654,  1.25039673,
       -2.12160802,  0.11804405,  0.20695898, -0.49970055,  1.77163839,
        0.53354126, -1.21575391,  0.44422591,  0.82269114, -0.29819521,
        0.24083437, -1.24935853,  0.4308275 , -0.92383826, -1.19755542,
       -0.53248513,  0.11809415,  0.462136  ,  0.73792595, -0.1184826 ,
        0.70043278,  0.11825597,  0.04839694, -0.41327047, -0.33391011], dtype=float32), array([-1.76910508,  0.59627056,  0.7207644 ,  2.14119601, -0.17059368,
        0.62136394, -0.80487716, -1.60225654, -2.13219905, -0.75508833,
        0.90265566,  1.27512491,  0.12226   , -1.0316211 ,  0.14233445,
       -0.4710829 ,  0.71104282,  0.740587  ,  0.32404548, -1.20891118,
       -0.69676912,  1.40399539,  0.9406451 ,  2.27392197,  1.51305556,
        0.90994793,  0.43658459,  0.69772553, -0.62675244, -1.11996758,
        2.1938355 ,  0.0107268 , -0.04421805, -1.1775794 ,  0.58389246,
       -0.1727806 , -1.04587841,  1.71810687,  0.20010594, -0.057264  ,
        0.7611388 ,  0.46414423,  0.43671045,  0.93176967, -0.77380174,
       -0.87873667,  0.18451716, -0.23650241,  0.00314923,  0.50827849,
        1.40880644, -0.66488981,  0.49892613, -0.04034959, -0.71353418,
        0.67525297,  1.01503456,  1.70371759, -1.53159404,  2.10314727,
        0.89062071, -1.16108584, -0.16286686,  0.56283987,  0.6835165 ,
        0.0840074 , -2.11986661, -0.43655446,  1.29554999,  0.83676481,
       -0.41247639,  0.71876717, -0.6510331 , -0.63244498,  1.21096253,
       -2.24705887, -0.27583048, -0.32703251, -1.00997591,  1.62186325,
        0.19204567, -1.03843331,  0.21963072,  0.14916366,  0.35624337,
       -0.23730603, -0.91699868,  1.32787728, -0.82392573, -1.86136007,
       -0.66681582,  0.50144517, -0.62089139,  1.57874978, -0.54569113,
        0.3547481 , -0.04376123, -0.61424565,  0.13800131, -0.6130662 ], dtype=float32), array([-0.85870779,  0.17815313,  0.54186624,  0.92930728,  0.53748047,
        0.47320232, -0.28790641, -0.50632304, -0.51510698, -0.36978614,
        0.88578504,  0.77264142,  0.32607526, -0.85817456, -0.03956764,
        0.01766844,  0.44351953,  1.06583905, -0.05119661, -0.21610931,
       -0.25337714,  0.14945613,  0.016919  ,  1.00224745,  0.45488426,
        0.28079057,  0.39682057,  0.86573637, -0.44385186, -0.14431131,
        0.7949627 ,  0.50356638,  0.07157924,  0.02094355,  0.00249628,
       -0.35106397, -0.88617355,  0.5776726 , -0.04697892, -0.12938026,
        0.07591514,  0.45090431,  0.14227632,  0.40523264, -0.63994592,
       -0.63314307, -0.3436746 , -0.27635887, -0.28114665,  0.39174032,
        0.57039869, -0.07740853,  0.42439824,  0.13843016, -0.02555516,
        0.10930741,  0.80290639,  0.48449314, -0.62756622,  0.85560036,
        0.13981518, -0.06165256, -0.28910369,  1.0445832 ,  0.29551986,
       -0.33329749, -1.00821543,  0.19530885,  1.18748808,  0.16571322,
       -0.41687536,  0.21572044, -0.5271157 ,  0.05236579,  0.80445665,
       -0.72342461,  0.06532375,  0.1729902 , -0.8252188 ,  0.50418568,
        0.36038387,  0.04794605, -0.42295709,  0.27635956, -0.05118412,
       -0.04151995, -0.57286608,  0.68602401, -0.70246029, -0.51147616,
       -0.04274984,  0.24862331, -0.15482308,  0.51665723, -0.14082967,
       -0.09825639, -0.4787662 , -0.27909005,  0.20326474, -0.5219326 ], dtype=float32), array([-0.70530593,  0.32229307,  0.01831849,  0.99541706, -0.26674363,
        0.32290688,  0.04727833, -0.40917718, -0.36372894, -0.38557094,
        0.36871478,  0.44412276,  0.04252503,  0.01430828, -0.3791067 ,
        0.29291588, -0.21436468,  0.02601672,  0.41330922, -0.62293971,
       -0.05679487,  0.36794135, -0.28290737,  1.12991285,  0.4593088 ,
       -0.33606389, -0.0758149 ,  0.39271235, -0.37560603, -0.18012556,
        0.29433548,  0.33654073, -0.11300051, -0.42739344, -0.14796594,
       -0.27798954, -0.77948248, -0.35880077,  0.26001525,  0.06457134,
       -0.25441474,  0.27615893, -0.40880486,  0.72948998, -0.30059609,
       -0.33895564,  0.45537055,  0.431263  ,  0.15630063,  0.32621247,
        0.40751684, -0.71268415,  0.54479337, -0.46225101, -0.26407233,
        0.2660566 ,  0.05585148,  0.75263566, -0.41370729,  0.86165893,
        0.33517268, -0.39443141, -0.09530641,  0.481318  ,  0.3644253 ,
       -0.23869568, -1.34385109, -0.02222495,  0.40974721,  0.14646551,
       -0.18742065,  0.41140324, -0.57385308, -0.18121643,  0.32111207,
       -0.53343302,  0.15510991, -0.08116752,  0.22373874,  0.93167418,
        0.07463227, -0.38132361,  0.01601694, -0.32362565, -0.05196907,
        0.19252664, -0.16266115,  0.52107823, -0.43118083, -0.14615387,
       -0.39345047,  0.10063654, -0.17913756,  0.43670464,  0.12398918,
       -0.09556283,  0.45547408,  0.13485618, -0.06048624,  0.04340344], dtype=float32), array([-2.4971149 ,  0.70792568,  0.06215052,  1.976053  ,  0.88979071,
        2.06121802, -0.60996139, -1.82272124, -2.42904401, -0.02331795,
        0.94264668,  1.84870374,  0.65823889, -1.35694408, -0.03124617,
       -0.79174304,  0.31360799,  0.79457611,  0.01798366, -0.50654376,
        0.69443631,  1.56226766,  0.22929327,  2.76180243,  1.01679647,
        0.09735277,  1.35332942,  0.80810285, -0.23030287, -1.86135364,
        1.19496799, -0.62825346, -1.04040945, -0.40242979, -0.23786035,
        0.10303251, -2.00584292,  0.5033946 ,  0.35019594, -0.11319345,
        1.22890985, -0.46306214,  0.68923789,  0.94987428, -2.01443362,
       -0.68449157,  0.40536082, -0.21546614, -1.25464606,  0.95908761,
        1.03877699, -0.22592126,  2.65586686, -0.94033706, -0.31609207,
       -0.77955568,  0.67269927,  1.13976705, -2.03227711,  1.39225245,
        2.0582304 , -2.25417161, -0.07847417,  1.1504941 ,  0.80640733,
        0.01805351, -1.73126316,  0.64941657,  2.06097245,  1.07271695,
       -1.3795259 ,  0.50856054, -0.8615061 , -0.88289034,  1.40679729,
       -2.64542055, -0.5136978 ,  0.2053051 , -0.53992736,  2.38066006,
        0.1743339 , -1.24654388, -0.01153908,  0.18681054,  0.63539773,
       -0.12704122, -0.9974798 ,  0.13646385, -0.56860161, -1.74354601,
       -1.30421853,  0.4504773 , -0.31176049,  0.79333574, -0.09996277,
        0.25466165, -0.56795311, -1.8944844 ,  0.21289562,  0.14468414], dtype=float32), array([-1.23226249,  0.04839099,  0.28897938,  1.82433414,  0.75367236,
        1.13988864, -0.6580919 , -0.70051682, -0.88681304, -0.29241937,
        0.38294256,  0.43654549,  0.85888565, -1.63891864, -0.49772993,
       -0.12084748,  0.37725204,  0.36808714,  0.45640346, -0.77022123,
       -0.53745055,  1.31284213,  0.25104734,  2.65559411,  0.55903447,
        0.52077663, -0.19944951,  0.76691526, -0.1534842 , -0.17048754,
        0.76034278, -0.41425091,  0.98821509, -0.55971795,  0.33376232,
        0.32713416, -1.44423485,  0.65438032,  0.17662919,  0.24467793,
        0.37305677, -0.61963356,  0.1174975 ,  0.52486533, -1.5826391 ,
       -0.77335966, -0.13982749,  0.51771605,  0.33986905,  0.56152034,
        1.36310089, -0.43103954,  2.05411315, -0.27993047, -0.11780911,
       -0.39604157,  0.8106333 ,  1.01186788, -1.24797714,  1.39856684,
        2.13105083, -1.30545497, -0.56960428,  1.37988901,  0.98354065,
       -0.29151881, -1.71515965,  0.34585997,  1.92345297,  0.66186678,
       -0.48758197,  0.78190017, -0.71135783, -0.83993798,  0.96821898,
       -1.78270066, -1.02008045,  0.33017933, -0.31719199,  1.16445613,
       -0.57939494, -1.08923125,  0.202755  ,  0.19313073,  0.7990067 ,
        0.27266771, -0.83269978,  0.78632683, -0.06140595, -2.27214622,
       -0.61533588,  0.7916643 , -0.67656356,  1.19114077, -0.05405419,
       -0.73270875, -0.16802353, -1.12230182,  0.63422763,  0.44100875], dtype=float32), array([-2.05428267,  0.57127899,  0.05096199,  2.58730841,  0.98195767,
        1.73829973, -0.69722128, -1.46789193, -1.79384053, -0.27415371,
        1.19914889,  1.44349635, -0.31958967, -1.45825493, -0.51930833,
       -0.57933956, -0.10582461,  0.64637309,  0.20563912, -0.33086532,
        0.63411105,  1.06818867,  0.18781324,  2.39714146,  1.2665621 ,
        0.29384339,  0.96412671,  1.40230525,  0.42254657, -1.24267626,
        1.50644112, -0.22301555, -0.47048464,  0.25077561, -1.20312369,
        1.08028758, -2.88316464,  0.23230451,  0.95987952,  0.38370311,
        1.39121985,  0.27230036, -0.22068548,  0.09755018, -1.75897014,
       -1.07166481,  0.05949749,  1.2728436 , -1.11620522,  0.05407397,
       -0.20229892, -0.12011759,  1.3455323 , -0.81191623,  0.54781514,
       -0.60781592,  1.63795793,  1.335706  , -1.90175128,  0.39811176,
        1.40982485, -1.70550025,  0.15380734, -0.20645663,  0.66108161,
        0.10027149, -0.27461672,  0.52160084,  2.28917861,  1.52882147,
       -1.53847802,  0.45708728, -0.73103654, -1.41772234,  0.27884081,
       -2.66751528, -0.12497737,  0.76370668, -0.06819786,  2.1887114 ,
        0.44600999, -0.45679277, -0.01091991,  0.08250884,  0.35449862,
       -0.38788474, -0.58936697,  0.18049267, -1.0439533 , -1.2994802 ,
       -1.41785145,  0.50681311,  0.81463325,  0.4771207 , -0.21363041,
        0.35975838, -0.12311183, -1.91451025, -0.14574546, -0.24253948], dtype=float32), array([-1.12008882,  0.85009164, -0.63525844,  1.73983562,  0.09388623,
        1.04917419, -0.75051486, -1.18027997, -1.07345057, -0.00244645,
        0.16492659,  0.59700257, -0.66511214,  0.07414758, -0.33029488,
        0.2696209 ,  1.01106906,  0.59847254,  0.55182689, -1.19606972,
        0.05039686,  0.99281704, -0.19578442,  1.9037143 ,  0.9379549 ,
        0.74571913,  0.43190217,  1.02038467, -0.14645082, -0.87347209,
        1.74265826, -0.36143023,  0.71791255, -0.11007472, -0.30524561,
       -0.60446936, -0.63824695, -0.05164656, -0.07924653, -0.275832  ,
        0.6805734 , -0.1729449 ,  0.65852845,  1.62714112, -0.95375139,
        0.08535293, -0.08536546,  0.27871746, -0.23653734,  0.34534189,
        0.68100959, -0.45973146,  1.00260222, -0.88004798, -0.49822003,
        0.36034501,  0.91780198,  1.6324147 , -1.2302376 ,  1.68531406,
        0.76081574, -1.18721652, -0.23540197, -0.2055231 ,  0.63956511,
       -0.5145995 , -1.22561455,  0.39185053,  1.7389555 ,  0.32715416,
       -1.65207148,  0.53421324, -1.34985602, -0.43044478,  1.41257334,
       -1.97564006, -0.30876666,  0.9109323 , -0.77999574,  1.45082557,
        0.00945984, -1.10206556,  0.4314855 , -0.13808618,  0.36648881,
        0.05965606, -1.25731754,  0.45242977, -0.32724988, -1.55400133,
       -1.01944518,  0.25218236,  0.29298607,  1.46132183,  0.6391657 ,
       -1.206424  , -0.44526607, -0.65021282,  0.50827819, -0.0180888 ], dtype=float32), array([-1.38427126,  0.57986015,  0.53454882,  1.32713151, -0.33296451,
        0.83052826,  0.53114176, -0.9180333 , -0.89662671,  0.42821985,
        1.32529414,  0.92764604,  0.26218739, -0.68270385, -0.42534059,
        0.40894896,  0.630382  ,  0.00547703,  0.83292031, -0.74994415,
        0.32090184,  0.59729862,  0.13622499,  2.63212419,  1.2576884 ,
       -0.32074752,  0.35195723,  0.57268029, -0.26563096, -0.12690948,
        0.75240463,  0.61255282,  0.28752023, -1.18865395, -0.71589327,
       -0.89369786, -1.29999089, -0.10078133,  0.17796879,  0.46223471,
        0.5682795 ,  0.33575907, -0.04119818,  0.90120506, -0.50120151,
       -0.48013604,  1.13744402,  0.31478029, -0.47066161,  0.15916853,
        1.01912618, -0.85045671,  1.2583431 , -0.93059027, -0.42364681,
        0.69940257,  0.18879381,  1.28692305, -1.24767733,  1.87443745,
        1.21357679, -1.32552159, -0.39768878,  0.54941618,  0.76442277,
        0.32693148, -1.37725186, -0.08641699,  2.03945851,  0.11006475,
       -0.24383458,  1.35704803, -0.8168661 , -0.34708548,  1.31822097,
       -1.4574635 , -0.20989814,  0.52383471, -0.78255272,  1.70903361,
       -0.10902463, -1.5897913 , -0.7797752 , -0.98635304,  0.14584354,
        0.5293687 , -1.11077106,  0.27699775, -0.68534386, -1.15448475,
       -0.53153104,  0.52318531, -0.91125095,  0.81529737,  0.05169598,
        0.06128843, -0.09251621, -0.56288433, -0.39468414,  0.29637176], dtype=float32), array([-1.29438627,  0.3492963 , -0.46665204,  1.45920968,  0.46377343,
        0.72909528, -0.47599816, -0.9607954 , -1.1761713 , -0.67800653,
        0.4246504 ,  1.25391626, -0.31565115, -0.38867152, -0.17852122,
        0.11921638,  0.17396864,  0.6296671 , -0.02175495, -0.41322231,
        0.29253814,  0.53158271,  0.53296894,  1.02883601,  0.94161439,
       -0.10677277,  0.08338045,  0.56590348, -0.04069346, -0.93484831,
        1.02504492,  0.17525004, -0.86552715, -0.65645868,  0.05788925,
        0.27432054, -1.19587517,  0.46133831, -0.26193669,  0.40295929,
        0.03949074,  0.74966317,  0.11628543,  0.00601415, -0.61839324,
       -1.07747161, -0.51605612,  0.33596942, -0.58401358, -0.012293  ,
        0.6874671 , -0.02947103,  0.57852167,  0.64565521,  0.18931751,
        0.79385787,  0.70614022,  1.02248478, -1.33606899,  0.47563037,
        0.61954039, -0.16265047,  0.04972678,  0.56643283, -0.09855126,
        0.11710403, -0.8420794 ,  0.31398848,  1.35530138,  0.91218311,
       -0.76860219,  0.50945252, -1.39575589,  0.15584908,  0.60209799,
       -1.12428367,  0.0898213 ,  0.43339965, -0.67185771,  1.21391642,
        0.31393167, -0.21020019, -0.44939461,  0.4669323 , -0.02755603,
       -0.36244631, -0.80783552,  0.42660388, -0.71683526, -0.22684063,
       -1.1403954 ,  0.20106132,  0.21971934,  0.7230584 , -0.16314921,
        0.23268273, -0.2457196 , -0.6603508 , -0.65552431, -0.34239995], dtype=float32), array([-0.26078194, -0.10055067,  0.08672437,  0.59573829,  0.45350787,
        0.71933556, -0.61065805, -0.297288  , -0.68438417, -0.02103557,
        0.24882761,  0.3534705 , -0.0459944 , -0.67144614,  0.06970111,
       -0.3514775 ,  0.02040619,  0.07201041,  0.1128093 ,  0.123698  ,
       -0.09772456,  0.37095737,  0.27712962,  0.80407929,  0.89643586,
        0.37918293, -0.16056719,  0.46979675, -0.10497084, -0.75343114,
        0.41469997, -0.05305283,  0.06839654, -0.02298746, -0.64956325,
        0.31696624, -0.7522524 ,  0.66005355,  0.82061458,  0.48684388,
        0.07847438,  0.09154167,  0.63098234,  0.46637395, -0.80928701,
        0.09725953,  0.30304292,  0.10882889, -0.47329032,  0.48336875,
        0.72136974, -0.24357891,  0.85978353, -0.04304093, -0.45573702,
        0.14243957,  0.95668179,  1.05875266, -1.44839084,  0.44691825,
        0.78157938, -0.72812301,  0.29586345,  0.09896853,  0.32975227,
        0.35362497, -0.13579914,  0.8937875 ,  1.00239074,  0.78426141,
       -0.77081019, -0.28044003, -0.88530707, -0.17324273,  0.37605029,
       -0.94892228, -0.10342556,  0.32697868, -0.22495417,  0.4840275 ,
       -0.29467216, -0.71875429, -0.53571492, -0.06202786,  0.11651647,
       -0.38639003, -0.84373415,  0.3055307 , -0.5372135 , -0.388248  ,
       -0.46706513,  0.25408852, -0.10873739,  0.5198341 ,  0.01716387,
       -0.29419684, -0.36023486, -0.62700993,  0.0621931 , -0.114765  ], dtype=float32), array([-0.59415877,  0.05138318, -0.00697738,  0.64566386, -0.18157043,
        0.43750504,  0.22974044, -0.51666325, -0.26207918,  0.12107197,
        0.08431796,  0.52533603,  0.00457956, -0.07566445,  0.03878325,
       -0.05421437,  0.32812145, -0.05128741,  0.01562125, -0.25596371,
       -0.00807071,  0.25895822,  0.1357279 ,  0.45673952,  0.08962186,
       -0.22939789,  0.38170198,  0.48226076, -0.35859904,  0.00817136,
        0.29048991, -0.25580317,  0.06924642, -0.11015785, -0.12000608,
       -0.28682476, -0.47328395,  0.26552999, -0.12220728,  0.07351397,
        0.4344179 , -0.14899303,  0.17339979,  0.24395677, -0.40028274,
       -0.14855769,  0.58871645,  0.33075744, -0.22471046,  0.16837329,
       -0.10279606, -0.00555087,  0.72934407, -0.37009349, -0.08971918,
        0.06161164,  0.05412094,  0.51144123, -0.43564427,  0.5642004 ,
        0.35511729, -0.76239556, -0.20162255,  0.03830872,  0.44710118,
       -0.29953411, -0.33104381,  0.35177594,  0.38944539, -0.00565948,
       -0.25731161,  0.07829229, -0.12274848,  0.27451199,  0.64493912,
       -0.21165183,  0.15777454,  0.00334918, -0.49970701,  0.62929195,
       -0.06648345, -0.0597065 , -0.11650066, -0.17894335,  0.09027022,
       -0.07738712,  0.13595694,  0.46591431, -0.24370785, -0.13072062,
        0.12977308,  0.236127  , -0.40886945,  0.57571858,  0.48508441,
       -0.03263024,  0.10648837, -0.15716   ,  0.25128591,  0.01954188], dtype=float32), array([-2.79049301,  0.36737868, -0.04665921,  2.24148083,  1.53152657,
        1.457376  ,  0.17511433, -1.86485839, -1.48766398, -0.14409253,
        0.95524687,  2.22970867, -1.19748592, -1.35816586, -0.41063887,
       -1.2616179 , -1.0235858 ,  0.41968575,  1.07013953, -0.56416422,
        0.35101765,  0.34422803,  0.2298685 ,  2.61833024,  1.95275211,
        0.74122608,  0.27636135,  0.9968183 ,  0.72613478, -0.89117789,
        2.25590062,  0.35346031, -0.05342567, -0.54036909, -1.05986452,
        1.93532205, -3.57387638,  0.81065178,  0.90909398,  0.66902184,
        1.88553715,  0.78184998, -0.55203193,  0.27582535, -1.68387175,
       -1.39699972, -0.92107844,  1.24069738, -0.65240365, -0.46946275,
       -0.25844112, -0.28562903,  1.04399765, -0.73112524,  0.66819644,
       -0.67692733,  1.00077295,  1.50252867, -2.9625175 ,  1.79091859,
        0.8099041 , -1.21291363,  0.02796407, -0.40372413,  1.0725714 ,
       -0.29501697, -0.36390764,  0.10566311,  2.87710714,  2.12048388,
       -1.29765749,  0.1316161 , -1.72458422, -1.33009577, -0.61005336,
       -3.075876  ,  0.31902167,  0.01615663, -0.77603161,  2.02393746,
        0.78526837, -0.47047085, -0.10956626,  0.82491332,  0.94638211,
       -1.04367197,  0.86922991, -0.08998847, -1.52094913, -0.82641166,
       -1.48026705,  1.06839418,  0.33552122,  0.92735225, -0.43146211,
        0.2887893 ,  0.35238487, -1.56916785, -1.01182151, -0.97304869], dtype=float32), array([-2.68548989,  0.35161942,  0.20235504,  1.77308273,  0.84134704,
        1.50169134,  0.30167237, -1.98070693, -1.00944328, -0.20761487,
        1.21852374,  1.50270283, -1.42720485, -0.8053022 ,  0.20829996,
       -0.83476537, -0.54751444, -0.13469893,  0.71763724, -0.61110747,
        0.12968764,  0.79736346,  0.14036776,  2.3541851 ,  1.54937625,
        0.71197832,  0.43924922,  1.70066631,  1.19383729, -0.86773068,
        2.05609465,  0.48581022,  0.31232417, -0.43562266, -1.20345044,
        1.83963716, -2.54072762,  0.36284396,  0.7270478 , -0.1722849 ,
        2.17277789,  0.69975132, -0.48661268,  0.37918243, -1.55843413,
       -0.83599383, -0.54282546,  1.37612247, -0.64781314, -0.46687064,
       -0.37773311, -0.82286745,  0.39718175, -0.56566888,  0.59750462,
       -0.83014888,  0.88790232,  1.51855087, -2.34284639,  1.17491949,
        0.19931906, -1.36455929,  0.21024176, -0.74507004,  0.82565296,
       -0.1864406 , -0.15974875,  0.47736895,  2.56604123,  1.20583224,
       -1.40442216,  0.56896007, -1.68545401, -0.72523159, -0.20282044,
       -2.67191458, -0.09158327,  0.64856499, -0.99909204,  1.8212502 ,
        0.56510508, -1.00101388, -0.06018177,  0.00581381,  0.64621335,
       -0.64228362,  0.15974766,  0.12618133, -1.54164517, -0.91671652,
       -0.91371727,  1.15594876,  0.06936005,  0.42863315, -0.53739452,
        0.53193402, -0.19608606, -1.67376661, -0.7844404 , -0.65397042], dtype=float32), array([-1.29791212,  0.22257265, -0.72591603,  0.60137922,  0.05735382,
        0.32753325, -0.12936692, -1.24362564, -0.63453156, -0.83012623,
       -0.19624269,  1.24026275,  0.35346165, -0.7705645 ,  0.11872642,
       -1.07341313,  0.37355983,  1.14533281,  0.35554475, -0.94287157,
        0.25993904,  0.5030567 , -0.08063052,  1.39225006,  1.25081921,
        0.19562224, -0.33556983,  0.7537306 , -0.31600133, -0.79310739,
        1.59311128, -0.131863  , -1.07546127, -0.89089996, -0.31730503,
       -0.75485229, -0.96320176, -0.24435264,  0.96261591, -0.31165409,
       -0.00573929,  0.51856142, -0.01324488,  1.60139668, -0.91090345,
       -0.05931888, -0.31236485, -0.76478755, -0.09939991,  1.01365316,
        1.26679361, -0.23471595,  1.75223911, -0.73898667, -0.1921986 ,
        0.60752517,  0.00787831,  0.98140615, -1.75757289,  1.87161314,
        1.26348984, -0.12029921, -0.470653  ,  0.60697573,  1.19008267,
       -0.04166862, -1.75770223, -0.58186024,  1.28748882,  1.12966228,
       -1.75340021, -0.02446408, -1.29706407, -0.70876795,  0.30582839,
       -1.76148546, -0.03257627,  0.06696428, -0.72984248,  0.9302659 ,
        0.23542038, -1.28362751, -0.34104893,  0.59501559, -0.57840544,
       -0.1579272 , -1.2273159 ,  0.18585068, -0.4447923 , -0.66329694,
       -1.32604265,  0.58690882, -0.18073085,  1.50251222,  0.06878616,
       -0.07188658,  0.28338984, -0.21455634, -0.09258835,  0.04609516], dtype=float32), array([-1.10474002,  0.0765674 , -0.29380852,  0.94088227,  0.85509503,
       -0.08526051, -0.21105608, -1.57203984, -0.66878885, -0.44833866,
       -0.22091641,  1.17221856,  0.10904966, -0.23822142, -0.45063394,
       -0.56733584,  0.54170269,  0.50511086,  0.20336926,  0.20819375,
        0.27098396,  0.1239611 ,  0.18092239,  0.93049359,  0.69666445,
        0.21265462, -0.72972077,  0.63048106, -0.2582888 , -1.1083132 ,
        0.97293025, -0.0382716 , -0.61135274, -0.73463428,  0.12917446,
       -0.09187394, -0.67974478,  0.08089236, -0.30937085,  0.33419588,
       -0.18391562,  0.78291965,  0.08865742,  0.78401726, -0.45555267,
       -0.05195097,  0.01280493, -0.25278163, -0.46546817,  0.64807463,
        0.69397438, -0.41173992,  1.37282181, -0.71005517, -0.11077026,
        1.07397652,  0.71801299,  0.49313688, -1.04354012,  1.2591784 ,
        0.02172244, -0.18555006, -0.11373217,  0.71568179,  0.77240402,
       -0.02775348, -1.93022573,  0.33699921,  1.43995357,  0.49776778,
       -1.08511329,  0.16118909, -0.91891956, -0.30079728,  0.23663832,
       -0.9731434 , -0.06077892,  0.07838039, -1.03260255,  1.30166399,
        0.58462036, -1.19436359, -0.10649628,  0.01716834, -0.78978425,
       -0.51891935, -0.99268258,  0.53546536, -0.74881727, -0.38538736,
       -0.84012294,  0.28312245,  0.30046985,  0.84731662,  0.29121035,
        0.07117508,  0.24133283, -0.48593828, -1.10508108, -0.2024145 ], dtype=float32), array([-2.14883947,  0.72220886,  0.48499265,  1.52524507,  0.26339698,
        0.60125381, -0.05123983, -1.01392961, -1.23516834, -0.76893461,
        1.66659176,  0.28913105,  0.12442176, -0.60876358, -0.40050191,
        0.01302929,  1.07932675,  0.39876679,  0.08859768, -1.32325709,
       -0.34252518,  0.60058594,  0.07815698,  1.87367463,  0.93768042,
        0.46145347,  0.58081001,  0.65329754, -1.17628622, -0.38849539,
        1.57599568,  0.09055074, -1.01710653, -1.35223174,  0.20252144,
       -0.76220047, -1.25237417,  0.62023461, -0.1707243 , -0.39026219,
        0.49043924, -0.07307996,  0.55201423,  0.65600926,  0.08897499,
       -1.24165738,  0.64007914,  0.93664479,  0.49029395,  0.20073597,
        1.36531556, -0.98987687,  1.13309944, -0.86280751, -1.08166265,
        0.12639375,  1.08851445,  1.91255605, -1.54446673,  1.17051995,
        1.39267766, -0.70494366, -0.1530437 ,  0.77100056, -0.18365116,
       -0.18279356, -2.8148756 , -0.24808274,  1.75854421,  0.59708822,
       -1.50460958,  0.23893034, -0.68744117, -0.16000888,  1.50997293,
       -2.18213177,  0.25554419,  0.98579782, -1.32539737,  2.17322683,
        0.61270708, -1.57280648,  0.16640536, -0.17946509,  1.00426054,
        0.37450367, -1.2230531 ,  1.11036432, -0.62485451, -1.43620753,
       -1.85238433,  0.82236588, -0.32410312,  0.86709607, -0.92587364,
        0.43486437, -0.07996359, -0.76282674, -0.15384139, -0.17885733], dtype=float32), array([-1.49816501,  0.04957591, -0.37854007,  0.92794347,  0.25750124,
        0.27481109, -0.1224836 , -0.81667554, -0.87818491, -0.21648347,
        0.64286715,  0.82823372,  0.16250092, -0.76464003, -0.62291193,
       -0.58047318,  0.44557542,  0.5483163 , -0.20849903, -0.56025815,
       -0.08718547,  1.15943205,  0.73781544,  1.80428505,  0.39053169,
        0.33150154,  0.22992329,  1.05643559, -0.16113257,  0.05679783,
        0.98156732, -0.69926721, -0.22625054, -0.74716866, -0.32855657,
        0.28989962, -1.25472295,  0.16769557,  0.12143773, -0.24495977,
        0.83045411,  0.49251831, -0.45305657,  0.80398589, -0.88920766,
       -0.29441181, -0.15176049,  0.71168917, -0.73018265,  1.08861315,
        0.48710716, -0.19509122,  1.31221533, -0.10269696, -1.00841117,
       -0.15530504,  0.5985412 ,  0.9736191 , -1.44338059,  1.1640209 ,
        1.57966733, -0.47308275, -0.34223199,  0.39596695, -0.0582365 ,
       -0.35040471, -1.0622443 , -0.36530173,  1.13387597,  0.38979444,
       -1.01077151,  0.33717659, -0.76903003,  0.15922719,  0.82066751,
       -2.27959967, -0.32633966,  0.29112667, -0.51272368,  1.42747664,
       -0.21910302, -0.50802952, -0.29088569,  0.94109875,  0.18043217,
       -0.09054562, -0.42311954,  0.85748762, -0.82286543, -1.66997027,
       -0.95413709,  0.40182471, -0.17758982,  0.57474989,  0.31300837,
        0.02502458,  0.04539864, -0.7512362 , -0.04056118,  0.13216691], dtype=float32), array([-0.52375609,  0.11799911,  0.46553952,  0.8981548 ,  0.33166879,
        0.47673729, -0.14052674, -0.74150872, -0.8205955 ,  0.06132269,
        0.20258108,  1.47538745,  0.43622771, -0.37395954, -0.16766842,
       -0.45420772, -0.21123798,  0.01052921, -0.05760972,  0.200187  ,
        0.41056302,  0.55907339,  0.31624648,  0.8575508 ,  0.14494492,
       -0.03716633,  0.20433871,  0.45633402, -0.34670109, -0.76823664,
        0.40366071, -0.75287068, -0.01615528, -0.34498605, -0.32856387,
       -0.41339943, -0.86840111,  0.76661724,  0.2195188 ,  0.1374685 ,
        0.14348997, -0.2420688 ,  0.18637319,  0.46682706, -0.85635382,
       -0.11110766,  0.09788229, -0.0673547 , -0.61889058,  0.53233433,
        0.07739432, -0.10231618,  0.88603294, -0.12583357,  0.33879924,
       -0.24358192,  0.35024861,  0.1972086 , -0.63635325,  0.09550637,
        0.61501467, -0.2710889 ,  0.07583698,  0.28689611,  0.49808741,
       -0.0112407 , -0.10075941, -0.02629722,  0.70802975,  0.5088979 ,
       -0.47190279,  0.14029267,  0.01815687, -0.36501679,  0.51647878,
       -0.93479311,  0.30982199, -0.11457155, -0.66945076,  0.67188984,
        0.05018097, -0.42599025,  0.20514137,  0.23226459,  0.56635696,
       -0.03062464, -0.67098665, -0.43914258, -0.67375362, -0.37982452,
       -0.49550575,  0.47341734, -0.13803324,  0.209879  ,  0.13520321,
       -0.04138964,  0.10098932, -0.71808672, -0.0264403 , -0.51322728], dtype=float32), array([-2.07751775,  0.67860675, -0.1099131 ,  2.36567307,  0.63444561,
        1.94311821, -0.64409322, -1.41790307, -1.8054533 , -1.06858516,
        0.21294808,  1.19407284,  0.21252835, -0.47130513, -0.47762379,
        0.23262025,  0.7488355 ,  1.03741276, -1.00770843, -0.27145201,
        0.88059026,  1.26634741,  0.39681387,  2.086303  ,  1.70661962,
        0.82079637,  0.88558644,  1.42491543, -1.27837241, -1.69885135,
        1.08363378, -0.29270905, -1.21496522,  0.41306776,  0.35641968,
        0.33015901, -1.15998244,  0.85058719,  0.63309675,  0.51585424,
        0.3855527 , -0.46334305,  0.23264444,  1.10933506, -1.56978714,
       -0.73554569, -0.36870253,  0.20973209, -1.5450232 ,  0.92196888,
        0.23098417, -0.00287127,  2.1449821 ,  0.23166221,  0.1659331 ,
        0.42392319,  1.08112156,  1.15657222, -1.31266296,  0.61009359,
        1.63889039, -1.56742072,  0.15554643,  0.95278728, -0.16485924,
        0.05611961, -1.2477839 ,  0.95976818,  1.66511428,  1.5520252 ,
       -0.91905808,  0.58931184, -0.10972865, -1.18977559,  1.11494935,
       -1.96057367, -0.14561194,  0.89003897,  0.13081437,  2.31906652,
        0.13234586, -0.53704113,  0.02805812,  0.54923052,  0.52731639,
       -0.34064582, -1.24729216,  0.0286582 ,  0.19044861, -0.89054751,
       -1.31950569, -0.15141058,  0.75695825,  0.48956138,  0.17285818,
       -0.29956931, -0.66591734, -2.41498137, -0.09958816, -0.17778218], dtype=float32), array([-0.94430906,  0.06038504,  0.30377302,  1.2476145 ,  0.28213125,
        0.94625479, -0.42759013, -0.88677454, -0.47344467, -0.43581378,
        0.79055613,  0.78556907,  0.1916555 , -0.58822435,  0.01152448,
       -0.65503049, -0.35997301, -0.05609239,  0.36299807, -0.4215906 ,
       -0.17590986,  0.96106482, -0.09594825,  1.75389636,  0.53542721,
        0.40328625,  0.01246269,  0.93612868,  0.37606305, -1.08354604,
        0.86934108, -0.02490848,  0.68492568, -0.98173231, -0.97019148,
        1.00466156, -0.76575601,  0.08699626,  0.79656416, -0.36258027,
        0.83013928,  0.24555635, -0.10880338,  0.66272163, -1.06955802,
        0.26935434, -0.1026091 ,  0.98386842,  0.35179561,  0.32255998,
        0.52689397, -1.15889263,  0.63720524, -0.72869802,  0.12711245,
        0.11141028,  0.48657098,  1.54457617, -1.67960811,  0.96362752,
        0.5598197 , -1.04403222,  0.43265423,  0.08630043,  0.6052649 ,
       -0.04325514, -0.84282851,  0.20707746,  1.653687  ,  0.88622135,
       -1.1514312 ,  0.70947456, -1.26336432, -0.28197512, -0.06505845,
       -1.74823594,  0.01867409,  0.27290675,  0.05327717,  1.42852175,
       -0.24178822, -0.73367357,  0.10113032, -0.32634798,  0.43663764,
        0.15603429, -0.89558917,  0.14044136, -1.27823675, -1.06773663,
       -0.76637149,  1.07730937,  0.00191186,  0.59445429,  0.30149996,
       -0.17010367, -0.32353711, -0.68670058,  0.1461035 , -0.15988347], dtype=float32), array([-1.39752126,  0.49172127,  0.59394419,  1.67312884,  0.75742829,
        1.02449608,  0.29162312, -1.48020196, -1.36213493,  0.2671392 ,
        1.86892152,  1.08994734,  0.22089542, -0.44625703,  0.59752315,
        0.30560482,  0.17670022, -0.14778566,  0.19476557, -1.34209836,
       -0.36134586,  0.61551815,  0.05597749,  2.6851747 ,  1.95421278,
        0.28949934,  0.54658943,  0.87153459, -0.25107908,  0.00535928,
        0.9790135 , -0.47603169, -0.1798729 , -1.55792344, -0.41913459,
       -0.69947684, -1.70208788,  0.07310745,  0.01254958, -0.50566727,
        0.74997205, -0.07005146,  1.21233487,  0.80690688, -1.00012958,
       -0.5848372 ,  1.06269014,  0.35179242,  0.15035492, -0.10061623,
        0.21329516, -1.33709693,  1.68300641, -0.45052361,  0.15647623,
        0.23115607, -0.53978294,  2.15791559, -1.88430035,  1.27699769,
        1.3218621 , -1.17251956, -0.54961646,  0.93035227,  0.55891103,
       -0.13824894, -2.17449141,  0.03506564,  1.89635265,  0.23058078,
       -1.4180187 ,  1.09520066, -0.18638067, -0.46716607,  1.32276344,
       -0.92267078,  0.5017401 ,  1.17373407,  0.091364  ,  2.44460201,
        0.2324692 , -0.91938841,  0.31082124, -0.90969622,  1.29434204,
        0.33183914, -0.5960142 ,  0.42361587, -1.02988303, -0.83637798,
       -0.46860659,  0.42566472, -0.04892091,  0.21762028, -0.6113463 ,
        0.63029695,  0.67573482, -0.51049119, -0.1649906 , -0.10978199], dtype=float32), array([-3.44436121,  0.35087138,  0.17535898,  2.95252466,  1.36211801,
        2.25325608,  0.10221098, -2.54563284, -2.07936954, -0.0676984 ,
        1.54013872,  2.41023946, -1.27423286, -1.62007201, -0.38342538,
       -0.84189558, -0.74849033,  0.08819887,  0.82921922, -0.70138097,
        0.53204077,  1.14537215,  0.30083442,  2.94168043,  1.73540974,
        0.75543356,  1.07045448,  1.98389935,  0.77856874, -1.72958612,
        1.95037627,  0.37727901, -0.04585917, -0.3895016 , -1.39207983,
        1.93780005, -3.7662909 ,  0.72530371,  1.15172112,  0.47307119,
        1.96685946,  0.18712959, -0.34970587, -0.04692429, -2.39305449,
       -1.49939442,  0.01219667,  2.03108144, -0.90170246, -0.59584033,
       -0.43643454, -1.02353096,  1.2207036 , -0.7504769 ,  0.95513004,
       -1.31171   ,  1.76164329,  1.77574563, -3.36961007,  1.0433985 ,
        0.81136113, -2.12088919, -0.15287066, -0.42357832,  0.97114235,
       -0.19330287, -0.05043089, -0.06446868,  3.344203  ,  2.00487089,
       -1.58426428,  0.04395623, -1.07860601, -2.03582883,  0.16670224,
       -3.68369937,  0.46725136,  0.44035667, -0.52085727,  2.52047133,
        0.58214962, -0.84004879,  0.18940732,  0.24039187,  0.95112777,
       -0.91354805,  0.31492639, -0.14370491, -1.85779834, -1.59042513,
       -1.48567116,  1.50810599,  0.5907889 ,  0.41075686, -0.28309989,
        0.44686285, -0.23456725, -2.08025408, -0.96668327, -1.10885143], dtype=float32), array([-3.05615115,  0.78263032,  0.38239565,  2.71532607,  0.27561885,
        2.05236125, -0.35612082, -2.26941156, -1.45934975, -0.383573  ,
        1.05158198,  1.53144765, -1.69286942, -1.09130311, -0.10263112,
       -0.5037753 ,  0.0697997 , -0.01059085,  0.96702659, -0.70335782,
        0.2262706 ,  1.47950757,  0.30124077,  2.88783288,  1.55563116,
        0.94093156,  0.52952367,  2.22486567,  0.88392979, -0.78208673,
        2.2277081 , -0.07235081,  0.6494599 , -0.52805835, -1.04088628,
        1.6576134 , -2.86162066,  0.73822355,  0.76069707,  0.12139043,
        2.70896435,  0.17357865, -0.18747732,  0.69371635, -1.70601165,
       -0.43631446, -0.07528189,  1.5132668 , -0.67207098, -0.58869749,
        0.12243094, -0.5353353 ,  0.61042154, -0.40631059,  1.03301895,
       -0.80005729,  0.99172091,  1.79014313, -1.94627261,  1.75652266,
        0.70757401, -1.69880462,  0.13063292, -0.30091676,  1.28905046,
       -0.46750808,  0.29638106,  0.10762002,  3.13948035,  1.24698186,
       -1.17408705,  0.99426281, -0.88702506, -0.89231449,  0.73010767,
       -3.0667212 , -0.1087144 , -0.12680751, -1.11777723,  2.26687813,
        0.12185038, -1.22004068,  0.37149099,  0.2770482 ,  0.96258056,
       -1.04198515,  0.04737407,  0.22449413, -1.41526198, -1.44777966,
       -0.54160362,  1.26873696, -0.22197075,  0.85869843, -0.4523502 ,
        0.39635763, -0.67400581, -2.13015342, -0.23870161, -0.87103444], dtype=float32), array([-0.95594871,  0.4123742 , -0.08383651,  1.45627749,  0.53849405,
        1.41264355, -0.54097575, -0.58412427, -0.90912497, -0.31628013,
        0.21124324,  0.94821608,  0.60615712, -0.64463401, -0.37989095,
       -0.21724437,  0.23259394,  0.43640888, -0.06628952, -0.1459921 ,
        0.4906477 ,  0.91517586, -0.09772084,  1.11488628,  0.34538904,
        0.13813773,  0.96921319,  0.63631105, -0.40369776, -1.02030039,
        0.36944878, -0.48331916, -0.59370595,  0.31512877, -0.06452549,
        0.20999584, -0.7030493 ,  0.16546969,  0.44762975,  0.30453336,
        0.4533217 , -0.49279696,  0.20515388,  0.38943815, -1.0717417 ,
       -0.33920187,  0.07084394,  0.28375679, -0.88588363,  0.63476795,
        0.17232813,  0.02164122,  1.26267529, -0.19633701,  0.1728842 ,
       -0.42058879,  0.68849224,  0.68855214, -0.3828688 ,  0.20364037,
        1.27719486, -1.01880741, -0.0427257 ,  0.64345646, -0.11186001,
        0.12283292, -0.32618257,  0.67819083,  0.96491629,  0.7195195 ,
       -0.31985453,  0.16181242, -0.14380081, -0.8335793 ,  0.53828847,
       -1.27650869, -0.35885429,  0.35735437,  0.31164107,  1.06381333,
        0.06007224, -0.43394619,  0.11713853, -0.07264856,  0.27206796,
        0.04496337, -0.62052155, -0.30850413,  0.07332039, -0.91567892,
       -0.95456326,  0.12972113,  0.31549537,  0.30030948,  0.29611599,
       -0.19590348, -0.345779  , -1.0920161 ,  0.33424962, -0.07297863], dtype=float32), array([-2.04484344,  1.30551732,  0.03692141,  1.7904247 ,  0.93942666,
        0.73374653, -0.12929541, -1.80871272, -1.84771228, -0.07251973,
        1.89892077,  1.07221389,  0.5039314 , -0.6807397 , -1.58168983,
        0.51336926,  1.01583731,  0.3067185 , -0.09925724, -0.14283726,
        0.08182633,  0.33201444, -0.40064317,  2.7729733 ,  1.4197619 ,
        0.07995024,  0.19282907,  1.65863872, -0.29863697, -0.24295798,
        0.72433931, -0.46554068, -0.86248094, -0.50479966, -1.14770627,
        0.27182943, -1.72007644,  0.53545558,  0.21641234,  0.16264103,
       -0.48990434,  0.23787838, -0.32664466,  0.7096712 , -1.12913287,
       -0.92130703, -0.23427963,  0.57148832, -0.28421777, -0.21288718,
        0.46231335, -0.3466619 ,  1.03246486, -1.45494246, -0.58505052,
        0.30825645,  0.89596975,  1.23297381, -1.92998743,  1.6079011 ,
        1.22108912, -0.89971423, -0.57523972,  1.48114145,  0.1737265 ,
       -0.46130151, -2.14504933,  0.95687717,  2.37140059,  1.29355025,
       -1.58105385, -0.53050506, -0.8760519 , -1.20158947,  1.66943538,
       -2.14984488,  0.10380729,  1.43237472, -0.35805571,  2.2813046 ,
        0.30408064, -0.88874137, -0.66024929, -0.42620954,  0.57488459,
        0.33399472, -1.08454394,  0.30073893, -0.92212683, -1.47829854,
       -1.60314417,  0.66535366, -0.56666923,  0.84563464, -0.04993568,
       -0.69233865,  0.13962255, -1.80774307,  0.07134079,  0.06327409], dtype=float32), array([-1.94105721,  0.45575017,  0.81690544,  2.56566501,  1.26527596,
        2.25421619, -0.25689897, -1.13187623, -1.02188134,  0.44691646,
        0.93042022,  1.53098667, -0.01177334, -1.06259632,  0.64904505,
       -0.31435302,  1.3991673 ,  0.13102466, -0.78213024, -0.34209773,
        0.66670966,  1.85664392,  0.64580828,  3.72958803,  0.15561235,
       -0.39151505,  1.11097491,  1.41180027, -0.72515821, -0.73892373,
        1.37511611, -1.5108602 ,  0.74335009, -0.70135379, -0.1328643 ,
       -0.32965565, -1.56482899,  0.87642848, -0.03995068,  0.02609405,
        0.91274339, -0.52870423,  0.84156537,  0.81959325, -1.96047056,
       -0.40451035,  0.54635495, -0.0904342 ,  0.00582429,  0.82064229,
        0.67055017, -0.53379005,  1.25773656, -1.11837888,  0.91314179,
       -0.95553643,  1.25529635,  1.76221657, -1.50138891,  1.09533906,
        1.9398452 , -1.3351419 , -0.27740154, -0.12585744,  1.53449571,
       -1.53360343, -1.54862928,  0.39009452,  1.96073115,  0.93709975,
       -0.28383696,  1.41335189,  0.92083478, -0.42040324,  1.78905129,
       -1.27837956,  0.02265595,  0.67553979, -1.47805035,  2.1783278 ,
       -0.41058969, -1.21711743,  0.42694384, -0.31297588,  0.47780451,
        0.04943068, -0.62945139, -0.0262602 , -1.61036634, -2.94130182,
       -0.44940767,  1.26755404, -0.06616727,  1.95284367, -0.15540871,
        0.50502551, -0.32976457, -1.43763161, -0.06467595,  0.17610474], dtype=float32), array([-1.65405631,  0.29339913,  0.4362365 ,  1.57734978,  0.65168613,
        0.61951923, -1.61739588, -0.76747096, -1.01523066,  0.02094618,
        0.59175825,  1.28639245,  1.06611717, -2.09521222, -0.40350783,
       -0.75592047, -0.20851091,  0.87682545,  1.18581474, -0.5798105 ,
        0.03095641,  1.02764165,  1.15291703,  2.84241962,  0.2941699 ,
        0.90776545, -0.15965724,  0.70986038, -0.01725341, -0.90103751,
        1.36111009, -0.42845836, -0.08904903, -1.08748639, -0.47940511,
        0.17923255, -1.66514683,  0.58456898,  0.96346116,  0.06739752,
        0.81819057,  0.43596366,  0.00742518,  1.0229249 , -1.38126564,
       -0.04494915, -0.76317692,  0.0731109 ,  0.37401417,  1.53237939,
        1.38784969, -0.55991226,  1.90464795,  0.10261218, -1.09210324,
        0.09685975,  0.26977327,  0.62099665, -1.47898221,  1.89360023,
        1.56291139, -0.75527447, -0.24679545,  0.97838151,  0.63660979,
       -0.13363752, -1.65469706, -0.25779942,  2.08882928,  1.37296247,
       -1.38802052, -0.58047867, -1.20381844, -0.78531742,  0.83321983,
       -2.31263757, -0.13147748, -0.31440297, -0.051455  ,  0.84827203,
       -0.38336441, -0.88882226,  0.29868165,  0.28112543,  0.6825431 ,
       -0.76493376, -1.01590335,  0.89405262, -1.05680108, -2.18774652,
       -0.76840234,  0.70921743, -0.45314673,  0.84861392,  0.28163573,
       -0.55397165, -0.2071463 , -0.27161741, -0.08059826,  0.0125881 ], dtype=float32), array([ -9.69512343e-01,   5.86427391e-01,   2.74797320e-01,
         1.69877076e+00,   8.78978297e-02,   9.12300766e-01,
        -8.87608230e-02,  -1.05018723e+00,  -7.80086398e-01,
         2.88841009e-01,   7.13352025e-01,   1.56582642e+00,
        -1.50784224e-01,  -4.50084448e-01,  -2.28807837e-01,
        -5.22213101e-01,   1.50043905e-01,   1.91662028e-01,
         6.40341997e-01,  -3.21135342e-01,   5.81140459e-01,
         5.74057639e-01,   2.30283171e-01,   1.43052697e+00,
         8.52787375e-01,  -1.08412676e-01,   5.29643774e-01,
         6.51303768e-01,  -3.38185221e-01,  -8.02292049e-01,
         8.47760856e-01,  -1.87945008e-01,   3.01002979e-01,
        -5.82242846e-01,  -6.51156545e-01,   3.65017876e-02,
        -6.24173462e-01,  -5.38236380e-01,   4.20378029e-01,
        -5.02568781e-02,   6.91001534e-01,  -3.27369452e-01,
         1.64642513e-01,   4.92714316e-01,  -1.28961360e+00,
        -5.69163442e-01,   4.17574584e-01,   5.43669701e-01,
        -3.30654413e-01,  -7.22843222e-04,   5.08153498e-01,
        -6.45105243e-01,   1.23227489e+00,  -7.07038641e-01,
         3.29286873e-01,   8.14842060e-02,   3.38954031e-01,
         8.39004636e-01,  -1.11200821e+00,   9.96404350e-01,
         4.87436265e-01,  -8.82579923e-01,   6.09572083e-02,
        -4.68734175e-01,   7.34225094e-01,  -2.30035007e-01,
        -8.93115997e-01,   7.19952524e-01,   1.25241554e+00,
         2.28375614e-01,  -6.81310952e-01,   1.01745069e+00,
        -4.48461562e-01,   1.08785756e-01,   8.28928113e-01,
        -1.15764570e+00,   7.61605725e-02,  -8.28180090e-02,
        -4.42254275e-01,   1.48398972e+00,   2.07556561e-01,
        -5.88469923e-01,   1.15857877e-01,  -5.18163502e-01,
         3.84283483e-01,   5.43204844e-01,  -7.24572182e-01,
        -2.50338554e-01,  -6.41185999e-01,  -5.71238160e-01,
        -5.45621634e-01,   7.88322866e-01,  -1.20985717e-01,
         8.19676220e-01,   3.33065629e-01,  -4.88588139e-02,
        -6.29250288e-01,  -6.34423614e-01,   1.03318036e-01,
        -4.09936845e-01], dtype=float32), array([ -1.84962332e+00,   5.65497935e-01,   5.34041643e-01,
         2.63322926e+00,   8.50912929e-01,   9.11435723e-01,
        -4.96127933e-01,  -1.40484178e+00,  -7.12378442e-01,
        -4.09964025e-01,   1.28840864e+00,   1.89331830e+00,
         3.27412426e-01,  -7.84295559e-01,  -8.70003581e-01,
        -4.51935947e-01,   3.36820722e-01,   3.58995140e-01,
        -2.39836693e-01,  -3.75110418e-01,   2.51997828e-01,
         8.23946670e-02,  -3.08836512e-02,   2.21842718e+00,
         5.37901878e-01,  -2.83588991e-02,  -1.41956866e-01,
         1.48681855e+00,  -1.53284597e+00,  -1.16914320e+00,
         1.69381237e+00,   3.59649360e-01,  -1.03438044e+00,
        -7.26827681e-01,  -1.57218099e-01,  -2.30512381e-01,
        -1.59337032e+00,   8.46457481e-02,   1.84691593e-01,
        -3.50971729e-01,   6.20462000e-01,   1.74562752e+00,
        -3.59705091e-01,   6.76911652e-01,  -1.34836435e+00,
        -3.10130417e-04,  -3.00091624e-01,   4.07032579e-01,
        -5.71173370e-01,   1.44261527e+00,   1.28960145e+00,
        -1.78259552e+00,   1.21146762e+00,  -1.31684399e+00,
         8.11491847e-01,   7.23944068e-01,   8.75071645e-01,
         2.14754248e+00,  -1.91852760e+00,   1.56185281e+00,
         7.08547950e-01,  -2.71306813e-01,  -6.02031462e-02,
         9.44151461e-01,   1.16140378e+00,  -3.35343808e-01,
        -2.79438686e+00,   2.56324768e-01,   1.85348976e+00,
         6.04790688e-01,  -1.08987641e+00,   2.51770616e-01,
        -1.65081584e+00,  -5.39255798e-01,   9.84020054e-01,
        -3.06740499e+00,  -9.19958949e-02,  -3.86537582e-01,
        -5.16121507e-01,   2.65475297e+00,   3.74675810e-01,
        -7.17771471e-01,   2.21790671e-01,  -5.36764801e-01,
         4.87350792e-01,  -1.12557933e-01,  -9.81307507e-01,
         8.35071504e-02,  -1.97071040e+00,  -6.53430045e-01,
        -7.70476580e-01,   9.68133271e-01,   1.93059236e-01,
         1.34690464e+00,   5.67455769e-01,  -8.89271498e-04,
        -1.96706355e-01,  -1.05126309e+00,  -5.42997181e-01,
         6.40647709e-02], dtype=float32), array([ -1.79298282e+00,   5.21981061e-01,   9.56266284e-01,
         1.89239442e+00,   1.12301242e+00,   7.84708261e-01,
         7.51700699e-02,  -1.87532616e+00,  -2.07380390e+00,
         1.50711775e-01,   1.71602571e+00,   1.55916357e+00,
         8.83190155e-01,  -9.40919816e-01,  -2.61658221e-01,
        -2.55605169e-02,   7.87953138e-01,   6.81019723e-01,
        -6.72868013e-01,  -9.29669380e-01,  -5.00046909e-01,
         2.04438984e-01,   4.80097324e-01,   3.05337191e+00,
         1.35274291e+00,   2.42908373e-01,   3.88145030e-01,
         9.83712375e-01,  -7.45045662e-01,  -4.39627439e-01,
         1.19465280e+00,  -4.12843041e-02,  -4.78743464e-01,
        -1.20484069e-01,   4.81045693e-01,  -6.85493052e-01,
        -1.67450380e+00,   2.45279491e-01,   6.88207448e-01,
         3.42753202e-01,   1.09208941e+00,   3.61975729e-01,
         4.36445683e-01,   2.00764552e-01,  -1.02213407e+00,
        -7.07748473e-01,  -6.74738586e-01,   1.18308976e-01,
        -6.34557307e-01,   5.90708375e-01,   9.02759194e-01,
        -1.01586783e+00,   1.41254663e+00,   7.47059882e-02,
         2.69230098e-01,   1.14044979e-01,  -2.38111243e-02,
         1.03690708e+00,  -2.31675959e+00,   1.17038310e+00,
         1.06719589e+00,  -6.31803215e-01,   1.69369299e-03,
         1.32512283e+00,   9.45520818e-01,  -6.78766131e-01,
        -2.68793869e+00,  -5.34441918e-02,   2.07000113e+00,
         6.82917178e-01,  -9.25729215e-01,   8.33166540e-01,
        -9.52785388e-02,  -1.26048899e+00,   1.24048162e+00,
        -1.91915786e+00,   6.77155852e-01,   5.29492274e-02,
        -6.73203707e-01,   2.38235879e+00,   1.14509076e-01,
        -8.71543825e-01,   4.34454918e-01,   9.14676964e-01,
         9.57207829e-02,   1.88478544e-01,  -7.09498584e-01,
         5.92594743e-01,  -1.28830564e+00,  -1.82403719e+00,
        -4.46089625e-01,   2.70668894e-01,   7.09133744e-01,
         7.67097175e-01,  -5.84742665e-01,   7.39701807e-01,
         1.34054050e-01,  -5.87532878e-01,  -4.41562235e-01,
        -2.34504223e-01], dtype=float32), array([-0.9181053 ,  0.06686629, -0.03542544,  1.02593553,  0.52476537,
        0.4801439 ,  0.26722789, -1.1687541 , -0.69486666,  0.43976584,
       -0.08764699,  1.27019036,  0.34053379, -0.63886189, -0.14771113,
       -0.05359013,  0.37832487, -0.09906192, -0.03137669,  0.11945488,
        0.25450319,  0.48851621, -0.04011387,  1.06756389,  0.75297087,
       -0.12067136, -0.04950778,  0.84918493, -0.00881355, -0.76556319,
        0.74672818, -0.33073473, -0.2106294 , -0.49927965,  0.35945046,
       -0.09833054, -0.81735253,  0.34934309,  0.48889399,  0.69820583,
        0.19632116,  0.21784307,  0.09876919,  0.32881194, -0.69267184,
       -0.5741176 , -0.05332492,  0.25283903, -0.34444684,  0.36212748,
        0.46154955, -0.06759705,  1.27463627,  0.42201772, -0.92898947,
        0.2525675 ,  0.57682592,  0.71369803, -1.00368452,  0.83027095,
        0.59537733, -0.78641886, -0.29850245,  0.10583204,  0.32281008,
        0.06360467, -0.98057795,  0.62423372,  1.54096437,  0.67755252,
       -0.32435438, -0.16255695, -0.81563008, -0.82039034,  0.90431345,
       -0.82791263,  0.19978969,  0.27584881, -0.96515846,  0.87195569,
        0.1190079 , -0.81381929, -0.16911802, -0.2498281 ,  0.27422446,
       -0.26552743, -0.44640073, -0.33284199, -0.31643093, -0.45931327,
       -0.87894303,  0.00823933, -0.14262661,  0.63312578,  0.43397036,
       -0.30978867, -0.05700672, -0.95598036, -0.13894966,  0.28183806], dtype=float32), array([ -1.06617725e+00,   1.37228936e-01,   5.68225563e-01,
         8.61630440e-01,  -2.99341530e-02,   3.58536303e-01,
         5.54847658e-01,  -1.31222844e+00,  -1.06351006e+00,
         5.13011575e-01,   8.74941826e-01,   1.53891945e+00,
         2.78313786e-01,  -8.50072265e-01,  -4.80255902e-01,
        -2.40029693e-02,  -1.61553860e-01,  -1.26437157e-01,
         2.93503940e-01,  -3.92997652e-01,   5.61597943e-01,
         2.92793274e-01,   2.80386388e-01,   1.20970440e+00,
         6.68630421e-01,  -3.33271414e-01,   1.62923276e-01,
         2.76373357e-01,  -5.13306707e-02,  -3.01394671e-01,
         7.14173436e-01,   3.03486377e-01,  -1.66912854e-01,
        -6.65236056e-01,  -2.88526207e-01,  -2.28305340e-01,
        -1.35926926e+00,  -4.12155867e-01,   6.46854460e-01,
        -1.13923594e-01,   5.62555134e-01,   4.40068781e-01,
         6.98795915e-01,   2.74631709e-01,  -1.30162191e+00,
        -6.99296594e-01,   3.32223177e-01,   6.41607881e-01,
        -1.31179392e-03,  -1.15871623e-01,   1.88435450e-01,
        -6.23770177e-01,   2.85767436e-01,  -2.82021701e-01,
         5.40722370e-01,   2.36531898e-01,   9.99762416e-01,
         8.27437699e-01,  -1.52157545e+00,   4.84295547e-01,
         5.97011387e-01,  -2.98033148e-01,  -7.52603769e-01,
        -2.58869410e-01,  -2.29005992e-01,  -8.28723609e-02,
        -8.09802353e-01,  -3.21182013e-01,   1.45092952e+00,
         5.40262997e-01,  -7.78277397e-01,   4.78430837e-01,
        -8.42551351e-01,  -3.33047926e-01,   5.54014146e-01,
        -9.93234277e-01,   3.25841606e-02,   1.72301322e-01,
        -3.67691219e-01,   1.29608214e+00,   6.76157713e-01,
        -6.54755175e-01,   1.84936132e-02,  -5.79516776e-03,
         3.51645261e-01,   8.28357339e-01,  -7.23274827e-01,
         3.12906086e-01,  -9.72873986e-01,  -3.93330544e-01,
        -2.35739768e-01,   8.37135911e-01,   2.42051184e-01,
         2.05314755e-01,  -2.49750927e-01,  -1.71676695e-01,
        -4.86519039e-02,  -3.58356774e-01,  -4.62380588e-01,
        -5.49190231e-02], dtype=float32), array([ -2.12255263e+00,  -1.44968033e-01,   4.64083016e-01,
         3.26054716e+00,   1.60623443e+00,   2.68572140e+00,
         2.01648235e-01,  -1.48763335e+00,  -8.42143357e-01,
         1.62912667e+00,   2.93596685e-01,   1.88803554e+00,
         7.62215495e-01,  -1.31840372e+00,   5.11465035e-02,
        -6.00600801e-03,   9.99147475e-01,   5.87442875e-01,
         6.13138258e-01,  -1.75578475e-01,   5.01456976e-01,
         1.87931907e+00,   5.23846567e-01,   4.00783920e+00,
         4.47747231e-01,  -9.51521456e-01,   1.56599224e+00,
         1.31717765e+00,  -3.80373418e-01,  -8.69391918e-01,
         8.03734481e-01,  -9.55497861e-01,   9.99293029e-01,
        -1.56744406e-01,  -3.90864342e-01,  -5.28984368e-01,
        -2.40375495e+00,  -1.69090927e-04,  -1.13782331e-01,
         2.27151126e-01,   4.84438896e-01,  -5.16663671e-01,
         3.48245293e-01,   1.09827363e+00,  -2.79070067e+00,
        -6.85181499e-01,   1.00079429e+00,   8.72399807e-02,
         3.98086756e-02,   1.00021482e+00,   7.44265735e-01,
        -4.83691990e-01,   2.37893510e+00,  -1.72255790e+00,
         6.44480169e-01,  -1.13695228e+00,   1.06171191e+00,
         1.31506371e+00,  -1.86235499e+00,   1.67619908e+00,
         2.16505075e+00,  -2.70034862e+00,  -4.35173035e-01,
        -5.86918652e-01,   2.48356438e+00,  -1.07805133e+00,
        -1.87076187e+00,   6.35998309e-01,   3.26732469e+00,
         8.96384776e-01,  -4.01338011e-01,   1.30592239e+00,
         7.15669155e-01,  -1.15482199e+00,   2.53419971e+00,
        -1.83537006e+00,  -3.03334370e-02,   8.85180652e-01,
        -1.83551860e+00,   2.60846496e+00,  -7.94803560e-01,
        -1.63063359e+00,   6.64522469e-01,  -1.10774219e+00,
         4.47460592e-01,   1.07986033e-01,  -3.16152334e-01,
        -5.45447469e-01,  -2.05160093e+00,  -3.45531511e+00,
        -3.75721633e-01,   1.88382363e+00,  -8.59117627e-01,
         2.44637656e+00,   5.93502641e-01,  -1.20358616e-01,
        -5.31194746e-01,  -1.32317114e+00,   7.35626698e-01,
         2.92295128e-01], dtype=float32), array([-2.04395962, -0.42471185,  0.62414736,  2.68052268,  1.25517547,
        1.78078258, -0.53728008, -1.57555223, -0.82005185,  1.07026815,
        1.46748018,  1.55394161,  0.32319134, -0.9504751 ,  0.4086512 ,
       -0.77069664,  1.31115198,  0.50647885, -0.07384311, -0.68758589,
       -0.23983778,  1.59421241,  1.53756785,  2.81134295,  1.48475671,
        0.04383134,  1.26627386,  1.8730706 , -0.7031197 , -1.47448099,
        1.69967592, -0.68551147,  0.91973722, -0.41669661, -0.60150445,
       -1.56012249, -1.68783653,  1.04093862,  1.33029032,  0.04402528,
        2.02769208, -0.16760015,  0.4564181 ,  1.4790957 , -2.02040553,
       -0.61044544,  0.65455109,  0.87785721, -0.04878289,  0.84413254,
        0.64455038, -0.56521863,  1.88486993, -1.09474444, -0.27669096,
       -1.0928247 ,  2.1930089 ,  2.16075897, -2.51855183,  0.92705095,
        1.89811957, -1.98144126, -0.56473601,  0.02807372,  1.20218277,
        0.4818553 , -1.84537947,  0.08511226,  1.99615073,  0.66899902,
       -1.11926055,  1.62104261,  0.34946331, -2.20077085,  1.97529292,
       -2.95156431,  0.87015015,  1.09265184, -0.4283663 ,  2.67917371,
       -1.32806766, -1.78128076,  0.25811058,  0.007206  ,  0.27569491,
        0.40287298, -1.14977872,  0.31362489, -0.65814573, -2.38787198,
       -0.98911119,  1.81726432, -0.35500437,  1.66636217,  0.36474276,
       -0.53152198, -0.118101  , -1.73689365, -0.25276962, -0.01442191], dtype=float32), array([-1.95794535,  0.62679219,  0.03368903,  1.95532095,  1.13757014,
        1.65232313, -0.52012193, -1.25623894, -1.32303762, -0.34395054,
        1.38750076,  1.62502503,  0.77497768, -1.2300415 , -0.81254017,
       -0.37720045,  0.75601661,  1.31834245, -0.30442262, -0.30541465,
        0.2025757 ,  0.98060054, -0.02181604,  2.10580277,  1.24483633,
        0.18275371,  1.00540507,  1.55964828, -0.56002319, -1.43221819,
        1.00203037, -0.03852524, -0.86527091, -0.07043364, -0.11555544,
       -0.10285535, -1.78915691,  0.29433733,  0.35615212,  0.54922473,
        0.19605455, -0.52598846,  0.59972161,  0.20356031, -1.49533033,
       -0.88312584,  0.00756363,  0.21989533, -1.29812372,  0.53035492,
        0.08600998, -0.02695988,  1.7912544 ,  0.14558159, -0.03464773,
       -0.1301118 ,  1.43604767,  1.29177141, -1.87716734,  0.96643949,
        1.66445124, -1.39650583, -0.29909801,  1.45043457,  0.13573363,
        0.0369354 , -1.57383657,  1.18178189,  2.26915884,  0.84540844,
       -1.15478516,  0.34623742, -0.48829353, -1.16367507,  1.77576017,
       -1.86986029, -0.09045374,  1.2966603 , -0.43990397,  1.93113685,
        0.30386269, -0.62484932, -0.39812192, -0.11720597,  0.29859656,
        0.07500295, -0.9177894 , -0.00696162, -0.73497826, -1.40627086,
       -1.26267445,  0.2989704 ,  0.50922072,  0.66044885, -0.10224421,
       -0.11918036, -0.52029067, -1.67449033,  0.20779324, -0.45891613], dtype=float32), array([-0.98642772,  0.00765185, -0.36248115,  1.39229357,  1.41966987,
        1.23557198,  0.33091968, -0.61086297, -0.75552797, -0.09835888,
        0.23914088,  1.02075136, -0.33038473, -0.31899816, -0.13371727,
       -0.5873735 ,  0.47783798,  0.67525625,  0.10520224, -0.21257189,
        0.26092911, -0.08094904,  0.93735713,  1.42974818,  0.86780703,
        0.58208841,  0.73640901,  0.50716245, -0.45529342, -1.00295436,
        0.97479051, -0.44654399,  0.2824567 ,  0.08429299,  0.22273667,
        0.02195072, -0.81111753,  0.59391946,  0.15299121,  0.36616507,
        0.87737364,  0.45283851,  0.36755165,  0.21150181, -0.7081548 ,
       -0.71612501, -0.05011596,  0.01180203, -0.44855586,  0.1494261 ,
        0.47778228, -0.08501867,  1.2247901 ,  0.04699775, -0.22963187,
       -0.34401935,  0.09862674,  1.14928186, -1.75323391,  0.81924289,
        1.08709538, -0.94275206, -0.12190603,  0.05951887,  0.51898885,
       -0.22319579, -1.12445462,  0.58295494,  0.96701753,  0.73210359,
       -0.54859269,  0.41378254, -0.18956153, -0.55944622,  0.12282069,
       -1.77972555, -0.07881112,  0.36297345, -0.41338897,  1.18767488,
       -0.18290238, -0.52002859, -0.35453865,  0.67449558,  0.33788154,
       -0.36395049,  0.12635599, -0.14037222, -0.26618385, -1.41104591,
       -0.51286399,  0.32065082,  0.14822182,  0.75507426,  0.34526446,
        0.15788794,  0.09724941, -1.15611708, -0.41322526,  0.05702171], dtype=float32), array([ -3.52319646e+00,   1.38257062e+00,  -5.69969788e-02,
         3.49327588e+00,   6.63041055e-01,   5.50059080e-01,
        -7.02690333e-03,  -3.84723592e+00,  -3.58208776e+00,
        -1.89315408e-01,   1.86121416e+00,   2.73681426e+00,
        -4.79891539e-01,  -1.57915354e+00,   2.87393510e-01,
        -2.92551845e-01,   3.74669105e-01,  -5.56937873e-01,
         5.27111068e-02,  -2.35466552e+00,   1.80252157e-02,
         1.33885133e+00,   8.08184326e-01,   3.35423088e+00,
         2.39539433e+00,  -3.18283401e-02,  -2.79562175e-01,
         2.29150176e+00,  -8.21486175e-01,  -2.03455806e+00,
         2.11359549e+00,  -5.19970715e-01,  -1.06344295e+00,
        -2.18401146e+00,  -1.17424452e+00,  -1.23604786e+00,
        -2.25252271e+00,  -4.55399871e-01,   1.32650888e+00,
         1.69456229e-01,   1.95673954e+00,   1.36380088e+00,
         3.47585976e-03,   1.44794917e+00,  -2.32163072e+00,
        -1.67587185e+00,   7.38604307e-01,   8.08652639e-01,
        -5.44082522e-01,  -7.35769346e-02,   1.10550117e+00,
        -1.74441063e+00,   1.52159715e+00,  -9.51560974e-01,
        -9.28407669e-01,   1.28461957e+00,   7.81129003e-01,
         3.31292677e+00,  -3.51480460e+00,   2.53914618e+00,
         8.97112846e-01,  -1.93558300e+00,  -1.12839520e+00,
         4.64479953e-01,   6.22058272e-01,  -4.38904583e-01,
        -3.18361068e+00,  -3.47498618e-02,   3.63807750e+00,
         1.63939023e+00,  -2.25474215e+00,   1.01290321e+00,
        -2.09844947e+00,  -1.42120755e+00,   1.88690543e+00,
        -3.72570157e+00,   5.98980039e-02,  -1.27521574e-01,
        -7.27037966e-01,   4.71758413e+00,   4.52663869e-01,
        -1.69762397e+00,  -4.49270830e-02,   8.18475336e-02,
         1.28623569e+00,   2.55332500e-01,  -1.13171220e+00,
         4.98586655e-01,  -1.78483808e+00,  -1.47360170e+00,
        -1.22394073e+00,   1.99351978e+00,   4.41196859e-01,
         2.06615162e+00,  -9.16993022e-01,   9.74045932e-01,
         1.17249489e+00,  -6.72391176e-01,  -5.59550285e-01,
         4.00307536e-01], dtype=float32), array([ -2.18269467e+00,   4.66838658e-01,  -3.95767599e-01,
         1.31649256e+00,   7.93010741e-02,   1.56099409e-01,
        -5.72639763e-01,  -2.27128625e+00,  -1.07721567e+00,
        -6.15819335e-01,   1.46742213e+00,   1.30633938e+00,
        -7.02224895e-02,  -1.37799871e+00,   8.10724348e-02,
        -1.10197574e-01,   3.03926528e-01,   1.19964516e+00,
         3.10329407e-01,  -1.27192688e+00,  -4.99556139e-02,
        -1.90469444e-01,   6.69140890e-02,   1.66974771e+00,
         1.43166244e+00,  -3.47626776e-01,   4.43360135e-02,
         1.23286414e+00,   3.10389698e-02,  -9.83763397e-01,
         1.22966170e+00,  -2.40616769e-01,  -4.58423734e-01,
        -1.08591449e+00,  -9.51968253e-01,  -1.01300061e+00,
        -1.34983802e+00,   1.94805115e-03,   1.02948749e+00,
        -5.26704788e-01,   3.51017386e-01,   9.94759947e-02,
         2.22920179e-02,   1.10102034e+00,  -1.43329370e+00,
        -9.33876216e-01,   8.47142339e-01,  -6.00915432e-01,
         1.41240135e-01,   2.21062481e-01,   1.07716858e+00,
        -3.77062619e-01,   9.60478544e-01,  -8.08337927e-01,
        -9.40461040e-01,   4.13767487e-01,   1.07468414e+00,
         1.63663924e+00,  -2.11894107e+00,   1.28371871e+00,
         8.55700135e-01,  -7.39377797e-01,  -1.18264353e+00,
         7.58691311e-01,   3.81248504e-01,   1.01520491e+00,
        -1.97201705e+00,  -2.74748802e-02,   1.77462804e+00,
         1.00848222e+00,  -1.58352935e+00,   3.98216575e-01,
        -1.27171504e+00,  -8.33248019e-01,   1.18521380e+00,
        -2.07524371e+00,  -7.98600197e-01,  -1.41754389e-01,
        -3.70331794e-01,   1.94122374e+00,   1.23121753e-01,
        -1.27455783e+00,  -8.36905718e-01,   3.81323755e-01,
         3.89079750e-01,   3.61864656e-01,  -1.00764799e+00,
         5.46052158e-01,  -7.59577394e-01,  -1.28175640e+00,
        -6.00052178e-01,   1.46740317e+00,  -2.36353949e-01,
         2.29593921e+00,  -8.02543521e-01,  -9.70802605e-02,
        -8.02388191e-02,  -9.35147047e-01,  -3.30805063e-01,
         3.89511615e-01], dtype=float32), array([-0.62391573,  0.37304366, -0.35431558,  1.51174915,  0.93888903,
        0.81094104, -0.76417983, -0.6045053 , -0.75718421,  0.16955964,
        0.58991581,  0.75267905, -0.09228054, -0.41430107, -0.49866688,
       -0.73329598, -0.0076918 ,  0.31008828,  0.48246041, -0.44697058,
       -0.14204736,  0.07089771,  0.04870918,  1.53731918,  0.09912578,
       -0.0931123 , -0.20435393,  0.56288981, -0.18005699, -1.21753991,
        1.1081363 , -0.20564319,  0.48210686, -0.51986718,  0.03607678,
        0.365417  , -0.65256512,  0.60083193,  0.06140874,  0.03997167,
        0.5025751 ,  0.45082337,  0.13831048,  0.28111857, -0.94106138,
       -0.06112336, -0.29657826, -0.17898014,  0.29549253, -0.02416468,
        0.78381854, -0.7488935 ,  0.6659354 , -0.10806599, -0.20240135,
        0.18752396,  0.11082036,  1.55958426, -1.4332478 ,  1.03553402,
        0.53643715, -0.30265117,  0.34528491,  0.16256109,  0.99746794,
       -0.2043903 , -1.11282766,  0.13989708,  1.42370188,  0.80273509,
       -0.6745075 ,  0.58646649, -0.93125492, -0.37469244,  0.5270533 ,
       -1.42267287, -0.17555159, -0.2788181 , -0.29087645,  1.02669394,
       -0.30481115, -0.62749398,  0.13905561, -0.05684532,  0.35836348,
       -0.09529044, -0.52757776, -0.06525818, -0.22406383, -0.98197573,
       -0.53559959,  0.33497104, -0.25179896,  0.69833863,  0.40760309,
        0.09065643, -0.11822397, -0.70160758, -0.01961045,  0.13806719], dtype=float32), array([ -1.27992845e+00,   4.19231117e-01,   7.07111716e-01,
         1.37973428e+00,   4.09944616e-02,   2.74055600e-01,
        -4.69537824e-03,  -1.41980207e+00,  -1.29737496e+00,
         7.22984374e-01,   5.93658626e-01,   1.41466308e+00,
         2.38696396e-01,  -1.18477380e+00,   5.22284865e-01,
        -5.51819205e-01,   8.08639765e-01,  -2.23383307e-04,
         1.28845096e+00,  -2.56985873e-01,  -8.99763167e-01,
         4.24064904e-01,   3.72481644e-01,   1.21192384e+00,
         8.38888228e-01,   5.33254221e-02,   8.30391467e-01,
         1.36651468e+00,  -6.72756255e-01,  -2.50096768e-01,
         1.00203741e+00,  -7.96385765e-01,  -3.55280370e-01,
        -4.18238848e-01,  -1.04660845e+00,  -1.48223197e+00,
        -1.83536339e+00,   1.01088214e+00,   2.59465307e-01,
         3.52383442e-02,   1.45149422e+00,  -3.56894672e-01,
         1.00474715e+00,   8.81499529e-01,  -7.60207593e-01,
         6.20290935e-02,   7.09264934e-01,  -2.04267446e-02,
        -3.59055698e-01,   6.70526147e-01,  -1.70644969e-02,
        -2.78139025e-01,   1.67693794e+00,  -5.57002485e-01,
         1.13916501e-01,   3.87693271e-02,   5.61246932e-01,
         1.28003252e+00,  -1.62545216e+00,   1.66081667e+00,
         4.28101182e-01,  -1.10079312e+00,  -8.63443077e-01,
         2.30144888e-01,   4.74783927e-01,   2.01356322e-01,
        -1.19746065e+00,   6.30557179e-01,   9.44602728e-01,
         4.32509512e-01,  -9.95865241e-02,   3.19949180e-01,
         3.18732023e-01,   8.77436817e-01,   1.23007977e+00,
        -8.03887963e-01,   7.32127666e-01,   1.67073086e-02,
        -8.82650375e-01,   1.58037889e+00,   1.74043387e-01,
        -9.88253117e-01,  -1.25651062e-02,  -4.82149482e-01,
        -4.56874013e-01,   2.14428172e-01,  -8.32463980e-01,
         3.11991215e-01,  -5.73542058e-01,  -6.21482253e-01,
        -1.27298623e-01,   4.22975600e-01,  -9.93072867e-01,
         1.20349896e+00,  -3.63673598e-01,  -1.97131485e-01,
        -4.55181748e-02,  -8.43688369e-01,  -1.46841347e-01,
        -3.43705893e-01], dtype=float32), array([-1.90161133,  0.52770019,  0.60747927,  2.3326509 ,  0.34878603,
        1.21216762,  0.2855449 , -1.44877303, -0.84681153,  0.36924398,
        1.35589945,  0.93036628, -0.08712189, -1.118909  ,  0.28881654,
        0.18383442,  0.54321009,  0.11925872,  0.35662892, -1.02995646,
        0.58214074,  0.14138304,  0.21825428,  2.367769  ,  0.90734822,
        0.41794452,  1.00025499,  0.82297391,  0.51649439, -0.26547337,
        1.23045516, -0.14115065,  0.0072578 , -0.82717025, -0.12721981,
       -0.04034462, -1.40481806,  0.45561314,  0.77014571,  0.33848506,
        1.17485034,  0.40631294,  0.74270374,  0.65577555, -1.19548011,
       -0.57584471,  0.58252364,  1.10292494,  0.44185627,  0.09744433,
        0.95954406, -1.07327724,  1.59112573,  0.13813129,  0.18311441,
        0.25729695,  0.70029742,  2.05889106, -2.26983666,  0.94597936,
        1.45924795, -1.43433857, -0.70950693,  0.41647741,  0.12147004,
        0.71296954, -1.1900003 ,  0.4196485 ,  2.45764732,  0.37631601,
       -0.74249232,  1.52937925, -0.48948544, -0.32029191,  1.59630001,
       -2.63118887, -0.6188342 ,  1.65203893, -0.23810938,  2.40511847,
        0.28047764, -1.59005928, -0.27049783, -0.36076275,  0.88178438,
       -0.2136265 , -1.51993585,  0.36349195, -0.90658742, -1.55263662,
       -0.22823672,  1.04714966, -0.44114161,  1.11758256, -0.56784922,
       -0.31994775, -0.33900249, -0.7837978 ,  0.18652014, -0.18675749], dtype=float32), array([-3.22728276,  0.65520871,  0.30027631,  2.98366976,  1.27254748,
        2.65127563, -0.32793716, -1.90965986, -1.59598827, -0.50274736,
        1.77941799,  2.15507627, -0.83691001, -1.73631585, -0.66319865,
       -1.12133014, -0.41761601,  0.16325399,  0.45636135, -0.20484397,
        0.59368378,  1.83832848,  0.08197469,  3.22479463,  1.36678982,
        0.57485712,  1.20756781,  2.18695092,  0.90027672, -1.43985391,
        1.76324177,  0.28533664, -0.30252093, -0.04423884, -1.49111128,
        2.17122126, -3.72230411,  0.38911676,  0.75514412,  0.24501577,
        1.80662191,  0.26219675, -0.58851528,  0.11921576, -2.26041722,
       -1.25892055, -0.19970354,  1.98034739, -1.35941255,  0.04919479,
       -0.24714936, -0.63014805,  1.47230017, -1.04891276,  0.99264896,
       -1.30290604,  1.64263785,  1.38997436, -2.37708306,  1.0558368 ,
        1.44546294, -2.00186801,  0.24540079, -0.21097118,  0.98406631,
       -0.48257053,  0.09361272,  0.45645988,  3.31223011,  1.72927392,
       -1.66817617,  0.48268735, -1.13983679, -1.49399769,  0.45252341,
       -3.39947987, -0.27538294,  0.81448668, -0.31369334,  2.41906714,
        0.72322661, -0.81755543,  0.0283898 ,  0.05414587,  0.72336012,
       -0.59531969, -0.17956203, -0.16776301, -1.77764416, -1.70613015,
       -1.70772254,  0.89370936,  0.46983078,  0.25849536, -0.42524102,
        0.3835822 , -0.77115715, -2.29013968, -0.2909773 , -0.78260005], dtype=float32), array([-1.44451416,  0.19752495,  0.25663847,  1.86310983,  0.7839486 ,
        0.88436359, -0.7958554 , -0.55116671, -1.25321484,  0.04644134,
        1.34654963,  0.57578665,  0.47887895, -0.59113288, -0.60912734,
       -0.54320604, -0.31184322, -0.6229158 ,  0.99662799, -1.14288032,
       -0.58057797,  0.73331642,  0.16837855,  1.85103881,  0.04530479,
       -0.45690802, -0.45203343,  0.37034211, -0.96356261, -0.38437933,
        0.44774553, -0.40138635,  0.24889418, -0.98980451, -0.31730205,
        0.1462483 , -0.89935839,  0.46697542,  0.46385226, -0.11901894,
        0.35741466, -0.071674  , -0.26259562,  0.63456351, -0.15228066,
       -0.10609458,  0.43032414, -0.03714002, -0.10271717,  0.19306195,
        0.8852821 , -0.82145214,  0.86530322, -0.74019486, -0.78213197,
        0.19901523,  0.87208426,  1.4801358 , -1.75847113,  1.20478702,
        0.21851909, -1.27317512,  0.23441669,  0.76181304,  0.52743137,
       -0.47617516, -1.38841987, -0.30554357,  1.91226244,  0.85381126,
       -0.68854678, -0.14001903, -2.01833582, -0.02060005,  0.8522011 ,
       -2.17992759,  0.09757517, -0.59425807, -0.02615312,  1.59356797,
       -0.02136441, -0.96759653,  0.10622231, -0.66607231,  0.96513903,
       -0.56376702, -1.05186331, -0.01926631, -1.09684181, -1.56836748,
       -0.42624545,  1.41395998, -0.54621202,  1.00462151, -0.31987223,
        0.33724606,  0.69586134, -0.53519249,  0.0291598 ,  0.21684819], dtype=float32), array([-0.98680037,  0.43445063, -0.06648983,  1.32460868,  0.55219454,
        1.30062211, -0.57444417, -0.57269675, -0.94798255, -0.34599823,
        0.29296786,  1.09918153,  0.47419515, -0.83407956, -0.47305277,
       -0.24979292,  0.24511401,  0.46339607, -0.25762287, -0.09833527,
        0.47454962,  0.92140681,  0.06110882,  1.18235159,  0.48447371,
        0.29113841,  0.9545837 ,  0.75334728, -0.45174423, -1.13003206,
        0.36920488, -0.35558379, -0.66922885,  0.25535241, -0.12013438,
        0.17002583, -0.96163458,  0.22193597,  0.45223296,  0.45748952,
        0.22998537, -0.44491056,  0.23807913,  0.39943656, -1.14423871,
       -0.42337012,  0.06642096,  0.21966434, -1.01628685,  0.62580931,
        0.07104702,  0.06984936,  1.23328364, -0.11577528,  0.24674001,
       -0.30272704,  0.84907204,  0.547948  , -0.58074093,  0.24691199,
        1.35141969, -1.03249884,  0.05053312,  0.56992316, -0.0015451 ,
        0.07715821, -0.33931604,  0.71897519,  0.97552425,  0.7083993 ,
       -0.51278007,  0.16851023,  0.01929457, -0.8292135 ,  0.57156259,
       -1.2583406 , -0.31440136,  0.47894046,  0.26623091,  1.12090647,
        0.09911741, -0.29969704,  0.02777625, -0.06052116,  0.26254249,
       -0.05088243, -0.61736012, -0.31623563,  0.07322535, -0.86855078,
       -1.08143532, -0.00479684,  0.42752227,  0.26406509,  0.24005103,
       -0.2058498 , -0.29679218, -1.19803011,  0.21708839, -0.09098977], dtype=float32), array([-1.62695599,  0.43887618, -0.15217036,  0.85237896, -0.16272736,
        0.78240252, -0.33010191, -1.31774652, -1.16088188, -0.5617761 ,
        0.67920381,  1.12641144,  0.05001047, -1.09103644, -0.19244815,
       -0.84211409,  0.58178073,  0.72869956,  0.29901585, -0.58125925,
       -0.01974015,  0.31924874,  0.0108068 ,  1.447209  ,  1.6269691 ,
        0.20983052, -0.4303562 ,  1.00536752, -0.45160237, -1.3517437 ,
        1.15717423,  0.45763788, -0.41683882, -1.32671809, -0.42372084,
       -0.33174643, -0.85979342,  0.69565755,  0.64108235, -0.09336501,
       -0.29471189,  0.24799499, -0.04490109,  0.95834762, -0.50765747,
       -0.3450577 , -0.95093435, -0.52345091, -0.37403083,  0.73793954,
        1.31106889, -0.88218307,  1.86259079,  0.27860868, -0.37474859,
        0.30483758, -0.21537034,  1.21944904, -1.10021555,  0.75329751,
        1.14379478, -0.55800056, -0.95098299,  0.84233385,  1.36598051,
        0.349563  , -2.01438141, -0.10694905,  1.05040145,  1.29047871,
       -1.14221179, -0.21099612, -1.6563437 , -0.56565827,  0.75689578,
       -1.66135609, -0.41294575,  0.56670809, -0.68930382,  0.2348263 ,
       -0.26093563, -0.51275551, -0.7319262 ,  0.66959596, -0.04539479,
       -0.12437066, -1.00447583,  0.29003537, -1.0653646 , -0.6717568 ,
       -1.54270375,  0.68371356, -0.19144474,  1.96850562,  0.09014596,
       -0.07850116, -0.0393351 , -0.76990378, -0.19437978,  0.23265119], dtype=float32), array([-1.60854173,  0.23965493,  0.82571417,  1.23207712,  0.397441  ,
        1.28958642, -0.34296286, -1.14971519, -1.09803462, -0.19252329,
        1.99514496,  1.35816705,  0.03003791, -1.07970631, -0.66203719,
        0.24436639, -0.33292568, -0.76707232,  0.33136389, -0.67253184,
       -0.61999756,  1.64235842,  0.09122105,  2.36593914,  0.47580904,
        0.01869131, -0.2601085 ,  1.39935946,  0.26973593,  0.01837792,
        1.68476725,  0.33081049, -0.12685597, -0.75604445, -0.97940063,
        0.61160779, -1.20270658, -0.32726446,  0.83105618, -0.8065263 ,
        1.26652992, -0.50238967, -0.11801015,  0.41439885, -1.34586763,
        0.11556361,  0.76082546,  1.84193397,  0.10691801,  0.45390433,
        0.8445515 , -1.3394891 ,  0.82424718, -1.05797029, -0.02519289,
       -0.03416622,  0.54994732,  1.78492761, -2.35078049,  0.50564861,
        0.35937059, -0.49777737, -0.55975884,  0.54659081,  0.23783226,
       -0.03358793, -1.43777609, -0.46494439,  2.02226973, -0.01100606,
       -0.86703002,  0.73724824, -0.9837721 , -0.85907733,  0.77980787,
       -2.50002766, -0.25599974,  0.31469482, -0.02623724,  2.31015086,
        0.3146697 , -1.30352283,  0.60025316, -0.27425209,  0.45001909,
        0.75453216, -0.56380188,  0.02766933, -1.57690144, -1.53409743,
       -0.53046703,  1.4192338 , -0.91133863,  0.34211674, -0.40943968,
        0.55282366, -0.25081894, -0.54306626, -0.62586892, -0.22886373], dtype=float32), array([-1.08515406,  0.26689613,  0.10372944,  1.23870003,  0.85765165,
        1.00108266, -0.71409923, -0.90116435, -0.98009861,  0.10199341,
        0.45689574,  1.24857986,  0.44756162, -0.73350531, -0.61114788,
       -0.64437997,  0.47114784,  0.49873194,  0.00941967,  0.28641331,
        0.20144151,  0.79740864,  0.13146935,  1.1238209 ,  0.80038202,
        0.5535633 ,  0.57619607,  0.72453648, -0.36514884, -1.01554179,
        0.49996844, -0.23039572, -0.75022757, -0.13370711, -0.49777552,
       -0.35138777, -0.80481899,  0.84012729,  0.13032661,  0.60644102,
        0.04343412, -0.22818002,  0.82368749,  0.65714377, -0.8564353 ,
       -0.48297101, -0.09384844, -0.00930561, -1.40017295,  0.86855638,
        0.16345376,  0.1497152 ,  1.4888376 ,  0.24966419,  0.03741632,
       -0.4382529 ,  0.66789258,  0.42264169, -1.05486369,  0.58009517,
        1.29016733, -0.63554305, -0.04153   ,  1.16948807, -0.1220921 ,
        0.16057289, -0.48537776,  0.57446039,  1.28318679,  0.95307112,
       -0.75765657, -0.04832591, -0.40162641, -0.51681697,  0.84374988,
       -1.26773584, -0.25804105,  0.76973093,  0.02456082,  1.06719124,
        0.13990009, -0.98303151, -0.04153566, -0.04498701,  0.39229167,
       -0.79103613, -0.49381313, -0.18460914, -0.33576399, -0.864308  ,
       -1.03202212, -0.02507851,  0.07234899,  0.30368862,  0.34776479,
       -0.37825829, -0.30136755, -1.52756023, -0.24189788, -0.47193646], dtype=float32), array([-1.98423374,  0.8790558 ,  0.01136653,  2.20559287,  0.84536642,
        2.06741214, -0.32967636, -1.74333799, -1.6992178 ,  0.10639793,
        0.96651495,  2.58470178,  0.44595513, -0.63199037, -0.65828389,
       -0.16479285,  0.24503641, -0.15438487,  0.13368011, -0.54544473,
        0.88220787,  1.42562294, -0.23185296,  2.51938343,  0.80443299,
       -0.26201376,  0.51132345,  1.7327373 , -0.80497265, -1.933074  ,
        0.86838764, -0.79016536, -0.59974337, -1.00886941, -1.5331074 ,
        0.13332024, -1.35500216,  0.26531783,  0.71127445,  0.10753382,
        1.40199006,  0.05843196, -0.74224329,  1.00780308, -1.95253551,
       -0.4389379 ,  0.31327218,  0.88082117, -1.30431104,  1.22752964,
        0.96853656, -1.14364409,  1.8578732 , -0.72854352,  0.64983654,
       -0.42755288,  0.89371377,  1.56819308, -1.859905  ,  1.00164831,
        1.34110308, -0.78241771, -0.24771142,  0.46921566,  0.61847216,
        0.03407559, -1.80929613,  0.55744207,  2.25413251,  1.19448209,
       -1.3332305 , -0.0108886 , -1.14926612, -1.95195293,  0.97343975,
       -3.48453355, -0.22007513,  0.04028595, -0.14304207,  2.43416262,
       -0.43505117, -1.05786395,  0.03808083, -0.2683911 ,  0.94789106,
       -0.0894157 , -0.8794927 , -0.5587225 , -1.0207752 , -1.52883863,
       -1.07814753,  1.32040656,  0.30772316,  1.45831692,  0.386713  ,
       -0.41917139, -0.28463915, -1.56258023,  0.22489528, -0.36366999], dtype=float32), array([ -1.61307216e+00,  -2.16662914e-01,   2.44001508e-01,
         3.24462461e+00,   4.50687796e-01,   1.18502903e+00,
         6.83356941e-01,  -1.59510684e+00,  -3.31858903e-01,
        -5.76424420e-01,  -4.98188138e-01,   1.10253525e+00,
         6.35829091e-01,  -9.70676303e-01,   4.93912548e-01,
        -8.31445217e-01,   1.64670002e+00,   1.12243485e+00,
         1.68477428e+00,  -6.25361085e-01,   2.81078130e-01,
         1.03211474e+00,   2.80336320e-01,   2.72099805e+00,
         1.21069610e+00,  -3.35132070e-02,   1.61898839e+00,
         1.53518164e+00,  -1.32251632e+00,  -5.20971417e-01,
         1.18844390e+00,  -4.65128049e-02,   1.21510649e+00,
        -8.55024934e-01,  -2.76799291e-01,  -5.24823785e-01,
        -1.93981326e+00,   3.32165867e-01,  -4.16506261e-01,
        -2.79925495e-01,   3.39372039e-01,   1.78903818e-01,
        -1.26592541e+00,   1.62248790e+00,  -2.68563890e+00,
        -5.78532696e-01,   2.08781987e-01,  -5.98659366e-02,
        -9.66571748e-01,   1.23362052e+00,   7.74360001e-01,
        -1.85239470e+00,   2.32908416e+00,  -1.62829840e+00,
         1.16967976e+00,  -5.47869265e-01,   5.04515283e-02,
         2.16361141e+00,  -5.98729014e-01,   1.78270233e+00,
         1.44121110e+00,  -1.44194865e+00,  -1.19194996e+00,
        -4.33443695e-01,   3.29610276e+00,  -1.49441481e+00,
        -2.19252419e+00,  -6.27876997e-01,   3.90157437e+00,
         2.65938312e-01,  -1.46615171e+00,   2.24389791e-01,
         3.25156480e-01,  -1.13415098e+00,   1.09277225e+00,
        -2.31540561e+00,  -4.71779704e-02,   7.97041118e-01,
        -1.77431583e+00,   2.14007473e+00,  -6.79575980e-01,
        -1.85632360e+00,   1.01975644e+00,  -8.10093105e-01,
         1.46427052e-03,  -2.55377918e-01,  -1.49086273e+00,
         6.65023327e-01,  -1.77411926e+00,  -3.31296349e+00,
        -5.69774449e-01,   8.98686886e-01,  -7.31492400e-01,
         2.87858415e+00,   2.85673887e-01,  -5.39866015e-02,
        -4.81817693e-01,  -5.55299640e-01,   7.22797215e-01,
         2.19176799e-01], dtype=float32), array([-2.43681955,  0.39648423, -0.02463008,  1.71654725,  0.8799749 ,
        1.37110114,  0.30357113, -1.62567294, -1.08118463, -0.17196794,
        1.29627311,  1.34223056, -1.47550893, -0.80229276, -0.24137393,
       -0.78536677, -0.78483677, -0.10968052,  0.87104011, -0.45467255,
        0.01868626,  0.54415214,  0.10312886,  2.17074704,  1.2933743 ,
        0.57904303,  0.16320089,  1.34490538,  1.25936019, -0.52053189,
        1.75289154,  0.43778858,  0.04356728, -0.35835692, -1.35545945,
        1.91358209, -2.83410978,  0.11048777,  0.60820866, -0.02602183,
        1.90917695,  0.60853845, -0.55229855,  0.00776494, -1.29154801,
       -0.86626679, -0.31088597,  1.40253973, -0.39377639, -0.64893389,
       -0.44313428, -0.41462791,  0.09251907, -0.84399861,  0.59876841,
       -0.94374084,  0.81342971,  1.33463383, -2.28298306,  1.12208235,
        0.15945639, -1.24272406,  0.22103852, -0.61635739,  0.64927894,
       -0.29523787,  0.16052388,  0.23437396,  2.4530983 ,  1.21346927,
       -1.14440727,  0.41460574, -1.50651419, -0.73041236, -0.24965161,
       -2.39947319, -0.06142058,  0.39979601, -0.62119055,  1.6024152 ,
        0.55329764, -0.69896948, -0.03538743,  0.04119753,  0.64849734,
       -0.53834027,  0.46601278,  0.17587972, -1.42530179, -0.72111058,
       -0.7766394 ,  0.95420843, -0.01552447,  0.12942265, -0.78442544,
        0.7190755 , -0.112766  , -1.48440552, -0.81501615, -0.65136468], dtype=float32), None]
