[array([-2.51945734,  0.79211843,  1.22496378,  2.73071504,  0.40779704,
       -0.12624425,  0.19454983, -2.72830796, -1.45850778, -0.40005851,
        2.41244578,  0.96555865, -0.12146027, -0.92174017, -0.03870869,
       -0.23842749,  0.38764921, -0.15084961,  0.61004031, -1.02728879,
       -0.87067902,  1.27682304,  0.10764574,  4.08690834,  2.13172293,
        0.86956519,  0.22433081,  1.04405856, -0.92836809, -1.01227427,
        2.33489728, -0.68453264, -1.87493086, -2.07491541, -0.62271583,
       -1.87599194, -1.99309218,  0.64940745,  0.60678434,  0.08145382,
        0.93342495,  0.61108094, -0.16599542,  1.20692718, -1.57800853,
       -1.39971113,  1.9077909 ,  0.09904788, -0.15199831,  1.06656289,
        0.79566044, -1.85560036,  1.34549379, -1.09945095, -0.39824748,
        1.37023783,  1.55978513,  2.19932485, -3.50459123,  1.95956933,
        1.95924759, -1.76250136, -1.61077988,  0.93275875,  0.57291311,
        0.77430177, -3.07655835, -0.89397746,  3.64606094,  0.53292614,
       -1.74204183,  0.61357188, -0.73560482, -1.47449684,  1.32960999,
       -2.59123373,  0.1953928 , -1.09830761, -0.8566981 ,  3.52511334,
        0.07663281, -1.21997809, -0.34330666, -1.12971175,  1.49687409,
        1.1784054 , -2.04181123,  0.4028016 , -1.71573246, -1.62768304,
       -0.62374592,  2.34013081, -0.19102103,  1.14936876, -0.16143003,
       -0.08909048, -0.19570924, -1.82467425, -0.34904695, -0.07182454], dtype=float32), array([ -1.26722431e+00,   3.33786845e-01,   1.86380535e-01,
         1.05347729e+00,   2.73777843e-01,   1.46805584e-01,
         4.56515998e-01,  -1.27106488e+00,  -6.06236219e-01,
        -1.84883714e-01,   1.11858070e+00,   7.72382200e-01,
         2.10447639e-01,  -4.02304590e-01,  -2.46040523e-04,
        -9.43135768e-02,   5.77643871e-01,   8.32896054e-01,
        -2.08620131e-02,  -1.11237243e-01,  -1.52644813e-01,
         4.16724682e-01,   2.80979276e-03,   1.03831601e+00,
         1.16126239e+00,  -2.12739035e-01,   3.57487410e-01,
         1.16651988e+00,  -5.86870074e-01,   8.60388428e-02,
         5.04267752e-01,   2.06348270e-01,  -3.86390477e-01,
         2.58845091e-01,  -1.68169081e-01,  -6.73327923e-01,
        -6.83918715e-01,   1.76499367e-01,   2.10070759e-01,
         1.25454664e-01,   3.05095583e-01,   5.64150870e-01,
         7.32416064e-02,   3.66864324e-01,   1.75561756e-03,
        -8.42183292e-01,  -2.99672961e-01,  -1.00443482e-01,
        -5.20305872e-01,   6.33360445e-01,   3.46807718e-01,
         1.22436196e-01,   6.57941818e-01,  -3.95213604e-01,
        -5.11063635e-03,   2.82727987e-01,   3.12795579e-01,
         5.18898368e-01,  -9.83307302e-01,   6.66872978e-01,
         1.64417669e-01,  -1.33903846e-01,  -1.90976411e-01,
         1.11644661e+00,   1.65165722e-01,  -5.90590596e-01,
        -9.99486268e-01,   2.44789526e-01,   8.32857072e-01,
         4.75234807e-01,  -3.20946574e-01,   2.82118946e-01,
        -5.53976893e-01,   1.35638416e-02,   9.03898120e-01,
        -6.67255163e-01,   3.70907426e-01,   8.92696455e-02,
        -1.02103245e+00,   7.10942209e-01,   3.77666295e-01,
        -2.82258689e-01,  -5.41348815e-01,   5.76606572e-01,
         2.61746198e-02,   1.39273882e-01,  -3.10164511e-01,
         3.91247153e-01,  -5.78454196e-01,  -3.92111212e-01,
        -2.94395000e-01,  -9.82217193e-02,   3.99898216e-02,
         5.17775774e-01,  -4.39923555e-01,   4.20963764e-01,
        -4.87366050e-01,  -3.44864786e-01,  -8.99357647e-02,
        -6.34262443e-01], dtype=float32), array([ -1.75003505e+00,   1.96662009e-01,   2.88583755e-01,
         1.58576751e+00,   7.94147372e-01,   1.31830013e+00,
        -5.92110574e-01,  -5.93068004e-01,  -1.27695644e+00,
        -6.81878924e-01,   1.31898069e+00,   1.37349117e+00,
        -1.38263062e-01,  -1.15065229e+00,  -1.74657628e-01,
        -6.70385599e-01,  -9.12072420e-01,   3.03514063e-01,
         1.57415122e-03,  -5.29890478e-01,   1.47110686e-01,
         1.41975188e+00,   3.31955433e-01,   2.79517841e+00,
         6.07001305e-01,   3.52733999e-01,  -6.60477400e-01,
         1.15941048e+00,   1.80354029e-01,  -1.14736950e+00,
         1.72774911e+00,  -2.26438746e-01,  -1.36183187e-01,
        -1.39047015e+00,  -3.93260628e-01,   9.85058486e-01,
        -1.66806412e+00,   5.32655001e-01,   1.04445875e+00,
         4.36747909e-01,   4.98553157e-01,   3.85272205e-01,
         3.43652368e-01,   5.85083663e-01,  -1.28385401e+00,
        -1.33565426e-01,  -4.91675556e-01,   4.48846012e-01,
        -2.08034441e-01,   8.63243163e-01,   1.04623520e+00,
        -4.62731510e-01,   1.49260116e+00,  -4.03014064e-01,
         1.65152550e-01,   5.88938415e-01,   4.57816482e-01,
         1.81870413e+00,  -1.77132356e+00,   1.47638893e+00,
         1.73008311e+00,  -8.41069758e-01,   3.16594720e-01,
         9.22731280e-01,   6.46071076e-01,  -3.09418559e-01,
        -1.34652746e+00,   2.05969453e-01,   1.92121124e+00,
         1.43420208e+00,  -1.36674714e+00,   7.63993382e-01,
        -1.28517699e+00,  -4.79128689e-01,   2.59635359e-01,
        -2.22383142e+00,  -4.50921714e-01,  -2.84658343e-01,
         5.51937632e-02,   1.79058385e+00,  -4.35358375e-01,
        -5.33645451e-01,  -6.03266001e-01,  -5.80420375e-01,
         3.89022559e-01,  -8.78231287e-01,  -1.15795362e+00,
        -3.45141366e-02,  -1.55052733e+00,  -1.40386844e+00,
        -9.06127810e-01,   4.87501264e-01,  -3.92529577e-01,
         4.88735914e-01,  -6.12025037e-02,  -2.15339661e-01,
         2.52169013e-01,  -8.59847009e-01,  -4.82820004e-01,
         1.53065249e-01], dtype=float32), array([ -2.52322555e+00,   7.51365006e-01,   2.30278999e-01,
         1.37463152e+00,   9.67372000e-01,   1.54821956e+00,
        -4.64115888e-01,  -1.19790637e+00,  -1.27565956e+00,
        -1.01659298e-02,   1.53765857e+00,   9.40931916e-01,
         4.60513718e-02,  -1.18466020e+00,  -2.32789725e-01,
        -2.28770673e-02,   1.02551714e-01,   2.48561233e-01,
         2.57870644e-01,  -7.38404751e-01,  -4.99937534e-01,
         1.28471994e+00,  -9.96646881e-02,   3.29383707e+00,
         8.41330171e-01,  -5.38119450e-02,  -3.12179923e-01,
         7.99218953e-01,  -1.05154371e+00,  -7.00483739e-01,
         1.81175470e+00,  -6.67368293e-01,  -5.62750936e-01,
        -7.60761142e-01,  -7.44755924e-01,  -6.13745093e-01,
        -1.57951975e+00,   5.74307799e-01,  -2.60969922e-02,
        -3.01705301e-01,   1.37189841e+00,   4.53501284e-01,
        -1.42656341e-01,   8.82576168e-01,  -5.31093240e-01,
        -4.66450900e-01,  -1.59912109e-01,   1.87226027e-01,
        -3.05654883e-01,   1.05801964e+00,   1.06350553e+00,
        -9.50635314e-01,   2.13207698e+00,  -6.11239970e-01,
         1.44413099e-01,   1.71594650e-01,   8.69134068e-01,
         1.83077431e+00,  -1.70214593e+00,   1.60177147e+00,
         1.94261360e+00,  -1.03132236e+00,  -1.43940583e-01,
         8.82225513e-01,   4.35542911e-01,  -3.78997743e-01,
        -1.99903107e+00,  -6.11584187e-01,   2.52479362e+00,
         2.72326469e-01,  -1.21013415e+00,   1.53211355e-02,
        -1.11676538e+00,  -6.69724941e-01,   1.95326757e+00,
        -3.38709617e+00,  -2.76862621e-01,  -5.90304360e-02,
        -1.14090502e+00,   2.12192631e+00,  -4.07311052e-01,
        -9.80437100e-01,   3.00016463e-01,   5.66534817e-01,
         6.04183674e-01,  -3.93742323e-01,  -1.16161585e+00,
         3.38941813e-04,  -1.31669748e+00,  -1.54948807e+00,
        -1.04156756e+00,   7.52123833e-01,   2.16305375e-01,
         9.51300919e-01,   3.24652612e-01,  -2.84075052e-01,
         2.55553514e-01,  -9.46039855e-01,  -6.00520015e-01,
        -1.28866300e-01], dtype=float32), array([-2.20190167,  1.05924678, -0.26789114,  2.40616941, -0.43221524,
        1.18390334, -0.58645475, -1.02072155, -1.54184639, -0.76543134,
        0.98345274,  0.79115099, -0.50584346, -0.78683412, -0.41093776,
       -0.07614398,  0.15062054, -0.22224277,  0.17909311, -1.02433443,
       -0.44349471,  1.79132867, -0.39162165,  3.13320827,  1.2851795 ,
        0.09093026,  0.06512612,  1.7263025 ,  0.45374945, -0.66284382,
        1.64246237,  0.03808894,  0.02472486, -0.84866816, -0.75000662,
        1.60112429, -1.27250659,  0.19552779,  1.07203019, -0.10798156,
        1.81058764, -0.17525625, -0.30369779,  0.80501658, -1.41739535,
       -0.19545254,  0.36233363,  0.77258867, -0.45783755, -0.02036303,
        0.61028707, -0.78399682,  2.28342819, -0.53869116, -0.23825195,
        0.670856  ,  0.74153185,  2.15480638, -2.23720264,  2.27355266,
        1.53318274, -2.37676692, -0.32251629, -0.07802676,  1.39471984,
       -0.13513286, -1.43983734,  0.23492956,  2.79033041,  1.27382517,
       -1.49832749,  0.51904714, -0.9726997 , -0.85020423,  1.64204943,
       -1.96215892, -0.08495337,  0.24449897,  0.3152383 ,  1.60824931,
       -0.43551391, -1.75223875, -0.22984901, -0.49174774,  1.27060187,
       -0.01524974, -0.71472013,  0.57954025, -0.57703006, -2.01769066,
       -0.8056339 ,  0.88916409, -0.6701473 ,  1.37082756,  0.53139377,
        0.09551848, -0.92532158, -0.66997308,  0.17822109,  0.14972995], dtype=float32), array([-2.08692718,  0.92202717,  1.22984064,  3.06712461,  0.79559594,
        0.63523936,  0.30196086, -2.7635839 , -1.76723862,  0.02107136,
        1.94214845,  2.14866209,  1.24110663, -1.61236429,  0.1159394 ,
       -0.74753308,  0.83532262,  1.37177002, -0.19377363, -1.25326896,
       -0.57024127,  1.27001512,  0.44318798,  3.80225706,  1.87059081,
        0.38097438,  0.25237724,  1.99531972, -0.82488906, -0.91355109,
        2.86742568,  0.08311624, -1.00023103, -0.32241035,  0.06614672,
       -0.96201152, -2.04503393,  0.62395   ,  1.39694011, -0.56369084,
        1.18012297,  0.36147803, -0.09916112,  1.16176832, -1.90479171,
       -1.00201178, -1.03578663,  0.63089913, -0.98421133,  1.58517206,
        1.95766401, -1.16155863,  2.38216996, -0.34835708,  0.92641675,
        1.07908297, -0.09980002,  2.35259724, -3.10647535,  2.00333261,
        1.45933414, -1.15414858, -1.04725635,  1.38512957,  0.97677898,
        0.13559172, -2.92123008,  0.3062377 ,  2.96214843,  2.21900821,
       -1.95804477,  0.31692836, -1.0036149 , -0.63647622,  1.40413845,
       -2.86960363,  0.69521052, -1.05012143, -1.87691426,  3.23181629,
        0.27237588, -0.88542265,  0.05302062,  0.78983402, -0.06242186,
       -0.24699925, -1.11555207,  0.12557012, -2.32310319, -1.93322265,
       -1.34783661,  0.21768837,  0.63371944,  1.94331467, -0.25376064,
       -0.02416688, -0.46596804, -0.33690023, -0.52857554,  0.52128619], dtype=float32), array([-2.21619797,  0.48227191,  0.19959548,  1.03154147,  0.00980486,
        1.16426229,  0.22749284, -1.52788532, -1.12886   , -0.20852198,
        1.57560515,  1.1464932 , -1.51344681, -0.44528019,  0.03764643,
        0.10815556, -0.43730307, -0.41423848,  0.74417871, -0.76646847,
        0.11197533,  0.84065288, -0.26980817,  1.40454173,  1.10154223,
        0.27285063,  0.06912216,  1.28892899,  1.28065991,  0.206099  ,
        1.44181871,  0.56545126, -0.11977228, -0.54365283, -1.16009653,
        1.62382066, -2.03115296,  0.30053809,  0.81589079, -0.21225065,
        1.31835794, -0.01292029, -0.27225727, -0.00623431, -0.71956635,
       -0.71286213,  0.30704346,  1.72861362, -0.59031183, -0.55859244,
       -0.87852389, -0.31364617, -0.23831573, -0.64131546,  0.41914827,
       -0.80899131,  1.35573995,  0.64944607, -1.58117652,  0.53781796,
       -0.1051533 , -0.88301313,  0.02857732, -0.1957075 ,  0.35989478,
        0.00427572,  0.97635084,  0.00892168,  1.66385126,  0.67059815,
       -0.96615899,  0.27421808, -1.05616581, -0.60211945,  0.19472057,
       -1.96751845,  0.07609849,  0.644014  , -0.25689992,  1.07019794,
        0.86846918, -0.55319923,  0.07498357, -0.01894693,  0.29413196,
       -0.66992295,  0.11059583,  0.09779685, -2.04005194, -0.36756751,
       -0.5056206 ,  0.40836939, -0.37668407,  0.12572277, -0.98542124,
        0.56271565, -0.07886279, -1.24038911, -0.77573162, -0.59826839], dtype=float32), array([ -1.67937016e+00,   6.01187348e-01,   1.24096066e-01,
         1.71136045e+00,   8.76739204e-01,   1.73010182e+00,
        -9.43915308e-01,  -1.13042748e+00,  -1.37995100e+00,
        -7.15083718e-01,   9.90292311e-01,   1.47736132e+00,
         4.01683688e-01,  -7.49358475e-01,  -1.04344237e+00,
         1.23119447e-02,   5.28533161e-01,   1.02212918e+00,
        -7.04343468e-02,  -5.82367420e-01,   5.13637483e-01,
         1.33645654e+00,  -1.81626435e-03,   2.15909481e+00,
         8.59874308e-01,   2.57672846e-01,   1.24423337e+00,
         1.06521535e+00,  -3.27477545e-01,  -8.74436498e-01,
         7.10861444e-01,  -3.04649711e-01,  -8.41218293e-01,
         6.26186654e-02,  -5.65090299e-01,   1.04562499e-01,
        -1.05047154e+00,   8.34515512e-01,   4.42097545e-01,
         3.14839989e-01,   4.79418039e-01,  -5.39650261e-01,
         2.93711483e-01,   9.74436283e-01,  -1.59074438e+00,
        -8.47373545e-01,   3.84070516e-01,   1.38014033e-01,
        -1.14366329e+00,   8.46781790e-01,   6.49639964e-01,
         4.70129281e-01,   1.40140045e+00,  -1.00454283e+00,
        -9.29518640e-02,  -3.67267668e-01,   1.39021885e+00,
         7.84393370e-01,  -8.04990768e-01,   8.58379781e-01,
         1.64619899e+00,  -7.35537589e-01,  -8.02924454e-01,
         1.14336920e+00,  -1.78975224e-01,   8.34656283e-02,
        -9.26968336e-01,   6.38869345e-01,   1.71056283e+00,
         5.06948292e-01,  -1.43213952e+00,   1.59984022e-01,
        -1.88069835e-01,  -1.26763141e+00,   1.29525876e+00,
        -1.51795578e+00,  -2.68304557e-01,   7.60776997e-01,
        -2.47336969e-01,   1.57187545e+00,  -1.14584848e-01,
        -2.76166588e-01,  -9.52854604e-02,   2.67892271e-01,
         3.30589771e-01,   1.57232523e-01,  -7.22312570e-01,
         7.82689676e-02,  -8.04655313e-01,  -1.56024778e+00,
        -1.27706504e+00,   5.25030971e-01,   2.52216876e-01,
         6.31286621e-01,   2.99126923e-01,  -4.45783257e-01,
        -8.97789061e-01,  -1.72117531e+00,   1.32957801e-01,
        -3.82546127e-01], dtype=float32), array([-1.33206749,  0.1853935 ,  0.86303473,  2.84986758,  0.1717284 ,
        1.77319551,  1.05277646, -1.93918836, -0.83793575,  0.16906448,
       -0.62190878,  1.89553392, -0.40119946, -0.13557345,  0.27883023,
       -0.53506798,  1.07975161,  0.54545599,  1.53420484, -0.21576469,
        0.04171916,  0.81661022,  0.29273635,  2.63897443,  1.1514957 ,
        1.15421867,  0.96277785,  0.51818132, -0.85278767, -0.72196013,
        1.78573692, -0.48610836, -0.01674761, -0.05005374,  0.09633999,
       -0.69891846, -0.88651526, -0.25285107,  0.3985121 , -0.16447449,
        0.65181917, -0.13293305, -0.31924731,  1.3387928 , -1.71332288,
       -0.66908336,  0.21003039, -0.65384614, -0.70862246,  1.29486513,
        0.83677852, -0.71692818,  2.34499145, -0.81479925,  0.93931454,
        0.38011411, -1.0750221 ,  1.06414032, -1.25287306,  1.58818674,
        0.52748173, -1.34342909, -1.12584162,  0.20611741,  1.85808456,
       -0.51529175, -2.13637447, -0.46405116,  2.79284716,  0.62244779,
       -1.06890965,  0.63381016,  0.63645667, -0.39353347,  1.103513  ,
       -2.45723081,  0.08463742,  0.53332388, -1.26847982,  2.26303744,
       -0.80323029, -1.3291415 ,  1.21160018, -0.0719059 ,  0.09803326,
       -1.11011505, -1.05217326,  0.1919546 , -1.31813347, -1.7924794 ,
        0.24770978,  0.59335178, -0.4155134 ,  1.19933927, -0.04884174,
        0.42460391, -0.73443234, -0.57745755, -0.42793095,  0.43200296], dtype=float32), array([-2.53303909,  1.08189714,  0.40742028,  2.41366339,  0.02175782,
        2.41147065, -0.89080358, -1.67677963, -1.71632004,  0.00447643,
        1.36250281,  2.32154226,  0.41807979, -1.53342092, -0.74498475,
        0.14645778, -0.44852531, -0.10580534, -0.81155556, -0.75313514,
        0.19406322,  0.9136669 , -0.34899849,  2.92479563,  1.32061195,
        0.89564943,  0.62919867,  0.90481091, -0.01220673, -1.8145808 ,
        1.79527152,  0.14758597, -1.29047155, -1.01775849, -1.48566389,
        0.05622442, -2.52477694,  0.48731577,  0.94147861,  0.72023904,
        1.95027578,  0.35736603,  1.05221593,  0.47960186, -1.9637965 ,
       -0.44817948,  0.39076352,  1.79958344, -0.61429954,  0.3062115 ,
        0.46865198, -1.26153088,  2.58381343, -0.83833575,  0.78177345,
       -0.33761784,  1.26678348,  1.75424802, -3.04869461,  0.88459826,
        2.20467758, -2.35691428, -0.22798631,  0.0925957 ,  0.918769  ,
        0.97461325, -0.96787727,  0.89508247,  2.82561851,  2.08362007,
       -1.34153938,  0.04728436, -1.61633372, -1.48901832,  1.89859581,
       -2.67511463,  0.16427308,  0.75892603, -0.11942594,  2.2897737 ,
        0.12720507, -1.0304004 ,  0.33309034, -0.2688728 ,  1.5345161 ,
        0.13669793, -0.62029856,  0.51631916, -1.18104351, -1.70926869,
       -1.17054951,  1.31071806,  0.68883884,  1.49237144, -0.2178936 ,
       -0.44906256,  0.32151157, -1.78644168,  0.14149645, -0.28411555], dtype=float32), array([-1.40574849,  0.52895409, -0.14556594,  1.38403678,  0.40239084,
        1.18003118, -0.58471036, -1.26593888, -1.71981215, -0.06934761,
        0.86892444,  1.41140616,  0.32661656, -1.15742409, -0.64985818,
       -0.25647816,  0.60635334, -0.07134254, -0.36102235, -0.26690656,
        0.38964182,  1.08472979,  0.72741187,  2.31543088,  0.38516322,
       -0.09876034,  0.43999434,  0.99193025, -0.46442917, -1.59311938,
        0.88735271, -1.11427474, -0.75542331, -0.35878795, -0.31049475,
       -0.2629545 , -1.37769389,  0.25497988,  0.4483403 ,  0.56558043,
        0.88781798, -0.3450318 ,  0.18001872,  0.4693881 , -1.10673654,
       -0.18359223, -0.04453084,  0.28913322, -1.12932515,  1.23341727,
        0.6223793 , -0.41231242,  1.916044  , -0.58156061, -0.35004383,
       -0.40521723,  0.59383845,  0.91084909, -0.96760643,  0.75340343,
        1.30951011, -1.22700989, -0.69322085,  0.49836239,  0.30631709,
        0.25111991, -0.6543023 ,  0.10861428,  2.15588427,  0.71053767,
       -0.80588555, -0.31181625, -0.62995476, -0.95706296,  1.11327028,
       -1.71008754,  0.36364967, -0.28064638, -0.5543043 ,  1.46571124,
       -0.60365975, -0.47576723, -0.04756561,  0.23110962,  0.55116701,
        0.50370795, -0.73175895, -0.03650259, -0.85390663, -1.32693088,
       -1.37456083,  1.15964448,  0.00991395,  0.97969371,  0.20369801,
       -0.16747776, -0.04440442, -1.34065914, -0.19814241,  0.32344192], dtype=float32), array([-2.2105453 ,  0.69356787,  1.03818679,  2.43595552,  0.44390103,
        0.97892708,  0.69801843, -2.71995068, -1.57920527,  0.29838887,
        1.10986686,  2.08682942,  0.64469957, -0.73754042, -0.06055404,
       -0.64186674,  0.34726983,  1.02452791,  0.09368099, -1.16211188,
        0.13469863,  0.43094993,  0.9275983 ,  2.9845233 ,  2.15867949,
        0.09778143, -0.30755666,  1.21521318, -0.5581286 , -0.38236043,
        1.73370039, -0.25642011, -1.22277689, -0.50742137,  0.09039214,
       -0.59000087, -1.43781209, -0.07301748,  1.29511726,  0.17333671,
        0.98465025,  0.434791  ,  0.34535742,  0.65252495, -1.35375285,
       -0.83180922, -0.91460013, -0.27113411, -0.63207763,  0.85523778,
        1.40563667, -0.44113827,  2.27423978,  0.07546076,  0.77486551,
        0.61234176, -0.13106148,  1.01899457, -2.88090777,  1.26879668,
        1.62389266, -0.54671681, -0.46574232,  1.39770317,  1.18095028,
       -0.9197439 , -2.51731777,  0.39087427,  1.72341681,  1.74632418,
       -0.95681614,  0.76867956, -0.98818016, -0.79152155,  1.46532416,
       -2.75982952,  0.1477582 , -0.01998947, -1.14290917,  2.21535444,
        0.74789524, -1.2530992 ,  0.08286344,  1.1278584 , -0.1898669 ,
        0.02300836, -1.31754839,  0.20371707, -1.097929  , -1.44484425,
       -1.03077066, -0.08023648,  0.35968506,  1.11862171, -0.21785566,
        0.85372549, -0.2679117 , -0.23198339, -0.51605463, -0.57110506], dtype=float32), array([-2.02809238,  0.60757476,  0.48700106,  2.32947612, -0.28084093,
        0.5613783 , -0.99745548, -1.47209346, -2.27088046, -0.95194834,
        1.14144969,  1.28464437,  0.12558919, -1.0138377 ,  0.06339948,
       -0.23767516,  0.77776188,  0.88704634,  0.27841324, -1.27266908,
       -0.54826599,  1.65021586,  0.88856131,  2.44997072,  1.43122101,
        0.77304202,  0.33236313,  0.95416242, -0.69057024, -1.21480584,
        2.36477232, -0.01541288, -0.15740402, -1.30393136,  0.4518342 ,
       -0.23858275, -1.07802486,  1.66628039,  0.27146232, -0.1897085 ,
        0.69120723,  0.41243902,  0.34693727,  1.16400027, -0.94327641,
       -0.85992432,  0.40311939, -0.12469732,  0.04366791,  0.74493432,
        1.85688889, -0.62637889,  0.4956207 , -0.04008422, -0.82364619,
        0.7644369 ,  1.21074784,  1.79963791, -1.61339605,  2.39391971,
        1.22975922, -1.29258907, -0.36051774,  0.70550209,  0.88689405,
        0.19416021, -2.1489172 , -0.47873056,  1.56347418,  0.83131027,
       -0.58172274,  0.82283312, -0.82134038, -0.78869915,  1.36329448,
       -2.39728189, -0.34918025, -0.34587431, -0.83558571,  1.87461114,
        0.13011424, -1.05537748,  0.06961297,  0.20381293,  0.20932749,
       -0.1737676 , -1.11685061,  1.54748285, -0.87761241, -2.02100229,
       -0.78659755,  0.58257753, -0.66852349,  1.67427146, -0.43431708,
        0.22976622, -0.16325969, -0.68409836,  0.27947408, -0.40838113], dtype=float32), array([-0.91217458,  0.3946355 ,  0.54040933,  1.07010174,  0.58082676,
        0.61208677, -0.28739256, -0.56069249, -0.58817261, -0.39585298,
        0.85565919,  0.84544188,  0.32373416, -0.948457  , -0.03569569,
       -0.03056156,  0.54430211,  1.09913254, -0.08106671, -0.21085295,
       -0.2006243 ,  0.21481295, -0.01812946,  1.0723325 ,  0.49892077,
        0.29947418,  0.39450821,  1.00431681, -0.61759841, -0.29589927,
        1.00858784,  0.47903195,  0.00899607,  0.05777082, -0.16680665,
       -0.29475933, -0.99955767,  0.60487002,  0.04001946, -0.07116597,
        0.08193289,  0.69558001,  0.19213274,  0.41178694, -0.7829833 ,
       -0.78947806, -0.36204726, -0.42276764, -0.36913013,  0.54480642,
        0.6708439 , -0.01733563,  0.57018149,  0.06460804, -0.13180546,
        0.25426573,  0.8718344 ,  0.63854975, -0.80247569,  0.89882541,
        0.21794707, -0.05795301, -0.26738933,  1.2062254 ,  0.29895601,
       -0.46161583, -1.15063083,  0.27770707,  1.27570415,  0.32138041,
       -0.51087403,  0.30981568, -0.62416327,  0.0134744 ,  1.01350164,
       -0.87106168,  0.10899165,  0.26184377, -0.87541389,  0.68719608,
        0.36527532, -0.03038092, -0.49563885,  0.25904262,  0.03525095,
       -0.03727541, -0.48565954,  0.77688795, -0.75162679, -0.53460097,
       -0.06647254,  0.15481012, -0.21172224,  0.73830676, -0.08840504,
       -0.06292453, -0.63247317, -0.34872139,  0.25847611, -0.52537012], dtype=float32), array([-0.79257512,  0.3170357 , -0.03779192,  0.94419557, -0.29617688,
        0.38773149, -0.20105776, -0.37045097, -0.38892931, -0.53065228,
        0.52544004,  0.27667534,  0.09350795, -0.09030461, -0.40130371,
        0.25722468, -0.19387165,  0.05793903,  0.34269923, -0.82049799,
       -0.17954287,  0.48554611, -0.16583866,  1.30778992,  0.39614338,
       -0.34363511,  0.00251612,  0.40969643, -0.37887838, -0.29144222,
        0.39618188,  0.3249495 , -0.1901031 , -0.39570603, -0.03798192,
       -0.26233554, -0.77199221, -0.50650692,  0.28193957, -0.00991756,
       -0.05643451,  0.18713519, -0.52874768,  0.78999931, -0.38647124,
       -0.24226066,  0.4749186 ,  0.46850571,  0.09633733,  0.42629433,
        0.49000913, -0.72838378,  0.63159549, -0.65104753, -0.31658924,
        0.24655734,  0.07669581,  0.88258702, -0.24909055,  0.85458839,
        0.49354547, -0.51308537, -0.28996161,  0.35001093,  0.35352278,
       -0.19471669, -1.29407954, -0.20199935,  0.62606871,  0.14656091,
       -0.15478411,  0.32728323, -0.5340513 , -0.36599937,  0.35011727,
       -0.61997712,  0.13306905, -0.19233963,  0.23421969,  0.95955402,
       -0.07603768, -0.34196469, -0.01831214, -0.31427249, -0.08308958,
        0.32985324, -0.15062194,  0.56838781, -0.34571561, -0.36754709,
       -0.47209558,  0.26211321, -0.12918672,  0.54631382,  0.10205464,
       -0.15024403,  0.34207487,  0.09093976,  0.00885619,  0.16815472], dtype=float32), array([-2.58890295,  0.70197296, -0.09244223,  2.18153071,  0.81795192,
        2.05875611, -0.55149859, -1.63306737, -2.53656673, -0.08782551,
        1.13441992,  1.88034594,  0.64895219, -1.27244437, -0.09211771,
       -0.70512366,  0.33176202,  0.77791518,  0.0274987 , -0.48932528,
        0.74811482,  1.66330421,  0.14546125,  2.89192677,  0.98617667,
       -0.06730314,  1.19696403,  0.95804214, -0.22974035, -1.97290587,
        1.26372409, -0.6607697 , -1.05842936, -0.33625707, -0.34670836,
        0.19218084, -2.06868362,  0.36386839,  0.30914688, -0.19823304,
        1.08264792, -0.43257746,  0.63586622,  0.93476617, -2.05899978,
       -0.66492623,  0.49506545, -0.11741307, -1.24583685,  1.08479524,
        1.18127751, -0.2771194 ,  2.7481792 , -0.96105182, -0.33918816,
       -0.69807929,  0.75629818,  1.08790481, -2.22019553,  1.60012329,
        2.29423666, -2.50568795, -0.04062885,  1.19511831,  0.94455099,
        0.07621695, -1.79740572,  0.75127399,  2.22348046,  1.05147016,
       -1.40378845,  0.60066026, -0.99701297, -0.96552765,  1.53925729,
       -2.71243119, -0.55879366,  0.27811787, -0.3918061 ,  2.53783464,
        0.18517551, -1.32928181, -0.16134761,  0.19461171,  0.50470519,
       -0.16249481, -1.0876658 ,  0.2008715 , -0.56669903, -1.75427723,
       -1.37777686,  0.36978596, -0.29864672,  0.74588877,  0.05937974,
        0.19280733, -0.54862005, -1.90074837,  0.28802282,  0.30762446], dtype=float32), array([-1.52342463,  0.23038822, -0.48860171,  2.42805505,  1.04982483,
        0.8678478 , -0.58941364, -0.51191717, -1.0796721 , -0.14734849,
        0.62215304,  0.34208888,  0.93839741, -1.62239027, -0.80526322,
       -0.15657984,  0.30230933,  0.52463895,  0.62748903, -0.9412877 ,
       -0.36205897,  1.46057379,  0.18377583,  3.26182532,  0.55689001,
        0.39163291, -0.45330536,  1.0914011 , -0.23779038, -0.45458615,
        1.02560639, -0.50977123,  0.88805366, -0.71679509,  0.08300293,
        0.77727914, -1.90739417,  0.42301124, -0.0628407 ,  0.33290109,
       -0.02738549, -0.25344971,  0.02656542,  0.6301167 , -1.7496618 ,
       -0.60247564, -0.21832576,  0.78909749,  0.40079144,  0.94036543,
        2.04111481, -0.22908792,  2.46317959, -0.48721948, -0.60878444,
       -0.51120687,  0.88650072,  0.82804394, -1.92805779,  2.15061617,
        2.84740162, -2.03126693, -0.27776527,  1.53760111,  1.31220973,
       -0.16986555, -2.21365738,  0.59772336,  2.46452785,  0.7647841 ,
       -0.77399224,  1.01134861, -0.95758981, -1.10793471,  1.10193777,
       -1.98617482, -0.98261994,  0.48910117, -0.20531607,  1.58003724,
       -0.69637132, -1.50942743, -0.341883  ,  0.12093094,  0.82625508,
        0.07797633, -1.02297401,  0.68896323,  0.03256536, -2.67275524,
       -1.17283201,  0.65401196, -0.40463939,  1.24113381,  0.27069396,
       -0.72651714, -0.14356656, -1.29032803,  0.92854226,  0.66180176], dtype=float32), array([-2.09226727,  0.689807  , -0.10065007,  2.74017954,  1.21566272,
        1.63500583, -0.68185526, -1.49627328, -1.89815438, -0.23779391,
        1.16477728,  1.38011873, -0.23255855, -1.41592038, -0.6885621 ,
       -0.65129882, -0.02446278,  0.64990348,  0.24007609, -0.39859015,
        0.64752692,  1.09133339,  0.16849418,  2.63953137,  1.2311517 ,
        0.38386795,  1.00140464,  1.44015193,  0.35013601, -1.37624836,
        1.59614611, -0.31924212, -0.53291428,  0.19568601, -1.22109723,
        1.16323149, -3.04623652,  0.25374791,  0.80898988,  0.43479142,
        1.37998438,  0.40248492, -0.14607206,  0.13136154, -1.73058307,
       -1.00302756, -0.10568604,  1.33043504, -1.17190373,  0.16436173,
        0.01964411, -0.0179639 ,  1.47819209, -0.85450393,  0.42424831,
       -0.64754385,  1.67042983,  1.2507621 , -2.01317596,  0.55708802,
        1.59364629, -1.85612059,  0.32125288, -0.15363994,  0.61836541,
        0.12163   , -0.39574748,  0.61542279,  2.40683055,  1.64729953,
       -1.64095819,  0.48912528, -0.69667262, -1.42616713,  0.35035786,
       -2.73430943, -0.0617215 ,  0.78006816, -0.13199203,  2.2626636 ,
        0.43779677, -0.56998402, -0.12828356,  0.06579067,  0.48531348,
       -0.51623362, -0.69656152,  0.03934384, -1.03629911, -1.43015993,
       -1.68205273,  0.40164611,  0.94868582,  0.51054239, -0.15855032,
        0.39828885, -0.13647418, -2.00055623, -0.08732081, -0.29142979], dtype=float32), array([-1.32221305,  0.95331281, -0.55372882,  1.7782234 ,  0.15436459,
        1.26870942, -0.77958149, -1.22359848, -1.28783214,  0.03553466,
        0.21789327,  0.69469303, -0.54677439, -0.01069582, -0.29614264,
        0.18196294,  1.23252833,  0.5811941 ,  0.41276494, -1.14168358,
        0.24214782,  1.09103596, -0.34259763,  2.06830144,  0.96667099,
        0.68865603,  0.38307106,  1.15154159, -0.30807734, -1.11421275,
        2.17923188, -0.49404547,  0.72414106, -0.04187606, -0.55297726,
       -0.52787524, -0.86317509,  0.03106981, -0.11183581, -0.31499818,
        0.7110104 ,  0.02260907,  0.96046853,  1.63959384, -1.13513207,
       -0.0109119 , -0.21423221,  0.00698861, -0.40133658,  0.5199514 ,
        0.98335791, -0.38529015,  1.34461713, -1.02572846, -0.75685477,
        0.41621944,  1.06598747,  1.83961332, -1.38537371,  1.82256925,
        1.11928844, -1.21646619, -0.18353137,  0.08073021,  0.81952327,
       -0.56870532, -1.44808459,  0.4162263 ,  1.9756732 ,  0.55572212,
       -1.92089415,  0.56533796, -1.47257376, -0.48704842,  1.712291  ,
       -2.12397599, -0.30318499,  1.07243347, -1.04176712,  1.65059745,
        0.14710212, -1.20585012,  0.36795712, -0.0562736 ,  0.41678014,
       -0.12876622, -1.20867026,  0.58601493, -0.441239  , -1.62124264,
       -1.27077579,  0.08651583,  0.34535331,  1.77146804,  0.73099643,
       -1.10517061, -0.65127611, -0.85218251,  0.56773406,  0.04029554], dtype=float32), array([-1.38463652,  0.57968634,  0.53457761,  1.32729316, -0.33307678,
        0.83087194,  0.53091484, -0.91779578, -0.89639103,  0.42819154,
        1.32571721,  0.92775691,  0.26214099, -0.68276358, -0.42512843,
        0.40900904,  0.63039237,  0.00556535,  0.83296394, -0.75013703,
        0.3207306 ,  0.59760511,  0.1361599 ,  2.63243365,  1.25754833,
       -0.32082292,  0.35204536,  0.57301515, -0.26573396, -0.12700662,
        0.75259268,  0.61242163,  0.28748402, -1.18853033, -0.71593291,
       -0.89374995, -1.30009699, -0.10094853,  0.17817406,  0.4620901 ,
        0.56831533,  0.33578551, -0.04130362,  0.90119475, -0.50137335,
       -0.48002923,  1.13772488,  0.31482393, -0.47057319,  0.15936191,
        1.01912093, -0.85046798,  1.25859499, -0.93083608, -0.42371264,
        0.69943267,  0.18896249,  1.28690958, -1.24792314,  1.87463915,
        1.21407115, -1.32587743, -0.39788613,  0.54955757,  0.76463807,
        0.32697785, -1.37749398, -0.0863233 ,  2.0396018 ,  0.11001832,
       -0.24388652,  1.35693407, -0.81697905, -0.3471899 ,  1.31838071,
       -1.45755959, -0.2099812 ,  0.52373213, -0.78263164,  1.70921755,
       -0.10907693, -1.58970511, -0.7799961 , -0.98627913,  0.1456838 ,
        0.5293712 , -1.11081052,  0.27690038, -0.68534791, -1.15468764,
       -0.53172642,  0.52336824, -0.91111612,  0.81533527,  0.05199299,
        0.06099108, -0.09261797, -0.56293696, -0.39470714,  0.29646891], dtype=float32), array([-1.36609662,  0.7525565 , -0.58239996,  1.74197841,  0.71142006,
        0.73002106, -0.67029715, -1.00165713, -1.20605087, -0.85014427,
        0.52166384,  1.21010256, -0.22127503, -0.60376269, -0.29577258,
        0.0394258 ,  0.24774814,  0.69147307, -0.01513942, -0.58446908,
        0.40596873,  0.72075939,  0.57055783,  1.45674896,  0.89176267,
       -0.01286521,  0.09848149,  0.77226359, -0.36212724, -1.13531053,
        1.29036152,  0.09696535, -0.87959921, -0.72763216, -0.18995947,
        0.36485839, -1.46827006,  0.6024673 , -0.32187763,  0.31386837,
        0.05584744,  1.01159835,  0.10700572,  0.20903686, -0.76267534,
       -1.1820904 , -0.64079773,  0.29340112, -0.6119048 ,  0.33628988,
        1.01610363,  0.26575637,  0.81933874,  0.39943296, -0.20344061,
        0.82300729,  0.97302777,  1.12449789, -1.58447695,  0.52193487,
        1.09443724, -0.20924556, -0.05732334,  0.85577846, -0.15425467,
        0.06222104, -1.02874947,  0.4138377 ,  1.60376608,  1.18688715,
       -0.99956572,  0.62223905, -1.57458293,  0.13093083,  0.78114915,
       -1.45126879,  0.09409864,  0.56460869, -0.6810922 ,  1.54730535,
        0.1227199 , -0.14128327, -0.66889799,  0.49274519,  0.19896469,
       -0.48684484, -0.8387838 ,  0.4786419 , -0.79623961, -0.58589256,
       -1.58048272,  0.10709491,  0.23005533,  1.09089804, -0.18619879,
        0.24731031, -0.44773483, -0.8271994 , -0.49634141, -0.32458118], dtype=float32), array([-0.38600066,  0.01285642, -0.12099372,  0.6973213 ,  0.65777421,
        0.68092793, -0.84353638, -0.28695065, -0.81399351, -0.12973751,
        0.37119201,  0.12271227,  0.09183697, -0.73373842, -0.12161583,
       -0.45936641,  0.12223808,  0.10746601,  0.07663792, -0.14145052,
       -0.20694762,  0.51165676,  0.37486497,  1.22429621,  0.79785919,
        0.46152997, -0.04491881,  0.52471989, -0.18069184, -0.99847329,
        0.606327  , -0.1610425 , -0.0711762 , -0.04641491, -0.55740976,
        0.41553485, -0.9078958 ,  0.53370428,  0.69171762,  0.46345198,
        0.2654891 ,  0.1327132 ,  0.5857833 ,  0.56074858, -0.86682576,
        0.26271102,  0.15750727,  0.20367855, -0.58884627,  0.6937893 ,
        1.02573109, -0.15703295,  1.07944977, -0.27454248, -0.63166434,
        0.08342789,  1.00999439,  1.10397351, -1.39538181,  0.59891695,
        1.12382066, -0.99763906,  0.26855057,  0.02029055,  0.27597436,
        0.41899976, -0.20708488,  0.80787086,  1.33609807,  0.90278089,
       -0.84074014, -0.33250585, -0.81110477, -0.36637703,  0.47650376,
       -1.10243654, -0.06217562,  0.23200378, -0.2784692 ,  0.58599329,
       -0.45344207, -0.79258883, -0.68734962, -0.06935663,  0.21620475,
       -0.37743944, -0.93896133,  0.21153536, -0.44406053, -0.74006122,
       -0.80988663,  0.31038052,  0.07528609,  0.66291463,  0.05044847,
       -0.31053573, -0.48691192, -0.75681311,  0.18996255, -0.03896253], dtype=float32), array([-0.68141633,  0.04612719, -0.06308085,  0.59442723, -0.21100701,
        0.50231874, -0.01860081, -0.4779318 , -0.28725037, -0.02398853,
        0.24106178,  0.35788214,  0.0555696 , -0.18028331,  0.01659308,
       -0.08990307,  0.34858772, -0.01936739, -0.05498632, -0.45354322,
       -0.13082704,  0.37654048,  0.25278294,  0.63459939,  0.02643852,
       -0.23697427,  0.46003434,  0.49924302, -0.36187646, -0.10314263,
        0.39232278, -0.2673859 , -0.00783881, -0.07846887, -0.01002411,
       -0.27118886, -0.46579623,  0.11779111, -0.10027774, -0.00098255,
        0.63239449, -0.23803933,  0.05343974,  0.3044847 , -0.48614866,
       -0.05185236,  0.6082806 ,  0.36801368, -0.28467634,  0.26843733,
       -0.02031958, -0.02124528,  0.8161357 , -0.55889213, -0.14222983,
        0.04207519,  0.07496583,  0.64138502, -0.27098453,  0.55711383,
        0.51347464, -0.88103086, -0.39626983, -0.09301502,  0.43618011,
       -0.2555519 , -0.28125811,  0.17199802,  0.6057626 , -0.00557075,
       -0.22464526, -0.00582549, -0.08291712,  0.08971418,  0.67394012,
       -0.29819462,  0.13571692, -0.10784375, -0.48921782,  0.65716416,
       -0.2171666 , -0.02032798, -0.15082535, -0.16956259,  0.05915801,
        0.05992458,  0.14799429,  0.51323146, -0.15823843, -0.3520987 ,
        0.05115633,  0.3976081 , -0.35892099,  0.6853115 ,  0.4631592 ,
       -0.08733905, -0.0069149 , -0.20106106,  0.3206315 ,  0.14429159], dtype=float32), array([-2.93936253,  0.25420266,  0.03615134,  2.13907456,  1.54879618,
        1.53790689,  0.14553642, -1.8539772 , -1.62937772, -0.08027008,
        1.0385673 ,  2.25471997, -1.07682478, -1.35279918, -0.38039133,
       -1.30101883, -0.90295494,  0.36912006,  0.96099102, -0.51492983,
        0.49036968,  0.37712041,  0.11816143,  2.71294689,  1.93749833,
        0.66555142,  0.2298747 ,  0.98940098,  0.73817271, -0.9804458 ,
        2.47880173,  0.24515116,  0.01558607, -0.50902712, -1.13854134,
        1.95550239, -3.68550611,  0.86647093,  0.78952622,  0.57159472,
        1.91018713,  0.73280668, -0.29979372,  0.28184599, -1.72232795,
       -1.33699822, -1.03167629,  1.11532569, -0.72907817, -0.44779319,
       -0.05615447, -0.27100581,  1.24033689, -0.80303293,  0.51563495,
       -0.76600158,  1.08025217,  1.55579424, -2.94313669,  1.88493896,
        1.090451  , -1.24595833,  0.05785847, -0.27911279,  1.2492888 ,
       -0.22073147, -0.44401664,  0.04742251,  3.0255537 ,  2.19349241,
       -1.47294605,  0.06863482, -1.75034332, -1.34790564, -0.5193029 ,
       -3.07686353,  0.28100336,  0.08902057, -0.98759043,  2.04054332,
        0.91797364, -0.49590784, -0.10034221,  0.92417157,  0.91019392,
       -1.23652327,  0.8306675 , -0.04690593, -1.58576512, -0.87065929,
       -1.70814002,  0.99641573,  0.44475439,  1.01604676, -0.39221355,
        0.35460034,  0.30027092, -1.70141768, -1.00755763, -0.91126251], dtype=float32), array([-2.68563867,  0.35165215,  0.20243083,  1.77320147,  0.84127945,
        1.50165868,  0.30158502, -1.98080719, -1.0096004 , -0.20770608,
        1.21878076,  1.5028373 , -1.42724741, -0.8054527 ,  0.20842078,
       -0.83466148, -0.5475089 , -0.13466907,  0.71767908, -0.61120141,
        0.12986195,  0.79748893,  0.14034097,  2.3543911 ,  1.54939365,
        0.71210963,  0.43929207,  1.70078826,  1.19374049, -0.86772954,
        2.05621481,  0.48575699,  0.31236643, -0.43564293, -1.20362937,
        1.83946311, -2.5406878 ,  0.36301515,  0.72721601, -0.17240769,
        2.17295313,  0.69969016, -0.48657042,  0.37938073, -1.55845129,
       -0.83608872, -0.54276812,  1.37605429, -0.64774787, -0.46665367,
       -0.37769657, -0.82266843,  0.39720559, -0.56583887,  0.59737027,
       -0.83009738,  0.88819283,  1.51876068, -2.34292793,  1.1749109 ,
        0.19943607, -1.36456323,  0.21001139, -0.7450251 ,  0.82577622,
       -0.18630187, -0.15968181,  0.47731942,  2.56607342,  1.20590174,
       -1.40464628,  0.56906939, -1.68551517, -0.72525901, -0.20264187,
       -2.67212772, -0.09157094,  0.64853865, -0.99908704,  1.82124221,
        0.56501621, -1.00089967, -0.06020188,  0.00595874,  0.64623231,
       -0.64224178,  0.15963738,  0.12631246, -1.54159677, -0.91679031,
       -0.91388977,  1.15601432,  0.0691921 ,  0.42883909, -0.53735441,
        0.53182513, -0.19609199, -1.67383599, -0.78449225, -0.65396202], dtype=float32), array([-1.72623646,  0.37874511, -0.85941619,  0.86731136,  0.06032911,
        0.4106676 , -0.11354236, -1.56781566, -0.60976881, -0.95740473,
       -0.13542877,  1.43970048,  0.34570652, -1.11851203,  0.15126963,
       -1.01912344,  0.54730719,  1.40560758,  0.46938449, -1.0444119 ,
        0.41498193,  0.67476535, -0.05177548,  1.74942207,  1.46567082,
        0.28384352, -0.32724774,  1.04540288, -0.494573  , -0.98861372,
        1.98368883, -0.10487696, -1.2542907 , -0.94251251, -0.66282034,
       -1.01240242, -1.21001303, -0.16719072,  1.11538291, -0.30392689,
        0.20221809,  0.85979623, -0.16965865,  1.76272821, -1.20052683,
       -0.30036533, -0.21604064, -1.15732384, -0.23969652,  1.42204809,
        1.43462336,  0.03173505,  1.89442706, -0.94756413, -0.38529217,
        0.72264045,  0.14719807,  1.32241964, -1.95470953,  2.07156587,
        1.66819263, -0.07077549, -0.43542734,  0.99011523,  1.44167042,
       -0.20345789, -1.99287963, -0.5472672 ,  1.57443035,  1.5290978 ,
       -2.13301563,  0.19248696, -1.448632  , -0.71062487,  0.67631269,
       -1.98190796,  0.08231661,  0.01474134, -0.79482973,  1.28816867,
        0.05365375, -1.45110774, -0.78602427,  0.69857448, -0.46013618,
       -0.20115609, -1.1671716 ,  0.32515144, -0.36440858, -0.83670753,
       -1.60042477,  0.59531134, -0.35695419,  1.77564144,  0.13797115,
        0.05982924, -0.19099382, -0.54908389, -0.02475679, -0.13575345], dtype=float32), array([-1.49603379,  0.4570514 , -0.6205231 ,  1.29597354,  1.15300739,
       -0.09971432, -0.5129388 , -1.55413115, -0.70212632, -0.61425757,
       -0.13144268,  1.18568003,  0.40290824, -0.26807308, -0.78082979,
       -0.86723226,  0.83743346,  0.82167649,  0.1018236 ,  0.00227574,
        0.27339667,  0.32065305,  0.3430554 ,  1.66574287,  0.56133252,
        0.45347065, -0.80978256,  0.83935744, -0.51512653, -1.18952703,
        1.33405614, -0.3103843 , -0.87145162, -0.75109971,  0.00332633,
       -0.06836128, -0.96894085,  0.02102143, -0.72291017,  0.38127631,
       -0.14769973,  0.92185795,  0.18277784,  0.97814786, -0.47578159,
        0.28092089, -0.29047975, -0.21826096, -0.61406726,  0.94504738,
        1.47878468, -0.32930559,  1.75407457, -0.95109051, -0.23087139,
        0.82649678,  0.71089095,  0.42060947, -1.25078368,  1.52719176,
        0.58065176, -0.54954863, -0.15822352,  0.83759367,  0.58872169,
        0.20085284, -2.15407062,  0.33976296,  1.74204946,  0.72890627,
       -1.38127232, -0.06848173, -1.02314889, -0.37953967,  0.22753482,
       -1.20893848,  0.0063044 ,  0.063923  , -1.26925766,  1.54270005,
        0.64130509, -1.32703435, -0.47694412,  0.09280803, -0.5726974 ,
       -0.68680686, -1.37482512,  0.26035389, -0.95256847, -0.72117746,
       -1.4910289 ,  0.12868947,  0.69785631,  1.12724447,  0.44895324,
        0.02381308,  0.03358124, -0.70258999, -1.00483263, -0.26574659], dtype=float32), array([ -2.70199108e+00,   1.09037983e+00,   2.32984275e-01,
         2.08867550e+00,   4.27777618e-01,   6.37848794e-01,
        -3.95370647e-03,  -1.20315051e+00,  -1.25631785e+00,
        -1.03993988e+00,   1.86946225e+00,   6.25215113e-01,
         2.16631647e-02,  -7.41523802e-01,  -3.89302194e-01,
        -2.31940314e-01,   1.29331636e+00,   7.93651521e-01,
        -3.59173492e-02,  -1.33386660e+00,   2.13913620e-04,
         1.00664973e+00,   1.12347649e-02,   2.36566734e+00,
         9.50145543e-01,   5.25682032e-01,   5.30054152e-01,
         1.01493740e+00,  -1.46904111e+00,  -7.53938615e-01,
         2.13176084e+00,   1.43915221e-01,  -1.41194630e+00,
        -1.22217989e+00,  -5.03088683e-02,  -5.95056176e-01,
        -1.45154905e+00,   6.77367926e-01,  -1.18159547e-01,
        -4.08314764e-01,   3.99055392e-01,   4.85850245e-01,
         4.70222652e-01,   9.94195998e-01,  -3.46839786e-01,
        -1.44804764e+00,   6.04487538e-01,   7.29199469e-01,
         1.27950013e-01,   7.54290342e-01,   1.72717500e+00,
        -8.87182117e-01,   1.62847233e+00,  -8.47000718e-01,
        -1.27132642e+00,   4.64387238e-01,   1.33456457e+00,
         2.10431910e+00,  -1.98154116e+00,   1.81253541e+00,
         1.69703126e+00,  -1.19684064e+00,  -1.73729390e-01,
         1.33321309e+00,  -5.55601902e-02,  -4.00068849e-01,
        -3.29142952e+00,  -4.50932235e-02,   2.16434550e+00,
         9.92584944e-01,  -1.95192933e+00,   4.37117696e-01,
        -1.25598705e+00,  -8.74008834e-02,   2.06940532e+00,
        -2.72759771e+00,   3.08359623e-01,   1.15339458e+00,
        -1.39649856e+00,   2.68087912e+00,   8.72191489e-01,
        -1.90319979e+00,  -1.70056358e-01,  -8.50355998e-02,
         9.51162457e-01,   2.92820632e-01,  -1.25673985e+00,
         1.30175114e+00,  -7.89897501e-01,  -1.67180800e+00,
        -2.13139415e+00,   4.76467669e-01,  -3.99041176e-01,
         1.10303557e+00,  -6.99118555e-01,   5.24647713e-01,
        -5.87636471e-01,  -1.00673687e+00,  -1.28304079e-01,
        -3.07428651e-03], dtype=float32), array([-1.67066252,  0.26209944, -0.74422932,  1.21478117,  0.67805046,
        0.18933871, -0.34228489, -0.78491437, -0.84602928, -0.27074593,
        0.71529102,  0.63609898,  0.3295483 , -0.84612578, -0.91717833,
       -0.81897122,  0.64785731,  0.65233076, -0.24761014, -0.78890049,
       -0.24586658,  1.34793699,  0.92481285,  2.37206697,  0.23314425,
        0.47231865,  0.33486885,  1.17396128, -0.3819389 , -0.13408127,
        1.26723492, -1.01693749, -0.40634766, -0.83580691, -0.34759998,
        0.39900804, -1.62545276,  0.05712838, -0.14938349, -0.31560892,
        0.93807065,  0.60726488, -0.40650448,  0.93764919, -0.96015829,
       -0.04429336, -0.4039796 ,  0.91516024, -0.80547345,  1.36200285,
        0.99260098, -0.07530202,  1.61385465, -0.39575061, -1.23796844,
       -0.33527473,  0.67913526,  0.75000548, -1.68011856,  1.44876814,
        2.08776784, -0.82086515, -0.20877203,  0.50320685, -0.24201602,
       -0.29432845, -1.34012532, -0.2351229 ,  1.40734923,  0.55026764,
       -1.2151984 ,  0.18448299, -0.7133624 ,  0.10393064,  0.897632  ,
       -2.4527359 , -0.28401682,  0.18349028, -0.72541887,  1.66848922,
       -0.36992514, -0.67049193, -0.56788015,  0.97423261,  0.42487296,
       -0.22780842, -0.67943472,  0.52086312, -0.84999043, -2.07491183,
       -1.52877188,  0.42390794,  0.16417596,  0.7300601 ,  0.37385434,
        0.03629781, -0.04375513, -0.9371416 ,  0.11148494,  0.00686425], dtype=float32), array([-0.70232928,  0.21452607,  0.32799441,  0.88780791,  0.27936387,
        0.66873074, -0.45920417, -0.79738522, -0.79420918, -0.20613809,
        0.2508145 ,  1.4799912 ,  0.565862  , -0.46970165, -0.17339496,
       -0.5163992 , -0.09551336,  0.35091871, -0.19808289,  0.1334645 ,
        0.31390896,  0.86861461,  0.43028209,  1.01172614,  0.17034797,
        0.06170737,  0.1982123 ,  0.63917553, -0.38571897, -0.87529361,
        0.6777826 , -0.72491747, -0.19097513, -0.28411976, -0.19892022,
       -0.37087074, -0.75981742,  0.57465845,  0.19301909,  0.19487941,
        0.30761713, -0.13704672,  0.07903758,  0.72421342, -0.94135469,
        0.0650434 ,  0.04844669, -0.05879711, -0.88720846,  0.62994415,
        0.32239768, -0.05871871,  1.07808304, -0.27506968,  0.20394813,
       -0.16667923,  0.27894208,  0.3946014 , -0.47671729,  0.17877312,
        0.81502974, -0.30622959, -0.15270442,  0.36609435,  0.49958578,
        0.09733478, -0.10923167, -0.20423758,  1.01569462,  0.61762905,
       -0.50304228, -0.01124131, -0.13477512, -0.41747957,  0.48417184,
       -1.07585347,  0.3109737 , -0.22722986, -0.72896641,  0.80545038,
       -0.01849189, -0.381686  ,  0.13907386,  0.30803216,  0.51482368,
        0.04820828, -0.82842422, -0.30528617, -0.69836462, -0.70040822,
       -0.66117042,  0.45453942, -0.03611295,  0.41715413,  0.16813469,
       -0.01090647, -0.24668312, -0.84632039,  0.00171015, -0.40398663], dtype=float32), array([-2.07867551,  0.67888677, -0.11003743,  2.36590934,  0.63480008,
        1.94330204, -0.64396524, -1.41807699, -1.80601239, -1.06853795,
        0.21350732,  1.19438589,  0.21255037, -0.47140753, -0.47762516,
        0.23246948,  0.74869359,  1.03782725, -1.00784206, -0.27177233,
        0.88058996,  1.26610553,  0.39695078,  2.08654165,  1.70672929,
        0.82120216,  0.88576376,  1.42490327, -1.2786684 , -1.6990993 ,
        1.08389902, -0.29293531, -1.2153039 ,  0.41347498,  0.35614079,
        0.32996902, -1.16049027,  0.85073835,  0.63308883,  0.51606792,
        0.38562459, -0.46296343,  0.23275763,  1.10948193, -1.56997514,
       -0.73573732, -0.36878359,  0.20927888, -1.54527831,  0.92236507,
        0.23156922, -0.00254039,  2.14564371,  0.2315557 ,  0.16568998,
        0.42365676,  1.08144367,  1.15697205, -1.31319702,  0.61037105,
        1.63919175, -1.56781387,  0.15552942,  0.95259583, -0.1646384 ,
        0.05594128, -1.24822617,  0.95989382,  1.66525686,  1.55248594,
       -0.91959476,  0.58930755, -0.10993648, -1.19011176,  1.11514723,
       -1.96117353, -0.1454618 ,  0.89047891,  0.1305553 ,  2.31901932,
        0.13243763, -0.5372203 ,  0.02774939,  0.5494259 ,  0.527403  ,
       -0.34074968, -1.24731147,  0.02898661,  0.19050732, -0.89081526,
       -1.31995749, -0.15148088,  0.75691664,  0.48983598,  0.17290667,
       -0.29953983, -0.66600305, -2.41508198, -0.09963115, -0.1776796 ], dtype=float32), array([ -9.82146204e-01,   1.78746313e-01,   1.52087003e-01,
         1.40024722e+00,   5.15858173e-01,   8.42830300e-01,
        -4.12231922e-01,  -9.15118217e-01,  -5.77644765e-01,
        -3.99440706e-01,   7.56097198e-01,   7.22113371e-01,
         2.78780162e-01,  -5.45898795e-01,  -1.57754019e-01,
        -7.27051139e-01,  -2.78634667e-01,  -5.26254252e-02,
         3.97461057e-01,  -4.89352614e-01,  -1.62544444e-01,
         9.84136164e-01,  -1.15220100e-01,   1.99616849e+00,
         4.99884844e-01,   4.93170947e-01,   4.96136099e-02,
         9.73790109e-01,   3.03764075e-01,  -1.21694577e+00,
         9.58802640e-01,  -1.21159442e-01,   6.22613907e-01,
        -1.03685772e+00,  -9.88052130e-01,   1.08764100e+00,
        -9.28762913e-01,   1.08404487e-01,   6.45628631e-01,
        -3.11494529e-01,   8.18929553e-01,   3.75636578e-01,
        -3.42492312e-02,   6.96457207e-01,  -1.04103529e+00,
         3.38120818e-01,  -2.67732710e-01,   1.04159284e+00,
         2.96257854e-01,   4.32701230e-01,   7.48821974e-01,
        -1.05670619e+00,   7.69722104e-01,  -7.71222353e-01,
         3.55296582e-03,   7.15507865e-02,   5.19026101e-01,
         1.45957804e+00,  -1.79089534e+00,   1.12243140e+00,
         7.43621945e-01,  -1.19462872e+00,   6.00055039e-01,
         1.39015883e-01,   5.62461376e-01,  -2.19658911e-02,
        -9.63905096e-01,   3.00665975e-01,   1.77125692e+00,
         1.00466037e+00,  -1.25389218e+00,   7.41386056e-01,
        -1.22891998e+00,  -2.90504366e-01,   6.23600185e-03,
        -1.81495237e+00,   8.19226652e-02,   2.89356172e-01,
        -1.03972703e-02,   1.50242996e+00,  -2.50066310e-01,
        -8.46943617e-01,  -1.62005462e-02,  -3.43127459e-01,
         5.67437053e-01,   2.76493002e-02,  -1.00266302e+00,
        -7.34575093e-04,  -1.27047217e+00,  -1.19840217e+00,
        -1.03053665e+00,   9.72180068e-01,   1.36073902e-01,
         6.27768457e-01,   3.56451094e-01,  -1.31489769e-01,
        -3.36798459e-01,  -7.72657752e-01,   2.04633743e-01,
        -2.08654493e-01], dtype=float32), array([-1.57242942,  0.48117095,  0.48168489,  1.57087159,  0.69867688,
        1.15438509, -0.20502649, -1.40270209, -1.41261888, -0.02296577,
        2.18254304,  0.75505561,  0.32294145, -0.65557599,  0.55321211,
        0.23430155,  0.21765827, -0.08379617,  0.05348616, -1.73738682,
       -0.60689741,  0.85079968,  0.28997463,  3.04111409,  1.82780516,
        0.27436125,  0.70330828,  0.90551889, -0.25781032, -0.21732697,
        1.18278217, -0.49923465, -0.33408374, -1.49445522, -0.19940837,
       -0.66807926, -1.68736315, -0.22228196,  0.05656309, -0.65463865,
        1.14591002, -0.24788591,  0.97246617,  0.9280169 , -1.17204952,
       -0.39153463,  1.10181749,  0.42619982,  0.03049095,  0.09968214,
        0.37836787, -1.36843979,  1.85698187, -0.82816899,  0.05116549,
        0.19195564, -0.49787235,  2.41788816, -1.55527544,  1.26303792,
        1.63886285, -1.40998936, -0.93906283,  0.6677469 ,  0.53721762,
       -0.05031295, -2.07524514, -0.32437682,  2.32914186,  0.23082024,
       -1.35299397,  0.92687047, -0.10681924, -0.83698839,  1.38093531,
       -1.09592986,  0.45759335,  0.95150858,  0.11231241,  2.50044584,
       -0.06883331, -0.8407824 ,  0.24217184, -0.89096415,  1.2320559 ,
        0.60657173, -0.57183588,  0.51835597, -0.85897028, -1.2793144 ,
       -0.62603289,  0.74867839,  0.05098984,  0.43696675, -0.65514737,
        0.52080488,  0.44898993, -0.59833115, -0.02625492,  0.13982809], dtype=float32), array([-3.69022346,  0.2133988 ,  0.19596897,  2.83164954,  1.33244061,
        2.45528555, -0.17789751, -2.44614172, -1.98066854, -0.13094333,
        1.76467109,  2.3699472 , -1.1606431 , -1.7809298 , -0.30890453,
       -0.97567451, -0.58810699,  0.13462222,  0.61190915, -0.74518913,
        0.48604524,  1.32063329,  0.41453764,  3.11977673,  1.6338892 ,
        0.64079708,  1.05457568,  2.01865482,  0.71435863, -1.74291801,
        2.28010511,  0.14386287, -0.03231429, -0.33669674, -1.4541924 ,
        1.901232  , -3.92259026,  0.62784582,  1.06327748,  0.20270821,
        2.12156415, -0.0072726 , -0.19995101,  0.02525575, -2.55957317,
       -1.3268224 , -0.02047465,  1.99365401, -0.94247341, -0.52099293,
       -0.17243704, -1.09353173,  1.45375097, -1.03038347,  0.82001966,
       -1.50103533,  1.85681391,  1.77540481, -3.36445999,  1.10456347,
        1.2324698 , -2.20060992, -0.32441014, -0.29717362,  1.04969645,
       -0.10547562, -0.1663004 , -0.1797355 ,  3.53108382,  2.00150847,
       -1.75908887, -0.23563065, -1.11755896, -2.09184837,  0.19205141,
       -3.72440386,  0.3450034 ,  0.37263882, -0.81777185,  2.63030171,
        0.58069795, -0.80134499,  0.15631148,  0.40634578,  0.89775586,
       -0.98679531,  0.23417765, -0.15495601, -1.96537471, -1.77834928,
       -1.75997055,  1.66851616,  0.77354604,  0.58826244, -0.29287368,
        0.44668809, -0.34924304, -2.2264843 , -0.92748755, -1.07475829], dtype=float32), array([-3.14372802,  0.77742851,  0.32636133,  2.66433835,  0.24640112,
        2.11730647, -0.6044302 , -2.23066115, -1.48470151, -0.52854586,
        1.20849216,  1.36426985, -1.6419822 , -1.1959064 , -0.12471902,
       -0.53955293,  0.09024885,  0.02142111,  0.89649707, -0.90087783,
        0.10353412,  1.59708679,  0.41829374,  3.06583428,  1.4925611 ,
        0.93356526,  0.60800624,  2.24197745,  0.88056201, -0.89348698,
        2.32981515, -0.0839996 ,  0.57215983, -0.49626809, -0.93099701,
        1.6732713 , -2.85422921,  0.59059346,  0.782561  ,  0.04694276,
        2.90681791,  0.08470476, -0.30721754,  0.75421077, -1.79181075,
       -0.33966365, -0.05580391,  1.55030489, -0.73221123, -0.48850739,
        0.20489313, -0.55093491,  0.69748139, -0.59522653,  0.98051357,
       -0.81955391,  1.01270795,  1.92010212, -1.78190732,  1.74964797,
        0.86597919, -1.81757426, -0.0639236 , -0.43211636,  1.27821136,
       -0.42355117,  0.34587139, -0.07180258,  3.35585856,  1.2471571 ,
       -1.1416533 ,  0.91015732, -0.8473953 , -1.07702565,  0.75921583,
       -3.1535511 , -0.13071781, -0.23780289, -1.1075536 ,  2.29470205,
       -0.02869371, -1.18081796,  0.33707592,  0.28639948,  0.93152988,
       -0.9049316 ,  0.05931743,  0.27169472, -1.32993841, -1.66920209,
       -0.62039155,  1.43013871, -0.17206073,  0.96830505, -0.47418469,
        0.3416636 , -0.78736126, -2.17423129, -0.16956979, -0.74630445], dtype=float32), array([-0.95619541,  0.41247684, -0.08396523,  1.45637333,  0.53868252,
        1.4127661 , -0.54094887, -0.5842883 , -0.9091562 , -0.31608704,
        0.21143216,  0.948349  ,  0.60613793, -0.64469755, -0.37978977,
       -0.21732779,  0.23247854,  0.43663567, -0.06620827, -0.14619321,
        0.49059233,  0.91510481, -0.09761832,  1.11485302,  0.34538662,
        0.13823064,  0.96930003,  0.63625014, -0.40386263, -1.0203625 ,
        0.36952233, -0.48345512, -0.59372497,  0.31535682, -0.06469001,
        0.20999104, -0.70327264,  0.16547027,  0.44772136,  0.30463368,
        0.45336747, -0.49255836,  0.20517468,  0.38957486, -1.07183111,
       -0.33926201,  0.07084369,  0.28356519, -0.88600099,  0.6347487 ,
        0.17236423,  0.02178361,  1.26300037, -0.19646743,  0.17272082,
       -0.42082006,  0.68866348,  0.68869489, -0.38307515,  0.20378031,
        1.277282  , -1.01883078, -0.04275278,  0.64343762, -0.11171678,
        0.12272395, -0.3265163 ,  0.67832404,  0.9649567 ,  0.71964622,
       -0.32009748,  0.16174746, -0.14395726, -0.83373821,  0.53826481,
       -1.27668822, -0.35885388,  0.3575193 ,  0.31152207,  1.06384265,
        0.06000696, -0.43407175,  0.11709748, -0.072548  ,  0.27209732,
        0.04491241, -0.62042028, -0.30832013,  0.07339761, -0.91583043,
       -0.95462233,  0.12973446,  0.31547269,  0.3003453 ,  0.29609936,
       -0.19590914, -0.34581435, -1.09199703,  0.3342489 , -0.07304575], dtype=float32), array([-2.04568052,  1.30555105,  0.0370287 ,  1.79104209,  0.93971014,
        0.73414034, -0.12955528, -1.8087889 , -1.84792948, -0.0725093 ,
        1.89921737,  1.07246339,  0.50398445, -0.68108118, -1.58166337,
        0.51336884,  1.01601481,  0.30719665, -0.09940263, -0.14316502,
        0.08165775,  0.33230209, -0.40052518,  2.77354169,  1.41993368,
        0.08014657,  0.19299692,  1.65883875, -0.29877484, -0.24324173,
        0.72485632, -0.46574715, -0.86308402, -0.50452882, -1.14794397,
        0.27176136, -1.7204231 ,  0.53545201,  0.21650606,  0.16251802,
       -0.48979637,  0.2379227 , -0.32661009,  0.70977139, -1.12928963,
       -0.92156547, -0.2343345 ,  0.57105201, -0.28438899, -0.21244664,
        0.46280861, -0.34668446,  1.03308594, -1.45519948, -0.58528072,
        0.30837095,  0.89629167,  1.23331046, -1.93064415,  1.60835707,
        1.22136796, -0.90001285, -0.57526922,  1.48121905,  0.17378986,
       -0.46120763, -2.14539886,  0.95720512,  2.37176323,  1.29387248,
       -1.58131099, -0.53052753, -0.87651014, -1.20168805,  1.66986108,
       -2.15047193,  0.10376294,  1.43238771, -0.35847139,  2.2815392 ,
        0.30396965, -0.88891196, -0.66051453, -0.42608646,  0.57491916,
        0.33397546, -1.08480346,  0.30063716, -0.92234617, -1.4786557 ,
       -1.60369444,  0.66547549, -0.56674105,  0.84600192, -0.0496715 ,
       -0.69238967,  0.1394197 , -1.808092  ,  0.07100359,  0.06331816], dtype=float32), array([-2.23932481,  0.44018048,  0.48572916,  2.77335906,  1.26538491,
        2.39547682, -0.43362045, -1.25830662, -1.03286457,  0.61850101,
        1.40988588,  1.71500742,  0.1834988 , -1.30459499,  0.71065807,
       -0.33578274,  1.26935267,  0.37549153, -0.41209468, -0.52042723,
        0.86136198,  2.11557913,  0.41336912,  3.97061348,  0.14183515,
       -0.54617077,  1.14861917,  1.71863306, -0.71016508, -1.02312136,
        1.55685556, -1.62596095,  0.58409607, -0.7927618 , -0.33641857,
       -0.38178787, -1.99443054,  0.73338187, -0.04913213,  0.08910759,
        0.82254744, -0.42826074,  0.63322538,  1.15790713, -2.26030254,
       -0.34725609,  0.80982494, -0.19235942, -0.01297881,  1.0043962 ,
        0.83749914, -0.19431336,  1.61487627, -1.4536854 ,  0.43668243,
       -1.27215493,  1.43314731,  1.76685035, -1.67086613,  1.58573806,
        2.72018385, -1.62916136, -0.4757435 ,  0.03224634,  2.20286202,
       -1.36328375, -1.89189172,  0.2795544 ,  2.36552191,  0.999295  ,
       -0.54053861,  1.51296055,  0.64275277, -0.78822941,  1.7786057 ,
       -1.34907794,  0.0601885 ,  0.82572526, -1.49851978,  2.53434801,
       -0.59652585, -1.51299357, -0.0698987 , -0.21750563,  0.32604423,
       -0.03465368, -0.42037731,  0.05551501, -1.43318284, -3.20093799,
       -0.76391894,  1.47408211, -0.12080686,  2.17617965,  0.03437129,
        0.31891632, -0.6115188 , -1.6463393 ,  0.24690124,  0.2628842 ], dtype=float32), array([-1.69260573,  0.41246492,  0.28459033,  1.73074186,  0.88557422,
        0.51662749, -1.60205901, -0.79616982, -1.11958647,  0.0572435 ,
        0.55780166,  1.22305107,  1.15293491, -2.05307937, -0.57270497,
       -0.82808393, -0.12677063,  0.88064605,  1.2201184 , -0.64720166,
        0.0444418 ,  1.05092478,  1.13366055,  3.08506536,  0.25901499,
        0.99784189, -0.12243557,  0.74820149, -0.09011694, -1.03490949,
        1.45147741, -0.5252732 , -0.15186501, -1.14248991, -0.49772415,
        0.26205912, -1.82850587,  0.60601538,  0.81250489,  0.1184091 ,
        0.80703318,  0.56632674,  0.08231969,  1.05678058, -1.35359788,
        0.02382409, -0.9282043 ,  0.13058437,  0.31836122,  1.6431464 ,
        1.60991943, -0.4573639 ,  2.03787017,  0.05972657, -1.21572268,
        0.0574397 ,  0.30259794,  0.53628838, -1.59118509,  2.05309319,
        1.74707198, -0.90628421, -0.07939028,  1.03095722,  0.59388733,
       -0.11226632, -1.77593768, -0.16348086,  2.20639277,  1.4917295 ,
       -1.49124968, -0.54854017, -1.16959739, -0.79357052,  0.90505809,
       -2.3797543 , -0.06806512, -0.29811168, -0.11577448,  0.92266834,
       -0.39143148, -1.00211573,  0.18106383,  0.26428989,  0.81341088,
       -0.89331037, -1.12336028,  0.75266868, -1.04936385, -2.31827402,
       -1.03293169,  0.60400856, -0.3193244 ,  0.88262147,  0.33697772,
       -0.51557869, -0.22069144, -0.35778233, -0.02225222, -0.03678269], dtype=float32), array([-0.96587253,  0.74014425,  0.38518214,  1.76950097,  0.01553311,
        0.73170787, -0.00356491, -1.24324465, -0.75967366,  0.1598784 ,
        0.80724984,  1.61087155, -0.26180688, -0.59578687, -0.10924742,
       -0.56888556,  0.07339645,  0.12864488,  0.74363828, -0.30851179,
        0.77871549,  0.58774215,  0.20006156,  1.43934393,  0.86871147,
       -0.08336565,  0.46436426,  0.7975235 , -0.4678106 , -0.76163012,
        0.89834553, -0.31848872,  0.40829563, -0.69118977, -0.69019514,
       -0.09287554, -0.49863824, -0.34280673,  0.48870331, -0.1617865 ,
        0.6578939 , -0.29411262,  0.1801354 ,  0.69888276, -1.39388573,
       -0.72010756,  0.41033477,  0.55475879, -0.18295805,  0.05347255,
        0.55041862, -0.40490329,  1.19762802, -0.90519738,  0.2770713 ,
        0.12974775,  0.5243026 ,  0.94262898, -1.03265238,  0.91558731,
        0.55884361, -0.79843563, -0.07259811, -0.54758143,  0.76615053,
       -0.21803653, -0.7779063 ,  0.670232  ,  1.11596918,  0.29117066,
       -0.79965943,  1.07610524, -0.54793495,  0.18111867,  0.83958662,
       -1.25805688,  0.0329374 , -0.07359912, -0.40216574,  1.54139996,
        0.10045701, -0.32465702,  0.06863156, -0.50096077,  0.4327198 ,
        0.52342618, -0.79252344, -0.18182804, -0.64161217, -0.62778956,
       -0.68189687,  0.80749029, -0.08999573,  0.98967582,  0.32033062,
       -0.16588756, -0.69559824, -0.63998401,  0.12354986, -0.46720558], dtype=float32), array([-1.93717551,  0.560256  ,  0.47781035,  2.58202267,  0.82166672,
        0.97636473, -0.74445522, -1.36625183, -0.73756832, -0.55477697,
        1.44539726,  1.72606075,  0.37836111, -0.88895333, -0.89204359,
       -0.48773766,  0.35709518,  0.39117599, -0.31031209, -0.57294512,
        0.12920052,  0.19986947,  0.08633523,  2.39624095,  0.47473887,
       -0.03584261, -0.06352401,  1.50371265, -1.53626168, -1.28048277,
        1.79564595,  0.34786037, -1.11146021, -0.69491076, -0.04740901,
       -0.21494269, -1.58607852, -0.06307046,  0.20673862, -0.42535895,
        0.81849843,  1.65680158, -0.47963253,  0.73752725, -1.43426251,
        0.09640407, -0.28051129,  0.44406644, -0.63123524,  1.54261935,
        1.3720994 , -1.79808629,  1.29857481, -1.5057919 ,  0.75880009,
        0.70410395,  0.89617091,  2.27766013, -1.75410295,  1.55487359,
        0.8670578 , -0.39001715, -0.25488445,  0.81278479,  1.15065825,
       -0.2915034 , -2.74500561,  0.0766456 ,  2.06981707,  0.60503209,
       -1.05744088,  0.16750352, -1.61114943, -0.72421449,  1.01292562,
       -3.15417051, -0.11409026, -0.4975417 , -0.50578147,  2.68260145,
        0.22398253, -0.67854398,  0.18738584, -0.52725613,  0.45626035,
        0.02460894, -0.96914244,  0.1310157 , -1.88509572, -0.8750003 ,
       -0.84921223,  1.12966645,  0.24302304,  1.45646882,  0.54547954,
       -0.05559415, -0.3100965 , -1.09511912, -0.47370279,  0.18875763], dtype=float32), array([-2.82928324,  0.88846141,  1.07330298,  2.27494812,  1.34332335,
        1.12584341,  0.42706522, -2.4528172 , -2.1898551 ,  0.23508519,
        1.7346704 ,  2.18455601,  0.73591244, -1.37899566,  0.11160283,
       -0.37148851,  0.75070524,  1.25280511, -0.46553445, -0.66794002,
       -0.26446897,  0.36541751,  0.7881816 ,  3.45001364,  1.86652708,
        0.33606279,  0.56002367,  1.44759917, -1.17179835, -0.62312722,
        1.66145265, -0.34491119, -0.76329899,  0.01237028,  0.40694109,
       -0.98562032, -1.96721423,  0.43783855,  0.9807986 ,  0.47900397,
        1.13304758,  0.76578188,  0.34874612,  0.4634124 , -1.20023918,
       -0.92749733, -0.77551848, -0.45436993, -1.02109504,  1.11526287,
        1.30437231, -0.62168157,  2.23570037, -0.35984814,  0.0582445 ,
        0.22411127,  0.12672466,  1.22456861, -2.93440795,  1.68634689,
        1.452178  , -0.80182356,  0.08079944,  1.730914  ,  0.99827808,
       -1.02983654, -3.30699444,  0.43018997,  2.27666593,  1.14144945,
       -1.31339014,  1.01866722, -0.40560514, -1.05844724,  1.4553709 ,
       -2.55738807,  0.70689261, -0.17397657, -1.31644011,  2.82603049,
        0.3288337 , -0.90890139,  0.07313214,  1.21987343,  0.20408045,
       -0.029372  , -0.77765536,  0.36550206, -1.46238863, -2.07133889,
       -0.94436693,  0.0723422 ,  0.6067059 ,  1.14779794, -0.68419373,
        0.89301276, -0.25207236, -0.8678906 , -0.54435217, -0.47172779], dtype=float32), array([-1.11195779,  0.01806552, -0.15991729,  0.98888052,  0.43076584,
        0.72293961, -0.23378168, -0.99154139, -0.2138539 ,  0.18561059,
        0.1948815 ,  1.13962483,  0.32627085, -0.97115588, -0.05922771,
       -0.24232695,  0.45769826,  0.09489075, -0.24751808, -0.06669274,
       -0.11616516,  0.77322352,  0.41094002,  1.23437119,  0.58045566,
       -0.19859837,  0.01174845,  0.9336338 , -0.16122733, -0.61363149,
        0.96016514, -0.58116096, -0.3215093 , -0.45645651,  0.39265111,
       -0.2119544 , -0.90655446,  0.0427363 ,  0.55112517,  0.35229152,
        0.45658728, -0.07304807, -0.1062506 ,  0.46092457, -0.94857329,
       -0.34881592,  0.10268125,  0.42879477, -0.27257872,  0.46844229,
        0.58491576, -0.23677908,  1.34777296,  0.00610638, -0.89395249,
        0.05207791,  0.60830224,  0.60639548, -1.03195596,  0.76436085,
        0.87656224, -0.87989742, -0.70135546,  0.10939886,  0.12641494,
        0.09064287, -1.05194831,  0.51009381,  1.61763144,  0.52469712,
       -0.32330877, -0.59577584, -0.84183437, -0.89672303,  0.77332693,
       -0.90738016,  0.03134056, -0.00543009, -1.13586438,  1.05822098,
       -0.14933796, -0.68556356, -0.25375775, -0.11647037,  0.23980039,
       -0.02661463, -0.53079176, -0.44153988, -0.40174156, -0.74653268,
       -0.97183472,  0.47302198,  0.00446015,  0.81049603,  0.33581847,
       -0.44178972, -0.18198732, -0.98394191, -0.06914476,  0.22641355], dtype=float32), array([-1.11534846,  0.11452097,  0.54387254,  0.92342538, -0.05219974,
        0.38475123,  0.40149933, -1.44685245, -1.0438931 ,  0.43093786,
        0.97705841,  1.5474714 ,  0.38586214, -1.08849144, -0.50623405,
        0.04942988, -0.08777586,  0.03445074,  0.47530407, -0.4895826 ,
        0.62660778,  0.34405532,  0.26925537,  1.27895641,  0.67682791,
       -0.29029721,  0.1867184 ,  0.3948507 ,  0.02080249, -0.30864531,
        0.82976007,  0.33427265, -0.25527054, -0.77970648, -0.39820388,
       -0.41212934, -1.49250174, -0.41790101,  0.63466442, -0.1432422 ,
        0.69453287,  0.43891984,  0.56878698,  0.41285497, -1.41569138,
       -0.67490494,  0.5084433 ,  0.53495538,  0.03406581, -0.09307887,
        0.23462869, -0.4991428 ,  0.29246598, -0.41122386,  0.50128597,
        0.16101819,  1.12329161,  0.93032497, -1.4072578 ,  0.52699196,
        0.75514054, -0.21734151, -0.90630257, -0.32094729, -0.00566139,
       -0.03426326, -0.90457535, -0.44597456,  1.56684899,  0.62117827,
       -0.98640358,  0.5459879 , -0.83550274, -0.4210057 ,  0.56598532,
       -1.03828919,  0.03744404,  0.15337625, -0.35452473,  1.40735793,
        0.5242669 , -0.68052179, -0.17768982,  0.06363327,  0.24388714,
        0.80118746, -0.72846472,  0.40154791, -0.92356765, -0.51919419,
       -0.38654691,  1.01717508,  0.15616703,  0.30148029, -0.23323734,
       -0.25246382, -0.19340567, -0.43156323, -0.32696575, -0.11604925], dtype=float32), array([-2.35529852, -0.01548082,  0.51716125,  3.50650072,  1.64615762,
        2.94301295,  0.07136457, -1.61955631, -0.69993204,  1.54973066,
        0.35912353,  2.12422419,  0.70952284, -1.62301433,  0.20121044,
       -0.22388893,  1.03090107,  0.81559068,  0.69783664, -0.11521065,
        0.46068785,  2.11986041,  0.6685878 ,  4.22027731,  0.53830302,
       -1.03625441,  1.61280346,  1.50550699, -0.60887569, -1.00500679,
        1.12508523, -1.24106061,  0.90465647, -0.08350473, -0.32151273,
       -0.5689972 , -2.44581962, -0.12725313, -0.02423842,  0.09545507,
        0.57846957, -0.52025682,  0.32158083,  1.23893845, -2.91643167,
       -0.65486681,  1.02652752,  0.01646475, -0.01455244,  1.16287041,
        0.95726794, -0.50215411,  2.7652688 , -2.10379124,  0.64262694,
       -1.06331408,  1.05137658,  1.38877976, -2.09122324,  1.89120483,
        2.28429914, -2.78231835, -0.61329675, -0.43637234,  2.40756083,
       -1.12725306, -2.16867399,  0.71410477,  3.36282706,  0.97071183,
       -0.47353503,  1.26063514,  0.53954864, -1.16642189,  2.54658961,
       -2.03466058, -0.13024786,  0.71472818, -2.11395097,  2.84876037,
       -0.87690634, -1.56720841,  0.62509555, -0.98051488,  0.42581108,
        0.08025332, -0.32013193, -0.63986516, -2.19807005, -3.66657209,
       -0.50111532,  1.96712744, -0.74384487,  2.69108295,  0.60262197,
       -0.18180543, -0.68743128, -1.36945403,  0.67634267,  0.29312888], dtype=float32), array([-2.28750944, -0.41013572,  0.25991893,  2.6391027 ,  1.42947185,
        1.74702585, -0.79392958, -1.61719036, -0.89379603,  1.04631889,
        1.61683559,  1.34647501,  0.43423179, -1.18654764,  0.32782727,
       -0.92315507,  1.2517885 ,  0.64687139, -0.06342173, -0.98049033,
       -0.30927461,  1.63278246,  1.77870059,  3.082232  ,  1.47368598,
        0.03397372,  1.33322191,  1.83353603, -0.73710036, -1.58841932,
        1.78664374, -0.7724824 ,  0.84184897, -0.45575449, -0.59460402,
       -1.41541064, -1.82985163,  0.91622531,  1.33254492,  0.06739801,
        2.21609712, -0.11850993,  0.32585579,  1.58820498, -2.13330579,
       -0.48018092,  0.57536042,  0.88819635, -0.06720777,  0.94597882,
        0.95717537, -0.45228854,  2.1314621 , -1.39320469, -0.54127115,
       -1.29928172,  2.17969537,  2.30126572, -2.59479403,  1.02995706,
        2.16319537, -2.21049547, -0.74959594, -0.12200449,  1.28635609,
        0.4856064 , -2.0069356 , -0.12094529,  2.31000566,  0.74811751,
       -1.24113226,  1.48701513,  0.29805827, -2.50694156,  1.90595746,
       -3.1317482 ,  0.90361869,  1.06195867, -0.46430403,  2.722471  ,
       -1.6044383 , -1.91728365,  0.14685239,  0.03594986,  0.33148921,
        0.4811103 , -1.09091234,  0.37377205, -0.46579036, -2.77830148,
       -1.16766477,  2.01107717, -0.22163951,  1.83021235,  0.24060018,
       -0.50863385, -0.15140231, -1.81135309, -0.15235111,  0.09876734], dtype=float32), array([-1.95852876,  0.62705338,  0.03354833,  1.95551085,  1.13785577,
        1.65262294, -0.51999879, -1.25654697, -1.32310915, -0.34373271,
        1.38783479,  1.62517548,  0.77487099, -1.2302134 , -0.81232435,
       -0.37738374,  0.7560252 ,  1.31873178, -0.30442259, -0.30549547,
        0.20256485,  0.98056096, -0.02163961,  2.10587692,  1.24495113,
        0.18287092,  1.00554287,  1.55972838, -0.5603953 , -1.43239033,
        1.00234938, -0.03895421, -0.865439  , -0.0701355 , -0.11588666,
       -0.10293054, -1.78955007,  0.29435426,  0.35631111,  0.54927635,
        0.19624516, -0.52559626,  0.59985673,  0.20372331, -1.49566805,
       -0.88320947,  0.00760335,  0.21959625, -1.29817724,  0.5305407 ,
        0.0860875 , -0.02660752,  1.79191267,  0.14530779, -0.03482287,
       -0.13028449,  1.43636215,  1.29206324, -1.877671  ,  0.96675754,
        1.66470492, -1.39672744, -0.29919612,  1.45026219,  0.13585189,
        0.03677695, -1.57427311,  1.1820966 ,  2.26905727,  0.84566551,
       -1.15535402,  0.34606439, -0.48844817, -1.16378641,  1.77587116,
       -1.87021339, -0.09039057,  1.29673696, -0.44029379,  1.9313643 ,
        0.30384964, -0.62506169, -0.39819735, -0.11709265,  0.29867768,
        0.07496874, -0.91776794, -0.0068536 , -0.73495829, -1.40637672,
       -1.26285768,  0.29898196,  0.5091598 ,  0.66068351, -0.10217706,
       -0.11924244, -0.52033842, -1.67446673,  0.20771627, -0.4591631 ], dtype=float32), array([-0.98663276,  0.00778291, -0.36241817,  1.39253259,  1.41966414,
        1.23562491,  0.33085459, -0.61101574, -0.75571227, -0.09844516,
        0.23933901,  1.02080464, -0.33040863, -0.31923869, -0.13355923,
       -0.5872311 ,  0.47792727,  0.67531401,  0.10518346, -0.21265911,
        0.2610988 , -0.08080105,  0.93728065,  1.42997026,  0.86782801,
        0.58220679,  0.73642695,  0.50732744, -0.45549077, -1.00295496,
        0.9749611 , -0.4465397 ,  0.28250325,  0.08437012,  0.22243375,
        0.02179882, -0.81119847,  0.59411591,  0.15313309,  0.3660315 ,
        0.87753445,  0.45284894,  0.36757982,  0.21173948, -0.70830357,
       -0.71631324, -0.05011643,  0.01170023, -0.44852886,  0.14970922,
        0.47779748, -0.08484398,  1.22494781,  0.0468094 , -0.22982457,
       -0.34400922,  0.09889694,  1.14946938, -1.75334477,  0.819287  ,
        1.08723879, -0.94264126, -0.12215801,  0.05953103,  0.51913846,
       -0.22311798, -1.12442482,  0.58296567,  0.9671067 ,  0.73217821,
       -0.54897165,  0.41388303, -0.18961017, -0.55957645,  0.12313524,
       -1.77989388, -0.07877746,  0.36296076, -0.41340551,  1.18773699,
       -0.18305767, -0.51989299, -0.35446295,  0.67460638,  0.33791927,
       -0.36379284,  0.12627286, -0.14018637, -0.26620024, -1.41120625,
       -0.51302487,  0.32069534,  0.14802742,  0.75536656,  0.34528553,
        0.15778628,  0.09716041, -1.15620887, -0.41315469,  0.05700092], dtype=float32), array([-3.92325592,  1.47320759, -0.21521348,  3.53659797,  0.70403075,
        0.60699028, -0.4105826 , -3.87273574, -3.64799619, -0.46679258,
        2.3062098 ,  2.56616426, -0.4564296 , -1.87104177,  0.25906074,
       -0.43879232,  0.41221187, -0.31600535, -0.22523111, -2.75934243,
       -0.19865361,  1.63576841,  1.04253542,  3.82197714,  2.36321497,
        0.03337041, -0.12088335,  2.31889153, -0.84205753, -2.33066034,
        2.43299913, -0.58541715, -1.34906077, -2.11787415, -0.92029804,
       -1.18053687, -2.30071807, -0.726556  ,  1.37258434, -0.00528488,
        2.32320714,  1.26832211, -0.2076402 ,  1.66687524, -2.605443  ,
       -1.65735459,  0.81071669,  0.76233542, -0.69696265,  0.21679118,
        1.41291451, -1.70868409,  1.75453699, -1.41793454, -1.15618134,
        1.37435615,  0.89606357,  3.71654987, -3.37924552,  2.65850329,
        1.28213525, -2.22168112, -1.52392054,  0.27766037,  0.72840542,
       -0.36238644, -3.17108917, -0.31991079,  4.18511009,  1.75812948,
       -2.39187622,  0.88045239, -2.2551446 , -1.72954094,  2.02211118,
       -3.97749138,  0.0252507 , -0.28939989, -0.84426475,  4.94195509,
        0.26909444, -1.73551631, -0.25820616,  0.04466699,  1.3123908 ,
        0.55227906, -1.14242518,  0.56293404, -1.69078159, -2.05632949,
       -1.52434158,  2.24760985,  0.56774068,  2.33226705, -0.96556342,
        0.94577205,  0.71847683, -0.93053055, -0.54152101,  0.72410095], dtype=float32), array([ -2.18311381e+00,   4.66767192e-01,  -3.95732939e-01,
         1.31686378e+00,   7.93533325e-02,   1.56169161e-01,
        -5.72805583e-01,  -2.27137065e+00,  -1.07738626e+00,
        -6.15825176e-01,   1.46755481e+00,   1.30640304e+00,
        -7.01409802e-02,  -1.37807894e+00,   8.09373036e-02,
        -1.10179156e-01,   3.04068685e-01,   1.19983792e+00,
         3.10372055e-01,  -1.27202630e+00,  -4.99768630e-02,
        -1.90282762e-01,   6.69259652e-02,   1.67003965e+00,
         1.43180037e+00,  -3.47534865e-01,   4.42938507e-02,
         1.23298573e+00,   3.09862196e-02,  -9.83877122e-01,
         1.22985911e+00,  -2.40716338e-01,  -4.58677709e-01,
        -1.08588922e+00,  -9.52081740e-01,  -1.01305091e+00,
        -1.35000241e+00,   2.01557204e-03,   1.02938402e+00,
        -5.26656926e-01,   3.50984365e-01,   9.94260907e-02,
         2.23753750e-02,   1.10102928e+00,  -1.43342412e+00,
        -9.34039176e-01,   8.47161174e-01,  -6.01101100e-01,
         1.41206279e-01,   2.21237361e-01,   1.07743454e+00,
        -3.77017558e-01,   9.60744560e-01,  -8.08460355e-01,
        -9.40625787e-01,   4.13816839e-01,   1.07506490e+00,
         1.63682806e+00,  -2.11932993e+00,   1.28397214e+00,
         8.55792046e-01,  -7.39635408e-01,  -1.18262315e+00,
         7.58722425e-01,   3.81406158e-01,   1.01544619e+00,
        -1.97206986e+00,  -2.73528397e-02,   1.77479661e+00,
         1.00861502e+00,  -1.58373964e+00,   3.98230761e-01,
        -1.27190673e+00,  -8.33308816e-01,   1.18537593e+00,
        -2.07559419e+00,  -7.98655093e-01,  -1.41676351e-01,
        -3.70497912e-01,   1.94123602e+00,   1.23255625e-01,
        -1.27459478e+00,  -8.37134123e-01,   3.81263137e-01,
         3.89073014e-01,   3.61808032e-01,  -1.00780606e+00,
         5.46035230e-01,  -7.59652138e-01,  -1.28187966e+00,
        -6.00344300e-01,   1.46740079e+00,  -2.36428693e-01,
         2.29610705e+00,  -8.02526951e-01,  -9.71191525e-02,
        -8.03178847e-02,  -9.35357571e-01,  -3.30929607e-01,
         3.89414549e-01], dtype=float32), array([-0.95061284,  0.48636436, -0.49549195,  1.80391455,  0.93390214,
        1.10167503, -0.86245918, -0.45863616, -0.64372176,  0.01205238,
        0.89858544,  0.97857857, -0.16054857, -0.56811869, -0.43444619,
       -0.79176629,  0.03878166,  0.48324043,  0.50406057, -0.36983868,
       -0.21085361,  0.36625648,  0.14605974,  1.84425461,  0.09304944,
       -0.31383282, -0.26521343,  0.91702068, -0.38740093, -1.376194  ,
        1.48943639, -0.40289235,  0.34753042, -0.36534399, -0.00713688,
        0.29169777, -0.80430698,  0.34614077,  0.03670047, -0.1771681 ,
        0.48630929,  0.43355972,  0.043291  ,  0.41163325, -1.07492447,
        0.07845521, -0.16379321, -0.1435999 ,  0.19169837,  0.29855883,
        1.07044756, -0.82461524,  1.08992529, -0.46067747, -0.18328418,
        0.25472856,  0.13963361,  1.49385953, -1.77649343,  1.40093958,
        0.98561352, -0.6517967 ,  0.18101376,  0.33912575,  1.03806233,
       -0.19232546, -1.44326603,  0.34558809,  1.70560658,  0.77199596,
       -0.7357229 ,  0.50029933, -1.15492702, -0.46187502,  0.62253767,
       -1.68640077, -0.29504764, -0.39277312, -0.47400638,  1.36219847,
       -0.35077694, -0.61710954, -0.08966193,  0.09122504,  0.13689741,
       -0.13793181, -0.68197882, -0.09852521, -0.3897295 , -1.1698271 ,
       -0.67912132,  0.38064939, -0.14939253,  0.83739793,  0.52158731,
       -0.04011223, -0.22984311, -0.7600044 ,  0.09494565,  0.25620461], dtype=float32), array([-1.52342367,  0.42323181,  0.4259901 ,  1.32457709,  0.22565669,
        0.23879039, -0.25295132, -1.44286942, -1.35049248,  0.72328937,
        0.75527209,  1.17222774,  0.34801656, -1.42553055,  0.40537971,
       -0.71030712,  0.72645813,  0.07737046,  1.29104257, -0.56875181,
       -1.00365555,  0.43375263,  0.59082556,  1.53388786,  0.79515922,
        0.02627174,  0.93561852,  1.30318499, -0.73250413, -0.41449806,
        1.11880362, -0.9263947 , -0.41315448, -0.46063533, -0.99153137,
       -1.33240855, -1.99230087,  0.89157045,  0.2452324 ,  0.04553563,
        1.63860083, -0.31558549,  0.86363566,  0.94097096, -0.87793481,
        0.15448935,  0.6588636 , -0.03542109, -0.37029028,  0.77284104,
        0.32460713, -0.16643012,  1.92963946, -0.85327017, -0.12672895,
       -0.172427  ,  0.59920454,  1.41920209, -1.71923792,  1.74572766,
        0.70887917, -1.35009301, -1.00855327,  0.07512432,  0.56921208,
        0.20553216, -1.34791696,  0.46857646,  1.25910902,  0.51035869,
       -0.17767948,  0.20089909,  0.31570593,  0.54713142,  1.1844995 ,
       -0.97055703,  0.77864915, -0.05070068, -0.93438298,  1.60560381,
       -0.14044347, -1.11445391, -0.11790328, -0.53675508, -0.38811159,
        0.29031169, -0.8303383 ,  0.33657813, -0.39852232, -1.0041579 ,
       -0.34066668,  0.62533391, -0.83738095,  1.38572621, -0.44691318,
       -0.15650308, -0.10721425, -0.91966856, -0.06378707, -0.22704232], dtype=float32), array([ -2.12382913e+00,   6.16624832e-01,   3.37691665e-01,
         2.41567039e+00,   5.05771995e-01,   1.29507625e+00,
        -1.97904646e-01,  -1.34970224e+00,  -7.35699058e-01,
         1.33604854e-01,   1.61959207e+00,   6.34301722e-01,
         4.37693745e-02,  -1.34725988e+00,   1.41651586e-01,
        -1.81919169e-02,   6.84691608e-01,   2.51492202e-01,
         2.12417275e-01,  -1.38837230e+00,   2.87469208e-01,
         4.24366504e-01,   5.41646600e-01,   2.87135887e+00,
         7.22485006e-01,   4.61496115e-01,   1.14632273e+00,
         9.20004368e-01,   3.64519119e-01,  -4.34163511e-01,
         1.52856886e+00,  -3.74261469e-01,  -1.87659651e-01,
        -8.29216301e-01,  -1.86910331e-02,   1.23437867e-03,
        -1.60489094e+00,   1.75913483e-01,   6.72325492e-01,
         1.42028987e-01,   1.49174118e+00,   3.01951528e-01,
         5.94845176e-01,   8.16010118e-01,  -1.38087535e+00,
        -2.97814637e-01,   5.14911890e-01,   1.28556919e+00,
         3.62210155e-01,   3.60991597e-01,   1.32558489e+00,
        -1.07126641e+00,   1.84706306e+00,  -3.01246792e-01,
         2.45680064e-02,   9.76701230e-02,   7.69333720e-01,
         2.05022979e+00,  -2.23065948e+00,   1.06473446e+00,
         1.94198692e+00,  -1.75041676e+00,  -9.38130021e-01,
         3.39606792e-01,  -3.04278508e-02,   7.91670740e-01,
        -1.29692197e+00,   2.76527852e-01,   2.82977915e+00,
         4.18388844e-01,  -8.11760306e-01,   1.26056969e+00,
        -4.28289890e-01,  -5.51671505e-01,   1.63134158e+00,
        -2.82428956e+00,  -6.61856532e-01,   1.41658390e+00,
        -3.76961112e-01,   2.60001326e+00,  -1.26353353e-02,
        -1.59944510e+00,  -4.64495808e-01,  -3.01521063e-01,
         9.64313805e-01,  -8.53010416e-02,  -1.65725255e+00,
         2.15319797e-01,  -8.55998576e-01,  -2.04829311e+00,
        -6.17559731e-01,   1.33584654e+00,  -1.83422536e-01,
         1.34921885e+00,  -5.83785832e-01,  -4.02105570e-01,
        -5.28266966e-01,  -9.27649736e-01,   3.49160731e-01,
        -1.38715684e-01], dtype=float32), array([-3.37639689,  0.54216033,  0.38298568,  2.88130403,  1.29002416,
        2.73192596, -0.35751441, -1.89893246, -1.7377665 , -0.43869776,
        1.86291718,  2.18024087, -0.71624023, -1.7310133 , -0.63281113,
       -1.16087067, -0.29709607,  0.11291593,  0.34727982, -0.1558028 ,
        0.73297769,  1.87114179, -0.02966231,  3.31941104,  1.35153961,
        0.49926609,  1.16116965,  2.17943692,  0.91217703, -1.52920532,
        1.98625445,  0.17693432, -0.23352459, -0.01266683, -1.56991744,
        2.19143963, -3.83414745,  0.44494554,  0.63570023,  0.14773928,
        1.83125734,  0.21340458, -0.33625555,  0.12546158, -2.29897761,
       -1.19897783, -0.31034571,  1.85480356, -1.43623924,  0.07081714,
       -0.04481544, -0.61538231,  1.66898632, -1.12099719,  0.83991665,
       -1.39221323,  1.72229004,  1.44340646, -2.35796547,  1.15003467,
        1.72608519, -2.03489327,  0.27529529, -0.08636421,  1.16091168,
       -0.40836614,  0.01313144,  0.39834982,  3.4607513 ,  1.80246866,
       -1.84364021,  0.41963267, -1.16580892, -1.51194489,  0.54323804,
       -3.40063643, -0.31340668,  0.88751256, -0.52533227,  2.43574929,
        0.85587865, -0.84309578,  0.03749973,  0.1535722 ,  0.68722332,
       -0.78816301, -0.21803968, -0.12453667, -1.84238577, -1.75055599,
       -1.93559945,  0.82175469,  0.57902831,  0.34725168, -0.38598278,
        0.44940022, -0.82333636, -2.42236209, -0.28674307, -0.72086412], dtype=float32), array([-1.67091787,  0.28580666, -0.11177646,  2.2027297 ,  0.89865786,
        0.89986682, -0.97237545, -0.30125636, -1.22451556, -0.10903155,
        1.64489281,  0.47835022,  0.54957223, -0.63035357, -0.79512775,
       -0.6229533 , -0.17225899, -0.53936768,  0.93235439, -1.28595448,
       -0.69869256,  0.9998607 ,  0.29057512,  2.30681753, -0.10708867,
       -0.57073504, -0.54068893,  0.60047102, -1.11154127, -0.553451  ,
        0.71296012, -0.65528816,  0.1130981 , -0.95753968, -0.42741439,
        0.26166987, -1.16979325,  0.19558282,  0.30286089, -0.32602316,
        0.33005518, -0.05656799, -0.34382993,  0.71917343, -0.29650077,
        0.09479277,  0.43291888,  0.2067972 , -0.11338525,  0.48229676,
        1.31130528, -0.85510534,  1.12665105, -1.01137912, -0.91103172,
        0.14079735,  1.00364542,  1.28950429, -2.07175517,  1.53851819,
        0.77882946, -1.72200489,  0.2381801 ,  0.8608253 ,  0.52441019,
       -0.38306388, -1.61091864, -0.16709127,  2.23048329,  0.87444592,
       -0.81488979, -0.23240785, -2.13225293, -0.14975907,  0.99069631,
       -2.35311937,  0.03167847, -0.64586449, -0.02703147,  1.91802609,
       -0.15289596, -1.09935248, -0.20302898, -0.60857791,  0.9480868 ,
       -0.6078251 , -1.29146588, -0.15059784, -1.13008535, -1.85302532,
       -0.81025082,  1.46036017, -0.32549664,  1.07944429, -0.15454975,
        0.2479005 ,  0.6394304 , -0.64137018,  0.19785655,  0.30314371], dtype=float32), array([-0.98704708,  0.43455327, -0.06661855,  1.32470453,  0.55238295,
        1.30074465, -0.57441729, -0.57286078, -0.94801378, -0.34580514,
        0.29315674,  1.09931445,  0.47417602, -0.83414322, -0.47295162,
       -0.24987634,  0.24499862,  0.46362287, -0.2575416 , -0.09853636,
        0.47449425,  0.92133564,  0.06121134,  1.18231845,  0.48447132,
        0.29123133,  0.95467055,  0.75328648, -0.4519091 , -1.13009429,
        0.36927849, -0.35571975, -0.66924787,  0.25558046, -0.12029891,
        0.17002103, -0.96185786,  0.22193655,  0.45232457,  0.45758983,
        0.23003121, -0.44467196,  0.23809993,  0.39957327, -1.14432812,
       -0.4234302 ,  0.06642071,  0.21947271, -1.01640415,  0.62579006,
        0.07108311,  0.06999174,  1.23360872, -0.11590569,  0.24657665,
       -0.30295831,  0.84924328,  0.54809076, -0.58094728,  0.24705194,
        1.35150683, -1.03252232,  0.05050605,  0.56990433, -0.00140186,
        0.07704924, -0.33964983,  0.7191084 ,  0.97556466,  0.70852602,
       -0.51302302,  0.16844529,  0.01913813, -0.82937241,  0.57153893,
       -1.25852013, -0.314401  ,  0.47910538,  0.26611191,  1.1209358 ,
        0.09905212, -0.2998226 ,  0.0277352 , -0.06042061,  0.26257184,
       -0.05093336, -0.61725885, -0.31605157,  0.07330257, -0.86870217,
       -1.08149433, -0.00478352,  0.42749959,  0.26410091,  0.2400344 ,
       -0.20585546, -0.29682755, -1.19801104,  0.21708773, -0.09105688], dtype=float32), array([-1.62752068,  0.43891534, -0.15215826,  0.85247231, -0.16262186,
        0.78255808, -0.32989058, -1.31793368, -1.1609807 , -0.56176406,
        0.67948121,  1.12661588,  0.04987419, -1.09104347, -0.19234742,
       -0.84221584,  0.58194572,  0.72883075,  0.29890159, -0.5811975 ,
       -0.01966408,  0.31931734,  0.0109482 ,  1.44746065,  1.62720478,
        0.20990163, -0.43024462,  1.00553012, -0.45178318, -1.35198617,
        1.15754497,  0.45729825, -0.41707832, -1.32657766, -0.42389548,
       -0.33186159, -0.86000574,  0.69567597,  0.64121699, -0.09341867,
       -0.29457957,  0.24822763, -0.04478349,  0.95845455, -0.50782239,
       -0.34509104, -0.9509415 , -0.52365708, -0.37407172,  0.73821038,
        1.31124187, -0.88196433,  1.86299837,  0.27846679, -0.37480426,
        0.30502403, -0.21514976,  1.21965981, -1.10067868,  0.75359464,
        1.14406085, -0.55834866, -0.95096338,  0.84237075,  1.36590481,
        0.34953791, -2.01451921, -0.1066599 ,  1.05034935,  1.29075885,
       -1.14248657, -0.21106997, -1.65647542, -0.56547236,  0.75710201,
       -1.66176641, -0.4129391 ,  0.56659842, -0.68960857,  0.23500693,
       -0.26082569, -0.51287031, -0.73215324,  0.66972399, -0.04532628,
       -0.12451439, -1.0046705 ,  0.28990746, -1.06540787, -0.67165101,
       -1.5429157 ,  0.6836139 , -0.19147114,  1.96868062,  0.09033167,
       -0.07851419, -0.03937373, -0.77000391, -0.19462702,  0.23240103], dtype=float32), array([-1.69632185,  0.2343601 ,  0.76933837,  1.18090343,  0.36823469,
        1.3544054 , -0.59124488, -1.11099005, -1.12351239, -0.33757603,
        2.15210366,  1.19081616,  0.08104968, -1.18429077, -0.68431747,
        0.20861974, -0.31245384, -0.73510343,  0.26078355, -0.87014222,
       -0.74268973,  1.75993097,  0.20839097,  2.54398346,  0.41269395,
        0.01120692, -0.18161915,  1.41626048,  0.26634824, -0.09313905,
        1.78675449,  0.31895682, -0.20395026, -0.72423196, -0.86959779,
        0.62740242, -1.19542551, -0.47496876,  0.85309464, -0.88099629,
        1.46466875, -0.59118485, -0.23789784,  0.47492862, -1.43178189,
        0.21227244,  0.78025544,  1.87904429,  0.04697602,  0.55415094,
        0.92741942, -1.35509503,  0.91139722, -1.24678004, -0.07787561,
       -0.05376044,  0.57091099,  1.91492736, -2.18665099,  0.49867764,
        0.51800549, -0.61664516, -0.75441551,  0.41538331,  0.22706415,
        0.01039471, -1.38826251, -0.64465779,  2.23866034, -0.01068639,
       -0.834539  ,  0.65311289, -0.94404107, -1.04394698,  0.8089385 ,
       -2.58691835, -0.2779566 ,  0.20365909, -0.01579441,  2.33798432,
        0.16395165, -1.26434088,  0.56584227, -0.26474565,  0.41885611,
        0.89166051, -0.55181795,  0.07509411, -1.4913466 , -1.75556731,
       -0.60928488,  1.5806452 , -0.86136621,  0.45177725, -0.43135479,
        0.49807966, -0.36403462, -0.58702546, -0.5567596 , -0.10401811], dtype=float32), array([-1.39770544,  0.15402603,  0.07695542,  1.55771625,  0.87203473,
        1.17749214, -0.92281955, -1.02923274, -0.75193739, -0.14271729,
        0.51647335,  1.27699089,  0.35390666, -1.01030278, -0.5368039 ,
       -0.91148984,  0.56411135,  0.68623149,  0.04001356,  0.18687811,
        0.24084587,  1.06532073,  0.36413166,  1.41472077,  0.84565067,
        0.54086959,  0.73431706,  0.86254328, -0.48207575, -1.14859343,
        0.80489463, -0.37897438, -0.8462351 , -0.03561223, -0.53796476,
       -0.29204881, -0.84669805,  0.76249015,  0.19576767,  0.39166605,
        0.18343113, -0.14501777,  0.63940656,  0.83479232, -1.18931305,
       -0.42394921, -0.07780217, -0.06989419, -1.46637881,  1.06622505,
        0.24544644, -0.02030942,  1.73314047,  0.06814835, -0.01717754,
       -0.47095156,  0.84560996,  0.41013581, -1.22950184,  0.6884616 ,
        1.36365485, -0.95716172, -0.29457438,  1.36002862, -0.27413285,
        0.04696045, -0.75188917,  0.53321034,  1.35023737,  1.02357948,
       -0.89754033, -0.07457671, -0.601129  , -0.52722156,  1.02615547,
       -1.47135162, -0.28022549,  0.60831118, -0.09349133,  1.22860157,
        0.08372889, -0.99695766, -0.07840866,  0.09806216,  0.38267848,
       -0.78109097, -0.52205694, -0.24964952, -0.3745096 , -1.08183455,
       -1.21895409,  0.14644711,  0.14749683,  0.43520468,  0.37845045,
       -0.4556253 , -0.54380137, -1.58820796, -0.33924153, -0.56060529], dtype=float32), array([ -2.07200813e+00,   8.73900115e-01,  -4.49406952e-02,
         2.15469909e+00,   8.16211700e-01,   2.13238406e+00,
        -5.78098178e-01,  -1.70480096e+00,  -1.72451949e+00,
        -3.83781791e-02,   1.12356412e+00,   2.41742110e+00,
         4.96975631e-01,  -7.36685157e-01,  -6.80448592e-01,
        -2.00641528e-01,   2.65364230e-01,  -1.22067928e-01,
         6.32620752e-02,  -7.43351102e-01,   7.59370089e-01,
         1.54324460e+00,  -1.14682749e-01,   2.69738269e+00,
         7.41296470e-01,  -2.69398928e-01,   5.89825273e-01,
         1.74970889e+00,  -8.08451056e-01,  -2.04460454e+00,
         9.70474720e-01,  -8.01961362e-01,  -6.76972151e-01,
        -9.76951659e-01,  -1.42336226e+00,   1.49066836e-01,
        -1.34787941e+00,   1.17610991e-01,   7.33332634e-01,
         3.31902504e-02,   1.60001445e+00,  -3.02973613e-02,
        -8.62126768e-01,   1.06849563e+00,  -2.03855801e+00,
        -3.42318118e-01,   3.32829058e-01,   9.17789280e-01,
        -1.36445022e+00,   1.32769227e+00,   1.05120087e+00,
        -1.15910959e+00,   1.94522536e+00,  -9.17619944e-01,
         5.96949697e-01,  -4.47381794e-01,   9.15030360e-01,
         1.69837391e+00,  -1.69575393e+00,   9.94899690e-01,
         1.49969935e+00,  -9.01315808e-01,  -4.42400098e-01,
         3.37929308e-01,   6.07825577e-01,   7.80502111e-02,
        -1.76008499e+00,   3.77938509e-01,   2.47064614e+00,
         1.19478571e+00,  -1.30092561e+00,  -9.50198695e-02,
        -1.10973012e+00,  -2.13695431e+00,   1.00248718e+00,
        -3.57146692e+00,  -2.42141753e-01,  -7.06676915e-02,
        -1.32727310e-01,   2.46212196e+00,  -5.85756540e-01,
        -1.01873064e+00,   3.51874158e-03,  -2.58962035e-01,
         9.16791856e-01,   4.78429422e-02,  -8.67444277e-01,
        -5.11234343e-01,  -9.35227990e-01,  -1.75051486e+00,
        -1.15704298e+00,   1.48194730e+00,   3.57638091e-01,
         1.56805372e+00,   3.64851594e-01,  -4.73954201e-01,
        -3.98046374e-01,  -1.60652936e+00,   2.94130683e-01,
        -2.38966644e-01], dtype=float32), array([-1.7111932 , -0.26244012,  0.19559419,  3.36804962,  0.40606347,
        1.23789239,  0.37630484, -1.86396492, -0.29111549, -0.74068367,
       -0.29372111,  1.1193924 ,  0.85103846, -1.44743884,  0.44184378,
       -0.68488759,  1.79452634,  1.44434988,  2.04820824, -0.81840122,
        0.41015333,  1.13470352,  0.25829554,  2.8591764 ,  1.22682285,
        0.05208961,  1.66681683,  1.77238095, -1.17849219, -0.53486454,
        1.4197228 ,  0.01483374,  1.03806424, -1.08392692, -0.49537426,
       -0.89265239, -2.20608449,  0.3200134 , -0.44115931, -0.33872414,
        0.60262161,  0.17620572, -1.52607846,  1.89832401, -2.91384888,
       -0.52914375,  0.5616256 , -0.2725727 , -0.89592701,  1.27863085,
        0.86635077, -1.6034404 ,  2.34203458, -1.88705075,  1.09149671,
       -0.69915962,  0.29717526,  2.36902022, -0.36927214,  1.86800146,
        1.75721574, -1.28089643, -1.49917579, -0.55774355,  3.74234319,
       -1.39745545, -2.38209224, -0.87699836,  4.13313103,  0.42769614,
       -1.88168585,  0.35894272,  0.33981019, -1.30968571,  1.11615813,
       -2.40472388, -0.03750257,  0.75868201, -1.74829376,  2.36257792,
       -0.98344588, -1.90786529,  0.6270802 , -0.67152458, -0.21392761,
       -0.31002882, -1.50144088,  0.84162372, -1.67577362, -3.56443071,
       -0.87091249,  1.25912738, -0.9027651 ,  3.07077384,  0.31870818,
       -0.21548873, -0.77173299, -0.70162797,  0.99345988,  0.09617002], dtype=float32), array([-2.58561707,  0.28329641,  0.05819403,  1.61404181,  0.89720422,
        1.4515785 ,  0.2739712 , -1.61475658, -1.22287703, -0.10811301,
        1.37954855,  1.36721766, -1.35482562, -0.7969197 , -0.21111223,
       -0.8248167 , -0.66418755, -0.16031948,  0.76190758, -0.40541777,
        0.15802234,  0.57701397, -0.00862658,  2.26533556,  1.27805805,
        0.50333583,  0.11670041,  1.33740175,  1.27141511, -0.6097548 ,
        1.97577381,  0.32952303,  0.11264078, -0.32700861, -1.43407679,
        1.93378532, -2.94568276,  0.16628303,  0.48865733, -0.12343088,
        1.93382502,  0.55947256, -0.30007702,  0.01380349, -1.3299911 ,
       -0.80622435, -0.42148873,  1.27722311, -0.47041321, -0.62732422,
       -0.24089754, -0.39999652,  0.28880528, -0.91592556,  0.44623858,
       -1.03286588,  0.89287823,  1.38790441, -2.26355362,  1.21604025,
        0.43995303, -1.27570057,  0.25093988, -0.49177033,  0.82599491,
       -0.22092417,  0.08045446,  0.17606032,  2.60151458,  1.28648543,
       -1.31961405,  0.35161728, -1.53223777, -0.74822962, -0.15893739,
       -2.40038085, -0.0994194 ,  0.47265697, -0.83267641,  1.61902595,
        0.68599254, -0.72438383, -0.02617918,  0.14048161,  0.61232698,
       -0.73111391,  0.42746407,  0.2189413 , -1.49009395, -0.76531655,
       -1.00440669,  0.88225651,  0.09370821,  0.21811584, -0.74516308,
        0.78489882, -0.16487707, -1.61660731, -0.81073219, -0.58954275], dtype=float32), None]
