[array([-0.05343139, -0.68837738, -0.93641639,  1.43796599, -0.15543906,
       -1.30845034,  0.93056542, -0.15947004,  0.54652041, -2.56485367,
       -2.15175962, -1.2644248 , -0.32996944, -0.2803309 ,  1.62483346,
       -1.44096863,  0.45157099, -0.27490976, -1.28500855,  3.52626801,
        0.37537542,  0.09106975, -1.10415697,  0.5999518 ,  0.02923332,
        2.88020515, -0.39142016, -1.31263602, -0.8058728 , -1.34850824,
        2.55647302,  1.14799893, -2.88473105,  1.10415459,  2.31003404,
       -1.02027035,  1.0048089 , -3.68522906, -0.61884314,  1.82946682,
       -0.22003986,  1.8978647 , -0.34470698,  0.95234716,  0.64449495,
        1.61064184, -2.55528212,  1.83138597, -3.27888417, -0.26479256,
       -1.15225899,  0.51835954,  1.52399921,  0.12349223, -0.63970554,
        0.41248646,  0.79627621,  1.20182419,  1.10156691, -1.23286128,
        0.29595786,  2.29708815,  2.18000579,  0.11771129, -0.87400514,
        0.45470148,  0.17872179,  1.66825759, -1.08567321,  0.5618946 ,
        1.22313869, -0.25262552,  1.01457763,  1.31210387, -1.41683984,
        2.35502529,  1.24076545,  0.24654919,  0.20394573,  3.9940002 ,
       -1.87426615, -0.4991025 , -0.7959314 , -0.33227065, -1.03946197,
        0.45834529, -1.22196114, -2.53687692,  1.06435502,  0.89020252,
       -0.67846674, -2.37422872,  0.94097674, -1.53301179, -0.03811495,
       -0.48494971,  0.2246768 ,  2.22207117,  1.49899971,  1.28430319], dtype=float32), array([ 0.10662419,  0.08150748, -1.11409032,  0.08906478,  0.14654014,
        0.05816299,  0.20783339, -1.00028348,  0.68616092, -0.72974831,
       -0.05777136, -0.97465181,  0.46322253, -0.45804694, -0.38735318,
       -0.26141161,  0.04285719,  0.09185563, -0.75473183,  0.76320088,
       -0.82822698,  0.4118219 , -0.13051629, -0.03951116, -0.58098191,
        0.86382979,  0.07402584, -0.2775363 ,  0.11383076,  0.25619864,
        0.56479585, -0.19271027, -0.45492804,  0.91522658,  0.68002468,
       -0.63834858,  0.13121337, -1.38215125, -0.33335692, -0.02677393,
       -0.11992641,  0.69644564,  0.58763856,  0.14245729,  0.14197776,
        0.35882792, -0.79387116,  0.8488189 , -0.16722801,  0.12937729,
       -0.1252362 ,  0.71337962,  0.3693662 , -0.14722729, -0.07703061,
        0.2005956 ,  0.45872253,  0.54589355,  0.29004288, -1.07582104,
        0.11037914,  0.90669531,  0.39417174,  0.22739749, -0.2604295 ,
       -0.30970082,  0.45574927, -0.33938038, -0.05265121, -0.49646667,
        0.5432834 ,  0.131713  , -0.40485555,  0.14106515, -0.40233245,
        0.62631094,  0.38685805,  0.2195625 ,  0.28131664,  0.81630182,
       -0.51328862, -0.39566469, -0.30564243, -0.31256449, -0.38410464,
        0.35444826, -0.08328182, -0.6609807 ,  0.65064663,  0.20357263,
       -0.60473853, -1.02223063,  0.38862926, -0.41186428, -0.11745006,
       -0.26841456, -0.07270581,  0.70112216,  0.77305853,  1.28826034], dtype=float32), array([  5.10965288e-02,   1.59828722e-01,  -5.91349840e-01,
        -1.50483444e-01,  -8.34245503e-01,  -8.52866828e-01,
        -1.90862566e-01,  -1.67132169e-02,  -2.07890570e-03,
        -1.99866223e+00,  -9.27634180e-01,  -1.49947417e+00,
         4.23320949e-01,  -9.81333017e-01,   8.11947957e-02,
        -4.85421240e-01,  -6.50576711e-01,   5.27885139e-01,
         2.95037568e-01,   2.34262061e+00,  -7.99448490e-01,
         3.62630248e-01,  -2.89238900e-01,  -8.17488611e-01,
        -1.14646912e+00,   1.06644189e+00,   3.19870114e-01,
        -7.89363086e-01,  -1.11628580e+00,  -8.69279623e-01,
         1.45704305e+00,   1.10902250e+00,  -1.30813468e+00,
        -8.80619213e-02,   2.02988219e+00,  -9.77241457e-01,
         1.38961792e+00,  -1.39260280e+00,  -2.59964764e-01,
         5.58413327e-01,   4.27981377e-01,   3.73065174e-01,
         1.14832915e-01,  -8.15803647e-01,   1.91579700e-01,
        -7.29040354e-02,  -1.32828009e+00,   7.06231236e-01,
        -1.74500799e+00,  -4.43405807e-01,  -9.35205340e-01,
         1.04751557e-01,   1.00370991e+00,  -9.86301005e-01,
        -7.11193264e-01,   1.26345098e+00,   7.66995192e-01,
         1.84019625e-01,   1.18062985e+00,  -1.95830405e-01,
        -4.56283569e-01,   1.06280804e+00,   9.30427194e-01,
         1.35330275e-01,  -3.54767770e-01,   5.28222203e-01,
        -2.17540860e-01,  -1.58414632e-01,   1.01338334e-01,
         7.68567562e-01,   8.56047451e-01,   1.20591021e+00,
         9.24031734e-01,   6.07899845e-01,  -6.59368396e-01,
         1.30626154e+00,   1.29168546e+00,  -3.08111340e-01,
         1.38571918e+00,   2.07093215e+00,  -1.12097812e+00,
        -1.02191806e+00,  -1.15579402e+00,  -5.87797999e-01,
        -6.30719543e-01,   5.56218505e-01,  -1.40616381e+00,
        -2.21781731e+00,   1.01753795e+00,   9.80650425e-01,
        -1.17371058e+00,  -1.70846879e+00,  -5.54379821e-01,
        -5.21779835e-01,  -5.93894422e-01,  -7.47302592e-01,
        -4.44464058e-01,   1.49387419e+00,   4.68400061e-01,
         1.20486903e+00], dtype=float32), array([ 0.56750327, -0.03473531, -1.00919795,  0.59089822, -1.18654633,
       -0.5556342 ,  0.11375304, -0.53966498,  1.12250495, -1.22986126,
       -0.99976599, -1.72812259,  0.52298474, -0.86499411,  0.8144471 ,
       -1.19351971,  0.00925248,  0.5989933 , -0.44254079,  2.71904182,
       -1.00575113,  0.18858323, -0.16601354, -0.36669394, -1.07347465,
        1.66842067, -0.25046843, -0.31320262, -0.64402199, -0.39333481,
        1.88058853,  0.64956689, -0.97551715,  0.2298923 ,  2.37814021,
       -0.89518762,  0.62163138, -1.54940319, -0.43858117,  1.4176513 ,
        0.21845594,  0.35554898, -0.30784011,  0.36312994,  0.71927285,
        0.65404975, -1.55038416,  0.91102457, -1.49111497,  0.10333066,
       -0.79981893,  0.50547391,  2.28210855, -0.48949414, -0.22627759,
        1.17532635,  1.20087588,  0.4015148 ,  0.74464417, -1.75768399,
        0.5807299 ,  1.54115486,  2.03571558, -0.11317717,  0.08890998,
        0.89491022,  0.4254159 , -0.48982099, -0.37235427,  0.43748078,
        1.10100222,  0.5951739 ,  0.40159917,  1.13159275, -0.78745705,
        1.95555222,  0.96743232, -0.65257955,  0.6884166 ,  2.61958003,
       -1.41009653, -0.58643168, -0.84430146, -1.04885936, -1.30544364,
        0.77156478, -1.05819237, -1.91710413,  0.21714151,  1.15702343,
       -1.40209544, -1.43255997,  0.45266068, -1.28047848, -0.51339412,
       -0.2912395 , -0.04843485,  1.2493788 ,  0.4709442 ,  0.83527893], dtype=float32), array([  4.25527215e-01,  -7.07722306e-01,  -7.48403370e-02,
        -2.61925280e-01,  -5.71434319e-01,  -2.21730590e+00,
        -1.29218027e-03,  -9.20170367e-01,   4.95340556e-01,
        -1.73880768e+00,  -1.05913246e+00,  -1.66626954e+00,
         1.95198953e-02,  -8.17961991e-01,   4.42450494e-01,
        -3.81880105e-02,   9.54154491e-01,   3.79932523e-01,
        -2.41229624e-01,   3.03864360e+00,  -5.06717600e-02,
         3.76739264e-01,  -6.31351650e-01,   1.79003645e-03,
        -1.56831050e+00,   1.65603256e+00,   7.51324296e-01,
        -1.50877905e+00,  -4.37474400e-01,  -2.48649493e-01,
         2.38576102e+00,   1.76399744e+00,  -1.21079612e+00,
        -2.81682670e-01,   1.95961583e+00,  -6.04270160e-01,
         1.08076262e+00,  -1.79313397e+00,  -8.54348004e-01,
         5.14723778e-01,  -3.83170187e-01,   6.44804895e-01,
        -2.91468948e-01,  -8.17006350e-01,  -2.98641950e-01,
         2.55498350e-01,  -1.33175468e+00,   1.20878828e+00,
        -1.74931455e+00,  -9.81879234e-01,  -1.29271388e+00,
        -3.66470039e-01,   9.28229511e-01,   1.95730329e-02,
        -1.97224803e-02,   4.67960238e-01,   1.03195262e+00,
         5.91883004e-01,   5.81896901e-01,  -8.12333584e-01,
         1.87259406e-01,   2.28107715e+00,   1.35893750e+00,
         4.47624624e-01,  -1.95546761e-01,   6.83703661e-01,
        -1.21128321e-01,   2.74933308e-01,  -3.51171374e-01,
         1.24341715e-02,   2.86320806e-01,   1.82043254e+00,
         6.04323387e-01,   1.73625678e-01,  -4.26250219e-01,
         1.79811943e+00,   1.48450983e+00,  -1.58853912e+00,
         4.53106701e-01,   2.98362589e+00,  -5.04388332e-01,
        -2.17670631e+00,  -8.09802353e-01,  -9.98155832e-01,
        -1.61712253e+00,   2.47384802e-01,  -1.24486232e+00,
        -1.66673100e+00,   8.73640954e-01,   1.16257131e+00,
        -1.02755070e+00,  -1.97631526e+00,   5.45770347e-01,
        -5.46414793e-01,  -1.94564664e+00,  -5.08838415e-01,
        -4.46353436e-01,   1.33495986e+00,   7.36350298e-01,
         6.92955077e-01], dtype=float32), array([  1.66208670e-01,  -4.96387839e-01,  -1.61697340e+00,
         7.01199293e-01,  -7.30988234e-02,  -1.12651777e+00,
         5.92554361e-02,  -1.13088512e+00,   1.38177311e+00,
        -1.78203523e+00,  -1.00541139e+00,  -2.36770439e+00,
         1.18522990e+00,  -2.00508714e+00,   4.63716418e-01,
        -5.72276592e-01,  -3.54510874e-01,   9.24986005e-01,
        -1.44586456e+00,   3.67726254e+00,  -1.46719301e+00,
         6.62046015e-01,  -8.69022965e-01,  -6.34650409e-01,
        -5.07938921e-01,   1.60727477e+00,   5.92302740e-01,
        -5.82771480e-01,  -6.91062987e-01,  -2.00618431e-02,
         2.23807955e+00,  -1.43556297e-03,  -1.41479564e+00,
         3.12680125e-01,   3.24035931e+00,  -1.90758908e+00,
         1.89368486e+00,  -3.05720544e+00,  -7.86109746e-01,
         8.01285207e-01,  -1.12086907e-01,   1.61767459e+00,
        -3.39801252e-01,   8.71344030e-01,   6.60140961e-02,
         1.14185524e+00,  -2.39941859e+00,   1.83456612e+00,
        -1.85587120e+00,  -8.06516767e-01,  -1.33721304e+00,
         1.11286187e+00,   1.91028476e+00,  -6.71633482e-01,
        -1.71057403e-01,   5.88771641e-01,   7.54273772e-01,
         2.01411796e+00,   1.91174448e-01,  -2.05832291e+00,
         3.78963560e-01,   1.76136315e+00,   1.79412305e+00,
         6.89789176e-01,  -8.94080877e-01,  -2.34293714e-02,
         8.56380761e-01,   1.94752887e-01,   8.53433758e-02,
         3.62443000e-01,   1.14610398e+00,   7.31399238e-01,
         1.44701624e+00,   1.00646496e+00,  -4.52043295e-01,
         2.50776339e+00,   1.69768858e+00,  -2.22438291e-01,
         1.37208593e+00,   3.11887503e+00,  -2.34726286e+00,
        -1.43362075e-01,  -1.90002215e+00,  -1.07803190e+00,
        -1.12883985e+00,   8.44153523e-01,  -8.66132259e-01,
        -1.90514064e+00,   2.67328548e+00,   2.68671691e-01,
        -1.44552445e+00,  -2.63317442e+00,   1.98733643e-01,
        -6.81435943e-01,  -3.77043664e-01,  -3.56310040e-01,
         2.18475372e-01,   2.40151811e+00,   1.17471755e+00,
         3.03931856e+00], dtype=float32), array([ 0.50342953, -1.0490818 , -1.19846666, -0.59054136, -1.71390855,
       -1.42721653, -0.21834256, -1.32584977, -0.05087039, -0.79781711,
       -1.26284373, -0.67549372,  0.34094048, -0.91360807, -0.18087697,
       -0.27088931, -0.21406882,  0.62900925, -0.1700989 ,  1.70457959,
       -0.5966121 ,  0.64240551,  0.13434969,  0.45280218, -0.91065264,
        0.87158632,  1.02773833, -1.33170724, -0.58977973, -0.41305318,
        2.06842685,  0.56109858, -1.08320904, -0.16534318,  0.96946728,
       -0.62785661, -0.06810544, -0.79367101, -1.22706318, -0.50921905,
       -0.04695529,  0.23911379,  1.15412915, -0.77867371,  0.44160315,
        0.51563948,  0.0852048 , -0.21373174, -0.82278067,  0.51418054,
       -0.36101326,  0.00317578, -0.1516207 , -0.39530751, -0.28548732,
        0.03128098,  1.80105352, -1.01834095,  0.23513961, -0.07130483,
       -0.53255212,  1.11322939,  0.24477254, -0.7943036 ,  0.39090231,
        0.09827858, -0.29878291,  0.0540425 , -0.88094842, -0.59607303,
        0.54087543,  1.29022908, -0.49819848, -0.87418813, -0.68193674,
        1.13730478,  0.94641429, -1.11722434,  2.24564147,  2.00807619,
       -1.05038905, -1.48517621,  0.18096551, -0.14182065,  0.13815631,
        0.40994173, -0.64584309, -1.38497818,  1.4038794 ,  0.70941591,
       -0.33329937, -1.28972077,  0.67017764, -0.97536933,  0.88723391,
        0.20484707,  0.04787154,  1.32315576,  1.3221041 , -0.54220319], dtype=float32), array([ 0.50650775,  0.48014718, -1.49643338, -0.27944297, -1.31455684,
       -0.27898976, -0.05758534, -0.74457407,  0.37047899, -1.387411  ,
       -1.75061262, -2.33050156,  0.01325637, -0.37224576,  0.2330339 ,
       -0.08139722,  0.25255632,  0.0714309 , -0.18814002,  2.15476274,
       -0.21825382,  0.39236736, -1.10064554, -0.51966095, -1.39496922,
        2.24191475, -0.11107345, -0.17424543,  0.42939159, -0.69056839,
        1.34534407,  0.59090108, -0.15866187,  0.19606373,  1.70763004,
       -0.58833611,  0.15474229, -1.46956038, -0.18642931, -0.19221425,
        0.37327263,  0.45434469, -0.18669727,  0.40342557, -0.09463318,
       -0.29012218, -1.47586727,  0.29212022, -1.20896137, -0.17100078,
       -0.54632211,  1.16075075,  0.55215561, -0.94624686, -0.49838361,
       -0.45919785,  0.77966869,  0.03570438,  0.31549659, -0.65745622,
       -0.26722959,  1.34580576,  1.67378974,  0.39821607,  0.09600817,
       -0.5677098 ,  0.09541289,  0.3320123 ,  0.16449699, -0.24292806,
        0.4009257 ,  0.97012085,  0.5232535 ,  0.02350944, -0.2218    ,
        1.60114205,  0.40750232,  0.38274741, -0.0049451 ,  1.47650397,
       -0.37821347, -1.05374539, -0.80956596, -1.25462747, -0.60672665,
        0.43779883, -1.66023111, -0.88921553,  0.32988346, -0.07647593,
       -1.03357494, -1.78291225,  0.42173025, -1.01565337, -1.3779217 ,
       -0.59277701, -0.23560433,  1.51208341,  1.35396564,  0.86303252], dtype=float32), array([ 0.92150599, -0.00855894, -1.05819368,  0.20515031, -0.63731802,
       -0.65305912, -0.28546238, -1.30112553,  1.15251374, -1.31109679,
       -0.67562026, -2.09112167,  0.67571199, -0.93920779,  0.99239951,
       -0.93923974,  0.35670233,  0.23723753, -1.48565245,  2.77192616,
        0.09876169, -0.17819881,  0.34578991, -0.11044246, -1.13800192,
        1.63575196, -0.48868749, -1.30603933, -0.46799248, -0.27532026,
        1.03520501,  0.22812021, -0.88082755,  0.33500689,  3.52145934,
       -1.42673266,  1.2136184 , -2.68587542,  0.33695185,  0.48053494,
        0.05222785,  0.81333053, -0.60641932,  1.70846808, -1.47377872,
        0.16348624, -1.72470069,  0.1197136 , -2.37571383, -1.04800963,
       -1.76155841,  0.37271026,  1.93055451, -0.21183564,  0.91229236,
       -0.03818208,  0.72935927,  1.51106286, -0.14712806, -0.72006631,
        1.4792583 ,  0.97775698,  0.76346207,  0.85828197, -0.17215413,
        0.21636955,  0.84367496, -0.21145935, -0.27956784,  0.20874542,
        0.42477697, -0.04422377,  1.21845698,  0.03545597, -0.33391458,
        0.68643004,  0.94317728, -1.13474917,  1.33063304,  1.77645612,
       -1.10186481, -1.65204692, -1.4482404 , -1.34281969, -0.80284083,
        0.76098639,  0.29922628, -0.4816184 ,  0.37957466,  0.35340881,
       -1.06382585, -1.85352206,  0.6092456 ,  0.99047601,  0.17886411,
        0.56680381,  0.41069555,  1.41319644,  0.52568346,  1.23037767], dtype=float32), array([  6.63909495e-01,  -8.18736970e-01,  -2.65595913e-01,
        -8.12413573e-01,  -1.39265776e+00,  -2.27273011e+00,
         2.15868488e-01,  -2.21102878e-01,  -1.98669270e-01,
        -2.92426968e+00,  -1.87492776e+00,  -2.23591542e+00,
         1.84449673e-01,  -1.38342726e+00,   5.51634431e-01,
        -8.95976722e-01,   1.92976162e-01,   8.14362824e-01,
        -8.57808650e-01,   2.84103417e+00,  -1.23870909e+00,
         7.88470864e-01,  -1.22471869e+00,   6.19886816e-02,
        -1.57538557e+00,   9.19498205e-01,   8.72220993e-01,
        -6.68206513e-01,  -4.78526473e-01,  -9.48613286e-02,
         3.14681911e+00,   1.52850795e+00,  -1.42192280e+00,
        -6.83264256e-01,   3.00402236e+00,  -1.58080506e+00,
         6.36303544e-01,  -1.93967628e+00,  -9.22743320e-01,
         2.24173665e-01,  -2.95788050e-03,   4.84966844e-01,
         1.08923227e-01,  -5.09407699e-01,   5.90938687e-01,
         3.82812530e-01,  -2.13332796e+00,   2.66497523e-01,
        -2.24065232e+00,  -1.07718027e+00,  -2.29358077e-01,
         2.66135454e-01,   9.27462876e-01,  -1.16376352e+00,
        -3.32190394e-01,  -1.97421283e-01,   1.38303518e+00,
         5.19785166e-01,   7.71415293e-01,  -2.04237357e-01,
         1.24614701e-01,   1.57320690e+00,   2.32174373e+00,
         2.46823981e-01,  -6.33634746e-01,   3.02297056e-01,
         4.10565495e-01,   5.63406050e-01,  -5.16330540e-01,
        -2.32224047e-01,   1.31660557e+00,   1.09818864e+00,
         2.42783457e-01,   6.32520199e-01,  -4.21713255e-02,
         3.37456369e+00,   5.25403202e-01,  -1.02658153e+00,
         9.73883808e-01,   2.86345887e+00,  -1.51338494e+00,
        -1.07001841e+00,  -1.34071124e+00,  -1.74314904e+00,
        -1.05775404e+00,  -2.78258473e-01,  -2.24125195e+00,
        -1.80932367e+00,   7.62124240e-01,  -6.92980513e-02,
        -1.12377036e+00,  -2.57112885e+00,   7.92077303e-01,
        -1.65169513e+00,  -2.27025136e-01,  -1.94908947e-01,
        -6.12403929e-01,   1.43718886e+00,   1.36058307e+00,
         1.17417026e+00], dtype=float32), array([ 0.44632834, -0.20892768, -1.20335388,  0.26662815, -0.66336662,
       -0.99639821, -0.09537588, -0.252051  ,  0.44568253, -1.60755825,
       -0.8824079 , -2.12068772,  0.59852242, -0.29651281,  0.22482175,
        0.07036276, -0.05063642,  0.11084867, -0.01060665,  1.75313818,
        0.34673983,  0.28152502, -0.6855762 , -0.33371046, -1.27056682,
        1.4171946 ,  0.52748412, -0.76468253,  0.0582757 , -0.29524109,
        1.61135089,  0.32288462, -0.39829013, -0.5153988 ,  2.18648911,
       -1.21071303,  0.55969048, -0.66616476, -0.22050761,  0.78285897,
        0.02208453,  0.33715123,  0.07737918,  0.87178379,  0.49093014,
        0.03411587, -1.49067318,  0.89287901, -1.80902314, -0.26083431,
       -0.25165835,  0.54630893,  0.68011552, -1.3512944 , -0.34526116,
        0.28222314,  0.66727138,  0.02454926,  0.05753056, -0.75378352,
        0.41914043,  0.84945697,  1.81346858,  0.34232461, -0.21767104,
        0.42122021,  0.42120281,  0.95658606, -0.15189663,  0.46237984,
        0.41848242,  0.60536534,  0.48034796,  0.44986719, -0.49911276,
        1.9850055 ,  0.97093916, -0.2471862 , -0.17328891,  1.51536667,
       -0.81700402, -0.69424969, -0.77725047, -1.03237784, -0.69509304,
        0.22791645, -1.220474  , -0.78579545,  0.4154647 ,  0.11747204,
       -1.2353909 , -1.50574279,  0.04034831, -1.08368075, -0.95124328,
       -0.1122675 , -0.47668535,  1.11465895,  0.86604428,  0.87325758], dtype=float32), array([ 0.88093287,  0.01460312, -1.36049604,  0.35260504, -0.25574759,
       -0.60389453, -0.25612217, -1.08908701,  0.94295204, -1.54719174,
       -0.57070327, -1.84486198,  1.18949771, -0.81647593, -0.1445531 ,
       -0.80477136, -0.53594112,  0.89760637, -0.95503068,  3.03836036,
       -1.63751066,  0.6251747 , -0.04524787, -1.15687954, -0.21991353,
        0.86199772,  0.46374917, -0.28133628, -0.42518085,  0.65448642,
        2.1159699 ,  0.43769085, -1.63895714,  0.35205433,  2.21651483,
       -2.14233971,  1.59743226, -3.17076612, -0.75222003,  0.76530027,
       -0.23145998,  0.51520687,  0.27901307,  0.93901604, -0.22008005,
        0.47223166, -1.83792555,  1.03570688, -1.29607153, -0.43838933,
       -0.64518672,  0.65561241,  1.21519411,  0.02809639,  0.20865178,
        0.06134132,  0.85438156,  1.07220769,  0.50727099, -1.55748308,
       -0.06776947,  1.33445358,  0.68716067,  1.22800112, -0.58502078,
       -0.06959705,  0.88684571, -1.12228847, -0.35323447,  0.22348548,
        0.75442427,  0.32680684,  0.7994861 ,  0.3566778 , -0.50814462,
        2.27004123,  1.07485735, -0.15696579,  1.132478  ,  2.3317759 ,
       -1.62673473, -0.80975312, -0.91335279, -1.02840364, -1.15552521,
        0.72408926, -0.50924432, -1.94808853,  0.68131286,  0.02187756,
       -1.16981471, -2.15255308,  0.55502445, -0.27003205, -0.48896986,
       -0.06381017, -0.27274546,  1.854527  ,  1.2088213 ,  2.65629196], dtype=float32), array([ 0.27505451,  0.03787936, -1.23629689,  0.39406213,  0.57771689,
       -1.01613498, -0.57470018, -1.70703435,  0.21668372, -1.45863652,
       -0.70444876, -1.36971271,  0.18240933, -1.10933077,  0.66960984,
       -1.18228579,  0.48989698, -0.18449105, -0.55503583,  2.57544661,
       -0.23026352, -0.05520217, -0.84778357, -0.23617774, -1.32168853,
        2.29579306,  0.24163856, -0.61568975,  0.04359642,  0.26136291,
        1.25076318,  1.54282236, -1.58265078,  0.93415093,  1.9848398 ,
       -0.99285823,  2.22452235, -2.02307248, -0.56928414,  0.32041758,
       -0.05829678,  0.99243605, -1.59316492,  0.09489337,  0.02362211,
        0.9447422 , -1.68953395,  0.61793095, -1.69610023,  0.15072089,
       -1.41920674,  0.86528587,  1.71358633,  0.0119915 , -0.13714275,
        0.1979567 ,  0.20063365,  0.59762722,  0.94108468, -1.38784492,
       -0.3021076 ,  1.72779036,  1.58302963, -0.26647678, -1.1088196 ,
        1.13595736, -0.25332394,  0.5421024 , -0.46726841,  0.85402274,
        1.07954741,  0.56658852,  0.94118762,  0.57292855, -0.77586895,
        1.5401268 ,  1.60401106,  0.47981456,  0.43519533,  2.52693677,
       -1.12358367, -1.56178486,  0.06528834, -1.11485898, -0.71907848,
        0.60949099, -0.4117538 , -1.58197904,  0.98868948,  0.16772252,
       -1.24880528, -1.95712054,  0.01312247, -1.15899229, -0.83957577,
       -0.20914172, -0.06905855,  1.37612188,  0.199195  ,  1.56650054], dtype=float32), array([ 0.1435384 ,  0.20294696, -0.78122497, -0.03000684,  0.13682105,
        0.00228794,  0.17730425, -0.88455099,  0.58407897, -0.54229659,
       -0.15739013, -0.76244754,  0.34400564, -0.75749201, -0.12482538,
       -0.55050588,  0.10787361, -0.24917912, -0.6026327 ,  0.81232023,
       -1.25519228,  0.35663807, -0.31963181, -0.27267957, -0.70550299,
        1.18824124,  0.22489013, -0.06429053,  0.45385528, -0.17191124,
        0.61861652, -0.02940612, -0.11539455,  0.87182862,  0.61665279,
       -0.7348997 ,  0.37887412, -1.34108663, -0.38065428, -0.34168816,
        0.59407818,  0.76439106, -0.14165854, -0.44890583, -0.05340931,
        0.3722764 , -0.82585949,  0.57777989, -0.55019826,  0.25878999,
       -0.62422234,  0.59272426,  0.83106059, -0.30615714, -0.3645266 ,
        0.11202019,  0.59420443,  0.59384042,  0.61991227, -0.52034974,
        0.16117403,  0.93662912,  0.92150939, -0.02744575, -0.22906631,
       -0.04109379,  0.62563783, -0.01353377,  0.09391134, -0.22794288,
        0.53764713, -0.1079936 ,  0.4685801 ,  0.50407195, -0.46542072,
        0.33958262,  0.41562617,  0.46193907,  0.34902394,  0.91931385,
       -0.58669746, -0.60884213, -0.31212896, -0.50609678, -0.30735549,
        0.21758416, -0.5708487 , -0.68114221,  0.52776802,  0.33686745,
       -0.93649065, -0.87991071,  0.09387888, -0.36790246, -0.51741683,
       -0.47937268,  0.2022153 ,  0.91236609,  0.22380094,  1.1804471 ], dtype=float32), array([-0.02499768, -0.38873991, -0.0913332 ,  0.07764827, -0.02528469,
       -0.05567969, -0.06344611, -0.14726469,  0.09246655, -0.77690941,
       -0.95634681, -0.33826113, -0.45449954, -0.32930461,  0.28211498,
       -0.02849577, -0.1521226 ,  0.11064388, -0.29196835,  1.11906779,
        0.07826981,  0.15482286, -0.18676475, -0.03125313,  0.34536153,
        0.25816038,  0.00354517, -0.39175525, -0.26854238, -0.16469511,
        0.48056692,  0.4053323 , -0.07674457,  0.51970255,  0.80077666,
       -0.22228867,  0.38575351, -0.82036525,  0.27541   ,  0.50163835,
       -0.16617841,  0.08202332, -0.46073672, -0.16252078,  0.18000935,
        0.01773748, -0.55320108,  1.09646821, -0.4582237 , -0.56419933,
       -0.84307456,  0.00324249,  0.39112657,  0.1111517 , -0.00834653,
        0.43566361,  0.20933542,  0.40378296,  0.45780873, -0.96070111,
        0.50803792,  0.62762475,  0.52773464,  0.22998433, -0.02576402,
        0.50194353, -0.5419004 ,  0.60362411, -0.34672827, -0.02965631,
        0.45767376,  0.10411099,  0.06309727,  0.11579648, -0.5218513 ,
        0.53266108,  0.61722904, -0.11592072,  0.4803496 ,  0.87668264,
       -0.35105965, -0.67954648, -0.30750933, -0.42385548, -0.45825475,
        0.00695779, -0.35356998, -0.73987418, -0.14758573,  0.20392343,
       -0.46609664, -0.83994102,  0.12892723, -0.58373106, -0.40672335,
       -0.41482374, -0.09489229,  0.45839772, -0.13194108,  0.41637087], dtype=float32), array([ 1.20011365,  0.69658524, -1.67354178,  0.1306797 , -0.85496801,
       -1.18587077, -0.47068703, -1.3668654 ,  0.03074813, -1.97671211,
       -1.5951165 , -2.73709583,  0.55533826, -0.68401968,  0.7592212 ,
       -0.42424837, -0.16747481,  0.60500872, -0.54957312,  2.93929982,
       -0.34493649, -0.16486858, -0.60797322, -0.3910422 , -1.92540646,
        2.21225238,  1.37090063, -0.13270003, -0.11713991, -0.38323417,
        1.73923957,  1.21941853, -1.02607894, -0.54076284,  2.77340221,
       -0.88966292,  1.58671808, -2.21771765, -0.56785613,  0.57450175,
        0.16748795,  0.39867139, -0.1988658 ,  0.17402196,  0.3337352 ,
       -0.55991852, -2.08251929,  0.58773792, -2.22805619, -0.98870391,
       -0.92069042,  1.05893016,  0.77071446, -0.92756391, -0.45784703,
        0.3180109 ,  1.04356718,  0.58425248,  0.66685534, -0.62536079,
        0.49166536,  1.7832365 ,  1.73847759,  0.59932768, -0.68439889,
       -0.15568686,  0.71468234,  0.14529379,  0.37596104,  0.07727537,
        0.98558623,  0.9049837 ,  0.47561166,  0.95051026, -0.2482779 ,
        2.43660069,  1.46894765, -0.37844437, -0.01489279,  1.73296309,
       -0.98036826, -1.18421578, -0.86864763, -2.17159081, -1.21752381,
        0.65195024, -1.62200415, -1.61095643,  0.15842599,  0.56855541,
       -1.70651686, -2.64118719,  0.89184231, -1.10690582, -1.38463247,
        0.21522397, -0.73708999,  1.7637881 ,  1.41072488,  0.89053941], dtype=float32), array([ 1.02708018,  0.76809955,  0.17099209, -0.48568061,  0.15451916,
       -1.51027501, -0.44975996,  0.08013955,  0.31824875, -1.03093112,
       -1.64869595, -1.38880968,  0.13645935,  0.02022115,  0.75247979,
       -0.51044005, -0.08557433,  0.58000159, -0.33055013,  3.26291609,
       -0.87125957,  0.14007631, -0.51534009, -0.56181937, -1.71189153,
        2.03218436,  0.59806955, -0.65978903,  0.63014567, -0.81620055,
        1.53685892,  1.2872678 , -0.60662562, -0.83906358,  3.01050138,
       -0.36888683,  1.87298691, -2.02057862,  0.11651649,  0.29530358,
        0.34681287,  1.17219019, -0.65607721, -0.07256139,  0.98132056,
       -0.68103558, -1.83277178,  1.32228661, -1.62860823, -0.95060939,
       -1.90707624, -0.07650819,  0.90832102, -0.90901208, -0.06860725,
       -0.08681905,  0.64127469,  0.2892465 ,  0.79575533, -1.08727288,
        0.32923114,  1.62400568,  2.20802212,  0.66717482,  0.3364917 ,
        1.08485913,  1.06436586, -0.99006224,  0.38186562,  0.60279602,
        0.46809191,  0.65694314,  0.27736589,  1.0730933 , -1.22903562,
        1.04324758,  1.01676953,  0.72513294, -0.30164644,  2.08307934,
       -0.55819327, -1.18145931, -1.10793746, -0.71964794, -1.33294559,
        0.85081124, -2.14857054, -1.93935299,  0.28666252,  0.32912365,
       -2.01001453, -2.33509851,  0.23838271, -0.53203833, -2.05680013,
       -0.39856726, -0.54045093,  1.32338619, -0.7362656 ,  0.63004315], dtype=float32), array([ 1.40905559, -0.50976205, -1.21294165, -0.07795762, -1.55731249,
       -1.91531193, -0.58701605, -0.44039795, -0.01456041, -1.41797101,
       -2.07919097, -2.41807461,  0.4155297 , -1.08985007,  0.0853306 ,
       -0.54528481, -0.22162029,  0.6840322 , -0.47277287,  2.72030067,
       -0.99669236,  0.48863286, -1.0381434 , -0.71792716, -1.56818867,
        1.39474952,  1.33589149, -1.24073935, -0.53984016, -1.0405916 ,
        1.95945179,  0.80544269, -0.99417245, -0.61924964,  2.05772328,
       -1.48346496,  0.56948507, -1.23786652, -0.6258387 , -0.67036444,
        0.49006912,  0.19447978,  0.57263803, -0.54469019,  0.47633174,
       -0.44994903, -1.31547809,  0.3764379 , -2.03318429, -0.4271698 ,
       -0.29735276,  1.24976885, -0.04466321, -1.49003458,  0.13655767,
       -0.39317408,  1.72531664, -0.48394078,  1.26740754, -0.69568294,
        0.05766543,  1.53582072,  1.16618919,  0.07457486,  0.06019235,
       -0.11748248,  0.09945793, -0.38307595,  0.43603393,  0.00566803,
        0.81054115,  1.70954394, -0.04206724,  0.07935884, -0.08287781,
        2.28051758,  0.94784254, -0.88791907,  1.15676939,  2.70941544,
       -0.87055284, -0.98598087, -0.58494264, -1.27793324, -0.64400631,
        0.29042155, -1.36310375, -1.21607482,  1.26453257,  0.47426653,
       -0.56484109, -2.50189018,  0.40887055, -0.97831118, -0.55214626,
       -0.16855708, -0.87227446,  2.30513668,  1.81929815,  0.44310963], dtype=float32), array([ 0.95634305,  0.35558465, -1.75833154, -0.01720439, -0.05581492,
       -0.73377949,  0.36248359, -1.23089492,  0.15078168, -0.64862943,
       -1.54049778, -1.17814863, -0.91500854, -1.30099034,  0.59953791,
       -0.96815187,  0.56097233, -0.29966685, -0.47792575,  1.38271403,
       -0.43319595,  0.78817093, -0.55123413, -0.78165805, -2.06123948,
        1.6594553 ,  0.04731878, -0.53437984, -0.71245193, -0.2624886 ,
        1.33823693,  1.05308032, -0.44375777, -0.65744048,  1.79801619,
       -0.88440073,  0.87825894, -1.36187291, -0.14935815,  0.43688494,
       -0.44635075,  1.4610256 , -0.54397452, -0.31003195, -0.35222739,
        0.04435512, -2.13095975, -0.02884007, -1.5212456 , -0.36946428,
       -1.95647621, -0.23339316,  1.23252034, -0.00245991, -0.0241562 ,
       -0.03240979,  0.36285585,  0.34554952,  0.42468944, -1.93567455,
        0.38436082,  1.96967411,  1.73711789,  0.46570647,  0.69534576,
        0.2685883 ,  0.42271918, -0.06290034, -0.5935719 ,  0.66329497,
        0.09317818,  0.89458418,  0.53814584,  0.53129852, -0.58669579,
        1.70391464,  0.73866928, -0.60652542,  0.4598833 ,  2.26743531,
       -0.46832716, -0.58966613, -0.90697765, -1.72140193, -1.53526127,
       -0.10753112, -1.12532055, -0.60056901,  0.4255482 ,  0.77504432,
       -1.51088691, -1.34604383,  0.31327209, -0.32110131, -1.22713578,
       -0.09291545, -0.08359532,  1.10982382,  0.54518449,  1.17352474], dtype=float32), array([ 0.08699719,  0.02784409, -0.39298409,  0.42869309,  0.02001789,
        0.02993596, -0.10204909, -1.01173675,  0.55889904, -1.35276353,
       -1.15611255, -0.99906743, -0.25030765, -0.19031797,  0.45278233,
       -0.42612806,  0.24202645,  0.23219876, -0.25656635,  2.19499755,
       -0.6224755 ,  0.21982411, -0.09514748,  0.64773935, -1.05343282,
        0.36854473, -0.8204087 , -0.78958148, -1.07421541,  0.23266155,
        1.19894028,  0.86649901, -1.35548496,  0.16046846,  2.12663937,
       -0.60155106,  0.77205426, -2.19919109,  0.17468548,  0.57629323,
       -0.20069534,  0.65977842,  0.14402907, -0.29797059,  0.07456902,
        0.26259822, -1.36751246,  1.57814884, -1.75577891, -0.33485404,
       -1.55315638, -0.16244422,  0.9843834 ,  0.30433646, -0.60324329,
       -0.34053451,  0.78809243,  0.55977511,  0.3681134 , -0.20325953,
        0.22859439,  1.28958893,  1.15348423,  0.5870524 , -0.37112886,
        0.54619515,  0.12685807,  0.828529  , -0.66716874, -0.17027311,
        0.54827732, -0.16291372, -0.36666635,  0.54622513, -1.31559992,
        0.99853927,  1.05402112, -0.2693868 ,  0.04658964,  1.76074386,
       -0.84694082, -0.98790467, -0.31433737, -0.25312811, -0.98150766,
        0.55487406, -0.34972495, -0.80749184,  0.28085351,  0.87527174,
       -1.1794498 , -2.21936345,  0.83101714, -0.60645533, -0.81888866,
        0.16509846, -0.15374556,  0.59328902,  0.70907384,  0.8018868 ], dtype=float32), array([  6.16069853e-01,   2.79057682e-01,  -1.15602994e+00,
        -1.08732432e-01,  -3.42685997e-01,  -2.22356021e-01,
        -2.89897230e-02,  -6.79069400e-01,   9.28428054e-01,
        -6.93706870e-01,  -7.12077975e-01,  -1.37722993e+00,
         7.15397239e-01,  -1.15618467e+00,  -3.31550330e-01,
        -5.02614319e-01,  -4.29987788e-01,   1.77648157e-01,
        -1.03323393e-01,   9.61387634e-01,  -1.09165609e+00,
         7.31463552e-01,  -5.53448081e-01,  -1.25632238e+00,
        -9.59211886e-01,   1.62618899e+00,   5.08042872e-01,
        -2.96987474e-01,  -1.35447159e-01,  -4.31659035e-02,
         1.52052748e+00,   1.05616140e+00,  -1.79325819e-01,
         8.01485658e-01,   8.47387791e-01,  -1.25410330e+00,
         9.87102032e-01,  -9.34583783e-01,  -2.03932002e-01,
         1.16450742e-01,   3.74632120e-01,   5.76835990e-01,
         5.90686083e-01,  -3.93670201e-01,  -4.00212631e-02,
         5.53356111e-03,  -1.54031813e+00,   6.41399682e-01,
        -1.21693134e+00,   9.72820669e-02,  -3.76343459e-01,
         8.27966213e-01,   5.77643514e-02,  -2.33862013e-01,
         1.17232583e-01,   4.67881173e-01,  -1.12111256e-01,
        -6.31049275e-04,   1.31541538e+00,  -6.72656178e-01,
        -3.53106409e-01,   1.38280702e+00,   1.06483328e+00,
         7.01582074e-01,  -7.03717828e-01,   4.31963056e-03,
         3.80058855e-01,  -1.70036897e-01,   7.97053948e-02,
         6.91520870e-01,   6.30372643e-01,   9.60288763e-01,
         4.97897208e-01,   4.06259894e-01,  -4.41008806e-01,
         1.20470643e+00,   8.24717641e-01,   4.04512584e-01,
         5.93222857e-01,   2.05243492e+00,  -1.55150819e+00,
        -4.85926569e-01,  -4.55182076e-01,  -3.95601124e-01,
        -2.61420608e-01,  -1.44319553e-02,  -9.01187479e-01,
        -9.11692023e-01,   8.95172238e-01,   3.88747156e-01,
        -6.36278868e-01,  -1.45014417e+00,  -1.98070347e-01,
        -9.24026728e-01,  -5.28442621e-01,  -2.98980087e-01,
        -3.55429322e-01,   8.38045418e-01,   7.63092935e-01,
         8.79963815e-01], dtype=float32), array([ 0.45390204,  0.30295116, -0.23918302,  0.06628508,  0.10519236,
       -0.62904525,  0.1281102 , -0.12792654, -0.17575398, -0.59662133,
       -0.70970786, -0.96060467,  0.03601283, -0.41384003, -0.00989194,
       -0.57044506, -0.03798279, -0.26222032,  0.48749441,  0.98258454,
       -0.24215558,  0.60199511, -0.76412749, -0.61471021, -1.33429968,
        0.90583479,  0.86383003, -0.41892883, -0.52557492, -0.6359868 ,
        0.9279812 ,  0.60299528, -0.88455153, -0.15774232,  0.98186135,
       -0.72676843,  0.41353077, -0.73278099, -0.29778773, -0.12415043,
       -0.31235343,  0.42799821, -0.49990508, -0.16893668,  0.1811574 ,
       -0.24794737, -0.75822097,  0.03164701, -1.41007376, -0.30097145,
       -0.2852332 ,  0.04034001,  0.50575256, -0.89558566, -0.16088757,
        0.3231349 ,  0.69519103,  0.12567654,  0.27532139,  0.0216087 ,
       -0.11898138,  1.07238495,  0.765432  ,  0.38628846, -0.4070015 ,
        0.18049242,  0.19997498, -0.11889454,  0.40599477,  0.20561644,
       -0.16601911,  0.81892759,  0.04960058,  1.02408135, -0.4128373 ,
        0.83813143,  0.58936781, -0.31951821,  0.01352364,  1.13410592,
       -0.58348233, -0.24523024, -0.53405195, -0.95213765, -0.46169224,
       -0.31012326, -1.11479723, -0.57710588,  0.7975682 ,  0.13094795,
       -0.97599608, -1.06367469, -0.42524275, -0.64319527, -0.92013198,
       -0.5878005 , -0.32998362,  0.36124441,  0.66857445,  0.36122501], dtype=float32), array([  1.32956710e-02,  -1.53473735e-01,  -4.45702910e-01,
        -6.80094361e-02,   5.47264293e-02,  -4.20839757e-01,
         7.07726404e-02,  -4.55638945e-01,   2.84653544e-01,
        -4.50670272e-01,   2.15020031e-03,  -4.79567230e-01,
         1.40896142e-02,  -2.35651910e-01,   1.23863742e-01,
        -3.89979109e-02,   6.07216835e-01,  -2.24292696e-01,
        -1.50527075e-01,   6.55922890e-01,   8.53623599e-02,
        -3.45291123e-02,  -3.83719862e-01,   4.42161560e-01,
        -3.07393134e-01,   6.54122770e-01,   5.06610647e-02,
        -4.71131235e-01,  -2.75069475e-01,   1.09512180e-01,
         2.22398996e-01,   3.39002788e-01,   1.68071851e-01,
         8.82988721e-02,   1.00323987e+00,  -2.90075928e-01,
         1.40310630e-01,  -7.06347108e-01,   1.80069022e-02,
         4.17541504e-01,  -3.83849144e-01,   1.92333132e-01,
        -2.03533977e-01,   7.19537288e-02,  -6.04692334e-03,
         1.10133737e-03,  -3.21807683e-01,   3.55861187e-01,
        -5.15787482e-01,  -4.11930352e-01,  -2.94401765e-01,
         2.32799277e-02,   1.50244042e-01,  -6.25570118e-01,
        -1.24600925e-01,  -1.15984790e-01,   3.16633403e-01,
         4.10309643e-01,   1.43004060e-02,  -5.03094673e-01,
         5.99563241e-01,   5.71011066e-01,   4.98569876e-01,
         1.58448219e-02,  -2.26860419e-02,   9.76765975e-02,
         1.31088272e-02,   5.88688612e-01,  -1.63551807e-01,
        -8.23766589e-02,   3.44839424e-01,   3.59649539e-01,
         3.40105444e-01,  -4.73279022e-02,  -2.49517202e-01,
         7.21372485e-01,   2.05686703e-01,  -4.46073264e-01,
        -1.04241043e-01,   6.11400008e-01,   3.05967294e-02,
        -4.09015149e-01,  -3.27694029e-01,  -1.40809759e-01,
        -3.35999846e-01,   2.25899398e-01,  -6.12942636e-01,
         1.04486942e-04,  -1.35167494e-01,   2.00737178e-01,
        -5.64931154e-01,  -5.32461226e-01,   3.17748845e-01,
        -5.54845184e-02,  -3.11531901e-01,   4.79444265e-02,
        -1.89001486e-03,   3.31867337e-02,   1.40367523e-02,
         5.62787205e-02], dtype=float32), array([ 1.12962198, -0.9265874 , -1.30402279, -0.89079547, -2.07073689,
       -2.46116662, -0.73294318, -0.73164541,  0.48105073, -1.21125233,
       -1.2115351 , -2.05077839,  0.36618671, -1.74586952, -0.0286061 ,
       -0.0421719 , -0.51726347,  0.63501245,  0.08662552,  2.77897644,
       -1.58135474,  1.17333841,  0.45272663, -0.49480832, -0.59389669,
        1.45528698,  2.04443622, -1.61377513, -1.45509672, -0.88166535,
        1.9872936 ,  0.70769131, -1.56373429,  0.46664688,  2.46962166,
       -2.11751747,  1.11491251, -0.96898413, -1.31727993, -0.43575984,
        0.35891411,  0.65353394,  1.18977129, -1.35497546,  0.9405244 ,
        0.48800743, -1.32691658, -0.11763878, -2.12510753,  0.23419264,
       -0.83893281,  1.20292485,  0.2415736 , -1.37297523,  0.35790193,
       -0.07355136,  2.04462242, -0.51864445,  1.09765899, -0.27024934,
        0.03475381,  1.66953492,  0.70358306, -0.367212  ,  0.7352156 ,
       -0.27169862,  0.43056536, -1.0757618 ,  0.02348191,  0.45800143,
        0.48493814,  1.15757298, -0.02740385,  0.26962531, -0.14170191,
        2.87212467,  1.26669908, -1.35121739,  2.73767519,  3.47725892,
       -1.46542287, -1.37131786, -0.49324375, -0.99298131, -0.0571987 ,
        0.4545809 , -1.2016362 , -2.9254415 ,  2.18329644,  0.18062478,
       -0.53811187, -2.08868647,  0.21560514, -0.7728222 ,  0.09007716,
        0.89884531, -0.77761573,  1.81630123,  1.12154627,  0.29727152], dtype=float32), array([ 0.71099323, -1.05288935, -0.99310338, -0.65650028, -1.65276527,
       -2.08456779, -0.43522561, -1.25812137,  0.19427909, -0.97293711,
       -1.27335095, -1.42515624,  0.05016496, -1.38334429,  0.12931456,
       -0.46651378, -0.34027877,  0.36764586, -0.27945566,  2.3970511 ,
       -1.16950977,  0.78125376,  0.21464209, -0.05133511, -1.30543816,
        1.14451528,  1.43258715, -1.48462856, -1.24351561, -0.49312305,
        1.9740566 ,  0.51807427, -1.61711371, -0.14222017,  1.62868345,
       -1.20904779,  0.41215742, -0.7373575 , -1.74332368, -0.77631575,
       -0.10170512,  0.74113625,  1.15103018, -0.78946251,  0.43931463,
        0.59645396, -0.48953754,  0.21060085, -1.91041124,  0.14953929,
       -0.90536571,  0.27532834, -0.1980685 , -0.94140154, -0.05331502,
        0.23895693,  2.27436423, -0.53334141,  0.92483497, -0.05121596,
        0.09176733,  1.68774557,  0.7735396 , -0.58206099,  0.68248981,
       -0.13201723,  0.15601216, -0.36909592, -0.60153508,  0.1421406 ,
        0.75009912,  1.35596156,  0.10885008, -0.14526516, -0.15304461,
        1.98518813,  1.01871371, -1.507833  ,  2.36426449,  3.31148243,
       -1.55470669, -1.9054786 , -0.35412061, -0.85568601, -0.1577599 ,
        0.12630731, -0.4835234 , -2.08927751,  1.46096361,  0.94079578,
       -0.54366499, -2.02612042,  0.3099412 , -0.24361467,  0.49870795,
        0.72815955, -0.30629838,  1.49420691,  1.39015424,  0.009587  ], dtype=float32), array([ 0.35498726,  0.21429516, -1.00732863,  1.17676795,  0.56470853,
       -0.44398686, -0.26965007, -0.35612032,  0.47500727, -1.36018884,
       -0.86706865, -2.09013152,  0.08712135, -0.67881125,  0.12482789,
       -0.89939696, -0.10667992,  0.06773287,  0.58155507,  1.9611429 ,
        0.09759747,  1.03891134,  0.2591953 , -1.36480284, -0.85166276,
        1.45985162,  0.89963871,  0.25884122, -1.25412369, -0.31887913,
        1.59655714,  0.38553336, -0.32552746,  1.59195065,  1.19207859,
       -1.75018215,  1.81664801, -2.21185946, -0.28569961,  1.13149524,
       -0.02647159,  1.6518662 , -0.44466564, -0.13884574,  0.02454479,
        0.63684911, -2.35404348,  0.86947197, -1.55754542, -0.31477422,
       -2.04724264,  0.83394611,  1.14583707,  0.0842553 , -0.27988151,
        1.32931042,  0.77405989,  1.45683682, -0.08107546, -1.38343406,
       -0.5275991 ,  1.72053421,  1.120296  ,  0.82852131,  0.18061255,
       -0.27731815,  0.42770311,  0.05148613,  0.2944043 ,  0.49341846,
        0.38791522,  0.2603367 ,  0.79027116,  1.10211253, -0.70948029,
        1.86271465,  0.83802837,  0.09851903,  1.03289819,  1.36299896,
       -1.2467283 , -0.74250472, -1.03586328, -0.98571646, -1.19989073,
        0.47484806, -0.19452646, -1.12966084,  0.47485343,  0.08560908,
       -0.62298834, -1.06976962,  0.46721116, -0.0745599 , -1.20745146,
        0.1550467 , -0.7677021 ,  0.9039107 ,  0.71026212,  1.41328573], dtype=float32), array([ 1.16547835,  0.12467639, -1.66861916,  0.49941021, -0.22662096,
       -0.3715145 ,  0.50971603, -0.10668078, -0.12522374, -0.67950797,
       -1.49756289, -1.49890208,  0.38066494, -0.97233051, -0.10620192,
       -0.8418473 , -0.99242276, -0.10277409, -0.28344184,  0.68981159,
       -0.37991866,  0.3354885 ,  0.36802462, -1.48865211, -0.51505518,
        1.93644822,  0.01072791, -0.06385311, -1.22250223, -0.15392172,
        0.57375765, -0.05302222, -0.50783134,  0.71214664,  1.44121516,
       -1.3663348 ,  1.4460113 , -1.07193041, -0.4520399 ,  0.386127  ,
       -0.34774682,  0.9571982 ,  0.71038258,  0.49323916,  0.01228645,
        0.67895508, -1.68383598,  1.50273919, -1.54816115, -0.49149626,
       -1.62553549,  0.92327809,  0.88823295, -0.41044995,  0.85224885,
        0.80051857,  0.20395559,  0.25833255,  0.30609414, -0.92532617,
        0.08355921,  0.96003151,  0.863168  ,  0.77485222, -0.45732775,
       -0.49587381,  0.17274562, -0.3891722 ,  0.08567931,  0.78304219,
        0.53668571,  0.64286232,  0.54558671,  1.65481973, -0.99751717,
        1.05431914,  0.92640495,  0.3110621 ,  0.10053442,  1.20655644,
       -1.41463697, -0.00272511, -0.78332096, -0.39281079, -1.02281284,
       -0.10954011, -0.95594996, -0.97075117,  0.56122583, -0.11867806,
       -0.33753261, -0.96197492,  0.41170961, -0.81639063, -1.21809232,
        0.08664333, -0.13510361,  0.76625586,  0.1177212 ,  1.18058527], dtype=float32), array([ 0.49342284,  0.27137777, -1.90541899,  0.4056288 ,  0.04515678,
       -0.90789723,  0.34801084, -1.85176849,  0.37417337, -0.86259711,
       -1.68449342, -1.53676963,  0.57818639, -1.07663   ,  0.87073201,
       -1.11290693, -0.39710146,  0.294485  , -0.59125113,  1.92946088,
       -1.31984723,  0.65905625, -1.27174699, -0.14224915, -1.36416352,
        2.09353757, -0.03096592,  0.05372335, -0.47585863, -0.62778831,
        1.98940313,  1.36414576, -1.48355722,  1.70925689,  1.70640719,
       -1.14064455,  1.73184741, -2.34997439, -0.83597112,  1.00832856,
       -0.34631348,  1.08496487, -0.52724195,  0.15076301, -0.2205351 ,
        0.45436379, -2.06455946,  1.74794424, -1.40593994, -0.59552461,
       -1.26935232,  0.74725759,  0.96793658,  0.86858696, -0.35225117,
        0.35066223, -0.16255188,  0.50203222,  1.72614932, -2.42285085,
        0.52645212,  2.04170656,  2.84380388,  0.17737958, -0.39104515,
        0.40897653,  0.22252962,  0.55281669, -0.07371379,  0.04602482,
        1.17350757,  1.17577982, -0.12775157,  1.90111375, -1.11789477,
        1.4715234 ,  0.79464626,  0.45497379,  0.20201766,  2.52529502,
       -1.68477213, -0.90442038, -0.58842385, -1.02841318, -1.48557997,
        0.94380546, -0.66955137, -2.24073243,  0.59258068,  0.42412004,
       -1.33457434, -2.18337059,  1.37885082, -1.6006602 , -0.46564969,
       -0.64823812, -0.01632505,  1.11122298,  1.24025226,  1.03307652], dtype=float32), array([ 1.53235233,  0.45434967, -1.22531879, -0.15345421, -0.38526779,
       -0.74487084, -0.64985985, -0.68433434,  0.32289946, -0.56996518,
       -0.67765284, -1.76750255,  1.01408792, -0.25743315,  0.2948001 ,
       -0.50536537, -0.22762303, -0.08057714,  0.35643125,  2.11765814,
       -0.65748817,  0.60688919, -0.82836562, -0.85260153, -1.12182987,
        2.02220726,  0.29950973, -0.30795383, -0.46070409, -0.49862766,
        0.7480256 ,  0.82821083, -0.50836647, -0.21681476,  2.10429096,
       -0.96835691,  0.96041387, -1.23758924, -0.42715156,  0.91824234,
       -0.34819302,  0.6706872 , -0.13075845,  1.20756865,  0.491721  ,
        0.11887105, -0.63218868,  1.5775156 , -0.73859364, -0.33560219,
       -1.30167902,  0.77884275,  0.17357123, -0.50130749, -0.48756337,
        0.8517893 ,  0.83494192,  0.15278009,  0.64589047, -1.6123246 ,
       -0.10311155,  1.82007682,  2.26152611,  0.20453778,  0.39455888,
        1.02732837,  0.01150778, -0.32265127,  0.15989845,  0.84513521,
        0.2076363 ,  0.83148199,  0.67137963,  0.93658233, -0.5380103 ,
        1.46026957,  0.47666416,  0.02789599,  0.26507625,  1.61726904,
       -0.94871324, -0.38092086, -0.8883965 , -0.23448348, -0.88927096,
        0.55051732, -1.43073285, -1.03874731,  0.57702088,  0.30296355,
       -0.55327398, -1.06394327, -0.13993393, -1.19627273, -1.13953388,
       -0.15256517, -0.6260649 ,  1.3255235 ,  0.16128984,  0.12783049], dtype=float32), array([  5.39221227e-01,   1.53093159e-01,  -9.46814120e-01,
         3.78050148e-01,  -6.68327510e-01,  -3.35953087e-01,
         3.10622603e-01,  -1.96538612e-01,   2.65718341e-01,
        -1.12212813e+00,  -2.85232902e-01,  -1.33977640e+00,
         7.06974506e-01,  -5.32453299e-01,   1.51078314e-01,
        -3.29976290e-01,   2.69414186e-01,  -3.30251902e-02,
         1.24678209e-01,   8.75883162e-01,  -1.87559083e-01,
        -9.24548730e-02,  -2.11636141e-01,  -1.82662874e-01,
        -7.57460117e-01,   1.12745202e+00,   2.06990674e-01,
        -2.70152062e-01,  -1.77682966e-01,   1.75907120e-01,
         5.09419918e-01,   3.49749848e-02,  -3.17811996e-01,
        -1.92741573e-01,   1.26866543e+00,  -4.45431143e-01,
         3.61401170e-01,  -6.21308625e-01,   1.59894288e-01,
         4.00325149e-01,   7.11641274e-04,   3.09868515e-01,
        -1.70646422e-02,   6.15772188e-01,   2.39322662e-01,
         2.41366923e-01,  -1.09849536e+00,   9.29012150e-03,
        -1.14231443e+00,  -1.69288307e-01,  -2.91243494e-01,
         5.66064358e-01,   2.35977352e-01,  -7.17928708e-01,
        -3.51082325e-01,   3.47310513e-01,   6.18263006e-01,
        -1.33188874e-01,  -1.71052709e-01,  -1.32954538e-01,
         1.60454601e-01,   1.38378784e-01,   6.47935987e-01,
        -2.15166286e-01,  -4.19835389e-01,   2.10743099e-01,
         4.17652100e-01,   4.43334937e-01,  -2.26739496e-01,
         3.06276172e-01,   1.49577260e-02,   2.88112164e-01,
         5.39521158e-01,   4.59090650e-01,   7.20897317e-02,
         9.49027658e-01,   3.58616829e-01,   1.40084475e-02,
         4.36196029e-01,   8.41321588e-01,  -6.93220198e-01,
        -4.16235149e-01,  -5.19221544e-01,  -8.42591763e-01,
        -5.00681520e-01,   4.63889688e-02,  -6.84026420e-01,
        -4.06792909e-01,   4.42526698e-01,  -2.57784367e-01,
        -4.32790965e-01,  -5.94380915e-01,   2.67470747e-01,
        -2.33365953e-01,  -2.51642466e-01,  -9.50592533e-02,
        -3.87457222e-01,   8.68195891e-01,   6.66996360e-01,
         6.37471378e-01], dtype=float32), array([  7.41236329e-01,   5.18688977e-01,  -1.61204839e+00,
        -1.81818128e-01,  -1.24098206e+00,  -6.38169885e-01,
        -1.36461332e-01,  -7.01914310e-01,  -7.11041465e-02,
        -1.37843859e+00,  -1.35386622e+00,  -2.60722065e+00,
         1.62111372e-01,  -8.36669683e-01,   3.66284877e-01,
        -7.72532284e-01,   5.44874907e-01,   6.92319751e-01,
        -1.11014402e+00,   1.94027925e+00,  -3.93532813e-01,
         6.70565143e-02,  -6.16459727e-01,  -1.02088702e+00,
        -2.08322644e+00,   2.22877598e+00,   8.21419895e-01,
        -7.09523797e-01,   4.33286756e-01,  -1.01355314e+00,
         1.24557006e+00,   1.23566210e+00,  -3.00955325e-01,
         1.83112547e-03,   1.51021278e+00,  -7.35769629e-01,
         5.84495246e-01,  -1.28670013e+00,   3.15046340e-01,
        -4.22907621e-01,  -3.42322975e-01,  -2.66728610e-01,
        -3.69404368e-02,   7.37162769e-01,  -5.16871154e-01,
        -5.95815778e-01,  -1.98617530e+00,   5.33848166e-01,
        -1.24954283e+00,  -5.50045133e-01,   9.85231772e-02,
         1.16742432e+00,   4.35839862e-01,  -6.29158437e-01,
         3.60586822e-01,  -3.14093024e-01,   7.08823442e-01,
         8.25612903e-01,   7.97243953e-01,  -6.02939248e-01,
        -2.78945826e-02,   9.93498147e-01,   1.14260948e+00,
         1.11478829e+00,  -7.91977406e-01,  -1.01926923e+00,
         3.33491355e-01,  -7.62316734e-02,   7.15933204e-01,
         1.07315242e+00,   5.51188350e-01,   1.56217718e+00,
         2.17689097e-01,   1.22944847e-01,   3.59978527e-01,
         2.33967757e+00,  -4.75913137e-02,   2.90440977e-01,
        -9.68411863e-02,   1.88971579e+00,  -1.34231400e+00,
        -6.48776412e-01,  -9.19971347e-01,  -1.98976171e+00,
        -9.18513894e-01,   2.82236099e-01,  -8.05935383e-01,
        -1.35200572e+00,   4.77748573e-01,   1.69125378e-01,
        -1.29432666e+00,  -2.36385965e+00,   3.71473819e-01,
        -1.04229593e+00,  -1.13793802e+00,  -1.19784927e+00,
        -3.95691812e-01,   1.48895502e+00,   1.29678714e+00,
         1.52425694e+00], dtype=float32), array([  1.17413521e-01,   7.81748220e-02,   1.14394575e-01,
        -5.81949353e-01,  -3.14718425e-01,  -9.74341273e-01,
         3.47096711e-01,  -3.62733424e-01,  -3.76619071e-01,
        -1.27477956e+00,  -1.15233290e+00,  -1.15236449e+00,
        -1.24963135e-01,  -7.22586095e-01,   4.84556824e-01,
        -5.79727173e-01,  -4.05951440e-01,   4.06754166e-01,
         1.62328053e-02,   1.50982046e+00,  -5.29028833e-01,
         1.04733035e-01,  -2.86586761e-01,  -6.07331753e-01,
        -9.66791868e-01,   6.55118644e-01,   1.69917211e-01,
        -7.13296950e-01,  -1.04850876e+00,  -2.42511407e-01,
         1.23300862e+00,   4.37768310e-01,  -1.23646343e+00,
        -6.10836327e-01,   1.09676695e+00,  -5.17525554e-01,
         6.07669175e-01,  -7.91153669e-01,  -4.91226435e-01,
         1.48179591e-01,   2.84341186e-01,   8.05910349e-01,
        -1.16149224e-01,  -3.47839713e-01,   3.85212183e-01,
         2.13089287e-01,  -7.65641928e-01,   4.97227788e-01,
        -1.44903505e+00,  -5.24603426e-01,  -1.32019722e+00,
        -1.95921421e-01,  -9.27209854e-04,  -4.79263335e-01,
        -9.79673415e-02,   6.04160130e-01,   1.27925515e+00,
         3.98159698e-02,   3.44328254e-01,  -3.65504146e-01,
        -4.84638214e-02,   1.10977280e+00,   1.34841084e+00,
         3.77200320e-02,   2.60966897e-01,   8.07441175e-01,
        -2.18596086e-02,   2.91090786e-01,   7.18501434e-02,
         5.98024428e-01,   6.46789193e-01,   1.16227925e+00,
         6.51044250e-01,   9.51089382e-01,  -2.15581983e-01,
         9.79900777e-01,   1.11722302e+00,  -7.08638191e-01,
         1.35603344e+00,   2.41548276e+00,  -8.26436162e-01,
        -1.09212708e+00,  -8.75681460e-01,  -8.37554574e-01,
        -8.02686691e-01,  -3.38759005e-01,  -1.27504683e+00,
        -1.28512812e+00,   7.65350819e-01,   5.71539402e-01,
        -5.63256681e-01,  -1.39207423e+00,   3.65364552e-03,
        -1.91066146e-01,  -3.91646028e-01,  -1.46136776e-01,
        -1.35691002e-01,   1.52361155e+00,   7.29968131e-01,
         4.19187367e-01], dtype=float32), array([ -2.95379698e-01,   2.73588926e-01,  -5.79715334e-02,
         2.66228467e-01,  -4.53972131e-01,  -7.96862304e-01,
         2.35855401e-01,  -7.90421426e-01,   7.59620905e-01,
        -1.37436914e+00,  -1.19556618e+00,  -1.00506973e+00,
         1.85153186e-01,  -3.02433968e-03,   1.11487579e+00,
         5.34614682e-01,   4.12336975e-01,  -2.25542203e-01,
        -1.76396406e+00,   2.85751963e+00,  -4.17462915e-01,
        -1.55396730e-01,  -1.14992166e+00,   5.38178861e-01,
        -4.50784892e-01,   5.29366672e-01,  -3.83941978e-01,
        -7.89300799e-02,  -1.14195359e+00,  -1.19142270e+00,
         1.77342367e+00,   6.16690516e-01,  -1.57766855e+00,
         2.85206795e-01,   1.62069690e+00,  -1.10382771e+00,
         9.27958846e-01,  -2.93030357e+00,   3.62285465e-01,
         1.16145647e+00,  -5.33516884e-01,   6.40357673e-01,
        -2.61363924e-01,   2.74033338e-01,  -1.72505155e-03,
         3.00583690e-01,  -1.62200105e+00,   7.99747229e-01,
        -1.39507604e+00,  -1.05199993e+00,  -1.29307878e+00,
         4.49577048e-02,   1.27258492e+00,   1.26667649e-01,
        -8.28027368e-01,   3.90692726e-02,   5.25696948e-02,
         2.01632768e-01,   2.43985802e-01,  -7.85357714e-01,
         9.87891674e-01,   1.44780493e+00,   1.53990400e+00,
        -7.06193596e-03,   2.24209636e-01,   7.54763782e-01,
        -8.06998968e-01,   5.56202054e-01,  -1.28115749e+00,
         2.02591524e-01,   1.96454465e+00,   7.88947463e-01,
         3.37705135e-01,   1.13114953e-01,  -5.71242511e-01,
         1.64980435e+00,   8.30366492e-01,  -6.87746704e-01,
        -5.02871990e-01,   2.76308775e+00,  -1.23614621e+00,
        -7.51415014e-01,  -4.67673093e-01,  -1.40986514e+00,
        -1.19036663e+00,   7.09777176e-01,  -9.76159692e-01,
        -1.38618040e+00,   1.90002829e-01,   3.75944853e-01,
        -1.01153409e+00,  -2.05841279e+00,   9.19444382e-01,
        -8.92571270e-01,   2.74566859e-01,  -4.60186958e-01,
        -7.09144413e-01,   1.52697027e+00,   9.26164329e-01,
         5.45364797e-01], dtype=float32), array([  1.09779239e+00,  -1.58815181e+00,  -1.50139487e+00,
        -9.68565047e-01,  -2.52725029e+00,  -2.86147904e+00,
        -4.19514209e-01,  -1.07438135e+00,   7.98535466e-01,
        -1.90168953e+00,  -2.33762622e+00,  -2.55512428e+00,
         5.05376101e-01,  -1.60890174e+00,   2.07783416e-01,
        -3.28727156e-01,   1.75748035e-01,   1.01183832e+00,
        -5.35888195e-01,   3.63611555e+00,  -9.87130284e-01,
         8.23172688e-01,  -6.41756713e-01,  -3.89963984e-01,
        -1.41520524e+00,   1.79171467e+00,   1.83416915e+00,
        -1.56379664e+00,  -9.74732399e-01,  -1.24332523e+00,
         2.52201080e+00,   6.97480798e-01,  -1.49294662e+00,
        -4.08969194e-01,   2.73606944e+00,  -2.14575720e+00,
         8.26476514e-01,  -1.43805385e+00,  -1.45137322e+00,
        -5.50014973e-01,   1.03821956e-01,   6.07461333e-01,
         8.47924888e-01,  -4.65901613e-01,   7.45407104e-01,
         6.40761971e-01,  -1.22288334e+00,   2.76298076e-03,
        -3.06445026e+00,  -1.21175617e-01,  -3.78299147e-01,
         1.16570652e+00,  -5.02401069e-02,  -2.00438547e+00,
        -1.11246537e-02,  -4.34677273e-01,   2.91334224e+00,
        -8.26452374e-01,   1.18370390e+00,  -1.18827701e-01,
         2.44880497e-01,   1.70123410e+00,   1.42129278e+00,
        -1.00369000e+00,   4.62009072e-01,  -1.84778959e-01,
         4.17181671e-01,  -2.74555266e-01,   8.02220926e-02,
         1.17246069e-01,   8.56673539e-01,   1.72092402e+00,
        -3.06714207e-01,  -1.45070702e-02,  -1.98911056e-01,
         3.31782150e+00,   1.71501362e+00,  -1.51259708e+00,
         2.54318929e+00,   4.18860102e+00,  -1.50385237e+00,
        -2.12327194e+00,  -4.82918203e-01,  -1.51480496e+00,
        -5.69120347e-01,   7.10997999e-01,  -1.82226217e+00,
        -2.77345872e+00,   2.01845241e+00,   5.54343402e-01,
        -9.43842709e-01,  -2.55288148e+00,   6.77251697e-01,
        -1.05117309e+00,   4.49678868e-01,   8.40029120e-01,
        -5.49462199e-01,   2.44241762e+00,   2.03866673e+00,
         4.21284176e-02], dtype=float32), array([ 0.85766006, -1.1665746 , -0.87515837, -0.31711105, -2.30089569,
       -2.73365831, -0.88894302, -1.55387187,  0.393794  , -1.42197347,
       -1.01996481, -2.13133383, -0.30577064, -1.10560572,  0.43104342,
       -0.83773172,  0.76984572,  0.20041206, -0.47758758,  3.30369282,
       -0.69583857,  0.51515263, -0.49338672,  0.07879736, -2.20729017,
        2.09733438,  1.34285688, -2.05858111, -0.95048082, -0.23278819,
        2.28342772,  0.92731619, -1.40124094, -0.27060378,  2.62989306,
       -1.26127326,  0.37220752, -1.14448774, -1.32739544, -0.65742266,
        0.25859362,  0.82754165,  0.32006764, -0.3299641 ,  0.15236984,
        0.72045207, -1.01510906,  0.34292203, -2.05194259,  0.2436949 ,
       -0.71236658,  0.08526275,  0.64522773, -1.08246446, -0.32138103,
       -0.16725001,  2.39054132, -0.5301156 ,  0.78340077, -0.79050452,
        0.6196714 ,  1.87039375,  0.84721857, -0.7338348 ,  0.28771362,
        0.4283663 ,  0.36577448,  0.13163358, -0.57186401,  0.83766854,
        0.64024079,  2.09019494,  0.40524191, -0.60773706, -0.42184642,
        2.13002229,  1.53615534, -1.89628458,  1.85024524,  3.61696267,
       -1.32728958, -2.84855342, -0.50243425, -1.01964736, -0.6056245 ,
        0.7456736 , -0.81132835, -1.79597425,  1.92188442,  0.87720644,
       -0.78831089, -2.15997744,  0.5411936 , -0.37019554,  0.27929884,
        0.7033838 , -0.51707292,  1.86180651,  0.7251814 ,  0.29972827], dtype=float32), array([ 0.62576282,  0.56250566, -0.68535233, -0.05382181, -0.83716953,
       -0.40237474,  0.09201115, -0.29243046, -0.24101709, -0.83178771,
       -0.95398492, -1.73300683, -0.01677436, -0.44786745,  0.06648326,
       -0.33328098,  0.00320683,  0.54670691, -0.2936044 ,  1.2821852 ,
       -0.0355939 , -0.1237383 , -0.82406163, -0.57853347, -1.12891126,
        1.01902926,  0.42643455, -0.16515149,  0.35729229, -0.55526197,
        0.63713044,  0.55210716, -0.13872521, -0.5337798 ,  1.26835144,
       -0.29176304,  0.27416092, -0.54545736,  0.12289086, -0.13301539,
        0.29902545, -0.25329947, -0.18590486,  0.17638871,  0.0952864 ,
       -0.62160158, -1.1446085 ,  0.20174807, -0.95922142, -0.47171533,
        0.25573653,  0.54772222,  0.07755389, -0.62302244, -0.02559065,
       -0.36420956,  0.53717506,  0.42062318,  0.23593099, -0.06346422,
        0.02455757,  0.5151732 ,  1.06656694,  0.36335325, -0.04272442,
       -0.40093207,  0.21359532,  0.17371431,  0.29046977,  0.20868626,
        0.49928197,  0.6353367 ,  0.1143898 , -0.02722263,  0.29318649,
        1.24741805,  0.26668042, -0.07342882,  0.14020209,  0.9370411 ,
       -0.30828941, -0.49406034, -0.51320344, -1.15229011, -0.60815179,
        0.28515092, -0.84553617, -0.40371576,  0.05586408, -0.14862819,
       -0.5864377 , -1.32879186,  0.23449531, -0.50564688, -1.07396424,
       -0.35857821, -0.45141268,  0.85438299,  0.85152102,  0.35181367], dtype=float32), array([ 0.52231932, -0.14891857, -1.50587618, -0.834351  , -0.60265237,
       -0.83792686, -0.06133944, -0.39512852, -0.12975651, -1.43927062,
       -1.76273417, -0.71196634, -0.142175  , -0.54977655,  0.09017694,
        0.29955491, -0.03568643,  1.08995736, -1.26828957,  2.6657629 ,
       -0.61124903,  0.88025641, -0.95083153,  0.09190127, -1.17792082,
        2.05688548,  0.07262105, -0.55882418, -0.12260203, -1.12492311,
        1.86696696,  0.76025879, -0.61409289,  0.14908955,  1.81949949,
       -1.5180881 ,  0.00991699, -1.75827324, -0.69601816,  0.79677194,
        0.53561479,  1.27517021,  1.42474008,  0.13654944,  0.62974846,
        0.45892805, -1.61901343,  0.87454504, -1.43212485, -0.09984084,
       -1.28825915,  0.92084098,  0.66416448, -0.07977724, -0.33231649,
       -0.10181354,  0.5465048 ,  0.27165055,  0.85450101, -1.53724372,
       -0.65599835,  1.62305832,  2.05798149,  0.71096241,  0.12207466,
        0.08718977,  0.77718425, -0.21758334, -0.3708733 , -0.32378548,
        0.66560113,  0.892744  ,  0.17297071,  1.33085418, -1.26183915,
        1.37755096,  0.8245393 , -0.05511962,  0.2755515 ,  1.85513556,
       -0.84595186, -0.74136961, -0.79424697, -1.05552399, -1.16394663,
        0.02815787, -1.32830286, -1.71282983,  0.39631906,  0.28494707,
       -1.20733058, -2.56406999,  0.97039962, -1.24045849, -1.48742795,
       -1.26659048,  0.47764388,  1.23133492,  1.5177151 ,  1.4626497 ], dtype=float32), array([ 0.99787164,  0.5616284 , -1.39434361,  0.06359401, -0.59893268,
       -2.00500512,  0.28019696, -1.21207511,  1.37146211, -2.40901685,
       -1.93173504, -2.34679127,  0.50085187,  0.08251297,  0.62892663,
       -0.99612737,  1.14201391, -0.0636439 , -0.92452729,  3.20623708,
       -0.70875853, -0.64862168, -0.80027658, -0.01679349, -1.94470632,
        1.61013091, -0.24139845, -1.07079887, -0.19588317,  0.53522193,
        1.06356537,  0.63656336, -1.01982605, -0.8018927 ,  3.30895066,
       -1.29140067,  0.6142714 , -2.50131774,  0.56541258,  1.02669036,
        0.28632319,  1.54239762, -0.62464142, -0.32483044,  0.08209827,
        0.01558146, -0.42245716, -0.15897804, -2.71943784, -1.27830589,
       -2.05511498,  0.81402695,  1.16008592, -2.14014983, -1.01972461,
        0.01473579,  1.07397783,  0.14152156,  0.39437038, -1.24697185,
        1.58351231,  0.99832058,  2.14638066,  0.14700681,  0.94725704,
        0.59592068,  1.1415323 ,  0.1567854 , -0.42368218,  0.43822986,
        1.44004822,  1.47589409,  1.49315238, -0.01464364, -0.80443054,
        1.74961245,  1.05306149, -0.13135628, -0.67226309,  2.2521193 ,
       -0.02795979, -1.62340951, -0.55600405, -0.95405537, -1.45699906,
        1.65904009, -0.94068694, -1.64257753,  0.79968894,  0.38801274,
       -1.7149899 , -2.9992187 ,  0.65823507,  0.23947372, -1.12227738,
        0.23972207,  0.01867267,  1.35744429,  0.88415605,  1.32366765], dtype=float32), array([ 0.84081542,  0.1356734 , -0.32793263,  0.01191986, -0.17902815,
       -1.1545589 , -0.89694339,  0.36608091, -0.15027778, -0.98006612,
        0.08732737, -1.33179832,  0.77940112, -0.24268804, -0.17233647,
       -1.01788783, -0.44379848,  0.29239708,  0.67841136,  2.49954629,
       -0.47705039,  0.70652121, -0.60980844, -1.47985637, -0.88650429,
        1.45354795,  0.52883857, -0.30147567,  0.40778285, -0.79484069,
        0.84697354,  0.40253195, -1.12707043, -0.19339588,  2.40600538,
       -1.10554326,  1.59341395, -2.04273176, -0.81850803,  0.48034042,
        0.84274977,  0.95026392, -0.68143618,  0.49861151,  0.34081647,
        0.19267584, -1.85486579,  0.88072449, -1.59125531, -0.51723462,
       -1.70424902,  0.36822021,  1.59032202, -0.77075529,  0.05190086,
        1.06746972,  0.57745171,  0.21245782,  0.76145273, -0.89175451,
       -0.11885629,  1.62420559,  2.3145864 ,  0.1464832 ,  0.13106324,
        1.15571761,  0.53868616,  0.12558098, -0.10895613,  0.54246718,
        0.29664519,  0.44703159,  0.68449455,  1.67481077, -0.62574583,
        1.35399425,  1.46391976,  0.01916535,  1.0793736 ,  1.97372401,
       -1.05635881, -0.94010144, -1.31416333, -1.22637188, -0.90779096,
        0.87624198, -1.89652562, -1.39894485,  0.93770748, -0.38038644,
       -1.32634449, -1.29519272, -0.44869456, -0.8201955 , -1.34675002,
       -0.28949216, -0.61803114,  1.63114321, -0.29480821,  0.93302506], dtype=float32), array([ 0.49182358,  0.13033617, -0.870821  ,  0.03890807, -0.05023348,
       -0.52929688,  0.31857303, -0.61989224,  0.11558162, -1.22470737,
       -0.81298554, -1.02510262, -0.36307153, -0.68982655,  0.63529927,
        0.04011263,  0.16324848,  0.36124176, -0.25793815,  1.54842937,
       -0.62248719, -0.04430632, -0.0594546 ,  0.05765048, -0.82825011,
        0.91736174, -0.15677167, -0.79776192, -0.52563351,  0.50733703,
        0.52892035,  0.70146465, -1.14136958, -0.02328905,  1.05860829,
       -0.59192246,  0.11824311, -1.40187836, -0.11509499,  0.52370405,
        0.18738897,  0.62712342, -0.10851736,  0.00737246, -0.47308105,
       -0.1841609 , -1.04057097,  0.7006942 , -1.76398122, -0.46529225,
       -0.59737861, -0.22102922, -0.13811611, -0.52809209, -0.58151847,
       -0.28342736,  0.70419592,  0.15027539,  0.42044473, -0.38347393,
        0.3885031 ,  0.95669633,  0.6056428 ,  0.09730682,  0.46285844,
        0.02107341,  0.13551293,  0.76165521, -0.13133603, -0.05442258,
        0.21103513,  0.45421287,  0.60875022, -0.22634457, -0.10330489,
        1.14490032,  1.12412417, -0.71741027,  0.55606413,  2.04459357,
       -1.11130369, -0.91251826, -0.51087463, -0.87193757, -0.78112239,
       -0.25486279, -1.07431626, -0.2192345 ,  0.64180374,  0.34500834,
       -0.48179093, -1.314538  ,  0.67276025,  0.25334594, -0.42251778,
        0.48105168, -0.00503162,  0.79496092,  0.9878065 ,  0.77706945], dtype=float32), array([-0.11398589, -1.03429401, -1.05641389,  0.37196511, -0.22339585,
       -0.63310325,  0.7275964 , -0.54119426, -0.07964543, -1.31393015,
       -1.42157209, -2.06043935,  0.00580408, -1.3356545 ,  0.49398261,
       -1.02560353, -0.59254402,  0.83668214, -1.34843576,  2.46088243,
       -1.26668084,  0.91995513, -0.03075011, -0.96243006, -0.73695225,
        1.75019729, -0.45489752, -0.48230565, -1.37279379, -0.17245942,
        1.19486451,  0.13612616, -0.87417132,  0.86682522,  2.23361683,
       -1.64021373,  0.20749712, -1.18468714, -0.29924315,  0.72135597,
        0.63262314,  1.05521131, -0.90797782, -0.11896162,  0.35253578,
        0.53704351, -1.44973326,  2.20126891, -2.31005859, -0.73857826,
       -0.54579407,  0.73368597,  1.15432584, -0.26862302, -0.05758075,
        1.12623668,  0.8413294 ,  1.06592512,  1.67151451, -1.06126821,
        1.12305188,  1.05798399,  1.68492115,  0.29268891, -0.49368706,
        0.29709697,  0.09554826,  0.20862719, -0.48915163,  0.71932626,
        1.53241086,  0.37034753,  1.79828775,  0.94306856, -0.72358757,
        1.79068935,  1.82691848, -0.49572945,  1.13521504,  2.26047325,
       -1.94085121, -0.90132302, -1.13847101, -0.71550268, -1.23230934,
       -0.21423264, -0.89766288, -2.14801288,  0.3516843 ,  0.36081097,
       -1.19274211, -1.10969186,  0.67656136, -1.16245496, -0.76896638,
       -0.53625435,  0.52667737,  1.7367022 ,  0.51515937,  1.47483969], dtype=float32), array([ 0.7299161 ,  0.43972003, -1.79563403,  0.25174466, -0.54016274,
       -1.07455039, -0.50970453, -1.57426238,  1.05563045, -1.89585936,
       -0.3893925 , -2.23368979,  1.20375502, -0.77233446,  0.63061911,
       -0.56603688,  0.04348673,  0.3046779 , -1.89591098,  2.78522563,
       -1.88540602,  0.40431195, -0.33286047, -0.84723693, -0.42925882,
        1.17888892,  0.22048649, -0.32645407,  0.17853692,  0.22710176,
        1.54592037,  0.18024296, -1.63123465,  0.52930999,  2.69874978,
       -2.33441591,  1.38723469, -3.19164872, -0.52258384,  0.34523886,
       -0.0855462 ,  0.7375052 ,  0.40771282,  0.85268933,  0.33112362,
        0.38283375, -1.60630953,  1.62623107, -1.64578187, -0.10617408,
       -0.97102535,  0.97677583,  1.83149397, -0.87681127,  0.09931326,
        0.23882468,  0.67721927,  1.24092853,  0.82563365, -1.84758604,
        0.64748901,  1.43960404,  1.4564054 ,  0.87669039, -0.52353859,
       -0.49617407,  1.29421413, -1.25679171,  0.01095672,  0.0471307 ,
        1.36872506,  0.38253784,  0.86844248,  1.00177741, -0.55772054,
        2.39199305,  1.40036547,  0.05876264,  0.53490317,  2.13502121,
       -1.64477813, -0.80102521, -0.78182787, -1.14273477, -1.22349155,
        0.94248688, -0.38238144, -2.51421475,  0.89221424,  0.35885674,
       -1.51280081, -2.65923691,  0.2864019 , -0.94168907, -0.1304341 ,
       -0.11913569, -0.32032156,  2.56708264,  1.58186698,  2.92064166], dtype=float32), array([ 0.2184737 ,  0.20803991, -0.70413041,  0.06063771, -0.02533923,
       -0.56850886,  0.3405886 , -0.05936439,  0.50844395, -0.6017406 ,
       -0.72027576, -0.78222549,  0.10555339, -0.46326834,  0.30910322,
       -0.42572996,  0.34595364,  0.09835819, -0.05441424,  1.31986761,
       -0.16585112,  0.19059063, -0.39093283, -0.66240519, -0.73222172,
        1.17776716,  0.11334313, -0.47929201,  0.10506157, -0.3304553 ,
        0.93735731,  0.33840474, -0.17899814, -0.27149868,  1.74834728,
       -0.93048525,  0.71997666, -0.69806165, -0.59044713,  0.54462218,
       -0.60599816,  0.59007639,  0.39491266,  0.4481943 ,  0.22088613,
        0.3399443 , -1.01217556,  1.06888056, -1.20946407, -0.5463016 ,
       -0.08769559,  0.61519581,  0.455834  , -0.77046406, -0.06366079,
        0.46845001,  0.50980252,  0.26795343, -0.13508488, -0.18531942,
       -0.0732213 ,  0.71772665,  0.8185221 ,  0.12426571,  0.34259045,
       -0.16735025,  0.67807454,  0.39427686, -0.37728718,  0.10611866,
        0.04148714,  0.2821545 ,  0.48621997,  0.53953862, -0.22095585,
        1.6138792 ,  0.84414399,  0.38211983,  0.17037396,  1.12727487,
       -0.44254759, -0.19996776, -0.55771828, -0.58088154, -0.54128909,
        0.10993029, -0.67080313, -1.04982555,  0.54417098,  0.16483359,
       -0.84880614, -1.5339185 ,  0.22630619, -0.61844385, -0.71277714,
       -0.03596193,  0.07676802,  0.01630909,  0.20877984,  0.33004031], dtype=float32), array([ 0.4496904 , -0.68147403, -0.49131829,  0.30310094, -0.28094989,
       -0.06584   , -0.00869182, -0.52472514,  0.68118018, -1.13192701,
       -0.91155589, -0.28092927,  0.30724537, -0.30416209,  0.27785903,
       -0.05344915, -0.14658737,  0.19277667, -0.25638711,  1.70226324,
       -0.32777822,  0.13585216, -0.57664245, -0.02949229,  0.14411357,
        0.74226034, -0.22058886, -0.16859978, -0.20854308,  0.14954942,
        1.38406432,  0.31746146, -1.25293636,  0.19896455,  1.31834745,
       -0.51334125, -0.09669118, -1.42461729, -0.65213996,  0.48867753,
        0.33463672,  1.19943583,  0.03497338, -0.38459757,  0.35859337,
        0.13334407, -0.96153998,  0.90040666, -1.02021372, -0.54970765,
       -0.4575333 ,  0.49823406,  0.08060576, -0.17494312, -0.36979198,
       -0.23893279,  0.91713023, -0.30103877,  0.60220259, -0.03081158,
       -0.52622867,  0.78454876,  0.89212209,  0.12243053,  0.29911464,
       -0.28944448,  0.18309596,  1.01512432, -0.73348677, -0.00770107,
        0.30421144, -0.42449087,  0.45772758,  0.05297824, -0.82753378,
        1.51751125,  0.34172985, -0.23657195,  0.65759015,  1.58709216,
       -1.35345054, -0.64778852, -0.08397432, -0.83793449, -0.71104783,
        0.04803175, -0.73665076, -0.84355307,  0.88310093,  0.38980165,
       -0.0810935 , -0.96899575,  0.45295209, -0.31199819,  0.47667825,
        0.58843887, -0.2612763 ,  0.90026003,  0.77365518,  0.59806418], dtype=float32), array([  9.96153891e-01,   2.55303085e-03,  -1.01031113e+00,
         4.99666221e-02,  -6.76569164e-01,  -1.69306469e+00,
         9.27128434e-01,  -8.42943192e-01,   1.28470087e+00,
        -2.11243224e+00,  -2.24240947e+00,  -2.88702011e+00,
         1.70315981e-01,  -3.34713459e-01,   5.90153456e-01,
        -8.92307580e-01,   9.60077822e-01,   3.35058331e-01,
        -1.35290968e+00,   4.44715881e+00,  -9.10638392e-01,
        -6.57799184e-01,  -5.83328068e-01,   3.96432877e-01,
        -2.39819932e+00,   1.60030627e+00,  -7.60192811e-01,
        -1.74723721e+00,  -2.83791646e-02,   6.98544502e-01,
         6.50213897e-01,   3.36864471e-01,  -1.16231310e+00,
        -1.03197694e+00,   4.70745325e+00,  -1.76123095e+00,
         1.24177861e+00,  -3.43222809e+00,   4.75782096e-01,
         1.36955047e+00,   3.64183128e-01,   2.09052396e+00,
        -4.54240263e-01,  -2.42429733e-01,   2.32603639e-01,
        -3.22622448e-01,  -9.90998387e-01,   1.70788676e-01,
        -3.91306186e+00,  -1.98739493e+00,  -1.97430313e+00,
         8.64880323e-01,   1.16061521e+00,  -2.63181162e+00,
         1.62308931e-01,  -1.97929367e-01,   1.94881344e+00,
         6.32846892e-01,   3.47152725e-02,  -8.42359304e-01,
         2.17828727e+00,   1.40399301e+00,   2.52932763e+00,
         2.76428580e-01,   1.22286916e+00,   5.52556813e-01,
         1.93465006e+00,   3.71038504e-02,  -4.38212991e-01,
        -2.70740569e-01,   5.91802478e-01,   9.89114225e-01,
         1.10874546e+00,  -2.22775042e-02,  -5.56287229e-01,
         1.78052998e+00,   1.53705716e+00,  -6.61818981e-01,
        -3.63000661e-01,   2.46387100e+00,   1.76362410e-01,
        -1.89324057e+00,  -1.10529256e+00,  -1.46956873e+00,
        -1.37957489e+00,   9.85989809e-01,  -1.27051401e+00,
        -1.23505449e+00,   4.58140165e-01,   4.68799502e-01,
        -1.82167375e+00,  -3.39417052e+00,   1.33421242e+00,
         3.47902119e-01,  -1.30319524e+00,   6.15118384e-01,
         7.64956117e-01,   1.27218878e+00,   5.97035944e-01,
         1.34352052e+00], dtype=float32), array([ 0.56806743, -0.52974451, -0.44500816,  0.19627599, -0.37999678,
       -2.18532491, -0.18295503, -1.48182476,  0.96723402, -2.14308906,
       -1.24144983, -2.20491934, -0.36544517, -0.05173734,  1.2403332 ,
       -0.96286649,  0.99961603, -0.11469534, -0.62033528,  3.38191867,
       -0.09012418,  0.17189825, -1.61646223, -1.25767255, -2.47998095,
        1.33346283, -0.26947984, -0.76112133, -0.39196435, -0.33970442,
        1.10620761,  0.93998396, -2.07636905, -0.65200096,  3.19844961,
       -2.66284347,  0.61575943, -2.32786131,  0.16000374,  0.39412868,
       -0.61451358,  1.27986419, -1.75427282,  0.84607571,  1.48758161,
       -0.36090016, -1.61117899,  0.46286869, -3.50729704, -0.56247956,
       -1.94346535,  0.77179778,  0.79971683, -1.92723358, -0.50664532,
       -0.76628608,  2.41381407,  0.83782399,  0.08616867, -1.08595788,
        0.69533694,  1.28802013,  2.15885925, -0.17220116,  0.6661185 ,
        1.02835369,  0.77083045,  0.61870831, -0.63138932, -0.14982077,
        0.63314211,  1.90513813,  0.6690039 ,  0.78699857, -0.05386537,
        2.90051126,  0.84848958,  0.73693919, -0.38449186,  3.52906156,
       -0.47301313, -0.63164848, -0.63851148, -1.66542661, -1.37744284,
        1.00105011, -1.32737625, -1.20094562, -0.24124084,  0.69450545,
       -1.74632537, -2.83952522,  0.95925766, -0.21550246, -0.45815867,
       -0.04474323, -0.53612214,  1.63644111,  1.64407134,  1.05210388], dtype=float32), array([ 0.67510331,  0.52739269, -1.28999746, -0.3497982 , -0.83296788,
       -0.76050377,  0.21333158, -1.07576823,  0.43335611, -1.55154455,
       -1.54756343, -1.94899428,  0.37914777, -0.82579094, -0.26674592,
       -0.41869736, -0.0328673 ,  0.07095432, -1.30867147,  2.16286135,
       -0.97683656,  0.37966412, -0.91625881, -0.60598272, -1.67643523,
        2.11890841,  0.18644907, -0.21717894,  0.14976211, -0.82957035,
        1.51645887,  0.91780931, -0.21755217, -0.33610636,  1.84519553,
       -1.14035213,  0.55145413, -2.08542776, -0.5554449 , -0.19995481,
        0.12209184,  0.28070939,  0.51600289, -0.07981202,  0.20798647,
       -0.33284733, -1.84416807,  0.77941352, -1.68982649, -0.69404995,
       -0.07628165,  0.71051532,  0.70499879, -0.93834734, -0.21022105,
       -0.4288393 ,  0.84219182,  0.66711074,  0.53832471, -0.47848266,
       -0.28456515,  1.262514  ,  1.78046989,  0.43221867, -0.04462722,
       -0.60873532,  0.81223536,  0.01023574,  0.61871457, -0.36134729,
        1.03516662,  0.91442662,  0.07805988,  0.49116307, -0.10533641,
        1.79483604,  0.54309487,  0.42552587,  0.04238351,  1.82885134,
       -1.09205627, -0.41165009, -0.56849778, -1.37968171, -0.98324507,
        0.50567901, -1.34422958, -1.36785579,  0.36771923,  0.07731372,
       -1.28137112, -2.43439102,  0.54821891, -1.17913353, -1.20480835,
       -0.82523441, -0.43701372,  1.75120389,  1.55205405,  1.03682017], dtype=float32), array([  5.37868142e-01,   4.30290371e-01,  -1.02448857e+00,
        -3.15683067e-01,  -2.61919320e-01,  -7.15697229e-01,
        -4.31375146e-01,  -7.16355562e-01,   9.28786993e-01,
        -4.89849627e-01,  -4.49841797e-01,  -1.38427210e+00,
         1.48254588e-01,  -6.60953224e-01,   7.02328086e-01,
        -3.09244543e-01,  -3.20134610e-02,   8.88165757e-02,
        -4.17056084e-01,   1.25591278e+00,  -1.35061085e-01,
         3.03692400e-01,  -2.12506920e-01,  -5.04359961e-01,
        -1.12080848e+00,   5.44711232e-01,   4.02249992e-01,
        -5.14815331e-01,  -5.56148052e-01,  -2.93430805e-01,
         2.47706130e-01,   1.11877799e+00,  -7.83416212e-01,
        -8.23640823e-02,   1.63846362e+00,  -1.44496620e+00,
         5.80392897e-01,  -7.75775969e-01,  -4.11382973e-01,
        -1.22222826e-01,  -8.30912963e-04,   2.39001766e-01,
         8.81244838e-02,   3.70057166e-01,  -1.19556338e-02,
        -5.21283746e-01,  -9.72801089e-01,  -3.95649746e-02,
        -1.15491974e+00,  -7.50191882e-03,  -4.63899463e-01,
         3.80107403e-01,   1.67441651e-01,  -7.82752573e-01,
         2.32028589e-01,  -6.16447806e-01,   5.45104861e-01,
         6.69912100e-01,   7.34708667e-01,   2.60534883e-03,
         5.64473808e-01,   7.84970343e-01,   8.89447689e-01,
         5.22819936e-01,   1.05946079e-01,  -1.28018618e-01,
         3.14363569e-01,  -1.27248704e+00,   3.04768950e-01,
         1.87848091e-01,   4.83717859e-01,   6.20825112e-01,
         5.29141843e-01,   9.08054352e-01,   3.79414409e-01,
         1.64554000e+00,   5.06047428e-01,   1.55576795e-01,
         1.59382522e-01,   1.61307192e+00,  -5.62357247e-01,
        -4.23068941e-01,  -4.75100338e-01,  -4.32214439e-01,
        -6.83098674e-01,   3.99009317e-01,  -5.73768616e-01,
        -1.18949258e+00,   7.96028078e-02,   5.84143251e-02,
        -5.02350092e-01,  -1.33786976e+00,  -1.89914554e-01,
        -1.26939625e-01,  -2.44400799e-01,   3.28745246e-01,
        -2.25769982e-01,   7.87123799e-01,   5.62485039e-01,
         5.15922248e-01], dtype=float32), array([  3.30989003e-01,  -1.62977898e+00,  -2.59627628e+00,
         9.65077758e-01,   2.94145554e-01,  -1.71320152e+00,
        -5.30204356e-01,  -1.28453434e+00,   1.42634737e+00,
        -2.85997701e+00,  -2.08379602e+00,  -1.29781795e+00,
         3.17260101e-02,  -1.14013338e+00,   2.12364984e+00,
        -7.15960190e-02,   2.55589485e-01,   7.27047861e-01,
        -2.05814171e+00,   3.90275121e+00,  -2.06074957e-03,
         7.63648689e-01,  -1.32987428e+00,  -7.55179882e-01,
        -1.50753462e+00,   2.24209070e+00,   8.00867081e-01,
        -1.01280332e+00,  -1.67382312e+00,  -4.08649474e-01,
         3.75917792e+00,   1.13438272e+00,  -2.50191545e+00,
         3.92006934e-01,   2.43992019e+00,  -2.53750062e+00,
         1.75438261e+00,  -2.90620637e+00,  -9.92447734e-01,
         1.76902008e+00,  -8.83874416e-01,   1.70927370e+00,
        -3.68265450e-01,   2.42785007e-01,   3.55203271e-01,
         1.05349064e+00,  -3.43186140e+00,   3.23144269e+00,
        -4.15657806e+00,  -3.36499423e-01,  -1.43279755e+00,
         7.68722057e-01,   1.08994794e+00,  -5.40060997e-01,
        -4.07482147e-01,   7.34378815e-01,   5.24386406e-01,
         1.06259966e+00,   1.85551953e+00,  -2.39457226e+00,
        -5.79953194e-05,   3.22941852e+00,   2.22538495e+00,
         4.04551238e-01,  -2.05754742e-01,   4.44709688e-01,
         2.79392213e-01,   1.41734302e+00,  -1.33016741e+00,
         4.81682748e-01,   2.21100283e+00,   1.05727243e+00,
         1.66914952e+00,   7.97793210e-01,  -1.02514946e+00,
         4.12645006e+00,   2.30592418e+00,  -1.93208671e+00,
         1.18896294e+00,   5.33279133e+00,  -2.30624652e+00,
        -2.15033603e+00,  -9.01647449e-01,  -1.95986581e+00,
        -1.97502697e+00,   4.21902984e-01,  -1.22999620e+00,
        -2.91390562e+00,   1.07293332e+00,   5.82193613e-01,
        -1.80409700e-01,  -3.71802902e+00,   6.27392352e-01,
        -1.85666621e+00,   5.59755445e-01,  -2.50326842e-01,
        -6.07286215e-01,   2.42143798e+00,   9.99400079e-01,
         2.02985668e+00], dtype=float32), array([-0.18127075, -0.54180789, -0.84773076,  1.31802952,  1.02928722,
       -0.36662278, -0.39903429, -1.36496174,  0.73237371, -1.63458157,
       -1.25521803, -0.55470759, -0.39425823, -0.491786  ,  1.04514337,
       -0.11002585,  0.22597453,  0.30664897, -0.17524289,  2.38602805,
       -0.0125149 ,  0.51400167, -0.29050618, -0.18566966, -1.16811061,
        1.60125649,  0.70290476, -0.05005923, -0.74288452, -0.03887922,
        2.37001491,  1.22115266, -1.12868941,  1.14792144,  1.13271725,
       -1.43878222,  0.65615398, -1.90890753, -0.95727921,  0.70056492,
        0.02385698,  1.71355557, -0.33790159,  0.06199577,  0.36356086,
        0.5997535 , -1.89775443,  1.17798626, -1.94632804, -0.23192397,
       -1.18830466,  0.64162606,  0.73140037, -0.37281683, -1.09787178,
        0.76779401,  0.60671204,  0.71213734,  0.41816953, -0.64792067,
       -0.68775785,  2.13837981,  1.66156244,  0.30199462,  0.11219809,
       -0.54116315,  0.57587105,  0.34769282, -0.52752852, -0.80527651,
        0.87279022,  0.16575484,  0.57471114,  0.92427063, -0.64171845,
        1.98919213,  1.60065532,  0.67955071,  0.24351344,  2.43714547,
       -1.14885044, -0.53798962, -0.37675363, -1.17983091, -0.82955194,
        0.36406347, -0.97302455, -1.21741962,  0.33282065,  0.07278326,
       -0.05113757, -1.8219806 ,  0.68693018, -0.66943806, -0.56369519,
       -0.04635617, -0.3354598 ,  1.55835915,  0.06853893,  0.86317474], dtype=float32), array([ 0.23236905,  0.06189793, -0.47336772,  0.33378148, -0.16508837,
       -0.87312764, -0.04505119, -0.51060343,  0.3659749 , -1.00946093,
       -0.71576816, -1.05939078, -0.49985287, -1.32305479,  0.37530085,
       -0.45170555, -0.39255783,  0.06828091,  0.02372035,  1.80140793,
       -0.73142272,  0.34824979, -0.09245761, -0.95969033, -1.00657463,
        1.09602642,  0.42028996, -0.44807643, -0.85344237,  0.24892393,
        0.70201218,  0.73357177, -0.35359323, -0.3478249 ,  1.53376794,
       -1.11992931,  0.6640898 , -0.63120246, -0.24175002,  0.40842375,
        0.28469294,  0.60820109, -0.17589681, -0.36674669,  0.29377496,
       -0.10371967, -1.13520241,  0.3967194 , -1.5895226 , -0.49837631,
       -0.75384861,  0.05694278,  0.7507354 , -0.1771327 ,  0.16442898,
        0.60365462,  0.51488274,  0.63081014,  0.86918783, -0.50156075,
        0.62460518,  1.05500162,  0.66728657,  0.27540037,  0.05571926,
        0.72926283,  0.41986158, -0.24941768,  0.09103493,  0.57961482,
        0.64805436,  0.52817661,  1.09278858,  1.05606616, -0.13724865,
        0.93267179,  1.61832416, -0.13826478,  0.31293157,  1.88723779,
       -0.27866229, -0.55178672, -0.3316412 , -0.53586191, -1.17236245,
        0.02376118, -1.0660491 , -1.56262994,  0.38759232,  0.55203795,
       -0.91086113, -1.08156514,  0.11601055, -0.06721596, -0.80025399,
        0.08106733, -0.0287032 ,  1.16362023,  0.05007131,  0.71347952], dtype=float32), array([ 0.38573125,  0.53837615, -0.8700521 ,  0.65673119, -0.29763609,
       -1.01888084, -0.17994963, -1.01614857,  0.02928302, -1.32367313,
       -0.42106098, -0.32491753,  0.76140749, -0.65850765, -0.06094619,
       -0.47741595,  0.51015216, -0.72260207, -0.42574984,  1.70256615,
        0.11511418, -0.01984654, -0.90102023,  0.38666049, -0.71089679,
        1.36490285,  0.04154376, -0.77254033, -0.56744176,  0.17607766,
        0.75421953,  0.12520681, -1.44451499,  0.71780509,  2.24617171,
       -1.60484576,  0.48097613, -2.43339062, -0.30882165,  0.72546899,
       -0.45683402,  1.13218868, -0.02900475,  0.72930789,  0.70564979,
       -0.36298254, -1.08071315,  0.50432909, -1.51120853, -0.41084975,
       -0.90593243,  0.15683219,  1.34384131, -1.03442061, -0.70744038,
        0.12950704,  1.42094612,  1.7132082 ,  0.06467399, -0.55395395,
        0.73875254,  1.23146367,  1.08124447, -0.06520587, -0.32740748,
        0.28927779,  0.64780939,  1.13508654, -0.47580215,  0.11553427,
        0.57788008,  0.14875238, -0.20446394,  0.58899856, -0.54868251,
        1.52487326,  1.43618333, -0.61763448, -0.46564287,  1.90257001,
       -0.64992154, -0.21622919, -0.02238644, -1.12728977, -0.92535198,
        0.75186121, -0.67549825,  0.34771669,  0.75524962, -0.37300825,
       -1.04799056, -1.53493702,  0.46622837, -0.12498517, -0.69377393,
        0.34521356, -0.02120879,  0.8376683 ,  0.59907281,  0.60209167], dtype=float32), array([ 0.65184247,  0.30856943,  0.0965289 ,  0.16291973, -0.33479831,
       -0.85767823, -0.08270058, -1.24986851,  0.4317632 , -0.94451845,
       -0.99897826, -1.6255281 ,  0.07180896, -0.61329043,  1.12248111,
       -1.03001773,  0.34400642,  0.77027631, -0.52153224,  2.87845588,
       -0.67938071,  0.41298798, -1.38074756, -0.28464729, -1.65592301,
        1.05290341, -0.56295794, -0.45045707, -0.27711913, -0.53153706,
        2.45170426,  1.4941777 , -1.76164472, -0.34150383,  2.54782987,
       -1.09807634,  0.72642505, -2.24914169, -0.60559332,  0.68955779,
       -0.40671167,  0.99097764, -0.46146312,  0.00366843,  0.10329115,
        0.09740248, -1.24276781,  0.76207447, -2.23699188, -0.68719262,
       -1.16243911,  0.22648013,  0.87442809, -0.38110468, -0.93057233,
       -0.72991639,  0.87083244,  0.37223274,  0.93529218,  0.05396653,
        0.21193372,  2.06957221,  2.40732145,  0.51916963,  0.31801018,
        0.59962946,  0.39126527,  0.13167945, -0.66717529,  0.22950585,
        1.06814945,  1.07971764,  0.27539533,  0.57030869, -0.52055186,
        1.79388463,  0.9186421 , -0.43137291, -0.15383902,  2.68276048,
       -1.81740069, -1.14243376, -0.42533624, -0.96349496, -1.17894614,
        0.5839172 , -1.38553488, -0.86736691,  0.53050995,  0.89036119,
       -0.9702431 , -2.48410249,  1.13350606, -0.14736694, -0.16688745,
       -0.80341053, -0.21687834,  1.96566975,  0.11151882,  0.34264845], dtype=float32), array([ 1.42135501, -0.77710176, -1.50865543, -0.83783478, -2.62664986,
       -2.39927864, -0.35643473, -1.13137829,  0.21655357, -1.61460984,
       -2.49380755, -3.31694412,  0.77447063, -1.48824906, -0.50353801,
       -0.54755211,  0.06722428,  1.00244558, -0.46661067,  3.68070984,
       -1.5706718 ,  0.60973698, -0.63705784, -0.29385531, -2.04568839,
        1.95232129,  1.77584743, -1.58932245, -0.80611229, -1.06746781,
        2.42359757,  0.70360839, -1.24401832, -0.74241036,  2.64536786,
       -1.3467983 ,  0.63419682, -1.08904028, -1.228333  , -0.77674437,
        0.60363239,  0.38019627,  1.07260156, -1.03763044,  0.59358126,
       -0.01738455, -1.24059784,  0.35700947, -2.48467588, -0.62873632,
       -0.65556908,  1.34012139, -0.01558721, -1.56965482, -0.20508412,
       -0.18793143,  2.74641228, -1.01337719,  1.23174191, -0.28172356,
        0.28894013,  1.66123104,  1.56306326, -0.69824779,  0.49573115,
       -0.01784697,  0.32462266, -0.35358524,  0.35501385, -0.06220559,
        1.04226744,  1.91235387, -0.13390459, -0.05076663, -0.41887423,
        2.6354847 ,  1.36724126, -1.57352817,  2.15178013,  3.3462069 ,
       -1.32251143, -2.20618105, -0.82084817, -1.35241425, -0.7510621 ,
        0.63229018, -1.74021244, -2.31568408,  1.93865621,  0.77167916,
       -1.0791893 , -2.8736403 ,  0.50001299, -0.99701047, -0.32885191,
        0.5691365 , -0.87084454,  2.46921873,  2.30211401,  0.09874809], dtype=float32), array([ 0.50517309, -0.05850172, -0.46449506,  0.70108521, -0.18384439,
       -0.56720251,  0.06241985, -0.74057472, -0.02344503, -1.1102972 ,
       -1.01495373, -0.66652244, -0.31331426, -0.72568846,  0.52116859,
       -0.53384262, -0.27360785,  0.31774598, -0.44580176,  1.90996957,
       -0.31044719,  0.37368724, -0.18315735, -0.21008869, -1.23147726,
        1.46033454, -0.09208456, -0.77049434, -0.50347912, -0.28688198,
        1.48507619,  0.41002393, -1.14304173, -0.27846801,  1.87516105,
       -0.79838789,  1.16571593, -1.03907061, -0.14030881,  1.82593262,
        0.55417633,  0.44711548, -0.65166593, -0.29910243,  0.801117  ,
        0.42350867, -0.92784578,  1.49159217, -2.1402061 , -0.26430678,
       -0.83334577, -0.26181197,  0.62503284, -0.56139177,  0.14426886,
        1.20577097,  0.84510493,  0.61933893,  1.48160279, -1.17356396,
        0.16655883,  1.14359951,  1.95507753,  0.29582483, -0.4385826 ,
        1.27592039,  0.27333257, -0.07638638, -0.35854247,  0.47487083,
        0.57733464,  0.79922169,  0.13263109,  1.71581888, -0.53032851,
        0.62690616,  2.26136351, -0.49321213,  0.75320226,  2.65616512,
       -0.00882354, -0.63099486, -0.49299175, -0.74009001, -1.32901478,
        0.90230203, -2.10072732, -1.94629896,  0.51709318,  0.27658495,
       -0.73872674, -1.34893262, -0.0305386 , -1.51336694, -0.6372577 ,
       -0.82481658,  0.04968569,  0.87708163,  0.29124656, -0.08025695], dtype=float32), array([ 0.63982296,  0.52355283, -0.84402448, -0.09115658, -0.88283712,
       -0.4470703 , -0.02964267, -0.14536677, -0.18168597, -0.91983581,
       -1.07067335, -1.73308682,  0.14717337, -0.38927197, -0.01391572,
       -0.38687178,  0.15647908,  0.39392883, -0.37585771,  1.28256881,
       -0.15127821, -0.03359698, -0.79869938, -0.57222509, -1.12799346,
        1.12870443,  0.53707552, -0.13455766,  0.32544577, -0.64079386,
        0.55913788,  0.61862189, -0.1163325 , -0.52231026,  1.20118487,
       -0.38332176,  0.35548344, -0.59350938,  0.13077465, -0.19691443,
        0.23637678, -0.27546698, -0.02903811,  0.10727791,  0.00345404,
       -0.57705569, -1.21285892,  0.23084158, -1.08212411, -0.50967115,
        0.23543334,  0.60546607,  0.11299061, -0.75151479, -0.07502988,
       -0.33841684,  0.63574857,  0.34874624,  0.35957167, -0.02048719,
       -0.11749329,  0.50814807,  0.97615343,  0.35902309, -0.06519318,
       -0.47103509,  0.26396668,  0.10875043,  0.47832227,  0.10967132,
        0.45984942,  0.70662183,  0.05945233, -0.03794871,  0.20722654,
        1.32191861,  0.17089833, -0.06226164,  0.05710039,  0.899239  ,
       -0.45774692, -0.37930143, -0.50905979, -1.02155769, -0.63337004,
        0.23024416, -0.85144472, -0.48506287,  0.16505122, -0.21833265,
       -0.67846888, -1.43408179,  0.1202563 , -0.55329973, -1.00592315,
       -0.42266273, -0.41828203,  1.02278316,  1.02178383,  0.46946257], dtype=float32), array([-0.2624523 ,  0.11225468, -0.50962967, -0.10934459,  0.61865574,
       -0.48688361, -0.26638001, -0.37093756,  0.52813584, -0.78982764,
       -0.79346061, -1.12694097,  0.33982423, -1.23552656, -0.27484441,
       -0.0730967 , -0.0843728 ,  0.39102772,  0.47108731,  1.92911434,
       -0.54067737,  0.94350672,  0.71011746, -0.73918599, -1.30659413,
        1.21058333,  0.60301924, -0.22130179, -0.47685641, -0.16387831,
        1.92226326,  0.77029872,  0.05221   ,  1.27988052,  1.00719035,
       -1.38071787,  0.98499787, -0.88125795, -0.95901191,  0.81650466,
       -0.46544418,  0.73575938, -0.09449021, -0.12426805, -0.42484283,
        0.67242378, -1.84141409,  0.46068242, -1.9189496 , -0.27624086,
       -1.3470645 ,  0.30263847,  0.94289148, -0.41500956, -0.04412111,
        1.11783218,  0.22693154,  0.69900745, -0.33794263, -0.75082523,
       -0.41625386,  0.35388741,  1.21734285,  0.13701421, -0.56790811,
        0.55699927,  0.49146771, -0.27645281,  0.43719643,  0.10853364,
        1.02309871,  0.05735639,  0.20412758,  1.05206227, -0.53482002,
        1.57864857,  1.01190341,  0.61747772,  0.82923913,  1.70501065,
       -1.5963124 , -0.21525553, -1.19728088, -1.17077684, -0.86502934,
        0.18789122, -0.17734268, -0.65486401,  0.25284559, -0.10049867,
       -0.93581188, -1.05469692, -0.10002992, -0.56673419, -1.11034   ,
        0.19231009, -0.52085215,  0.69121331,  0.55089611,  1.63311434], dtype=float32), array([-0.38042518, -1.26141965, -0.01095936, -0.14244251, -1.28558183,
       -1.11828101,  0.13127387, -1.56426144,  0.2337262 , -1.46420383,
       -1.41969883, -1.16928482,  0.79657835, -0.60125947,  1.08078504,
       -0.36753857, -0.16192836,  0.99960279, -0.32716098,  2.78850746,
       -0.69232482,  0.03587353, -1.22516763, -0.17751995, -0.8891896 ,
        1.20325804, -0.12825096, -0.04167556, -0.95079875, -0.13160461,
        2.07925153,  0.53653383, -1.26241934, -0.63077986,  1.99086785,
       -0.86466897,  0.39330658, -1.32090271, -0.42640626,  0.87708384,
        0.24946518,  0.83437955, -0.14261615,  0.05345897,  0.96153551,
        0.53846943, -0.30368394,  1.66810274, -1.5562278 , -0.7800045 ,
       -1.0173353 , -0.57050091,  1.11805105,  0.16123676, -0.68020701,
        0.30587921,  1.62684   , -0.14657006,  0.56492895, -0.59694624,
       -0.04211144,  0.92430925,  1.53515244, -0.50957626,  0.43974987,
        0.80239201, -0.67514682,  1.05827141, -0.90068454,  0.09565615,
        0.636769  ,  0.34672177,  0.76932395, -0.06629284, -0.91187227,
        1.48158526,  1.58847702, -0.57914054,  0.57056808,  2.69037032,
       -1.09263313, -1.66524088, -0.19576518, -0.84387004, -0.77330345,
        0.27848065, -1.09005344, -1.87844658,  0.36557648,  0.61205   ,
       -0.83870196, -0.82885218,  0.23707162, -1.10932827,  0.36572239,
       -0.45298514,  0.51803833,  1.66580534,  1.36429548,  0.07215363], dtype=float32), array([ 0.68091166,  0.46392938, -1.44095409, -0.23515013, -1.02145338,
       -0.44356602, -0.31425899, -0.46016851,  0.14966211, -0.87639254,
       -1.00813603, -1.94460797,  0.32589504, -0.31407508, -0.23254862,
       -0.81393433,  0.08645274,  0.28002906, -0.2717815 ,  1.25975919,
       -0.35669106,  0.09173083, -0.63255078, -0.93415922, -1.62168288,
        1.83120537,  0.15120755,  0.15029579,  0.24805602, -0.70835656,
        0.7339133 ,  0.1684439 , -0.60845113, -0.2253491 ,  1.62322712,
       -0.9159323 ,  0.22659779, -1.01056898, -0.3957293 ,  0.14903764,
        0.22726564,  0.02990639,  0.13871831,  0.40967071, -0.15895222,
       -0.31787425, -1.48108757, -0.0192359 , -1.38942897, -0.54386103,
       -0.32867765,  0.63867462,  0.44132787, -0.65105903, -0.48184618,
        0.15164763,  0.66394079,  0.66238821,  0.22563326,  0.11467253,
       -0.02907535,  1.10842478,  0.96197861,  0.25374296, -0.47560397,
       -0.3960022 ,  0.76037288,  0.01609273,  0.37123564,  0.23340783,
        0.53790164,  0.73655844, -0.26939225,  0.82568169, -0.08728451,
        1.49816394,  0.06090951,  0.25910354,  0.2697323 ,  1.12632453,
       -1.00408709, -0.19822976, -0.99748737, -1.32425845, -0.83411729,
        0.52183127, -1.22616458, -1.03370202,  0.48350558, -0.45607215,
       -0.88885826, -1.34650493,  0.07672669, -0.85391968, -1.39748693,
       -0.27984911, -0.19126031,  0.98343068,  1.25433791,  0.41676256], dtype=float32), array([ 0.6854564 , -0.81320304, -0.94779938, -0.38432512, -1.73798335,
       -0.88980287,  0.58689588, -0.14801113,  0.35427862, -2.1442368 ,
       -1.66660488, -2.56116819,  0.03609046, -0.7851181 ,  1.00020862,
       -0.66967398,  0.10476246,  1.19513834, -0.33050293,  3.10315895,
       -0.05780274,  0.60234827, -0.43148783, -0.71481413, -1.76442778,
        1.81319129,  0.58429593, -0.75689483, -0.59439969, -0.36132693,
        2.13525176,  0.76979369, -0.96134388, -0.62960047,  2.42752266,
       -1.12798083, -0.23046684, -0.96337539, -0.21920906,  0.50668657,
        0.07604812,  0.5487541 , -0.54842204,  0.35551727,  0.81152475,
        0.41867852, -2.16423249,  1.0593785 , -2.71213174, -0.3586396 ,
       -0.57353914,  1.10139525,  0.39813355, -1.19656289, -0.40613022,
        0.00570203,  1.42822421,  0.62352419,  0.67171884, -0.78603679,
        0.09023098,  1.54385042,  2.10457516,  0.0561654 ,  0.220209  ,
        0.12488943,  0.54432744,  0.34395057, -0.56028277,  0.6784848 ,
        0.8952229 ,  0.86057633,  1.30587351,  0.60628217, -0.06652056,
        2.31324053,  2.07679081, -0.67809451,  1.08967471,  2.5693233 ,
       -1.36529255, -1.57005405, -1.48479962, -1.75221121, -1.55361438,
        0.08537072, -1.32929444, -1.21504498, -0.07924011,  0.08944331,
       -1.20844257, -1.9251399 ,  0.22240129, -0.95380461, -1.30506003,
       -0.0326213 , -0.27631706,  1.47552657,  1.5986774 ,  0.86037004], dtype=float32), array([ 0.59251893, -0.42641237,  0.43742746,  0.78195453,  0.29996943,
       -0.96501845,  0.40387914, -0.29274711,  1.3316375 , -0.81386894,
       -1.98694682, -2.13775682,  0.41637465, -1.60289371,  0.64598179,
       -1.15604281,  1.65773988, -0.05069297, -1.63171411,  3.99520969,
        0.15179211,  0.41496909, -0.55410862,  0.61451477, -1.95095098,
        2.81073737, -1.07333875, -2.32194734, -0.97494876, -0.85958779,
        0.92897654, -0.00719905, -0.206577  ,  0.69419181,  3.39155626,
       -2.29452181,  1.32737422, -2.84671187,  0.93705237,  0.523525  ,
       -0.0074353 ,  2.39738393, -1.93417001,  0.38633737, -0.33538681,
        0.46137789, -1.58659208,  1.06761062, -3.59969759, -1.27315307,
       -3.42251492,  0.91510499,  1.13559699, -1.53830314,  0.42776352,
        0.06290055,  0.93076456,  0.58774149,  0.26990366, -1.9283123 ,
        1.9198724 ,  1.7557416 ,  2.89100862,  0.01231201,  0.77597159,
        1.0249902 ,  1.09727943,  0.31079373,  0.01144967,  0.15543538,
        0.91099757,  0.22904232,  1.58080637, -0.10522071, -1.35612786,
        1.11575437,  1.57656145, -0.65810257,  2.10345602,  2.20871854,
       -0.96730435, -2.70593333, -1.32466567, -1.77554977, -1.37617385,
        0.97021526,  0.28239813, -0.38965026,  0.45590916, -0.35733101,
       -1.17759991, -2.27473521,  1.44782567,  1.40278804, -1.71783662,
        1.23914599, -0.54438525,  1.51900744,  0.99949735,  1.10407531], dtype=float32), array([  8.71328413e-01,  -1.16463017e+00,  -9.81388867e-01,
        -6.11903310e-01,  -1.76505899e+00,  -2.13265252e+00,
        -5.98502934e-01,  -1.20342016e+00,   2.31365651e-01,
        -1.00182247e+00,  -1.33969510e+00,  -1.42514014e+00,
         1.82895705e-01,  -1.16526902e+00,  -7.29069710e-02,
        -1.22563422e-01,  -4.81699079e-01,   4.41593617e-01,
        -6.30512163e-02,   2.39369822e+00,  -1.25480616e+00,
         7.96916664e-01,   1.59886792e-01,  -9.90821794e-03,
        -1.07352018e+00,   1.14987206e+00,   1.59063005e+00,
        -1.33898795e+00,  -1.41566336e+00,  -5.60068011e-01,
         2.09001446e+00,   4.81215090e-01,  -1.47319412e+00,
        -8.65176544e-02,   1.64104092e+00,  -1.27336609e+00,
         4.73888189e-01,  -7.28282332e-01,  -1.52395713e+00,
        -6.39907002e-01,   2.50869274e-01,   5.76755106e-01,
         1.38999331e+00,  -1.07766926e+00,   7.25968599e-01,
         3.98182094e-01,  -3.82777661e-01,   6.43958673e-02,
        -1.53020287e+00,   1.39510378e-01,  -6.76570058e-01,
         3.84596467e-01,  -7.39176944e-02,  -8.41405332e-01,
        -7.13444129e-02,   1.69824675e-01,   2.01474571e+00,
        -8.88516486e-01,   1.04290032e+00,  -2.24680305e-01,
         8.25040266e-02,   1.49911237e+00,   5.64786077e-01,
        -6.22932673e-01,   6.90805435e-01,   1.37978420e-02,
         1.12554893e-01,  -5.97303927e-01,  -3.70767772e-01,
        -2.91478075e-03,   6.52720273e-01,   1.15649450e+00,
        -1.30775288e-01,   1.19984001e-02,  -3.82898033e-01,
         1.71330869e+00,   1.09584868e+00,  -1.61138856e+00,
         2.05580378e+00,   2.94436288e+00,  -1.01506090e+00,
        -1.69233346e+00,  -1.89117491e-01,  -7.10214496e-01,
         8.61002319e-03,   3.18236589e-01,  -6.87042117e-01,
        -2.07883739e+00,   1.66918945e+00,   8.09555173e-01,
        -4.70845014e-01,  -1.71894550e+00,   4.93871391e-01,
        -5.81986547e-01,   5.67591727e-01,   7.78504491e-01,
        -5.20082712e-01,   1.46783018e+00,   1.13911867e+00,
        -2.71990359e-01], dtype=float32), None]
