[array([ -2.20580196e+00,   6.13140881e-01,   1.22234690e+00,
         2.65504956e+00,   3.94938231e-01,  -2.64985800e-01,
         2.90079623e-01,  -2.55350065e+00,  -1.78446889e+00,
        -3.51327866e-01,   2.12256718e+00,   8.40111613e-01,
         1.46606013e-01,  -7.24447131e-01,  -2.72109896e-01,
        -6.03018850e-02,   4.50921565e-01,  -4.38704878e-01,
         4.51676488e-01,  -9.94436562e-01,  -6.89170003e-01,
         9.52250421e-01,  -1.73737347e-01,   3.79920721e+00,
         1.95167673e+00,   9.01091158e-01,   6.09430112e-03,
         8.10469568e-01,  -6.89773381e-01,  -8.99584770e-01,
         1.99799919e+00,  -4.28336591e-01,  -1.74799347e+00,
        -2.37745643e+00,  -5.61105669e-01,  -1.46432579e+00,
        -1.84391844e+00,   7.48162150e-01,   6.86523616e-01,
         1.83219746e-01,   7.64548540e-01,   6.63735569e-01,
        -1.79514997e-02,   1.03289807e+00,  -1.49675643e+00,
        -1.31112516e+00,   1.93078649e+00,   2.55320162e-01,
         1.15743354e-01,   6.78710639e-01,   6.96460664e-01,
        -1.95595849e+00,   9.43755329e-01,  -7.30657279e-01,
        -4.44276124e-01,   1.44409370e+00,   1.53508425e+00,
         2.20577717e+00,  -3.27954841e+00,   1.84304178e+00,
         1.62563872e+00,  -1.81260586e+00,  -1.57955289e+00,
         6.10226750e-01,   6.58463657e-01,   8.79430294e-01,
        -2.84523177e+00,  -1.13494587e+00,   3.59208775e+00,
         4.73169446e-01,  -1.69793689e+00,   8.49633813e-01,
        -7.47320652e-01,  -1.43690038e+00,   1.26290822e+00,
        -2.34309840e+00,   2.77066886e-01,  -8.08467388e-01,
        -5.30326247e-01,   3.37314081e+00,   1.45462275e-01,
        -1.31728029e+00,  -1.36577543e-02,  -1.26159620e+00,
         1.45722926e+00,   1.10638928e+00,  -1.89225233e+00,
         4.84414488e-01,  -1.54749620e+00,  -1.45608413e+00,
        -5.94390571e-01,   2.27119637e+00,  -2.08464295e-01,
         1.10691500e+00,  -1.60276324e-01,  -1.85743839e-01,
        -3.65839899e-03,  -1.55001819e+00,  -4.01948601e-01,
         6.02222979e-03], dtype=float32), array([-0.65774953,  0.10463469,  0.08579746,  0.75339258,  0.27750614,
        0.08965097,  0.1998035 , -0.80832255, -0.62527537, -0.12031184,
        1.13688517,  0.39289862,  0.45281133, -0.15772499, -0.21114963,
        0.06130686,  0.50354481,  0.51563346, -0.11707167, -0.28423163,
       -0.33886614,  0.15750384, -0.16324984,  0.60964859,  0.72846675,
       -0.26970392,  0.22594383,  0.79758471, -0.27196562,  0.28559169,
        0.11893841,  0.46488714, -0.2450802 ,  0.30246598, -0.11739476,
       -0.37270868, -0.5663783 , -0.01095757, -0.00187687,  0.1234552 ,
        0.26078168,  0.33561313,  0.13516816,  0.13539486,  0.17794116,
       -0.51973522, -0.20728521,  0.18846658, -0.27860069,  0.25354156,
        0.03205507, -0.16007385,  0.29476386, -0.12699591,  0.05480202,
        0.10763223,  0.22788949,  0.34198999, -0.66043347,  0.2533887 ,
       -0.03121066,  0.00423637, -0.29448539,  0.74244577,  0.16086188,
       -0.46348488, -0.80489075, -0.03307365,  0.774037  ,  0.27530208,
       -0.11322573,  0.19768739, -0.34388107, -0.20145546,  0.62350398,
       -0.41348103,  0.38904643,  0.34726718, -0.63064039,  0.44478619,
        0.26146549, -0.32292467, -0.27366856,  0.40523925, -0.11279538,
        0.14277931, -0.19934589,  0.48907495, -0.47636873, -0.3257314 ,
       -0.05552982,  0.00638303,  0.05808849,  0.25607958, -0.41066021,
        0.36003259, -0.17091674, -0.10876769,  0.01179419, -0.35445446], dtype=float32), array([-1.42207623, -0.04538284,  0.26874799,  1.32226622,  0.71775156,
        1.40085471, -0.68737596, -0.30751792, -1.21878862, -0.57969356,
        1.19415426,  1.20144999, -0.07108428, -0.90462017, -0.24277511,
       -0.40889218, -1.06708527, -0.01431703,  0.13944089, -0.58840775,
        0.04217276,  1.2011354 ,  0.23778763,  2.54718256,  0.4205409 ,
        0.24336222, -0.71457791,  0.91715801,  0.28693858, -1.03567505,
        1.46134329,  0.01525235,  0.10682148, -1.30572891, -0.39673489,
        0.97259122, -1.52980256,  0.36784932,  0.89584762,  0.43548697,
        0.54666787,  0.32644725,  0.32136428,  0.33802396, -0.99677205,
        0.24594559, -0.42434329,  0.46094605, -0.11883043,  0.75111252,
        0.70024598, -0.67811728,  1.30688071, -0.22846407,  0.23848471,
        0.36331093,  0.25851393,  1.59755206, -1.55591357,  1.16923881,
        1.71902263, -0.72665262,  0.34629029,  0.81556499,  0.61943567,
       -0.29830992, -1.34396422,  0.12018179,  1.90614688,  1.2888962 ,
       -1.09220624,  0.77273798, -0.99491358, -0.63007247,  0.04842005,
       -2.06313825, -0.41547498, -0.25371179,  0.26794478,  1.51526046,
       -0.59724426, -0.51071209, -0.45540503, -0.60170537,  0.25999311,
       -0.98307371, -1.08654785,  0.02311589, -1.44885957, -1.31750202,
       -0.6325984 ,  0.56396466, -0.42342052,  0.18261123, -0.04231551,
       -0.17201507,  0.4656173 , -0.72948998, -0.4473289 ,  0.19853464], dtype=float32), array([-2.2545166 ,  0.76976526,  0.70110941,  0.9271208 ,  0.8800317 ,
        1.56029665, -0.08509187, -1.57367361, -1.67434216,  0.18896204,
        1.33251512,  1.17698443,  0.02633165, -1.00371408,  0.00542745,
        0.01613885, -0.07754669,  0.25189683,  0.40586558, -0.67446756,
       -0.18775523,  0.97549182, -0.4924939 ,  2.84886408,  1.17454803,
        0.2164287 , -0.37396592,  0.61310482, -0.7541554 , -0.77260357,
        1.51849914, -0.20173587, -0.34781969, -0.84262395, -0.70824051,
       -0.77721858, -1.19813204,  0.87918693,  0.0485426 ,  0.10757399,
        1.19420695,  0.67131549, -0.13857223,  0.92439264, -0.24875805,
       -0.92823303, -0.2252163 , -0.21942028, -0.39169955,  0.67763859,
        0.63391352, -0.90585876,  1.93884826, -0.15169273,  0.16908063,
        0.32520005,  0.76650757,  2.24285507, -1.44185638,  1.43782997,
        1.25727034, -0.5602169 ,  0.11468996,  0.91321701,  0.53611469,
       -0.38186407, -1.9083569 , -0.61827672,  2.31373978,  0.27087885,
       -1.31243217,  0.37622637, -1.11730111, -0.59768462,  2.02941227,
       -3.32039285, -0.15849108,  0.24182847, -1.13010132,  1.54397118,
       -0.1849802 , -0.84676039,  0.58038306,  0.55464971,  0.64922416,
       -0.33505598, -0.93036455,  0.16061725, -1.24780393, -1.04710984,
       -0.67285562,  0.55349869, -0.01070885,  0.75548095,  0.33495563,
       -0.07140815,  0.51880449, -0.86105347, -0.9953168 , -0.05696874], dtype=float32), array([-1.67198896,  0.764476  ,  0.00349207,  2.00613284, -0.33644187,
        1.15907133, -0.3956227 , -1.22226   , -1.34012079, -0.49087167,
        0.51799107,  0.59767389, -0.60733271, -0.70959044, -0.29570428,
        0.0312523 ,  0.02210345, -0.69087541,  0.45840633, -0.83784622,
       -0.46850935,  1.47884059, -0.40310791,  2.41795826,  1.4245919 ,
        0.22077006,  0.22383158,  1.64559352,  0.5846926 , -0.51718783,
        1.30760539,  0.07146741,  0.46205631, -0.9342013 , -0.9052251 ,
        1.49745226, -1.08240557,  0.45098856,  1.05630839,  0.07718687,
        1.73263383, -0.17343971, -0.25874233,  0.6338861 , -1.23621881,
       -0.11626008,  0.22105101,  0.70643234, -0.40037641, -0.41907653,
        0.06292462, -0.73517275,  1.87816083, -0.4231503 , -0.21832988,
        0.47421116,  0.55701303,  1.79405773, -2.18622279,  1.88024235,
        1.14920378, -1.90947104, -0.03440265, -0.14814503,  1.34036314,
       -0.29289263, -1.30883849,  0.28694707,  2.2834003 ,  0.9678247 ,
       -1.19968081,  0.53365082, -0.5507462 , -0.60309899,  1.41357958,
       -1.67314577, -0.19405462,  0.1000332 ,  0.20950675,  1.23154092,
       -0.55371708, -1.59290445,  0.14277741, -0.38401997,  1.41052437,
       -0.0457613 , -0.53485537,  0.42281234, -0.3728942 , -1.7644465 ,
       -0.57728475,  1.10910046, -0.66224182,  1.18638766,  0.26377165,
        0.01870574, -0.5903222 , -0.5214383 ,  0.16114879, -0.35038984], dtype=float32), array([ -1.44892299e+00,   4.80106950e-01,   1.15532112e+00,
         2.51794147e+00,   5.00588775e-01,   4.57775533e-01,
         2.18899876e-01,  -2.28900886e+00,  -1.77408636e+00,
         1.15738474e-01,   1.94343412e+00,   1.69754601e+00,
         1.40495241e+00,  -1.14210331e+00,   4.52736765e-03,
        -4.83449638e-01,   6.81891680e-01,   1.01955700e+00,
        -2.50126898e-01,  -1.59197545e+00,  -6.69075787e-01,
         9.30106342e-01,   2.75263816e-01,   3.28395581e+00,
         1.62010908e+00,   4.30420041e-01,  -1.30241826e-01,
         1.49850810e+00,  -3.77890408e-01,  -6.09235048e-01,
         2.16555214e+00,   5.02492011e-01,  -5.33876836e-01,
        -4.32267755e-01,  -2.01905802e-01,  -8.83108675e-01,
        -1.75857258e+00,   4.10782278e-01,   1.20042491e+00,
        -5.43390751e-01,   9.55603123e-01,   2.82642096e-01,
        -3.03174019e-01,   8.87595534e-01,  -1.59895575e+00,
        -8.82152796e-01,  -9.02536929e-01,   8.33433151e-01,
        -5.98156750e-01,   1.04745615e+00,   1.42227960e+00,
        -1.55515254e+00,   1.62267220e+00,   2.43605763e-01,
         9.16450739e-01,   6.97053671e-01,  -1.34454414e-01,
         2.08938336e+00,  -2.83955503e+00,   1.45858848e+00,
         1.15987813e+00,  -8.43472123e-01,  -7.61059940e-01,
         1.28078198e+00,   9.58739758e-01,   3.26465786e-01,
        -2.67715454e+00,   1.52325541e-01,   2.71411610e+00,
         1.88176548e+00,  -1.86894572e+00,   3.85564983e-01,
        -7.30072856e-01,  -7.64980197e-01,   1.25595009e+00,
        -2.45413828e+00,   7.01299071e-01,  -7.07601607e-01,
        -1.25763178e+00,   2.59783268e+00,   6.27893135e-02,
        -8.93180251e-01,   2.37496734e-01,   7.23783016e-01,
        -2.55586207e-03,  -1.01318792e-01,  -1.06301081e+00,
         1.96924269e-01,  -2.06427598e+00,  -1.48395121e+00,
        -1.01012647e+00,   4.25046682e-01,   5.88168025e-01,
         1.29974151e+00,  -9.39512476e-02,   1.36851907e-01,
         1.42069221e-01,  -1.21663153e-01,  -7.62097001e-01,
         6.06922805e-01], dtype=float32), array([-2.21593928,  0.48219767,  0.19958299,  1.03138137,  0.00980989,
        1.16416132,  0.2274366 , -1.52790368, -1.12873888, -0.20855719,
        1.57552385,  1.14647949, -1.51344037, -0.44524249,  0.03763456,
        0.10810632, -0.43732575, -0.41427684,  0.74420273, -0.76645291,
        0.11201265,  0.84066063, -0.26982108,  1.40447509,  1.10149884,
        0.27273262,  0.06903354,  1.28886986,  1.28079057,  0.20613158,
        1.44169497,  0.56543916, -0.11968591, -0.54372829, -1.15996647,
        1.62382245, -2.03105164,  0.30051458,  0.81580329, -0.2122584 ,
        1.31834006, -0.01306511, -0.27228123, -0.00627675, -0.71948189,
       -0.71276224,  0.30710176,  1.72877598, -0.59023589, -0.55873716,
       -0.87854564, -0.31364524, -0.23848611, -0.64128637,  0.41924673,
       -0.80898434,  1.35567617,  0.64936769, -1.58106303,  0.53775227,
       -0.10520614, -0.88299441,  0.02856135, -0.19575331,  0.35985664,
        0.00427134,  0.97642255,  0.00873707,  1.66379809,  0.6705274 ,
       -0.96611202,  0.27411193, -1.05616677, -0.60214382,  0.19455342,
       -1.9673903 ,  0.07607579,  0.64404452, -0.25682428,  1.07012784,
        0.86842668, -0.55321908,  0.0749899 , -0.01898298,  0.29408231,
       -0.6699416 ,  0.11064636,  0.09776844, -2.04004955, -0.36754176,
       -0.50551337,  0.40837049, -0.37660834,  0.12561746, -0.98547524,
        0.56273431, -0.07882956, -1.24027193, -0.77562773, -0.59822106], dtype=float32), array([-1.55900526,  0.68376511,  0.22483158,  1.74497414,  0.90063113,
        1.77230906, -0.72182286, -1.15989244, -1.42650104, -0.58757019,
        0.94525009,  1.51492345,  0.37436426, -0.72564983, -0.99638683,
       -0.0525931 ,  0.51011312,  0.7834298 , -0.03014781, -0.49858832,
        0.50819415,  1.2361331 , -0.07645665,  2.16377807,  0.932428  ,
        0.19888666,  1.23176169,  1.01646328, -0.26926777, -0.92473352,
        0.64822024, -0.40586233, -0.69570911,  0.28874281, -0.49568105,
        0.30438697, -1.06289363,  0.76725608,  0.40916002,  0.34536284,
        0.52221906, -0.49894738,  0.36098033,  0.74412626, -1.46848249,
       -0.77269208,  0.31390488,  0.12462424, -1.13914263,  0.72862262,
        0.39301676,  0.38102737,  1.55630577, -0.91621768,  0.01752949,
       -0.2945185 ,  1.25243127,  0.77598649, -0.91414464,  0.81221169,
        1.55059493, -0.95990908, -0.56558353,  0.94638443, -0.17987865,
        0.080047  , -0.95879614,  0.79580355,  1.63010085,  0.5713563 ,
       -1.31907427,  0.18577507, -0.18243161, -1.23115289,  1.269315  ,
       -1.43841922, -0.19005999,  0.84428179, -0.29749092,  1.49152005,
       -0.18156987, -0.32471335, -0.03319055,  0.20999172,  0.34332603,
        0.10575856, -0.72616374, -0.07249815, -0.7403754 , -1.4362551 ,
       -1.30752659,  0.37797093,  0.3139379 ,  0.50449306,  0.35273373,
       -0.32921892, -0.7738629 , -1.57512462,  0.08570425, -0.36941233], dtype=float32), array([-1.05501795, -0.25718871,  0.81391001,  2.5734601 , -0.15635851,
        1.3489809 ,  0.80752242, -1.60208941, -0.81565773,  0.18058763,
       -0.45577309,  1.11932564, -0.25184625,  0.11095195,  0.15146151,
       -0.35253036,  1.19973338,  0.16677904,  1.0882355 , -0.41726172,
       -0.12802839,  0.80929625,  0.29060197,  2.34418035,  0.7765758 ,
        1.18062901,  0.84956729,  0.13577689, -0.42899579, -0.26489243,
        1.20643008, -0.29879761,  0.14347479, -0.26165652,  0.11197688,
       -0.34401396, -0.77660048, -0.19880868,  0.35391265, -0.24647623,
        0.57131481, -0.54273945, -0.29148901,  0.98609215, -1.86049378,
       -0.70942748,  0.29753378, -0.22240895, -0.25045243,  0.97950274,
        0.80547571, -0.86539251,  1.52235138, -0.5095197 ,  1.03485024,
        0.12560597, -0.95254248,  0.77462494, -0.72916365,  0.95716143,
        0.38007444, -1.04323554, -0.98223621,  0.06400312,  2.00439215,
       -0.51241159, -1.35456967, -0.91491133,  2.68233085,  0.46976066,
       -1.08708048,  0.58515108,  0.88216108, -0.51064295,  1.04675603,
       -1.91766906,  0.16326332,  0.57066023, -0.75663501,  2.03130412,
       -1.02387249, -1.28907275,  1.52013671, -0.38729623,  0.35803539,
       -0.79384726, -1.02694297,  0.3497014 , -1.0166949 , -1.51993382,
        0.37809163,  0.85523343, -0.45290226,  0.94528788, -0.03913462,
        0.53161991, -0.53316313, -0.54022723, -0.34368622,  0.46450356], dtype=float32), array([-2.53231335,  1.08176935,  0.40725011,  2.41316891,  0.02135259,
        2.41134238, -0.89072877, -1.67645073, -1.71610916,  0.00434119,
        1.36183345,  2.32108402,  0.41813859, -1.53319943, -0.74532586,
        0.14641011, -0.4483338 , -0.10636283, -0.81171179, -0.75279993,
        0.19404033,  0.91361612, -0.34893486,  2.92455935,  1.32044888,
        0.89531243,  0.62887824,  0.90462196, -0.0116995 , -1.81456816,
        1.7950716 ,  0.14768365, -1.2904501 , -1.01806939, -1.48532605,
        0.05669012, -2.52433062,  0.48717386,  0.9413029 ,  0.72021598,
        1.95035076,  0.35730955,  1.05209219,  0.47927082, -1.96376479,
       -0.44787088,  0.3907367 ,  1.79991114, -0.61406314,  0.30584085,
        0.46859732, -1.26206541,  2.58327866, -0.83789808,  0.78210229,
       -0.33715388,  1.26622558,  1.75383914, -3.04839182,  0.88433284,
        2.2044301 , -2.35687518, -0.22780472,  0.09249097,  0.91850942,
        0.97483033, -0.96740282,  0.89467353,  2.82544184,  2.08326268,
       -1.34098887,  0.04729964, -1.61618733, -1.4886781 ,  1.89831555,
       -2.67457271,  0.16424718,  0.75873554, -0.11909686,  2.28993893,
        0.12740996, -1.03043783,  0.33323205, -0.26915336,  1.53444719,
        0.1369321 , -0.62016404,  0.51590538, -1.18103206, -1.70895994,
       -1.1703248 ,  1.31074834,  0.68906629,  1.49209607, -0.21799141,
       -0.44893262,  0.321666  , -1.7863071 ,  0.1415585 , -0.28388053], dtype=float32), array([-1.14367473,  0.54469818,  0.02274708,  1.53737843,  0.49069291,
        0.98523659,  0.16036722, -1.3822695 , -1.64402127,  0.36579534,
        0.39860082,  1.91357362,  0.17380624, -0.843454  , -0.58344287,
       -0.14940086,  0.54498118, -0.16722769, -0.14920415,  0.3259818 ,
        0.75789189,  0.73179895,  0.37636453,  1.7815696 ,  0.5747242 ,
       -0.07603717,  0.20476548,  0.94086719, -0.45441553, -1.25891745,
        0.58160174, -1.07944918, -0.52403247, -0.45400006, -0.64035708,
       -0.30999395, -1.39997554,  0.69820362,  0.38228118,  0.78912616,
        0.29358953, -0.07812499,  0.53979492,  0.28775147, -0.84897596,
       -0.47365797, -0.10324343,  0.17759377, -0.94944674,  0.93301797,
        0.37490571, -0.36513573,  1.65515471, -0.01501849, -0.19235423,
       -0.3467344 ,  0.53116965,  0.52072811, -1.46116173,  0.77436185,
        0.83412492, -0.87080002, -0.10904578,  0.89226925,  0.33888876,
        0.11908731, -0.80337137,  0.64779019,  1.50680399,  0.71030903,
       -0.90373445, -0.05951255, -0.7492336 , -0.40253377,  1.02601206,
       -1.45015049,  0.42985713,  0.05295325, -0.58557099,  1.38197327,
       -0.15169102, -0.59380037,  0.05535274,  0.20291966,  0.64464778,
        0.09166255, -0.76789129, -0.17849824, -1.11029899, -0.66272795,
       -1.13851285,  0.67508531, -0.13992316,  0.65074182,  0.26921606,
       -0.00309877,  0.29576468, -1.2089709 , -0.40613627, -0.05097823], dtype=float32), array([-1.17422664,  0.32708347,  0.92113352,  2.05332518,  0.22365393,
        0.63778853,  0.34610218, -2.14248466, -1.46317506,  0.21402273,
        1.09118795,  1.4614296 ,  0.79201388, -0.29949623, -0.43382674,
       -0.29599375,  0.38452566,  0.4527486 , -0.11365131, -1.42384613,
       -0.10086687,  0.2699196 ,  0.61955285,  2.58785653,  1.64489293,
        0.00463096, -0.47941634,  0.75125283, -0.13137794, -0.19884691,
        1.26687169,  0.04715763, -0.93820119, -0.64027536,  0.16448712,
       -0.28987533, -1.14509845, -0.26554823,  1.00251448,  0.03708871,
        0.94374675,  0.03098786,  0.43308005,  0.38986939, -1.1756227 ,
       -0.61204594, -0.81385398,  0.30151409, -0.24554357,  0.33061421,
        1.00405145, -0.83531475,  1.45110941,  0.50999498,  0.9858501 ,
        0.50222528, -0.28160635,  0.83134884, -2.26326013,  0.75278533,
        1.2388742 , -0.37666279, -0.54488516,  0.99186498,  1.12818301,
       -0.56869185, -1.89828181, -0.09280168,  1.5167222 ,  1.28781879,
       -0.56918788,  0.58312434, -0.67784548, -0.99358654,  1.25039673,
       -2.12160802,  0.11804405,  0.20695898, -0.49970055,  1.77163839,
        0.53354126, -1.21575391,  0.44422591,  0.82269114, -0.29819521,
        0.24083437, -1.24935853,  0.4308275 , -0.92383826, -1.19755542,
       -0.53248513,  0.11809415,  0.462136  ,  0.73792595, -0.1184826 ,
        0.70043278,  0.11825597,  0.04839694, -0.41327047, -0.33391011], dtype=float32), array([-1.76910508,  0.59627056,  0.7207644 ,  2.14119601, -0.17059368,
        0.62136394, -0.80487716, -1.60225654, -2.13219905, -0.75508833,
        0.90265566,  1.27512491,  0.12226   , -1.0316211 ,  0.14233445,
       -0.4710829 ,  0.71104282,  0.740587  ,  0.32404548, -1.20891118,
       -0.69676912,  1.40399539,  0.9406451 ,  2.27392197,  1.51305556,
        0.90994793,  0.43658459,  0.69772553, -0.62675244, -1.11996758,
        2.1938355 ,  0.0107268 , -0.04421805, -1.1775794 ,  0.58389246,
       -0.1727806 , -1.04587841,  1.71810687,  0.20010594, -0.057264  ,
        0.7611388 ,  0.46414423,  0.43671045,  0.93176967, -0.77380174,
       -0.87873667,  0.18451716, -0.23650241,  0.00314923,  0.50827849,
        1.40880644, -0.66488981,  0.49892613, -0.04034959, -0.71353418,
        0.67525297,  1.01503456,  1.70371759, -1.53159404,  2.10314727,
        0.89062071, -1.16108584, -0.16286686,  0.56283987,  0.6835165 ,
        0.0840074 , -2.11986661, -0.43655446,  1.29554999,  0.83676481,
       -0.41247639,  0.71876717, -0.6510331 , -0.63244498,  1.21096253,
       -2.24705887, -0.27583048, -0.32703251, -1.00997591,  1.62186325,
        0.19204567, -1.03843331,  0.21963072,  0.14916366,  0.35624337,
       -0.23730603, -0.91699868,  1.32787728, -0.82392573, -1.86136007,
       -0.66681582,  0.50144517, -0.62089139,  1.57874978, -0.54569113,
        0.3547481 , -0.04376123, -0.61424565,  0.13800131, -0.6130662 ], dtype=float32), array([-0.85870779,  0.17815313,  0.54186624,  0.92930728,  0.53748047,
        0.47320232, -0.28790641, -0.50632304, -0.51510698, -0.36978614,
        0.88578504,  0.77264142,  0.32607526, -0.85817456, -0.03956764,
        0.01766844,  0.44351953,  1.06583905, -0.05119661, -0.21610931,
       -0.25337714,  0.14945613,  0.016919  ,  1.00224745,  0.45488426,
        0.28079057,  0.39682057,  0.86573637, -0.44385186, -0.14431131,
        0.7949627 ,  0.50356638,  0.07157924,  0.02094355,  0.00249628,
       -0.35106397, -0.88617355,  0.5776726 , -0.04697892, -0.12938026,
        0.07591514,  0.45090431,  0.14227632,  0.40523264, -0.63994592,
       -0.63314307, -0.3436746 , -0.27635887, -0.28114665,  0.39174032,
        0.57039869, -0.07740853,  0.42439824,  0.13843016, -0.02555516,
        0.10930741,  0.80290639,  0.48449314, -0.62756622,  0.85560036,
        0.13981518, -0.06165256, -0.28910369,  1.0445832 ,  0.29551986,
       -0.33329749, -1.00821543,  0.19530885,  1.18748808,  0.16571322,
       -0.41687536,  0.21572044, -0.5271157 ,  0.05236579,  0.80445665,
       -0.72342461,  0.06532375,  0.1729902 , -0.8252188 ,  0.50418568,
        0.36038387,  0.04794605, -0.42295709,  0.27635956, -0.05118412,
       -0.04151995, -0.57286608,  0.68602401, -0.70246029, -0.51147616,
       -0.04274984,  0.24862331, -0.15482308,  0.51665723, -0.14082967,
       -0.09825639, -0.4787662 , -0.27909005,  0.20326474, -0.5219326 ], dtype=float32), array([-0.70530593,  0.32229307,  0.01831849,  0.99541706, -0.26674363,
        0.32290688,  0.04727833, -0.40917718, -0.36372894, -0.38557094,
        0.36871478,  0.44412276,  0.04252503,  0.01430828, -0.3791067 ,
        0.29291588, -0.21436468,  0.02601672,  0.41330922, -0.62293971,
       -0.05679487,  0.36794135, -0.28290737,  1.12991285,  0.4593088 ,
       -0.33606389, -0.0758149 ,  0.39271235, -0.37560603, -0.18012556,
        0.29433548,  0.33654073, -0.11300051, -0.42739344, -0.14796594,
       -0.27798954, -0.77948248, -0.35880077,  0.26001525,  0.06457134,
       -0.25441474,  0.27615893, -0.40880486,  0.72948998, -0.30059609,
       -0.33895564,  0.45537055,  0.431263  ,  0.15630063,  0.32621247,
        0.40751684, -0.71268415,  0.54479337, -0.46225101, -0.26407233,
        0.2660566 ,  0.05585148,  0.75263566, -0.41370729,  0.86165893,
        0.33517268, -0.39443141, -0.09530641,  0.481318  ,  0.3644253 ,
       -0.23869568, -1.34385109, -0.02222495,  0.40974721,  0.14646551,
       -0.18742065,  0.41140324, -0.57385308, -0.18121643,  0.32111207,
       -0.53343302,  0.15510991, -0.08116752,  0.22373874,  0.93167418,
        0.07463227, -0.38132361,  0.01601694, -0.32362565, -0.05196907,
        0.19252664, -0.16266115,  0.52107823, -0.43118083, -0.14615387,
       -0.39345047,  0.10063654, -0.17913756,  0.43670464,  0.12398918,
       -0.09556283,  0.45547408,  0.13485618, -0.06048624,  0.04340344], dtype=float32), array([-2.4971149 ,  0.70792568,  0.06215052,  1.976053  ,  0.88979071,
        2.06121802, -0.60996139, -1.82272124, -2.42904401, -0.02331795,
        0.94264668,  1.84870374,  0.65823889, -1.35694408, -0.03124617,
       -0.79174304,  0.31360799,  0.79457611,  0.01798366, -0.50654376,
        0.69443631,  1.56226766,  0.22929327,  2.76180243,  1.01679647,
        0.09735277,  1.35332942,  0.80810285, -0.23030287, -1.86135364,
        1.19496799, -0.62825346, -1.04040945, -0.40242979, -0.23786035,
        0.10303251, -2.00584292,  0.5033946 ,  0.35019594, -0.11319345,
        1.22890985, -0.46306214,  0.68923789,  0.94987428, -2.01443362,
       -0.68449157,  0.40536082, -0.21546614, -1.25464606,  0.95908761,
        1.03877699, -0.22592126,  2.65586686, -0.94033706, -0.31609207,
       -0.77955568,  0.67269927,  1.13976705, -2.03227711,  1.39225245,
        2.0582304 , -2.25417161, -0.07847417,  1.1504941 ,  0.80640733,
        0.01805351, -1.73126316,  0.64941657,  2.06097245,  1.07271695,
       -1.3795259 ,  0.50856054, -0.8615061 , -0.88289034,  1.40679729,
       -2.64542055, -0.5136978 ,  0.2053051 , -0.53992736,  2.38066006,
        0.1743339 , -1.24654388, -0.01153908,  0.18681054,  0.63539773,
       -0.12704122, -0.9974798 ,  0.13646385, -0.56860161, -1.74354601,
       -1.30421853,  0.4504773 , -0.31176049,  0.79333574, -0.09996277,
        0.25466165, -0.56795311, -1.8944844 ,  0.21289562,  0.14468414], dtype=float32), array([-1.28657138,  0.13050675,  0.32912257,  1.69772959,  0.73399913,
        1.28864348, -0.70611739, -0.73771095, -1.01613069, -0.37591189,
        0.617383  ,  0.50992036,  0.90272868, -1.6632874 , -0.40132853,
       -0.25596854,  0.37627012,  0.5518648 ,  0.43204352, -0.9424035 ,
       -0.52878672,  1.41254461,  0.20598543,  2.74973607,  0.65356874,
        0.63807559, -0.31949949,  0.85300714, -0.08001859, -0.33557606,
        0.83869094, -0.32767624,  1.01193058, -0.58807433,  0.27711114,
        0.22222897, -1.37769628,  0.5344702 ,  0.12125751,  0.27407172,
        0.29795074, -0.53240168, -0.06224278,  0.71731788, -1.57230484,
       -0.92141855, -0.12443835,  0.44329417,  0.27922085,  0.52340901,
        1.42120993, -0.50450265,  2.15841627, -0.29932064, -0.2044526 ,
       -0.40078974,  0.85522884,  1.17956388, -1.31496298,  1.53533769,
        2.14652395, -1.33000946, -0.50848323,  1.51172578,  0.98271918,
       -0.18774486, -1.88247538,  0.42035443,  2.0689249 ,  0.60456622,
       -0.7154296 ,  0.83376628, -0.83891517, -0.93508327,  1.11701393,
       -1.9288789 , -1.05192184,  0.43882543, -0.39247665,  1.00405061,
       -0.62267739, -1.02322292,  0.13135087,  0.30531242,  0.809717  ,
        0.40658587, -0.88326114,  0.7607519 , -0.06830769, -2.19795847,
       -0.6770733 ,  0.87182254, -0.60924447,  1.158584  ,  0.07245617,
       -0.67522681, -0.02366978, -1.15746379,  0.44304311,  0.57163334], dtype=float32), array([-2.05428267,  0.57127899,  0.05096199,  2.58730841,  0.98195767,
        1.73829973, -0.69722128, -1.46789193, -1.79384053, -0.27415371,
        1.19914889,  1.44349635, -0.31958967, -1.45825493, -0.51930833,
       -0.57933956, -0.10582461,  0.64637309,  0.20563912, -0.33086532,
        0.63411105,  1.06818867,  0.18781324,  2.39714146,  1.2665621 ,
        0.29384339,  0.96412671,  1.40230525,  0.42254657, -1.24267626,
        1.50644112, -0.22301555, -0.47048464,  0.25077561, -1.20312369,
        1.08028758, -2.88316464,  0.23230451,  0.95987952,  0.38370311,
        1.39121985,  0.27230036, -0.22068548,  0.09755018, -1.75897014,
       -1.07166481,  0.05949749,  1.2728436 , -1.11620522,  0.05407397,
       -0.20229892, -0.12011759,  1.3455323 , -0.81191623,  0.54781514,
       -0.60781592,  1.63795793,  1.335706  , -1.90175128,  0.39811176,
        1.40982485, -1.70550025,  0.15380734, -0.20645663,  0.66108161,
        0.10027149, -0.27461672,  0.52160084,  2.28917861,  1.52882147,
       -1.53847802,  0.45708728, -0.73103654, -1.41772234,  0.27884081,
       -2.66751528, -0.12497737,  0.76370668, -0.06819786,  2.1887114 ,
        0.44600999, -0.45679277, -0.01091991,  0.08250884,  0.35449862,
       -0.38788474, -0.58936697,  0.18049267, -1.0439533 , -1.2994802 ,
       -1.41785145,  0.50681311,  0.81463325,  0.4771207 , -0.21363041,
        0.35975838, -0.12311183, -1.91451025, -0.14574546, -0.24253948], dtype=float32), array([-1.12008882,  0.85009164, -0.63525844,  1.73983562,  0.09388623,
        1.04917419, -0.75051486, -1.18027997, -1.07345057, -0.00244645,
        0.16492659,  0.59700257, -0.66511214,  0.07414758, -0.33029488,
        0.2696209 ,  1.01106906,  0.59847254,  0.55182689, -1.19606972,
        0.05039686,  0.99281704, -0.19578442,  1.9037143 ,  0.9379549 ,
        0.74571913,  0.43190217,  1.02038467, -0.14645082, -0.87347209,
        1.74265826, -0.36143023,  0.71791255, -0.11007472, -0.30524561,
       -0.60446936, -0.63824695, -0.05164656, -0.07924653, -0.275832  ,
        0.6805734 , -0.1729449 ,  0.65852845,  1.62714112, -0.95375139,
        0.08535293, -0.08536546,  0.27871746, -0.23653734,  0.34534189,
        0.68100959, -0.45973146,  1.00260222, -0.88004798, -0.49822003,
        0.36034501,  0.91780198,  1.6324147 , -1.2302376 ,  1.68531406,
        0.76081574, -1.18721652, -0.23540197, -0.2055231 ,  0.63956511,
       -0.5145995 , -1.22561455,  0.39185053,  1.7389555 ,  0.32715416,
       -1.65207148,  0.53421324, -1.34985602, -0.43044478,  1.41257334,
       -1.97564006, -0.30876666,  0.9109323 , -0.77999574,  1.45082557,
        0.00945984, -1.10206556,  0.4314855 , -0.13808618,  0.36648881,
        0.05965606, -1.25731754,  0.45242977, -0.32724988, -1.55400133,
       -1.01944518,  0.25218236,  0.29298607,  1.46132183,  0.6391657 ,
       -1.206424  , -0.44526607, -0.65021282,  0.50827819, -0.0180888 ], dtype=float32), array([-1.38427126,  0.57986015,  0.53454882,  1.32713151, -0.33296451,
        0.83052826,  0.53114176, -0.9180333 , -0.89662671,  0.42821985,
        1.32529414,  0.92764604,  0.26218739, -0.68270385, -0.42534059,
        0.40894896,  0.630382  ,  0.00547703,  0.83292031, -0.74994415,
        0.32090184,  0.59729862,  0.13622499,  2.63212419,  1.2576884 ,
       -0.32074752,  0.35195723,  0.57268029, -0.26563096, -0.12690948,
        0.75240463,  0.61255282,  0.28752023, -1.18865395, -0.71589327,
       -0.89369786, -1.29999089, -0.10078133,  0.17796879,  0.46223471,
        0.5682795 ,  0.33575907, -0.04119818,  0.90120506, -0.50120151,
       -0.48013604,  1.13744402,  0.31478029, -0.47066161,  0.15916853,
        1.01912618, -0.85045671,  1.2583431 , -0.93059027, -0.42364681,
        0.69940257,  0.18879381,  1.28692305, -1.24767733,  1.87443745,
        1.21357679, -1.32552159, -0.39768878,  0.54941618,  0.76442277,
        0.32693148, -1.37725186, -0.08641699,  2.03945851,  0.11006475,
       -0.24383458,  1.35704803, -0.8168661 , -0.34708548,  1.31822097,
       -1.4574635 , -0.20989814,  0.52383471, -0.78255272,  1.70903361,
       -0.10902463, -1.5897913 , -0.7797752 , -0.98635304,  0.14584354,
        0.5293687 , -1.11077106,  0.27699775, -0.68534386, -1.15448475,
       -0.53153104,  0.52318531, -0.91125095,  0.81529737,  0.05169598,
        0.06128843, -0.09251621, -0.56288433, -0.39468414,  0.29637176], dtype=float32), array([ -1.34869528e+00,   4.31412071e-01,  -4.26508784e-01,
         1.33260512e+00,   4.44100142e-01,   8.77850235e-01,
        -5.24023652e-01,  -9.97989535e-01,  -1.30548894e+00,
        -7.61499047e-01,   6.59090817e-01,   1.32729113e+00,
        -2.71808058e-01,  -4.13040221e-01,  -8.21198449e-02,
        -1.59046687e-02,   1.72986656e-01,   8.13444793e-01,
        -4.61148918e-02,  -5.85404515e-01,   3.01201999e-01,
         6.31285131e-01,   4.87907052e-01,   1.12297797e+00,
         1.03614867e+00,   1.05261095e-02,  -3.66695561e-02,
         6.51995242e-01,   3.27722281e-02,  -1.09993684e+00,
         1.10339308e+00,   2.61824727e-01,  -8.41811538e-01,
        -6.84814990e-01,   1.23810768e-03,   1.69415355e-01,
        -1.12933660e+00,   3.41428131e-01,  -3.17308366e-01,
         4.32353079e-01,  -3.56152877e-02,   8.36895049e-01,
        -6.34548515e-02,   1.98466673e-01,  -6.08058989e-01,
        -1.22553027e+00,  -5.00666976e-01,   2.61547506e-01,
        -6.44661784e-01,  -5.04042581e-02,   7.45576024e-01,
        -1.02934167e-01,   6.82824671e-01,   6.26265109e-01,
         1.02673978e-01,   7.89109766e-01,   7.50735819e-01,
         1.19018078e+00,  -1.40305483e+00,   6.12401247e-01,
         6.35013402e-01,  -1.87204897e-01,   1.10847861e-01,
         6.98269486e-01,  -9.93726999e-02,   2.20878005e-01,
        -1.00939536e+00,   3.88482958e-01,   1.50077331e+00,
         8.54882598e-01,  -9.96449769e-01,   5.61318576e-01,
        -1.52331316e+00,   6.07037991e-02,   7.50893116e-01,
        -1.27046192e+00,   5.79799637e-02,   5.42045653e-01,
        -7.47142434e-01,   1.05351079e+00,   2.70649284e-01,
        -1.44191921e-01,  -5.20798743e-01,   5.79113901e-01,
        -1.68456677e-02,  -2.28528157e-01,  -8.58396888e-01,
         4.01029021e-01,  -7.23736942e-01,  -1.52652681e-01,
        -1.20213270e+00,   2.81219602e-01,   2.87038565e-01,
         6.90501511e-01,  -3.66388261e-02,   2.90164679e-01,
        -1.01365849e-01,  -6.95512950e-01,  -8.46708775e-01,
        -2.11775422e-01], dtype=float32), array([-0.26078194, -0.10055067,  0.08672437,  0.59573829,  0.45350787,
        0.71933556, -0.61065805, -0.297288  , -0.68438417, -0.02103557,
        0.24882761,  0.3534705 , -0.0459944 , -0.67144614,  0.06970111,
       -0.3514775 ,  0.02040619,  0.07201041,  0.1128093 ,  0.123698  ,
       -0.09772456,  0.37095737,  0.27712962,  0.80407929,  0.89643586,
        0.37918293, -0.16056719,  0.46979675, -0.10497084, -0.75343114,
        0.41469997, -0.05305283,  0.06839654, -0.02298746, -0.64956325,
        0.31696624, -0.7522524 ,  0.66005355,  0.82061458,  0.48684388,
        0.07847438,  0.09154167,  0.63098234,  0.46637395, -0.80928701,
        0.09725953,  0.30304292,  0.10882889, -0.47329032,  0.48336875,
        0.72136974, -0.24357891,  0.85978353, -0.04304093, -0.45573702,
        0.14243957,  0.95668179,  1.05875266, -1.44839084,  0.44691825,
        0.78157938, -0.72812301,  0.29586345,  0.09896853,  0.32975227,
        0.35362497, -0.13579914,  0.8937875 ,  1.00239074,  0.78426141,
       -0.77081019, -0.28044003, -0.88530707, -0.17324273,  0.37605029,
       -0.94892228, -0.10342556,  0.32697868, -0.22495417,  0.4840275 ,
       -0.29467216, -0.71875429, -0.53571492, -0.06202786,  0.11651647,
       -0.38639003, -0.84373415,  0.3055307 , -0.5372135 , -0.388248  ,
       -0.46706513,  0.25408852, -0.10873739,  0.5198341 ,  0.01716387,
       -0.29419684, -0.36023486, -0.62700993,  0.0621931 , -0.114765  ], dtype=float32), array([-0.59415877,  0.05138318, -0.00697738,  0.64566386, -0.18157043,
        0.43750504,  0.22974044, -0.51666325, -0.26207918,  0.12107197,
        0.08431796,  0.52533603,  0.00457956, -0.07566445,  0.03878325,
       -0.05421437,  0.32812145, -0.05128741,  0.01562125, -0.25596371,
       -0.00807071,  0.25895822,  0.1357279 ,  0.45673952,  0.08962186,
       -0.22939789,  0.38170198,  0.48226076, -0.35859904,  0.00817136,
        0.29048991, -0.25580317,  0.06924642, -0.11015785, -0.12000608,
       -0.28682476, -0.47328395,  0.26552999, -0.12220728,  0.07351397,
        0.4344179 , -0.14899303,  0.17339979,  0.24395677, -0.40028274,
       -0.14855769,  0.58871645,  0.33075744, -0.22471046,  0.16837329,
       -0.10279606, -0.00555087,  0.72934407, -0.37009349, -0.08971918,
        0.06161164,  0.05412094,  0.51144123, -0.43564427,  0.5642004 ,
        0.35511729, -0.76239556, -0.20162255,  0.03830872,  0.44710118,
       -0.29953411, -0.33104381,  0.35177594,  0.38944539, -0.00565948,
       -0.25731161,  0.07829229, -0.12274848,  0.27451199,  0.64493912,
       -0.21165183,  0.15777454,  0.00334918, -0.49970701,  0.62929195,
       -0.06648345, -0.0597065 , -0.11650066, -0.17894335,  0.09027022,
       -0.07738712,  0.13595694,  0.46591431, -0.24370785, -0.13072062,
        0.12977308,  0.236127  , -0.40886945,  0.57571858,  0.48508441,
       -0.03263024,  0.10648837, -0.15716   ,  0.25128591,  0.01954188], dtype=float32), array([-2.79049301,  0.36737868, -0.04665921,  2.24148083,  1.53152657,
        1.457376  ,  0.17511433, -1.86485839, -1.48766398, -0.14409253,
        0.95524687,  2.22970867, -1.19748592, -1.35816586, -0.41063887,
       -1.2616179 , -1.0235858 ,  0.41968575,  1.07013953, -0.56416422,
        0.35101765,  0.34422803,  0.2298685 ,  2.61833024,  1.95275211,
        0.74122608,  0.27636135,  0.9968183 ,  0.72613478, -0.89117789,
        2.25590062,  0.35346031, -0.05342567, -0.54036909, -1.05986452,
        1.93532205, -3.57387638,  0.81065178,  0.90909398,  0.66902184,
        1.88553715,  0.78184998, -0.55203193,  0.27582535, -1.68387175,
       -1.39699972, -0.92107844,  1.24069738, -0.65240365, -0.46946275,
       -0.25844112, -0.28562903,  1.04399765, -0.73112524,  0.66819644,
       -0.67692733,  1.00077295,  1.50252867, -2.9625175 ,  1.79091859,
        0.8099041 , -1.21291363,  0.02796407, -0.40372413,  1.0725714 ,
       -0.29501697, -0.36390764,  0.10566311,  2.87710714,  2.12048388,
       -1.29765749,  0.1316161 , -1.72458422, -1.33009577, -0.61005336,
       -3.075876  ,  0.31902167,  0.01615663, -0.77603161,  2.02393746,
        0.78526837, -0.47047085, -0.10956626,  0.82491332,  0.94638211,
       -1.04367197,  0.86922991, -0.08998847, -1.52094913, -0.82641166,
       -1.48026705,  1.06839418,  0.33552122,  0.92735225, -0.43146211,
        0.2887893 ,  0.35238487, -1.56916785, -1.01182151, -0.97304869], dtype=float32), array([-2.68548989,  0.35161942,  0.20235504,  1.77308273,  0.84134704,
        1.50169134,  0.30167237, -1.98070693, -1.00944328, -0.20761487,
        1.21852374,  1.50270283, -1.42720485, -0.8053022 ,  0.20829996,
       -0.83476537, -0.54751444, -0.13469893,  0.71763724, -0.61110747,
        0.12968764,  0.79736346,  0.14036776,  2.3541851 ,  1.54937625,
        0.71197832,  0.43924922,  1.70066631,  1.19383729, -0.86773068,
        2.05609465,  0.48581022,  0.31232417, -0.43562266, -1.20345044,
        1.83963716, -2.54072762,  0.36284396,  0.7270478 , -0.1722849 ,
        2.17277789,  0.69975132, -0.48661268,  0.37918243, -1.55843413,
       -0.83599383, -0.54282546,  1.37612247, -0.64781314, -0.46687064,
       -0.37773311, -0.82286745,  0.39718175, -0.56566888,  0.59750462,
       -0.83014888,  0.88790232,  1.51855087, -2.34284639,  1.17491949,
        0.19931906, -1.36455929,  0.21024176, -0.74507004,  0.82565296,
       -0.1864406 , -0.15974875,  0.47736895,  2.56604123,  1.20583224,
       -1.40442216,  0.56896007, -1.68545401, -0.72523159, -0.20282044,
       -2.67191458, -0.09158327,  0.64856499, -0.99909204,  1.8212502 ,
        0.56510508, -1.00101388, -0.06018177,  0.00581381,  0.64621335,
       -0.64228362,  0.15974766,  0.12618133, -1.54164517, -0.91671652,
       -0.91371727,  1.15594876,  0.06936005,  0.42863315, -0.53739452,
        0.53193402, -0.19608606, -1.67376661, -0.7844404 , -0.65397042], dtype=float32), array([-1.29791212,  0.22257265, -0.72591603,  0.60137922,  0.05735382,
        0.32753325, -0.12936692, -1.24362564, -0.63453156, -0.83012623,
       -0.19624269,  1.24026275,  0.35346165, -0.7705645 ,  0.11872642,
       -1.07341313,  0.37355983,  1.14533281,  0.35554475, -0.94287157,
        0.25993904,  0.5030567 , -0.08063052,  1.39225006,  1.25081921,
        0.19562224, -0.33556983,  0.7537306 , -0.31600133, -0.79310739,
        1.59311128, -0.131863  , -1.07546127, -0.89089996, -0.31730503,
       -0.75485229, -0.96320176, -0.24435264,  0.96261591, -0.31165409,
       -0.00573929,  0.51856142, -0.01324488,  1.60139668, -0.91090345,
       -0.05931888, -0.31236485, -0.76478755, -0.09939991,  1.01365316,
        1.26679361, -0.23471595,  1.75223911, -0.73898667, -0.1921986 ,
        0.60752517,  0.00787831,  0.98140615, -1.75757289,  1.87161314,
        1.26348984, -0.12029921, -0.470653  ,  0.60697573,  1.19008267,
       -0.04166862, -1.75770223, -0.58186024,  1.28748882,  1.12966228,
       -1.75340021, -0.02446408, -1.29706407, -0.70876795,  0.30582839,
       -1.76148546, -0.03257627,  0.06696428, -0.72984248,  0.9302659 ,
        0.23542038, -1.28362751, -0.34104893,  0.59501559, -0.57840544,
       -0.1579272 , -1.2273159 ,  0.18585068, -0.4447923 , -0.66329694,
       -1.32604265,  0.58690882, -0.18073085,  1.50251222,  0.06878616,
       -0.07188658,  0.28338984, -0.21455634, -0.09258835,  0.04609516], dtype=float32), array([-1.15904903,  0.15868318, -0.25366533,  0.81427771,  0.83542168,
        0.0634945 , -0.2590816 , -1.60923386, -0.79810637, -0.53183115,
        0.01352406,  1.24559331,  0.15289274, -0.26259011, -0.35423261,
       -0.70245683,  0.5407207 ,  0.68888861,  0.1790093 ,  0.03601146,
        0.2796478 ,  0.22366354,  0.1358605 ,  1.02463567,  0.79119867,
        0.32995349, -0.84977078,  0.71657294, -0.1848231 , -1.27340162,
        1.05127835,  0.04830309, -0.58763713, -0.76299071,  0.07252332,
       -0.19677913, -0.61320609, -0.03901783, -0.36474252,  0.3635897 ,
       -0.25902161,  0.87015146, -0.09108283,  0.97646987, -0.44521841,
       -0.20000982,  0.02819406, -0.32720357, -0.52611637,  0.60996336,
        0.75208336, -0.48520303,  1.47712481, -0.72944528, -0.1974138 ,
        1.06922841,  0.76260847,  0.66083288, -1.11052597,  1.39594936,
        0.03719544, -0.21010447, -0.05261108,  0.84751856,  0.7715826 ,
        0.07602048, -2.09754157,  0.41149363,  1.58542573,  0.44046724,
       -1.31296086,  0.21305515, -1.04647684, -0.39594257,  0.38543344,
       -1.1193217 , -0.09262025,  0.18702649, -1.10788703,  1.14125824,
        0.54133797, -1.12835526, -0.17790037,  0.12934999, -0.77907389,
       -0.38500124, -1.043244  ,  0.50989044, -0.75571895, -0.31119937,
       -0.90186036,  0.36328074,  0.36778903,  0.81475973,  0.41772074,
        0.12865703,  0.38568658, -0.52110034, -1.29626548, -0.07178995], dtype=float32), array([-2.31176639,  0.96855599,  0.60542232,  1.14543128,  0.20437716,
        1.04751885, -0.19531637, -1.12551212, -1.62312114, -1.01941192,
        2.3699131 ,  0.50925559,  0.25595102, -0.68186975, -0.11129789,
       -0.39233381,  1.07638061,  0.95009977,  0.01551778, -1.83980405,
       -0.31653374,  0.89969325, -0.0570287 ,  2.15610075,  1.2212832 ,
        0.81334996,  0.22066002,  0.91157293, -0.95588923, -0.88376087,
        1.81104016,  0.3502748 , -0.94595987, -1.43730092,  0.03256802,
       -1.0769161 , -1.05275822,  0.26050404, -0.33683935, -0.30208078,
        0.26512125,  0.18861568,  0.01279348,  1.23336673,  0.11997775,
       -1.68583381,  0.68624663,  0.71337909,  0.30834946,  0.08640219,
        1.53964257, -1.21026623,  1.44600856, -0.92097771, -1.34159327,
        0.11214927,  1.22230113,  2.41564369, -1.74542451,  1.58083236,
        1.43909669, -0.77860695,  0.03031956,  1.1665107 , -0.18611549,
        0.12852839, -3.31682301, -0.02459937,  2.19496059,  0.42518666,
       -2.18815255,  0.39452854, -1.07011294, -0.44544476,  1.95635831,
       -2.62066698,  0.16002014,  1.31173623, -1.55125141,  1.69200993,
        0.48285979, -1.37478185, -0.04780696,  0.15707982,  1.03639162,
        0.77625823, -1.37473738,  1.03363979, -0.64555961, -1.21364367,
       -2.03759646,  1.06284082, -0.12214547,  0.76942551, -0.54634249,
        0.60731018,  0.35309762, -0.86831301, -0.72739482,  0.21301633], dtype=float32), array([-1.49816501,  0.04957591, -0.37854007,  0.92794347,  0.25750124,
        0.27481109, -0.1224836 , -0.81667554, -0.87818491, -0.21648347,
        0.64286715,  0.82823372,  0.16250092, -0.76464003, -0.62291193,
       -0.58047318,  0.44557542,  0.5483163 , -0.20849903, -0.56025815,
       -0.08718547,  1.15943205,  0.73781544,  1.80428505,  0.39053169,
        0.33150154,  0.22992329,  1.05643559, -0.16113257,  0.05679783,
        0.98156732, -0.69926721, -0.22625054, -0.74716866, -0.32855657,
        0.28989962, -1.25472295,  0.16769557,  0.12143773, -0.24495977,
        0.83045411,  0.49251831, -0.45305657,  0.80398589, -0.88920766,
       -0.29441181, -0.15176049,  0.71168917, -0.73018265,  1.08861315,
        0.48710716, -0.19509122,  1.31221533, -0.10269696, -1.00841117,
       -0.15530504,  0.5985412 ,  0.9736191 , -1.44338059,  1.1640209 ,
        1.57966733, -0.47308275, -0.34223199,  0.39596695, -0.0582365 ,
       -0.35040471, -1.0622443 , -0.36530173,  1.13387597,  0.38979444,
       -1.01077151,  0.33717659, -0.76903003,  0.15922719,  0.82066751,
       -2.27959967, -0.32633966,  0.29112667, -0.51272368,  1.42747664,
       -0.21910302, -0.50802952, -0.29088569,  0.94109875,  0.18043217,
       -0.09054562, -0.42311954,  0.85748762, -0.82286543, -1.66997027,
       -0.95413709,  0.40182471, -0.17758982,  0.57474989,  0.31300837,
        0.02502458,  0.04539864, -0.7512362 , -0.04056118,  0.13216691], dtype=float32), array([-0.52375609,  0.11799911,  0.46553952,  0.8981548 ,  0.33166879,
        0.47673729, -0.14052674, -0.74150872, -0.8205955 ,  0.06132269,
        0.20258108,  1.47538745,  0.43622771, -0.37395954, -0.16766842,
       -0.45420772, -0.21123798,  0.01052921, -0.05760972,  0.200187  ,
        0.41056302,  0.55907339,  0.31624648,  0.8575508 ,  0.14494492,
       -0.03716633,  0.20433871,  0.45633402, -0.34670109, -0.76823664,
        0.40366071, -0.75287068, -0.01615528, -0.34498605, -0.32856387,
       -0.41339943, -0.86840111,  0.76661724,  0.2195188 ,  0.1374685 ,
        0.14348997, -0.2420688 ,  0.18637319,  0.46682706, -0.85635382,
       -0.11110766,  0.09788229, -0.0673547 , -0.61889058,  0.53233433,
        0.07739432, -0.10231618,  0.88603294, -0.12583357,  0.33879924,
       -0.24358192,  0.35024861,  0.1972086 , -0.63635325,  0.09550637,
        0.61501467, -0.2710889 ,  0.07583698,  0.28689611,  0.49808741,
       -0.0112407 , -0.10075941, -0.02629722,  0.70802975,  0.5088979 ,
       -0.47190279,  0.14029267,  0.01815687, -0.36501679,  0.51647878,
       -0.93479311,  0.30982199, -0.11457155, -0.66945076,  0.67188984,
        0.05018097, -0.42599025,  0.20514137,  0.23226459,  0.56635696,
       -0.03062464, -0.67098665, -0.43914258, -0.67375362, -0.37982452,
       -0.49550575,  0.47341734, -0.13803324,  0.209879  ,  0.13520321,
       -0.04138964,  0.10098932, -0.71808672, -0.0264403 , -0.51322728], dtype=float32), array([-2.07751775,  0.67860675, -0.1099131 ,  2.36567307,  0.63444561,
        1.94311821, -0.64409322, -1.41790307, -1.8054533 , -1.06858516,
        0.21294808,  1.19407284,  0.21252835, -0.47130513, -0.47762379,
        0.23262025,  0.7488355 ,  1.03741276, -1.00770843, -0.27145201,
        0.88059026,  1.26634741,  0.39681387,  2.086303  ,  1.70661962,
        0.82079637,  0.88558644,  1.42491543, -1.27837241, -1.69885135,
        1.08363378, -0.29270905, -1.21496522,  0.41306776,  0.35641968,
        0.33015901, -1.15998244,  0.85058719,  0.63309675,  0.51585424,
        0.3855527 , -0.46334305,  0.23264444,  1.10933506, -1.56978714,
       -0.73554569, -0.36870253,  0.20973209, -1.5450232 ,  0.92196888,
        0.23098417, -0.00287127,  2.1449821 ,  0.23166221,  0.1659331 ,
        0.42392319,  1.08112156,  1.15657222, -1.31266296,  0.61009359,
        1.63889039, -1.56742072,  0.15554643,  0.95278728, -0.16485924,
        0.05611961, -1.2477839 ,  0.95976818,  1.66511428,  1.5520252 ,
       -0.91905808,  0.58931184, -0.10972865, -1.18977559,  1.11494935,
       -1.96057367, -0.14561194,  0.89003897,  0.13081437,  2.31906652,
        0.13234586, -0.53704113,  0.02805812,  0.54923052,  0.52731639,
       -0.34064582, -1.24729216,  0.0286582 ,  0.19044861, -0.89054751,
       -1.31950569, -0.15141058,  0.75695825,  0.48956138,  0.17285818,
       -0.29956931, -0.66591734, -2.41498137, -0.09958816, -0.17778218], dtype=float32), array([-0.94430906,  0.06038504,  0.30377302,  1.2476145 ,  0.28213125,
        0.94625479, -0.42759013, -0.88677454, -0.47344467, -0.43581378,
        0.79055613,  0.78556907,  0.1916555 , -0.58822435,  0.01152448,
       -0.65503049, -0.35997301, -0.05609239,  0.36299807, -0.4215906 ,
       -0.17590986,  0.96106482, -0.09594825,  1.75389636,  0.53542721,
        0.40328625,  0.01246269,  0.93612868,  0.37606305, -1.08354604,
        0.86934108, -0.02490848,  0.68492568, -0.98173231, -0.97019148,
        1.00466156, -0.76575601,  0.08699626,  0.79656416, -0.36258027,
        0.83013928,  0.24555635, -0.10880338,  0.66272163, -1.06955802,
        0.26935434, -0.1026091 ,  0.98386842,  0.35179561,  0.32255998,
        0.52689397, -1.15889263,  0.63720524, -0.72869802,  0.12711245,
        0.11141028,  0.48657098,  1.54457617, -1.67960811,  0.96362752,
        0.5598197 , -1.04403222,  0.43265423,  0.08630043,  0.6052649 ,
       -0.04325514, -0.84282851,  0.20707746,  1.653687  ,  0.88622135,
       -1.1514312 ,  0.70947456, -1.26336432, -0.28197512, -0.06505845,
       -1.74823594,  0.01867409,  0.27290675,  0.05327717,  1.42852175,
       -0.24178822, -0.73367357,  0.10113032, -0.32634798,  0.43663764,
        0.15603429, -0.89558917,  0.14044136, -1.27823675, -1.06773663,
       -0.76637149,  1.07730937,  0.00191186,  0.59445429,  0.30149996,
       -0.17010367, -0.32353711, -0.68670058,  0.1461035 , -0.15988347], dtype=float32), array([-1.39752126,  0.49172127,  0.59394419,  1.67312884,  0.75742829,
        1.02449608,  0.29162312, -1.48020196, -1.36213493,  0.2671392 ,
        1.86892152,  1.08994734,  0.22089542, -0.44625703,  0.59752315,
        0.30560482,  0.17670022, -0.14778566,  0.19476557, -1.34209836,
       -0.36134586,  0.61551815,  0.05597749,  2.6851747 ,  1.95421278,
        0.28949934,  0.54658943,  0.87153459, -0.25107908,  0.00535928,
        0.9790135 , -0.47603169, -0.1798729 , -1.55792344, -0.41913459,
       -0.69947684, -1.70208788,  0.07310745,  0.01254958, -0.50566727,
        0.74997205, -0.07005146,  1.21233487,  0.80690688, -1.00012958,
       -0.5848372 ,  1.06269014,  0.35179242,  0.15035492, -0.10061623,
        0.21329516, -1.33709693,  1.68300641, -0.45052361,  0.15647623,
        0.23115607, -0.53978294,  2.15791559, -1.88430035,  1.27699769,
        1.3218621 , -1.17251956, -0.54961646,  0.93035227,  0.55891103,
       -0.13824894, -2.17449141,  0.03506564,  1.89635265,  0.23058078,
       -1.4180187 ,  1.09520066, -0.18638067, -0.46716607,  1.32276344,
       -0.92267078,  0.5017401 ,  1.17373407,  0.091364  ,  2.44460201,
        0.2324692 , -0.91938841,  0.31082124, -0.90969622,  1.29434204,
        0.33183914, -0.5960142 ,  0.42361587, -1.02988303, -0.83637798,
       -0.46860659,  0.42566472, -0.04892091,  0.21762028, -0.6113463 ,
        0.63029695,  0.67573482, -0.51049119, -0.1649906 , -0.10978199], dtype=float32), array([-3.44436121,  0.35087138,  0.17535898,  2.95252466,  1.36211801,
        2.25325608,  0.10221098, -2.54563284, -2.07936954, -0.0676984 ,
        1.54013872,  2.41023946, -1.27423286, -1.62007201, -0.38342538,
       -0.84189558, -0.74849033,  0.08819887,  0.82921922, -0.70138097,
        0.53204077,  1.14537215,  0.30083442,  2.94168043,  1.73540974,
        0.75543356,  1.07045448,  1.98389935,  0.77856874, -1.72958612,
        1.95037627,  0.37727901, -0.04585917, -0.3895016 , -1.39207983,
        1.93780005, -3.7662909 ,  0.72530371,  1.15172112,  0.47307119,
        1.96685946,  0.18712959, -0.34970587, -0.04692429, -2.39305449,
       -1.49939442,  0.01219667,  2.03108144, -0.90170246, -0.59584033,
       -0.43643454, -1.02353096,  1.2207036 , -0.7504769 ,  0.95513004,
       -1.31171   ,  1.76164329,  1.77574563, -3.36961007,  1.0433985 ,
        0.81136113, -2.12088919, -0.15287066, -0.42357832,  0.97114235,
       -0.19330287, -0.05043089, -0.06446868,  3.344203  ,  2.00487089,
       -1.58426428,  0.04395623, -1.07860601, -2.03582883,  0.16670224,
       -3.68369937,  0.46725136,  0.44035667, -0.52085727,  2.52047133,
        0.58214962, -0.84004879,  0.18940732,  0.24039187,  0.95112777,
       -0.91354805,  0.31492639, -0.14370491, -1.85779834, -1.59042513,
       -1.48567116,  1.50810599,  0.5907889 ,  0.41075686, -0.28309989,
        0.44686285, -0.23456725, -2.08025408, -0.96668327, -1.10885143], dtype=float32), array([-3.05615115,  0.78263032,  0.38239565,  2.71532607,  0.27561885,
        2.05236125, -0.35612082, -2.26941156, -1.45934975, -0.383573  ,
        1.05158198,  1.53144765, -1.69286942, -1.09130311, -0.10263112,
       -0.5037753 ,  0.0697997 , -0.01059085,  0.96702659, -0.70335782,
        0.2262706 ,  1.47950757,  0.30124077,  2.88783288,  1.55563116,
        0.94093156,  0.52952367,  2.22486567,  0.88392979, -0.78208673,
        2.2277081 , -0.07235081,  0.6494599 , -0.52805835, -1.04088628,
        1.6576134 , -2.86162066,  0.73822355,  0.76069707,  0.12139043,
        2.70896435,  0.17357865, -0.18747732,  0.69371635, -1.70601165,
       -0.43631446, -0.07528189,  1.5132668 , -0.67207098, -0.58869749,
        0.12243094, -0.5353353 ,  0.61042154, -0.40631059,  1.03301895,
       -0.80005729,  0.99172091,  1.79014313, -1.94627261,  1.75652266,
        0.70757401, -1.69880462,  0.13063292, -0.30091676,  1.28905046,
       -0.46750808,  0.29638106,  0.10762002,  3.13948035,  1.24698186,
       -1.17408705,  0.99426281, -0.88702506, -0.89231449,  0.73010767,
       -3.0667212 , -0.1087144 , -0.12680751, -1.11777723,  2.26687813,
        0.12185038, -1.22004068,  0.37149099,  0.2770482 ,  0.96258056,
       -1.04198515,  0.04737407,  0.22449413, -1.41526198, -1.44777966,
       -0.54160362,  1.26873696, -0.22197075,  0.85869843, -0.4523502 ,
        0.39635763, -0.67400581, -2.13015342, -0.23870161, -0.87103444], dtype=float32), array([-0.95594871,  0.4123742 , -0.08383651,  1.45627749,  0.53849405,
        1.41264355, -0.54097575, -0.58412427, -0.90912497, -0.31628013,
        0.21124324,  0.94821608,  0.60615712, -0.64463401, -0.37989095,
       -0.21724437,  0.23259394,  0.43640888, -0.06628952, -0.1459921 ,
        0.4906477 ,  0.91517586, -0.09772084,  1.11488628,  0.34538904,
        0.13813773,  0.96921319,  0.63631105, -0.40369776, -1.02030039,
        0.36944878, -0.48331916, -0.59370595,  0.31512877, -0.06452549,
        0.20999584, -0.7030493 ,  0.16546969,  0.44762975,  0.30453336,
        0.4533217 , -0.49279696,  0.20515388,  0.38943815, -1.0717417 ,
       -0.33920187,  0.07084394,  0.28375679, -0.88588363,  0.63476795,
        0.17232813,  0.02164122,  1.26267529, -0.19633701,  0.1728842 ,
       -0.42058879,  0.68849224,  0.68855214, -0.3828688 ,  0.20364037,
        1.27719486, -1.01880741, -0.0427257 ,  0.64345646, -0.11186001,
        0.12283292, -0.32618257,  0.67819083,  0.96491629,  0.7195195 ,
       -0.31985453,  0.16181242, -0.14380081, -0.8335793 ,  0.53828847,
       -1.27650869, -0.35885429,  0.35735437,  0.31164107,  1.06381333,
        0.06007224, -0.43394619,  0.11713853, -0.07264856,  0.27206796,
        0.04496337, -0.62052155, -0.30850413,  0.07332039, -0.91567892,
       -0.95456326,  0.12972113,  0.31549537,  0.30030948,  0.29611599,
       -0.19590348, -0.345779  , -1.0920161 ,  0.33424962, -0.07297863], dtype=float32), array([-2.09915233,  1.3876332 ,  0.0770646 ,  1.66382015,  0.91975331,
        0.88250136, -0.1773209 , -1.84590685, -1.9770298 , -0.15601222,
        2.1333611 ,  1.14558876,  0.54777443, -0.7051084 , -1.4852885 ,
        0.37824821,  1.01485527,  0.49049613, -0.12361721, -0.31501952,
        0.09049016,  0.43171686, -0.44570506,  2.86711526,  1.51429629,
        0.19724911,  0.07277909,  1.74473071, -0.22517137, -0.40804648,
        0.80268747, -0.378966  , -0.83876532, -0.5331561 , -1.2043575 ,
        0.16692427, -1.65353787,  0.4155454 ,  0.16104066,  0.19203486,
       -0.56501043,  0.32511026, -0.50638497,  0.90212363, -1.11879861,
       -1.0693661 , -0.21889049,  0.49706644, -0.34486601, -0.25099844,
        0.52042234, -0.42012498,  1.13676798, -1.47433257, -0.67169404,
        0.30350828,  0.94056523,  1.40066957, -1.99697328,  1.74467194,
        1.23656213, -0.92426872, -0.51411861,  1.6129781 ,  0.17290509,
       -0.35752755, -2.31236482,  1.03137159,  2.51687264,  1.2362498 ,
       -1.80890143, -0.47863901, -1.00360918, -1.29673469,  1.81823051,
       -2.29602289,  0.07196593,  1.54102075, -0.43334034,  2.12089896,
        0.26079825, -0.82273316, -0.73165345, -0.31402788,  0.58559495,
        0.46791285, -1.13510537,  0.27516404, -0.92902857, -1.40411055,
       -1.66488159,  0.74551189, -0.49934998,  0.81307775,  0.0765747 ,
       -0.6348567 ,  0.28397632, -1.84290516, -0.11984367,  0.1938986 ], dtype=float32), array([ -1.99536610e+00,   5.37865996e-01,   8.57048631e-01,
         2.43906021e+00,   1.24560273e+00,   2.40297151e+00,
        -3.04924428e-01,  -1.16907048e+00,  -1.15119886e+00,
         3.63423944e-01,   1.16486049e+00,   1.60436153e+00,
         3.20697501e-02,  -1.08696508e+00,   7.45446444e-01,
        -4.49474066e-01,   1.39818537e+00,   3.14802349e-01,
        -8.06490302e-01,  -5.14280021e-01,   6.75373435e-01,
         1.95634627e+00,   6.00746393e-01,   3.82373047e+00,
         2.50146627e-01,  -2.74216145e-01,   9.90924895e-01,
         1.49789202e+00,  -6.51692629e-01,  -9.04012263e-01,
         1.45346427e+00,  -1.42428565e+00,   7.67065644e-01,
        -7.29710102e-01,  -1.89515471e-01,  -4.34560865e-01,
        -1.49829042e+00,   7.56518245e-01,  -9.53223854e-02,
         5.54879010e-02,   8.37637484e-01,  -4.41472381e-01,
         6.61825061e-01,   1.01204574e+00,  -1.95013630e+00,
        -5.52569270e-01,   5.61743975e-01,  -1.64856106e-01,
        -5.48239425e-02,   7.82531023e-01,   7.28659213e-01,
        -6.07253134e-01,   1.36203957e+00,  -1.13776898e+00,
         8.26498210e-01,  -9.60284650e-01,   1.29989207e+00,
         1.92991257e+00,  -1.56837475e+00,   1.23210990e+00,
         1.95531809e+00,  -1.35969615e+00,  -2.16280431e-01,
         5.97922504e-03,   1.53367424e+00,  -1.42982936e+00,
        -1.71594524e+00,   4.64588970e-01,   2.10620308e+00,
         8.79799306e-01,  -5.11684537e-01,   1.46521807e+00,
         7.93277442e-01,  -5.15548527e-01,   1.93784654e+00,
        -1.42455804e+00,  -9.18538682e-03,   7.84185886e-01,
        -1.55333507e+00,   2.01792216e+00,  -4.53872085e-01,
        -1.15110910e+00,   3.55539739e-01,  -2.00794280e-01,
         4.88514870e-01,   1.83348894e-01,  -6.80012822e-01,
        -5.18350899e-02,  -1.61726809e+00,  -2.86711383e+00,
        -5.11145115e-01,   1.34771228e+00,   1.15194917e-03,
         1.92028689e+00,  -2.88983230e-02,   5.62507510e-01,
        -1.85410857e-01,  -1.47279370e+00,  -2.55860388e-01,
         3.06729257e-01], dtype=float32), array([-1.65405631,  0.29339913,  0.4362365 ,  1.57734978,  0.65168613,
        0.61951923, -1.61739588, -0.76747096, -1.01523066,  0.02094618,
        0.59175825,  1.28639245,  1.06611717, -2.09521222, -0.40350783,
       -0.75592047, -0.20851091,  0.87682545,  1.18581474, -0.5798105 ,
        0.03095641,  1.02764165,  1.15291703,  2.84241962,  0.2941699 ,
        0.90776545, -0.15965724,  0.70986038, -0.01725341, -0.90103751,
        1.36111009, -0.42845836, -0.08904903, -1.08748639, -0.47940511,
        0.17923255, -1.66514683,  0.58456898,  0.96346116,  0.06739752,
        0.81819057,  0.43596366,  0.00742518,  1.0229249 , -1.38126564,
       -0.04494915, -0.76317692,  0.0731109 ,  0.37401417,  1.53237939,
        1.38784969, -0.55991226,  1.90464795,  0.10261218, -1.09210324,
        0.09685975,  0.26977327,  0.62099665, -1.47898221,  1.89360023,
        1.56291139, -0.75527447, -0.24679545,  0.97838151,  0.63660979,
       -0.13363752, -1.65469706, -0.25779942,  2.08882928,  1.37296247,
       -1.38802052, -0.58047867, -1.20381844, -0.78531742,  0.83321983,
       -2.31263757, -0.13147748, -0.31440297, -0.051455  ,  0.84827203,
       -0.38336441, -0.88882226,  0.29868165,  0.28112543,  0.6825431 ,
       -0.76493376, -1.01590335,  0.89405262, -1.05680108, -2.18774652,
       -0.76840234,  0.70921743, -0.45314673,  0.84861392,  0.28163573,
       -0.55397165, -0.2071463 , -0.27161741, -0.08059826,  0.0125881 ], dtype=float32), array([ -9.69512343e-01,   5.86427391e-01,   2.74797320e-01,
         1.69877076e+00,   8.78978297e-02,   9.12300766e-01,
        -8.87608230e-02,  -1.05018723e+00,  -7.80086398e-01,
         2.88841009e-01,   7.13352025e-01,   1.56582642e+00,
        -1.50784224e-01,  -4.50084448e-01,  -2.28807837e-01,
        -5.22213101e-01,   1.50043905e-01,   1.91662028e-01,
         6.40341997e-01,  -3.21135342e-01,   5.81140459e-01,
         5.74057639e-01,   2.30283171e-01,   1.43052697e+00,
         8.52787375e-01,  -1.08412676e-01,   5.29643774e-01,
         6.51303768e-01,  -3.38185221e-01,  -8.02292049e-01,
         8.47760856e-01,  -1.87945008e-01,   3.01002979e-01,
        -5.82242846e-01,  -6.51156545e-01,   3.65017876e-02,
        -6.24173462e-01,  -5.38236380e-01,   4.20378029e-01,
        -5.02568781e-02,   6.91001534e-01,  -3.27369452e-01,
         1.64642513e-01,   4.92714316e-01,  -1.28961360e+00,
        -5.69163442e-01,   4.17574584e-01,   5.43669701e-01,
        -3.30654413e-01,  -7.22843222e-04,   5.08153498e-01,
        -6.45105243e-01,   1.23227489e+00,  -7.07038641e-01,
         3.29286873e-01,   8.14842060e-02,   3.38954031e-01,
         8.39004636e-01,  -1.11200821e+00,   9.96404350e-01,
         4.87436265e-01,  -8.82579923e-01,   6.09572083e-02,
        -4.68734175e-01,   7.34225094e-01,  -2.30035007e-01,
        -8.93115997e-01,   7.19952524e-01,   1.25241554e+00,
         2.28375614e-01,  -6.81310952e-01,   1.01745069e+00,
        -4.48461562e-01,   1.08785756e-01,   8.28928113e-01,
        -1.15764570e+00,   7.61605725e-02,  -8.28180090e-02,
        -4.42254275e-01,   1.48398972e+00,   2.07556561e-01,
        -5.88469923e-01,   1.15857877e-01,  -5.18163502e-01,
         3.84283483e-01,   5.43204844e-01,  -7.24572182e-01,
        -2.50338554e-01,  -6.41185999e-01,  -5.71238160e-01,
        -5.45621634e-01,   7.88322866e-01,  -1.20985717e-01,
         8.19676220e-01,   3.33065629e-01,  -4.88588139e-02,
        -6.29250288e-01,  -6.34423614e-01,   1.03318036e-01,
        -4.09936845e-01], dtype=float32), array([ -1.90393233e+00,   6.47613704e-01,   5.74184895e-01,
         2.50662470e+00,   8.31239581e-01,   1.06019068e+00,
        -5.44153512e-01,  -1.44203591e+00,  -8.41696024e-01,
        -4.93456542e-01,   1.52284908e+00,   1.96669304e+00,
         3.71255487e-01,  -8.08664322e-01,  -7.73602247e-01,
        -5.87057054e-01,   3.35838735e-01,   5.42772889e-01,
        -2.64196634e-01,  -5.47292650e-01,   2.60661662e-01,
         1.82097077e-01,  -7.59455413e-02,   2.31256914e+00,
         6.32436156e-01,   8.89400095e-02,  -2.62006849e-01,
         1.57291055e+00,  -1.45938039e+00,  -1.33423162e+00,
         1.77216053e+00,   4.46224004e-01,  -1.01066494e+00,
        -7.55184114e-01,  -2.13869244e-01,  -3.35417539e-01,
        -1.52683151e+00,  -3.52644622e-02,   1.29319951e-01,
        -3.21577907e-01,   5.45355976e-01,   1.83285940e+00,
        -5.39445341e-01,   8.69364202e-01,  -1.33803010e+00,
        -1.48368984e-01,  -2.84702480e-01,   3.32610667e-01,
        -6.31821573e-01,   1.40450406e+00,   1.34771037e+00,
        -1.85605860e+00,   1.31577051e+00,  -1.33623409e+00,
         7.24848270e-01,   7.19195962e-01,   9.19667304e-01,
         2.31523848e+00,  -1.98551345e+00,   1.69862354e+00,
         7.24020958e-01,  -2.95861304e-01,   9.17945988e-04,
         1.07598817e+00,   1.16058230e+00,  -2.31569827e-01,
        -2.96170282e+00,   3.30819190e-01,   1.99896181e+00,
         5.47490180e-01,  -1.31772399e+00,   3.03636730e-01,
        -1.77837300e+00,  -6.34401023e-01,   1.13281512e+00,
        -3.21358323e+00,  -1.23837233e-01,  -2.77891517e-01,
        -5.91406107e-01,   2.49434757e+00,   3.31393361e-01,
        -6.51763260e-01,   1.50386527e-01,  -4.24583107e-01,
         4.98061150e-01,   2.13602390e-02,  -1.03186882e+00,
         5.79322875e-02,  -1.97761202e+00,  -5.79242170e-01,
        -8.32214057e-01,   1.04829168e+00,   2.60378450e-01,
         1.31434774e+00,   6.93966150e-01,   5.65926842e-02,
        -5.23525998e-02,  -1.08642519e+00,  -7.34181583e-01,
         1.94689333e-01], dtype=float32), array([ -1.79298282e+00,   5.21981061e-01,   9.56266284e-01,
         1.89239442e+00,   1.12301242e+00,   7.84708261e-01,
         7.51700699e-02,  -1.87532616e+00,  -2.07380390e+00,
         1.50711775e-01,   1.71602571e+00,   1.55916357e+00,
         8.83190155e-01,  -9.40919816e-01,  -2.61658221e-01,
        -2.55605169e-02,   7.87953138e-01,   6.81019723e-01,
        -6.72868013e-01,  -9.29669380e-01,  -5.00046909e-01,
         2.04438984e-01,   4.80097324e-01,   3.05337191e+00,
         1.35274291e+00,   2.42908373e-01,   3.88145030e-01,
         9.83712375e-01,  -7.45045662e-01,  -4.39627439e-01,
         1.19465280e+00,  -4.12843041e-02,  -4.78743464e-01,
        -1.20484069e-01,   4.81045693e-01,  -6.85493052e-01,
        -1.67450380e+00,   2.45279491e-01,   6.88207448e-01,
         3.42753202e-01,   1.09208941e+00,   3.61975729e-01,
         4.36445683e-01,   2.00764552e-01,  -1.02213407e+00,
        -7.07748473e-01,  -6.74738586e-01,   1.18308976e-01,
        -6.34557307e-01,   5.90708375e-01,   9.02759194e-01,
        -1.01586783e+00,   1.41254663e+00,   7.47059882e-02,
         2.69230098e-01,   1.14044979e-01,  -2.38111243e-02,
         1.03690708e+00,  -2.31675959e+00,   1.17038310e+00,
         1.06719589e+00,  -6.31803215e-01,   1.69369299e-03,
         1.32512283e+00,   9.45520818e-01,  -6.78766131e-01,
        -2.68793869e+00,  -5.34441918e-02,   2.07000113e+00,
         6.82917178e-01,  -9.25729215e-01,   8.33166540e-01,
        -9.52785388e-02,  -1.26048899e+00,   1.24048162e+00,
        -1.91915786e+00,   6.77155852e-01,   5.29492274e-02,
        -6.73203707e-01,   2.38235879e+00,   1.14509076e-01,
        -8.71543825e-01,   4.34454918e-01,   9.14676964e-01,
         9.57207829e-02,   1.88478544e-01,  -7.09498584e-01,
         5.92594743e-01,  -1.28830564e+00,  -1.82403719e+00,
        -4.46089625e-01,   2.70668894e-01,   7.09133744e-01,
         7.67097175e-01,  -5.84742665e-01,   7.39701807e-01,
         1.34054050e-01,  -5.87532878e-01,  -4.41562235e-01,
        -2.34504223e-01], dtype=float32), array([-0.9181053 ,  0.06686629, -0.03542544,  1.02593553,  0.52476537,
        0.4801439 ,  0.26722789, -1.1687541 , -0.69486666,  0.43976584,
       -0.08764699,  1.27019036,  0.34053379, -0.63886189, -0.14771113,
       -0.05359013,  0.37832487, -0.09906192, -0.03137669,  0.11945488,
        0.25450319,  0.48851621, -0.04011387,  1.06756389,  0.75297087,
       -0.12067136, -0.04950778,  0.84918493, -0.00881355, -0.76556319,
        0.74672818, -0.33073473, -0.2106294 , -0.49927965,  0.35945046,
       -0.09833054, -0.81735253,  0.34934309,  0.48889399,  0.69820583,
        0.19632116,  0.21784307,  0.09876919,  0.32881194, -0.69267184,
       -0.5741176 , -0.05332492,  0.25283903, -0.34444684,  0.36212748,
        0.46154955, -0.06759705,  1.27463627,  0.42201772, -0.92898947,
        0.2525675 ,  0.57682592,  0.71369803, -1.00368452,  0.83027095,
        0.59537733, -0.78641886, -0.29850245,  0.10583204,  0.32281008,
        0.06360467, -0.98057795,  0.62423372,  1.54096437,  0.67755252,
       -0.32435438, -0.16255695, -0.81563008, -0.82039034,  0.90431345,
       -0.82791263,  0.19978969,  0.27584881, -0.96515846,  0.87195569,
        0.1190079 , -0.81381929, -0.16911802, -0.2498281 ,  0.27422446,
       -0.26552743, -0.44640073, -0.33284199, -0.31643093, -0.45931327,
       -0.87894303,  0.00823933, -0.14262661,  0.63312578,  0.43397036,
       -0.30978867, -0.05700672, -0.95598036, -0.13894966,  0.28183806], dtype=float32), array([ -1.06617725e+00,   1.37228936e-01,   5.68225563e-01,
         8.61630440e-01,  -2.99341530e-02,   3.58536303e-01,
         5.54847658e-01,  -1.31222844e+00,  -1.06351006e+00,
         5.13011575e-01,   8.74941826e-01,   1.53891945e+00,
         2.78313786e-01,  -8.50072265e-01,  -4.80255902e-01,
        -2.40029693e-02,  -1.61553860e-01,  -1.26437157e-01,
         2.93503940e-01,  -3.92997652e-01,   5.61597943e-01,
         2.92793274e-01,   2.80386388e-01,   1.20970440e+00,
         6.68630421e-01,  -3.33271414e-01,   1.62923276e-01,
         2.76373357e-01,  -5.13306707e-02,  -3.01394671e-01,
         7.14173436e-01,   3.03486377e-01,  -1.66912854e-01,
        -6.65236056e-01,  -2.88526207e-01,  -2.28305340e-01,
        -1.35926926e+00,  -4.12155867e-01,   6.46854460e-01,
        -1.13923594e-01,   5.62555134e-01,   4.40068781e-01,
         6.98795915e-01,   2.74631709e-01,  -1.30162191e+00,
        -6.99296594e-01,   3.32223177e-01,   6.41607881e-01,
        -1.31179392e-03,  -1.15871623e-01,   1.88435450e-01,
        -6.23770177e-01,   2.85767436e-01,  -2.82021701e-01,
         5.40722370e-01,   2.36531898e-01,   9.99762416e-01,
         8.27437699e-01,  -1.52157545e+00,   4.84295547e-01,
         5.97011387e-01,  -2.98033148e-01,  -7.52603769e-01,
        -2.58869410e-01,  -2.29005992e-01,  -8.28723609e-02,
        -8.09802353e-01,  -3.21182013e-01,   1.45092952e+00,
         5.40262997e-01,  -7.78277397e-01,   4.78430837e-01,
        -8.42551351e-01,  -3.33047926e-01,   5.54014146e-01,
        -9.93234277e-01,   3.25841606e-02,   1.72301322e-01,
        -3.67691219e-01,   1.29608214e+00,   6.76157713e-01,
        -6.54755175e-01,   1.84936132e-02,  -5.79516776e-03,
         3.51645261e-01,   8.28357339e-01,  -7.23274827e-01,
         3.12906086e-01,  -9.72873986e-01,  -3.93330544e-01,
        -2.35739768e-01,   8.37135911e-01,   2.42051184e-01,
         2.05314755e-01,  -2.49750927e-01,  -1.71676695e-01,
        -4.86519039e-02,  -3.58356774e-01,  -4.62380588e-01,
        -5.49190231e-02], dtype=float32), array([ -2.12255263e+00,  -1.44968033e-01,   4.64083016e-01,
         3.26054716e+00,   1.60623443e+00,   2.68572140e+00,
         2.01648235e-01,  -1.48763335e+00,  -8.42143357e-01,
         1.62912667e+00,   2.93596685e-01,   1.88803554e+00,
         7.62215495e-01,  -1.31840372e+00,   5.11465035e-02,
        -6.00600801e-03,   9.99147475e-01,   5.87442875e-01,
         6.13138258e-01,  -1.75578475e-01,   5.01456976e-01,
         1.87931907e+00,   5.23846567e-01,   4.00783920e+00,
         4.47747231e-01,  -9.51521456e-01,   1.56599224e+00,
         1.31717765e+00,  -3.80373418e-01,  -8.69391918e-01,
         8.03734481e-01,  -9.55497861e-01,   9.99293029e-01,
        -1.56744406e-01,  -3.90864342e-01,  -5.28984368e-01,
        -2.40375495e+00,  -1.69090927e-04,  -1.13782331e-01,
         2.27151126e-01,   4.84438896e-01,  -5.16663671e-01,
         3.48245293e-01,   1.09827363e+00,  -2.79070067e+00,
        -6.85181499e-01,   1.00079429e+00,   8.72399807e-02,
         3.98086756e-02,   1.00021482e+00,   7.44265735e-01,
        -4.83691990e-01,   2.37893510e+00,  -1.72255790e+00,
         6.44480169e-01,  -1.13695228e+00,   1.06171191e+00,
         1.31506371e+00,  -1.86235499e+00,   1.67619908e+00,
         2.16505075e+00,  -2.70034862e+00,  -4.35173035e-01,
        -5.86918652e-01,   2.48356438e+00,  -1.07805133e+00,
        -1.87076187e+00,   6.35998309e-01,   3.26732469e+00,
         8.96384776e-01,  -4.01338011e-01,   1.30592239e+00,
         7.15669155e-01,  -1.15482199e+00,   2.53419971e+00,
        -1.83537006e+00,  -3.03334370e-02,   8.85180652e-01,
        -1.83551860e+00,   2.60846496e+00,  -7.94803560e-01,
        -1.63063359e+00,   6.64522469e-01,  -1.10774219e+00,
         4.47460592e-01,   1.07986033e-01,  -3.16152334e-01,
        -5.45447469e-01,  -2.05160093e+00,  -3.45531511e+00,
        -3.75721633e-01,   1.88382363e+00,  -8.59117627e-01,
         2.44637656e+00,   5.93502641e-01,  -1.20358616e-01,
        -5.31194746e-01,  -1.32317114e+00,   7.35626698e-01,
         2.92295128e-01], dtype=float32), array([-2.04395962, -0.42471185,  0.62414736,  2.68052268,  1.25517547,
        1.78078258, -0.53728008, -1.57555223, -0.82005185,  1.07026815,
        1.46748018,  1.55394161,  0.32319134, -0.9504751 ,  0.4086512 ,
       -0.77069664,  1.31115198,  0.50647885, -0.07384311, -0.68758589,
       -0.23983778,  1.59421241,  1.53756785,  2.81134295,  1.48475671,
        0.04383134,  1.26627386,  1.8730706 , -0.7031197 , -1.47448099,
        1.69967592, -0.68551147,  0.91973722, -0.41669661, -0.60150445,
       -1.56012249, -1.68783653,  1.04093862,  1.33029032,  0.04402528,
        2.02769208, -0.16760015,  0.4564181 ,  1.4790957 , -2.02040553,
       -0.61044544,  0.65455109,  0.87785721, -0.04878289,  0.84413254,
        0.64455038, -0.56521863,  1.88486993, -1.09474444, -0.27669096,
       -1.0928247 ,  2.1930089 ,  2.16075897, -2.51855183,  0.92705095,
        1.89811957, -1.98144126, -0.56473601,  0.02807372,  1.20218277,
        0.4818553 , -1.84537947,  0.08511226,  1.99615073,  0.66899902,
       -1.11926055,  1.62104261,  0.34946331, -2.20077085,  1.97529292,
       -2.95156431,  0.87015015,  1.09265184, -0.4283663 ,  2.67917371,
       -1.32806766, -1.78128076,  0.25811058,  0.007206  ,  0.27569491,
        0.40287298, -1.14977872,  0.31362489, -0.65814573, -2.38787198,
       -0.98911119,  1.81726432, -0.35500437,  1.66636217,  0.36474276,
       -0.53152198, -0.118101  , -1.73689365, -0.25276962, -0.01442191], dtype=float32), array([-2.01225448,  0.7089079 ,  0.07383224,  1.8287164 ,  1.1178968 ,
        1.8010782 , -0.56814742, -1.29343307, -1.45235515, -0.427443  ,
        1.62194133,  1.69839978,  0.81882083, -1.25441015, -0.71613872,
       -0.51232153,  0.75503469,  1.50212026, -0.32878256, -0.477597  ,
        0.21123953,  1.08030307, -0.06687792,  2.19994473,  1.33937049,
        0.30005255,  0.88535506,  1.64574015, -0.4865576 , -1.59730661,
        1.08037853,  0.04804946, -0.84155542, -0.09879004, -0.17220658,
       -0.2077605 , -1.7226181 ,  0.17442717,  0.30078048,  0.57861865,
        0.12094851, -0.43875661,  0.41998133,  0.39601281, -1.48499608,
       -1.03118467,  0.02295276,  0.14547341, -1.35877192,  0.49224365,
        0.14411896, -0.10042301,  1.89555752,  0.12619148, -0.12129129,
       -0.13485995,  1.48064315,  1.45946753, -1.94415319,  1.10321033,
        1.67992425, -1.4210602 , -0.23797694,  1.58227134,  0.13491219,
        0.14070939, -1.74115252,  1.25627637,  2.41463089,  0.78810787,
       -1.38263273,  0.39810351, -0.61585081, -1.2588203 ,  1.9245553 ,
       -2.01603866, -0.12229507,  1.40530634, -0.51518857,  1.77073121,
        0.26058024, -0.55884111, -0.46952608, -0.00502432,  0.30930692,
        0.20892112, -0.96835083, -0.03253648, -0.74188   , -1.33208287,
       -1.32441175,  0.37912869,  0.57653987,  0.62789202,  0.02426617,
       -0.06169841, -0.37593693, -1.70965242,  0.01660876, -0.32829157], dtype=float32), array([-0.98642772,  0.00765185, -0.36248115,  1.39229357,  1.41966987,
        1.23557198,  0.33091968, -0.61086297, -0.75552797, -0.09835888,
        0.23914088,  1.02075136, -0.33038473, -0.31899816, -0.13371727,
       -0.5873735 ,  0.47783798,  0.67525625,  0.10520224, -0.21257189,
        0.26092911, -0.08094904,  0.93735713,  1.42974818,  0.86780703,
        0.58208841,  0.73640901,  0.50716245, -0.45529342, -1.00295436,
        0.97479051, -0.44654399,  0.2824567 ,  0.08429299,  0.22273667,
        0.02195072, -0.81111753,  0.59391946,  0.15299121,  0.36616507,
        0.87737364,  0.45283851,  0.36755165,  0.21150181, -0.7081548 ,
       -0.71612501, -0.05011596,  0.01180203, -0.44855586,  0.1494261 ,
        0.47778228, -0.08501867,  1.2247901 ,  0.04699775, -0.22963187,
       -0.34401935,  0.09862674,  1.14928186, -1.75323391,  0.81924289,
        1.08709538, -0.94275206, -0.12190603,  0.05951887,  0.51898885,
       -0.22319579, -1.12445462,  0.58295494,  0.96701753,  0.73210359,
       -0.54859269,  0.41378254, -0.18956153, -0.55944622,  0.12282069,
       -1.77972555, -0.07881112,  0.36297345, -0.41338897,  1.18767488,
       -0.18290238, -0.52002859, -0.35453865,  0.67449558,  0.33788154,
       -0.36395049,  0.12635599, -0.14037222, -0.26618385, -1.41104591,
       -0.51286399,  0.32065082,  0.14822182,  0.75507426,  0.34526446,
        0.15788794,  0.09724941, -1.15611708, -0.41322526,  0.05702171], dtype=float32), array([-3.57750535,  1.46468639, -0.01685372,  3.36667132,  0.64336777,
        0.69881392, -0.05505245, -3.88443017, -3.71140552, -0.2728079 ,
        2.09565496,  2.81018901, -0.43604845, -1.6035223 ,  0.3837949 ,
       -0.42767295,  0.37368712, -0.37316027,  0.02835117, -2.52684784,
        0.02668905,  1.43855393,  0.76312244,  3.44837332,  2.48992872,
        0.08547053, -0.39961213,  2.37759352, -0.74802059, -2.19964695,
        2.19194365, -0.43339604, -1.03972733, -2.21236801, -1.23089564,
       -1.34095323, -2.1859839 , -0.57531011,  1.27113724,  0.19885005,
        1.8816334 ,  1.45103288, -0.17626435,  1.6404016 , -2.31129622,
       -1.82393086,  0.75399345,  0.73423064, -0.60473073, -0.1116882 ,
        1.16361034, -1.8178736 ,  1.62590027, -0.97095096, -1.01505125,
        1.27987146,  0.82572454,  3.48062277, -3.58179045,  2.67591715,
        0.91258579, -1.96013749, -1.06727397,  0.59631664,  0.6212368 ,
       -0.33513063, -3.35092664,  0.03974462,  3.78354955,  1.58208966,
       -2.48258996,  1.06476915, -2.22600651, -1.51635277,  2.03570056,
       -3.87188005,  0.0280567 , -0.01887547, -0.80232269,  4.5571785 ,
        0.40938154, -1.63161564, -0.11633124,  0.19402918,  1.29694593,
        0.38925067, -1.18227363,  0.47301185, -1.7917397 , -1.3994137 ,
       -1.28567827,  2.07367826,  0.50851613,  2.03359461, -0.79048264,
        1.031528  ,  1.31684852, -0.70755327, -0.75073475,  0.53093207], dtype=float32), array([ -2.18269467e+00,   4.66838658e-01,  -3.95767599e-01,
         1.31649256e+00,   7.93010741e-02,   1.56099409e-01,
        -5.72639763e-01,  -2.27128625e+00,  -1.07721567e+00,
        -6.15819335e-01,   1.46742213e+00,   1.30633938e+00,
        -7.02224895e-02,  -1.37799871e+00,   8.10724348e-02,
        -1.10197574e-01,   3.03926528e-01,   1.19964516e+00,
         3.10329407e-01,  -1.27192688e+00,  -4.99556139e-02,
        -1.90469444e-01,   6.69140890e-02,   1.66974771e+00,
         1.43166244e+00,  -3.47626776e-01,   4.43360135e-02,
         1.23286414e+00,   3.10389698e-02,  -9.83763397e-01,
         1.22966170e+00,  -2.40616769e-01,  -4.58423734e-01,
        -1.08591449e+00,  -9.51968253e-01,  -1.01300061e+00,
        -1.34983802e+00,   1.94805115e-03,   1.02948749e+00,
        -5.26704788e-01,   3.51017386e-01,   9.94759947e-02,
         2.22920179e-02,   1.10102034e+00,  -1.43329370e+00,
        -9.33876216e-01,   8.47142339e-01,  -6.00915432e-01,
         1.41240135e-01,   2.21062481e-01,   1.07716858e+00,
        -3.77062619e-01,   9.60478544e-01,  -8.08337927e-01,
        -9.40461040e-01,   4.13767487e-01,   1.07468414e+00,
         1.63663924e+00,  -2.11894107e+00,   1.28371871e+00,
         8.55700135e-01,  -7.39377797e-01,  -1.18264353e+00,
         7.58691311e-01,   3.81248504e-01,   1.01520491e+00,
        -1.97201705e+00,  -2.74748802e-02,   1.77462804e+00,
         1.00848222e+00,  -1.58352935e+00,   3.98216575e-01,
        -1.27171504e+00,  -8.33248019e-01,   1.18521380e+00,
        -2.07524371e+00,  -7.98600197e-01,  -1.41754389e-01,
        -3.70331794e-01,   1.94122374e+00,   1.23121753e-01,
        -1.27455783e+00,  -8.36905718e-01,   3.81323755e-01,
         3.89079750e-01,   3.61864656e-01,  -1.00764799e+00,
         5.46052158e-01,  -7.59577394e-01,  -1.28175640e+00,
        -6.00052178e-01,   1.46740317e+00,  -2.36353949e-01,
         2.29593921e+00,  -8.02543521e-01,  -9.70802605e-02,
        -8.02388191e-02,  -9.35147047e-01,  -3.30805063e-01,
         3.89511615e-01], dtype=float32), array([-0.62391573,  0.37304366, -0.35431558,  1.51174915,  0.93888903,
        0.81094104, -0.76417983, -0.6045053 , -0.75718421,  0.16955964,
        0.58991581,  0.75267905, -0.09228054, -0.41430107, -0.49866688,
       -0.73329598, -0.0076918 ,  0.31008828,  0.48246041, -0.44697058,
       -0.14204736,  0.07089771,  0.04870918,  1.53731918,  0.09912578,
       -0.0931123 , -0.20435393,  0.56288981, -0.18005699, -1.21753991,
        1.1081363 , -0.20564319,  0.48210686, -0.51986718,  0.03607678,
        0.365417  , -0.65256512,  0.60083193,  0.06140874,  0.03997167,
        0.5025751 ,  0.45082337,  0.13831048,  0.28111857, -0.94106138,
       -0.06112336, -0.29657826, -0.17898014,  0.29549253, -0.02416468,
        0.78381854, -0.7488935 ,  0.6659354 , -0.10806599, -0.20240135,
        0.18752396,  0.11082036,  1.55958426, -1.4332478 ,  1.03553402,
        0.53643715, -0.30265117,  0.34528491,  0.16256109,  0.99746794,
       -0.2043903 , -1.11282766,  0.13989708,  1.42370188,  0.80273509,
       -0.6745075 ,  0.58646649, -0.93125492, -0.37469244,  0.5270533 ,
       -1.42267287, -0.17555159, -0.2788181 , -0.29087645,  1.02669394,
       -0.30481115, -0.62749398,  0.13905561, -0.05684532,  0.35836348,
       -0.09529044, -0.52757776, -0.06525818, -0.22406383, -0.98197573,
       -0.53559959,  0.33497104, -0.25179896,  0.69833863,  0.40760309,
        0.09065643, -0.11822397, -0.70160758, -0.01961045,  0.13806719], dtype=float32), array([ -1.27992845e+00,   4.19231117e-01,   7.07111716e-01,
         1.37973428e+00,   4.09944616e-02,   2.74055600e-01,
        -4.69537824e-03,  -1.41980207e+00,  -1.29737496e+00,
         7.22984374e-01,   5.93658626e-01,   1.41466308e+00,
         2.38696396e-01,  -1.18477380e+00,   5.22284865e-01,
        -5.51819205e-01,   8.08639765e-01,  -2.23383307e-04,
         1.28845096e+00,  -2.56985873e-01,  -8.99763167e-01,
         4.24064904e-01,   3.72481644e-01,   1.21192384e+00,
         8.38888228e-01,   5.33254221e-02,   8.30391467e-01,
         1.36651468e+00,  -6.72756255e-01,  -2.50096768e-01,
         1.00203741e+00,  -7.96385765e-01,  -3.55280370e-01,
        -4.18238848e-01,  -1.04660845e+00,  -1.48223197e+00,
        -1.83536339e+00,   1.01088214e+00,   2.59465307e-01,
         3.52383442e-02,   1.45149422e+00,  -3.56894672e-01,
         1.00474715e+00,   8.81499529e-01,  -7.60207593e-01,
         6.20290935e-02,   7.09264934e-01,  -2.04267446e-02,
        -3.59055698e-01,   6.70526147e-01,  -1.70644969e-02,
        -2.78139025e-01,   1.67693794e+00,  -5.57002485e-01,
         1.13916501e-01,   3.87693271e-02,   5.61246932e-01,
         1.28003252e+00,  -1.62545216e+00,   1.66081667e+00,
         4.28101182e-01,  -1.10079312e+00,  -8.63443077e-01,
         2.30144888e-01,   4.74783927e-01,   2.01356322e-01,
        -1.19746065e+00,   6.30557179e-01,   9.44602728e-01,
         4.32509512e-01,  -9.95865241e-02,   3.19949180e-01,
         3.18732023e-01,   8.77436817e-01,   1.23007977e+00,
        -8.03887963e-01,   7.32127666e-01,   1.67073086e-02,
        -8.82650375e-01,   1.58037889e+00,   1.74043387e-01,
        -9.88253117e-01,  -1.25651062e-02,  -4.82149482e-01,
        -4.56874013e-01,   2.14428172e-01,  -8.32463980e-01,
         3.11991215e-01,  -5.73542058e-01,  -6.21482253e-01,
        -1.27298623e-01,   4.22975600e-01,  -9.93072867e-01,
         1.20349896e+00,  -3.63673598e-01,  -1.97131485e-01,
        -4.55181748e-02,  -8.43688369e-01,  -1.46841347e-01,
        -3.43705893e-01], dtype=float32), array([-1.92250943,  0.57934147,  0.61370707,  2.43759894,  0.52241313,
        1.22036541,  0.29855335, -1.53003919, -0.93794215,  0.47337288,
        1.48692763,  1.0568428 , -0.16235237, -1.0925355 ,  0.33818018,
        0.09787381,  0.45469803,  0.07541424,  0.40737012, -1.02334642,
        0.57786912,  0.16157521,  0.10659118,  2.43254828,  0.96564019,
        0.49916908,  1.04520333,  0.70050192,  0.50474072, -0.38505706,
        1.46053278, -0.15861678, -0.05681306, -0.68915176, -0.1335036 ,
       -0.10828201, -1.50543988,  0.41423869,  0.74280351,  0.50321108,
        1.13197124,  0.36913073,  0.88520223,  0.70485044, -1.13346231,
       -0.62157911,  0.56610709,  0.97892141,  0.41831112,  0.18290937,
        0.89392471, -1.01967072,  1.88433743,  0.21718033,  0.23971871,
        0.30281952,  0.71778911,  2.03876662, -2.39632106,  1.05963635,
        1.45262074, -1.43973064, -0.63204509,  0.60132647,  0.1927879 ,
        0.72417361, -1.26066804,  0.65028864,  2.59485602,  0.34501579,
       -0.7943114 ,  1.54166436, -0.64654875, -0.2164326 ,  1.67383337,
       -2.72363138, -0.56257147,  1.81361556, -0.42715681,  2.37368751,
        0.28986743, -1.78310609, -0.31711015, -0.3804014 ,  0.91088098,
       -0.40870896, -1.60081208,  0.24350438, -0.93696243, -1.44428754,
       -0.26143113,  0.95212704, -0.57723868,  0.98887837, -0.3958613 ,
       -0.27127498, -0.18216407, -0.93606114,  0.09286074, -0.09424572], dtype=float32), array([-3.22728276,  0.65520871,  0.30027631,  2.98366976,  1.27254748,
        2.65127563, -0.32793716, -1.90965986, -1.59598827, -0.50274736,
        1.77941799,  2.15507627, -0.83691001, -1.73631585, -0.66319865,
       -1.12133014, -0.41761601,  0.16325399,  0.45636135, -0.20484397,
        0.59368378,  1.83832848,  0.08197469,  3.22479463,  1.36678982,
        0.57485712,  1.20756781,  2.18695092,  0.90027672, -1.43985391,
        1.76324177,  0.28533664, -0.30252093, -0.04423884, -1.49111128,
        2.17122126, -3.72230411,  0.38911676,  0.75514412,  0.24501577,
        1.80662191,  0.26219675, -0.58851528,  0.11921576, -2.26041722,
       -1.25892055, -0.19970354,  1.98034739, -1.35941255,  0.04919479,
       -0.24714936, -0.63014805,  1.47230017, -1.04891276,  0.99264896,
       -1.30290604,  1.64263785,  1.38997436, -2.37708306,  1.0558368 ,
        1.44546294, -2.00186801,  0.24540079, -0.21097118,  0.98406631,
       -0.48257053,  0.09361272,  0.45645988,  3.31223011,  1.72927392,
       -1.66817617,  0.48268735, -1.13983679, -1.49399769,  0.45252341,
       -3.39947987, -0.27538294,  0.81448668, -0.31369334,  2.41906714,
        0.72322661, -0.81755543,  0.0283898 ,  0.05414587,  0.72336012,
       -0.59531969, -0.17956203, -0.16776301, -1.77764416, -1.70613015,
       -1.70772254,  0.89370936,  0.46983078,  0.25849536, -0.42524102,
        0.3835822 , -0.77115715, -2.29013968, -0.2909773 , -0.78260005], dtype=float32), array([-1.49882329,  0.27964073,  0.29678169,  1.73650527,  0.76427537,
        1.03311849, -0.84388089, -0.58836085, -1.38253236, -0.03705115,
        1.5809902 ,  0.64916146,  0.52272201, -0.61550164, -0.51272595,
       -0.67832708, -0.3128252 , -0.43913817,  0.97226804, -1.31506252,
       -0.57191414,  0.83301884,  0.12331665,  1.94518089,  0.13983901,
       -0.33960912, -0.57208335,  0.45643386, -0.89009708, -0.54946774,
        0.52609372, -0.31481168,  0.27260974, -1.01816082, -0.37395319,
        0.04134314, -0.83281982,  0.34706515,  0.40848055, -0.08962515,
        0.28230864,  0.01555786, -0.44233593,  0.82701588, -0.14194638,
       -0.25415343,  0.44571328, -0.11156195, -0.16336539,  0.15495068,
        0.94339114, -0.89491522,  0.96960622, -0.75958496, -0.86877549,
        0.19426706,  0.91667974,  1.64783156, -1.82545698,  1.34155798,
        0.23399213, -1.29772949,  0.29553777,  0.89364976,  0.5266099 ,
       -0.37240121, -1.55573583, -0.23104911,  2.05773425,  0.7965107 ,
       -0.91639441, -0.08815296, -2.1458931 , -0.11574528,  1.00099611,
       -2.32610607,  0.06573384, -0.48561203, -0.10143773,  1.43316233,
       -0.06464685, -0.9015882 ,  0.03481818, -0.55389076,  0.97584939,
       -0.42984894, -1.10242474, -0.0448412 , -1.10374343, -1.49417949,
       -0.48798293,  1.49411833, -0.4788928 ,  0.97206479, -0.19336185,
        0.39472795,  0.84021509, -0.57035464, -0.16202466,  0.34747276], dtype=float32), array([-0.98680037,  0.43445063, -0.06648983,  1.32460868,  0.55219454,
        1.30062211, -0.57444417, -0.57269675, -0.94798255, -0.34599823,
        0.29296786,  1.09918153,  0.47419515, -0.83407956, -0.47305277,
       -0.24979292,  0.24511401,  0.46339607, -0.25762287, -0.09833527,
        0.47454962,  0.92140681,  0.06110882,  1.18235159,  0.48447371,
        0.29113841,  0.9545837 ,  0.75334728, -0.45174423, -1.13003206,
        0.36920488, -0.35558379, -0.66922885,  0.25535241, -0.12013438,
        0.17002583, -0.96163458,  0.22193597,  0.45223296,  0.45748952,
        0.22998537, -0.44491056,  0.23807913,  0.39943656, -1.14423871,
       -0.42337012,  0.06642096,  0.21966434, -1.01628685,  0.62580931,
        0.07104702,  0.06984936,  1.23328364, -0.11577528,  0.24674001,
       -0.30272704,  0.84907204,  0.547948  , -0.58074093,  0.24691199,
        1.35141969, -1.03249884,  0.05053312,  0.56992316, -0.0015451 ,
        0.07715821, -0.33931604,  0.71897519,  0.97552425,  0.7083993 ,
       -0.51278007,  0.16851023,  0.01929457, -0.8292135 ,  0.57156259,
       -1.2583406 , -0.31440136,  0.47894046,  0.26623091,  1.12090647,
        0.09911741, -0.29969704,  0.02777625, -0.06052116,  0.26254249,
       -0.05088243, -0.61736012, -0.31623563,  0.07322535, -0.86855078,
       -1.08143532, -0.00479684,  0.42752227,  0.26406509,  0.24005103,
       -0.2058498 , -0.29679218, -1.19803011,  0.21708839, -0.09098977], dtype=float32), array([-1.62695599,  0.43887618, -0.15217036,  0.85237896, -0.16272736,
        0.78240252, -0.33010191, -1.31774652, -1.16088188, -0.5617761 ,
        0.67920381,  1.12641144,  0.05001047, -1.09103644, -0.19244815,
       -0.84211409,  0.58178073,  0.72869956,  0.29901585, -0.58125925,
       -0.01974015,  0.31924874,  0.0108068 ,  1.447209  ,  1.6269691 ,
        0.20983052, -0.4303562 ,  1.00536752, -0.45160237, -1.3517437 ,
        1.15717423,  0.45763788, -0.41683882, -1.32671809, -0.42372084,
       -0.33174643, -0.85979342,  0.69565755,  0.64108235, -0.09336501,
       -0.29471189,  0.24799499, -0.04490109,  0.95834762, -0.50765747,
       -0.3450577 , -0.95093435, -0.52345091, -0.37403083,  0.73793954,
        1.31106889, -0.88218307,  1.86259079,  0.27860868, -0.37474859,
        0.30483758, -0.21537034,  1.21944904, -1.10021555,  0.75329751,
        1.14379478, -0.55800056, -0.95098299,  0.84233385,  1.36598051,
        0.349563  , -2.01438141, -0.10694905,  1.05040145,  1.29047871,
       -1.14221179, -0.21099612, -1.6563437 , -0.56565827,  0.75689578,
       -1.66135609, -0.41294575,  0.56670809, -0.68930382,  0.2348263 ,
       -0.26093563, -0.51275551, -0.7319262 ,  0.66959596, -0.04539479,
       -0.12437066, -1.00447583,  0.29003537, -1.0653646 , -0.6717568 ,
       -1.54270375,  0.68371356, -0.19144474,  1.96850562,  0.09014596,
       -0.07850116, -0.0393351 , -0.76990378, -0.19437978,  0.23265119], dtype=float32), array([-1.60854173,  0.23965493,  0.82571417,  1.23207712,  0.397441  ,
        1.28958642, -0.34296286, -1.14971519, -1.09803462, -0.19252329,
        1.99514496,  1.35816705,  0.03003791, -1.07970631, -0.66203719,
        0.24436639, -0.33292568, -0.76707232,  0.33136389, -0.67253184,
       -0.61999756,  1.64235842,  0.09122105,  2.36593914,  0.47580904,
        0.01869131, -0.2601085 ,  1.39935946,  0.26973593,  0.01837792,
        1.68476725,  0.33081049, -0.12685597, -0.75604445, -0.97940063,
        0.61160779, -1.20270658, -0.32726446,  0.83105618, -0.8065263 ,
        1.26652992, -0.50238967, -0.11801015,  0.41439885, -1.34586763,
        0.11556361,  0.76082546,  1.84193397,  0.10691801,  0.45390433,
        0.8445515 , -1.3394891 ,  0.82424718, -1.05797029, -0.02519289,
       -0.03416622,  0.54994732,  1.78492761, -2.35078049,  0.50564861,
        0.35937059, -0.49777737, -0.55975884,  0.54659081,  0.23783226,
       -0.03358793, -1.43777609, -0.46494439,  2.02226973, -0.01100606,
       -0.86703002,  0.73724824, -0.9837721 , -0.85907733,  0.77980787,
       -2.50002766, -0.25599974,  0.31469482, -0.02623724,  2.31015086,
        0.3146697 , -1.30352283,  0.60025316, -0.27425209,  0.45001909,
        0.75453216, -0.56380188,  0.02766933, -1.57690144, -1.53409743,
       -0.53046703,  1.4192338 , -0.91133863,  0.34211674, -0.40943968,
        0.55282366, -0.25081894, -0.54306626, -0.62586892, -0.22886373], dtype=float32), array([-1.08515406,  0.26689613,  0.10372944,  1.23870003,  0.85765165,
        1.00108266, -0.71409923, -0.90116435, -0.98009861,  0.10199341,
        0.45689574,  1.24857986,  0.44756162, -0.73350531, -0.61114788,
       -0.64437997,  0.47114784,  0.49873194,  0.00941967,  0.28641331,
        0.20144151,  0.79740864,  0.13146935,  1.1238209 ,  0.80038202,
        0.5535633 ,  0.57619607,  0.72453648, -0.36514884, -1.01554179,
        0.49996844, -0.23039572, -0.75022757, -0.13370711, -0.49777552,
       -0.35138777, -0.80481899,  0.84012729,  0.13032661,  0.60644102,
        0.04343412, -0.22818002,  0.82368749,  0.65714377, -0.8564353 ,
       -0.48297101, -0.09384844, -0.00930561, -1.40017295,  0.86855638,
        0.16345376,  0.1497152 ,  1.4888376 ,  0.24966419,  0.03741632,
       -0.4382529 ,  0.66789258,  0.42264169, -1.05486369,  0.58009517,
        1.29016733, -0.63554305, -0.04153   ,  1.16948807, -0.1220921 ,
        0.16057289, -0.48537776,  0.57446039,  1.28318679,  0.95307112,
       -0.75765657, -0.04832591, -0.40162641, -0.51681697,  0.84374988,
       -1.26773584, -0.25804105,  0.76973093,  0.02456082,  1.06719124,
        0.13990009, -0.98303151, -0.04153566, -0.04498701,  0.39229167,
       -0.79103613, -0.49381313, -0.18460914, -0.33576399, -0.864308  ,
       -1.03202212, -0.02507851,  0.07234899,  0.30368862,  0.34776479,
       -0.37825829, -0.30136755, -1.52756023, -0.24189788, -0.47193646], dtype=float32), array([-1.98423374,  0.8790558 ,  0.01136653,  2.20559287,  0.84536642,
        2.06741214, -0.32967636, -1.74333799, -1.6992178 ,  0.10639793,
        0.96651495,  2.58470178,  0.44595513, -0.63199037, -0.65828389,
       -0.16479285,  0.24503641, -0.15438487,  0.13368011, -0.54544473,
        0.88220787,  1.42562294, -0.23185296,  2.51938343,  0.80443299,
       -0.26201376,  0.51132345,  1.7327373 , -0.80497265, -1.933074  ,
        0.86838764, -0.79016536, -0.59974337, -1.00886941, -1.5331074 ,
        0.13332024, -1.35500216,  0.26531783,  0.71127445,  0.10753382,
        1.40199006,  0.05843196, -0.74224329,  1.00780308, -1.95253551,
       -0.4389379 ,  0.31327218,  0.88082117, -1.30431104,  1.22752964,
        0.96853656, -1.14364409,  1.8578732 , -0.72854352,  0.64983654,
       -0.42755288,  0.89371377,  1.56819308, -1.859905  ,  1.00164831,
        1.34110308, -0.78241771, -0.24771142,  0.46921566,  0.61847216,
        0.03407559, -1.80929613,  0.55744207,  2.25413251,  1.19448209,
       -1.3332305 , -0.0108886 , -1.14926612, -1.95195293,  0.97343975,
       -3.48453355, -0.22007513,  0.04028595, -0.14304207,  2.43416262,
       -0.43505117, -1.05786395,  0.03808083, -0.2683911 ,  0.94789106,
       -0.0894157 , -0.8794927 , -0.5587225 , -1.0207752 , -1.52883863,
       -1.07814753,  1.32040656,  0.30772316,  1.45831692,  0.386713  ,
       -0.41917139, -0.28463915, -1.56258023,  0.22489528, -0.36366999], dtype=float32), array([-1.75172019, -0.22829266,  0.42147577,  3.2840538 ,  0.46487352,
        1.27713799,  0.71928066, -1.65506411, -0.36773744, -0.46163732,
       -0.40432227,  1.10564494,  0.6293987 , -0.94075596,  0.60939682,
       -0.80188507,  1.73197138,  1.02333593,  1.59943914, -0.3690629 ,
        0.29888293,  1.1802845 ,  0.14589016,  2.70660424,  1.16824639,
       -0.05794465,  1.70128739,  1.6384033 , -1.2944423 , -0.4335269 ,
        1.22714734,  0.02141341,  1.19114995, -0.86476159, -0.11404316,
       -0.48806986, -1.96355522,  0.50001717, -0.50500369, -0.23888651,
        0.25861862,  0.06307025, -1.05561662,  1.50834131, -2.71704006,
       -0.5963949 ,  0.19149458, -0.08121239, -0.95479125,  1.3496958 ,
        0.99070168, -1.8204993 ,  2.39320374, -1.69541728,  1.33914578,
       -0.54545552, -0.03824509,  1.99397492, -0.49945554,  1.7238394 ,
        1.51208282, -1.29535341, -1.04991376, -0.18531588,  3.44466853,
       -1.67103457, -2.0982933 , -0.59516728,  4.03440619,  0.31479323,
       -1.59646857,  0.28996438,  0.34529388, -1.15071774,  1.12138093,
       -2.24750113,  0.0608864 ,  0.69613522, -2.00108194,  2.16391993,
       -0.66803831, -1.72991598,  1.21770275, -0.90425664,  0.04086416,
       -0.31950724, -1.53162944,  0.69271851, -1.84697795, -3.1415844 ,
       -0.51015621,  0.84307694, -0.72115278,  2.91768909,  0.30686307,
        0.0442993 , -0.48619887, -0.63253593,  0.81990618,  0.20029253], dtype=float32), array([-2.43681955,  0.39648423, -0.02463008,  1.71654725,  0.8799749 ,
        1.37110114,  0.30357113, -1.62567294, -1.08118463, -0.17196794,
        1.29627311,  1.34223056, -1.47550893, -0.80229276, -0.24137393,
       -0.78536677, -0.78483677, -0.10968052,  0.87104011, -0.45467255,
        0.01868626,  0.54415214,  0.10312886,  2.17074704,  1.2933743 ,
        0.57904303,  0.16320089,  1.34490538,  1.25936019, -0.52053189,
        1.75289154,  0.43778858,  0.04356728, -0.35835692, -1.35545945,
        1.91358209, -2.83410978,  0.11048777,  0.60820866, -0.02602183,
        1.90917695,  0.60853845, -0.55229855,  0.00776494, -1.29154801,
       -0.86626679, -0.31088597,  1.40253973, -0.39377639, -0.64893389,
       -0.44313428, -0.41462791,  0.09251907, -0.84399861,  0.59876841,
       -0.94374084,  0.81342971,  1.33463383, -2.28298306,  1.12208235,
        0.15945639, -1.24272406,  0.22103852, -0.61635739,  0.64927894,
       -0.29523787,  0.16052388,  0.23437396,  2.4530983 ,  1.21346927,
       -1.14440727,  0.41460574, -1.50651419, -0.73041236, -0.24965161,
       -2.39947319, -0.06142058,  0.39979601, -0.62119055,  1.6024152 ,
        0.55329764, -0.69896948, -0.03538743,  0.04119753,  0.64849734,
       -0.53834027,  0.46601278,  0.17587972, -1.42530179, -0.72111058,
       -0.7766394 ,  0.95420843, -0.01552447,  0.12942265, -0.78442544,
        0.7190755 , -0.112766  , -1.48440552, -0.81501615, -0.65136468], dtype=float32), None]
