[array([-0., -0.,  0.,  0., -0., -0.,  0., -0., -0.,  0., -0.,  0.,  0.,
        0., -0., -0.,  0., -0.,  0., -0.,  0., -0., -0.,  0., -0., -0.,
       -0., -0.,  0.,  0., -0., -0.,  0., -0.,  0., -0.,  0., -0., -0.,
        0., -0., -0.,  0., -0.,  0., -0., -0., -0.,  0., -0., -0., -0.,
        0., -0., -0., -0.,  0.,  0., -0.,  0., -0., -0., -0.,  0.,  0.,
       -0.,  0., -0.,  0.,  0., -0.,  0.,  0.,  0., -0., -0.,  0., -0.,
       -0.,  0.,  0., -0., -0., -0., -0., -0.,  0.,  0., -0.,  0., -0.,
       -0.,  0., -0.,  0., -0.,  0.,  0., -0.,  0.], dtype=float32), array([ -2.34826447e-28,   5.88562179e-23,   4.56270013e-17,
        -9.28635656e-26,  -7.23825302e-26,  -7.49695810e-27,
        -3.18776612e-32,   2.41204280e-24,  -5.51220872e-26,
        -1.66176122e-21,   3.73883954e-25,  -1.75051994e-19,
        -2.99264265e-24,   7.00467348e-19,  -1.61113190e-22,
         6.99988719e-23,   7.47104402e-26,   5.03977326e-23,
        -4.92195335e-22,  -7.71810170e-25,  -4.39523990e-18,
         7.14412820e-23,   5.42703297e-23,  -2.02894615e-23,
        -2.80445829e-20,   7.52664952e-20,   2.41573090e-22,
         3.83169897e-24,  -2.43147931e-26,  -1.44917802e-28,
        -8.44451681e-23,   1.41785323e-24,   1.07652794e-19,
        -9.26870922e-22,  -5.80283936e-23,   1.64019202e-22,
        -5.19026754e-20,   8.06188940e-19,  -5.37790397e-23,
         3.60948762e-30,  -9.98176148e-26,  -2.05742443e-25,
         1.46116507e-21,   3.64414264e-23,  -4.48992396e-23,
         1.65783237e-29,  -3.15636302e-19,  -1.48440430e-24,
        -2.62735236e-23,   5.06457329e-25,  -9.38846320e-27,
        -9.55749957e-28,  -3.56306580e-25,   2.72524988e-22,
        -1.23531254e-25,  -1.53698036e-22,  -4.45229939e-24,
        -2.54259811e-19,   8.25277375e-23,  -2.82245407e-23,
        -2.25034189e-24,  -1.52732634e-18,   5.72641822e-25,
        -7.65166112e-26,   4.58258332e-24,  -4.16423667e-22,
        -5.10644633e-22,   9.32666619e-24,  -2.93165940e-31,
        -1.26769563e-24,  -3.99090573e-21,   1.20653943e-33,
         2.55262515e-23,  -2.26008786e-21,  -1.52189229e-22,
         1.30820399e-20,  -4.80406708e-26,  -1.86155470e-25,
        -1.91502098e-24,   1.00815027e-23,  -1.44825431e-21,
        -3.52852947e-28,  -1.52607065e-25,  -8.62533319e-23,
         5.65072591e-26,  -2.80474446e-23,  -8.89687991e-26,
        -3.05269152e-22,  -1.04738285e-23,  -1.19470544e-20,
         7.95768802e-23,  -5.71945659e-19,  -9.09206468e-25,
        -4.58498974e-24,   5.80623872e-24,  -1.89631155e-28,
         1.11735442e-23,  -3.49234750e-23,  -4.82763123e-21,
        -1.45707154e-17], dtype=float32), array([  4.60480688e-41,  -3.57651193e-38,   5.09801706e-34,
         0.00000000e+00,   1.72453598e-40,   7.19177200e-40,
         0.00000000e+00,  -1.23314265e-43,  -0.00000000e+00,
        -7.67739199e-40,  -6.78760950e-41,  -5.24571852e-36,
        -6.29883660e-42,  -1.07747380e-39,   1.40129846e-45,
         5.32493416e-44,  -2.10783315e-41,   0.00000000e+00,
         1.44333742e-43,   1.17121274e-35,  -2.15057275e-41,
        -3.67980977e-41,  -0.00000000e+00,  -1.65339206e-41,
         8.66703100e-42,  -1.34846951e-41,   9.86275898e-41,
        -0.00000000e+00,  -1.40129846e-45,  -0.00000000e+00,
        -1.02992775e-39,  -1.44333742e-43,  -1.60104538e-37,
         0.00000000e+00,  -1.64431510e-36,   1.12103877e-42,
        -3.99177244e-39,  -3.83394167e-38,   0.00000000e+00,
        -0.00000000e+00,  -0.00000000e+00,  -8.96831017e-44,
        -1.80235008e-41,   0.00000000e+00,  -0.00000000e+00,
         0.00000000e+00,   1.11876124e-38,   9.33264777e-42,
         3.48439284e-35,   1.68436075e-42,  -0.00000000e+00,
         0.00000000e+00,   4.96518722e-38,  -2.24207754e-44,
        -1.40129846e-45,   9.22950520e-39,  -3.82358299e-41,
        -7.00649232e-45,   4.52955435e-39,   5.60519386e-45,
        -6.06762235e-43,  -6.77739460e-38,  -2.07280069e-41,
         0.00000000e+00,   7.00649232e-45,  -1.47301692e-40,
        -2.66246708e-44,  -7.40165849e-42,  -0.00000000e+00,
        -8.40779079e-45,   1.40129846e-45,   7.00649232e-45,
        -4.90454463e-44,   4.34483939e-39,   2.80259693e-45,
        -5.38122889e-35,  -7.84727140e-44,   2.80259693e-45,
        -9.94921910e-44,  -9.20320743e-36,   1.61023211e-36,
        -1.09301280e-43,   7.84138595e-41,   5.46506401e-44,
         0.00000000e+00,   3.78350585e-44,   1.88364459e-38,
        -2.38172159e-35,   8.82818033e-44,  -2.67648007e-43,
         1.12734461e-41,   4.55129354e-38,   3.15292154e-43,
        -2.22945184e-40,  -2.20003859e-43,   0.00000000e+00,
        -0.00000000e+00,  -5.02785889e-42,   2.36637272e-41,
        -8.47020042e-39], dtype=float32), array([ 0., -0.,  0.,  0., -0., -0.,  0., -0.,  0.,  0.,  0., -0., -0.,
        0., -0., -0., -0., -0., -0., -0.,  0.,  0., -0.,  0., -0., -0.,
        0., -0.,  0.,  0.,  0.,  0., -0.,  0., -0.,  0.,  0., -0.,  0.,
       -0., -0.,  0.,  0., -0.,  0.,  0., -0.,  0.,  0.,  0., -0., -0.,
       -0.,  0., -0., -0.,  0., -0.,  0.,  0., -0.,  0., -0.,  0., -0.,
        0.,  0., -0.,  0., -0., -0.,  0.,  0.,  0.,  0., -0.,  0., -0.,
       -0.,  0.,  0.,  0., -0.,  0.,  0., -0.,  0.,  0.,  0.,  0.,  0.,
       -0.,  0.,  0.,  0., -0., -0.,  0.,  0.,  0.], dtype=float32), array([ 0., -0., -0., -0.,  0., -0., -0.,  0.,  0., -0.,  0.,  0.,  0.,
       -0., -0.,  0., -0.,  0.,  0., -0., -0.,  0.,  0., -0., -0., -0.,
        0.,  0.,  0.,  0.,  0., -0., -0.,  0.,  0., -0., -0., -0.,  0.,
       -0.,  0., -0.,  0., -0., -0., -0.,  0., -0.,  0.,  0., -0.,  0.,
        0.,  0., -0.,  0.,  0., -0.,  0.,  0., -0.,  0.,  0.,  0., -0.,
       -0., -0.,  0., -0., -0.,  0.,  0., -0., -0.,  0., -0.,  0.,  0.,
       -0.,  0.,  0., -0., -0.,  0., -0., -0.,  0.,  0., -0.,  0.,  0.,
        0.,  0.,  0., -0.,  0.,  0., -0.,  0.,  0.], dtype=float32), array([ 0.,  0., -0., -0.,  0.,  0.,  0.,  0., -0.,  0., -0., -0., -0.,
        0., -0.,  0.,  0.,  0., -0., -0.,  0., -0.,  0., -0.,  0., -0.,
       -0., -0., -0.,  0.,  0., -0.,  0.,  0.,  0.,  0.,  0., -0., -0.,
       -0.,  0., -0.,  0., -0., -0.,  0.,  0.,  0.,  0., -0.,  0., -0.,
        0., -0., -0., -0., -0., -0.,  0.,  0., -0., -0., -0.,  0., -0.,
       -0., -0.,  0., -0.,  0., -0.,  0., -0., -0.,  0.,  0.,  0., -0.,
        0., -0., -0., -0.,  0.,  0.,  0.,  0., -0.,  0., -0., -0., -0.,
       -0.,  0.,  0., -0.,  0., -0., -0.,  0., -0.], dtype=float32), array([ -4.32474152e-30,  -5.47590874e-29,   1.49743924e-24,
        -1.22402904e-32,   2.69637203e-27,  -1.95263364e-23,
         1.34357197e-39,  -1.15481055e-26,  -6.35390426e-37,
        -1.07208260e-29,  -3.69382289e-28,   1.53865853e-25,
        -5.41854289e-32,  -7.19255911e-25,  -1.16740271e-35,
        -6.78462924e-36,   1.49458799e-36,  -7.15693711e-33,
         1.88045122e-29,   1.46065223e-27,  -6.15404112e-31,
        -3.23113128e-32,   1.28185565e-33,   8.41021613e-33,
         8.37401587e-25,  -1.82112498e-31,   2.89885606e-31,
        -7.43985389e-28,  -5.60159851e-32,  -1.87196902e-32,
        -3.12878675e-23,  -2.36098555e-32,   1.53095734e-28,
        -1.66454439e-30,   5.11509013e-30,   3.88169188e-32,
        -2.06385117e-31,  -9.90187414e-28,   7.10272807e-30,
         8.27375831e-34,  -1.88657465e-34,   7.26667211e-30,
        -1.97216382e-27,  -1.95092425e-31,  -2.70586810e-32,
        -2.22723751e-32,  -7.35556985e-31,  -2.65105856e-30,
        -5.89390648e-30,  -2.32021670e-30,   5.99411144e-35,
         1.04739495e-33,   5.38878509e-29,  -2.46589098e-34,
        -4.39513811e-31,   2.78991617e-35,  -4.58361813e-27,
        -5.34906049e-27,  -5.60719034e-33,  -8.27661987e-32,
        -8.57181464e-30,   1.84946044e-29,   6.01782110e-26,
        -5.15854511e-36,   1.02927261e-31,   8.89040672e-31,
        -1.34018757e-31,   1.05048567e-32,  -1.39961601e-32,
        -4.56283950e-30,  -1.09930240e-28,   2.17829342e-29,
        -2.08770477e-31,  -9.80617276e-28,   9.11306265e-30,
         5.51835537e-24,   5.53009495e-32,  -5.68331432e-30,
        -5.08172796e-24,   4.30921107e-23,   2.40838382e-29,
        -3.21179695e-26,   2.70156669e-35,  -2.86016831e-35,
        -1.62607309e-31,  -3.44013331e-30,   4.18778473e-32,
         2.19331884e-28,   2.32359866e-27,   1.09246787e-30,
         3.63883974e-32,   2.21554070e-24,   2.59697497e-27,
        -2.11821402e-26,  -8.73206255e-30,  -4.37660583e-30,
         2.64644027e-30,   2.32966384e-28,   2.37782768e-25,
        -4.72529620e-29], dtype=float32), array([  1.30558978e-41,   1.18269590e-42,   2.38801884e-34,
         0.00000000e+00,   0.00000000e+00,   2.80259693e-45,
         0.00000000e+00,  -5.60519386e-45,  -0.00000000e+00,
         1.26116862e-44,   1.12215981e-41,   8.84734790e-35,
        -0.00000000e+00,   5.82659901e-42,   0.00000000e+00,
         8.26766094e-44,   0.00000000e+00,   0.00000000e+00,
         0.00000000e+00,  -3.76587332e-39,  -1.52461273e-42,
        -0.00000000e+00,  -0.00000000e+00,   3.08285662e-44,
        -1.18458250e-37,  -5.47041977e-39,   6.58610278e-43,
         0.00000000e+00,   0.00000000e+00,  -0.00000000e+00,
        -6.93923000e-42,  -1.64246193e-41,   9.10844002e-43,
         1.40129846e-45,  -4.58199374e-40,   0.00000000e+00,
         2.14356066e-39,  -7.63707663e-43,   0.00000000e+00,
         0.00000000e+00,  -0.00000000e+00,   0.00000000e+00,
        -0.00000000e+00,   0.00000000e+00,  -2.80259693e-45,
        -0.00000000e+00,  -7.72816103e-42,   0.00000000e+00,
        -2.98476573e-42,  -1.40129846e-45,  -0.00000000e+00,
         0.00000000e+00,  -2.50027239e-39,   2.77457096e-43,
        -0.00000000e+00,   0.00000000e+00,  -0.00000000e+00,
        -1.96967311e-38,  -0.00000000e+00,   0.00000000e+00,
        -0.00000000e+00,  -1.00795399e-41,   1.40129846e-45,
        -3.81153182e-43,  -0.00000000e+00,   2.80259693e-44,
         7.00649232e-45,   2.80259693e-45,  -0.00000000e+00,
        -1.75162308e-43,   1.40129846e-45,   0.00000000e+00,
         0.00000000e+00,  -1.22079903e-38,   1.40129846e-45,
         3.07800746e-37,   0.00000000e+00,  -0.00000000e+00,
        -0.00000000e+00,   6.26852651e-40,  -0.00000000e+00,
        -4.20389539e-45,   0.00000000e+00,   4.48415509e-44,
        -0.00000000e+00,   8.40779079e-45,   1.40129846e-45,
         0.00000000e+00,  -7.00649232e-44,  -2.80259693e-45,
         0.00000000e+00,  -5.54746036e-41,   1.05097385e-43,
        -2.03998228e-40,   4.20389539e-45,   0.00000000e+00,
        -0.00000000e+00,  -0.00000000e+00,   1.50593820e-36,
        -2.73743655e-41], dtype=float32), array([-0., -0., -0.,  0.,  0.,  0., -0., -0.,  0.,  0.,  0.,  0.,  0.,
        0., -0.,  0., -0., -0.,  0.,  0.,  0.,  0., -0.,  0., -0.,  0.,
       -0., -0., -0., -0., -0.,  0.,  0., -0.,  0.,  0., -0., -0., -0.,
       -0.,  0., -0.,  0.,  0., -0., -0.,  0.,  0.,  0., -0., -0., -0.,
        0.,  0., -0.,  0.,  0.,  0.,  0., -0.,  0., -0.,  0., -0., -0.,
       -0.,  0.,  0.,  0.,  0., -0.,  0.,  0.,  0., -0., -0., -0., -0.,
       -0.,  0., -0., -0.,  0., -0., -0.,  0.,  0., -0., -0., -0.,  0.,
        0., -0., -0., -0., -0.,  0., -0.,  0.,  0.], dtype=float32), array([ 0.,  0.,  0.,  0.,  0., -0.,  0., -0.,  0.,  0., -0., -0.,  0.,
       -0., -0.,  0., -0., -0.,  0., -0., -0., -0., -0.,  0., -0., -0.,
        0., -0., -0., -0.,  0., -0.,  0., -0., -0.,  0., -0.,  0., -0.,
       -0., -0., -0., -0.,  0., -0., -0.,  0.,  0., -0.,  0.,  0., -0.,
        0., -0.,  0., -0.,  0., -0., -0.,  0.,  0., -0., -0., -0., -0.,
        0.,  0., -0., -0., -0.,  0., -0.,  0.,  0.,  0., -0.,  0., -0.,
       -0.,  0., -0.,  0.,  0.,  0., -0.,  0., -0., -0., -0.,  0., -0.,
       -0., -0.,  0., -0., -0.,  0., -0.,  0.,  0.], dtype=float32), array([ -4.18076276e-39,   2.17011784e-37,   3.61119858e-31,
        -6.42355216e-41,  -1.40129846e-45,  -4.15400132e-38,
        -0.00000000e+00,   3.90046383e-39,   0.00000000e+00,
        -1.55266378e-38,   4.88352515e-42,   1.60502833e-31,
         1.27384336e-39,   3.30092809e-39,  -3.80312403e-42,
        -5.70712207e-38,   6.71090354e-38,   1.48047183e-41,
        -1.72359711e-41,  -5.74672164e-38,   3.55268343e-36,
        -1.61079258e-41,  -1.58898698e-39,   4.32272550e-41,
         1.94420552e-36,  -2.06277888e-38,   4.00244691e-35,
        -1.73609669e-40,   1.40129846e-45,  -0.00000000e+00,
         2.32031134e-36,  -6.64147089e-38,   6.87157665e-37,
         1.96949697e-40,   2.02707677e-31,  -1.10523212e-39,
        -8.33265316e-40,  -7.19248667e-40,  -0.00000000e+00,
        -0.00000000e+00,  -3.20897348e-43,  -0.00000000e+00,
        -5.83919669e-40,  -1.93799578e-42,   1.29990645e-37,
        -0.00000000e+00,   8.92021922e-36,  -4.90494680e-39,
        -2.10913147e-32,  -1.89501795e-40,  -2.35418142e-43,
        -0.00000000e+00,  -3.05134700e-36,  -6.59394221e-38,
         7.84727140e-43,  -0.00000000e+00,  -1.04086620e-36,
         7.64363336e-37,  -1.40255963e-41,   3.56913521e-40,
        -8.67413559e-40,   2.86398501e-38,   2.03256661e-39,
        -3.32107736e-42,   1.65353219e-43,   4.75040179e-43,
         1.75302438e-42,  -2.22828316e-38,   0.00000000e+00,
         3.18094751e-43,  -5.17471497e-41,   7.00649232e-45,
         3.51809992e-41,  -1.01120065e-38,  -1.11992474e-39,
        -1.68301742e-32,   5.32171118e-41,   0.00000000e+00,
         1.06666419e-39,   6.35469204e-36,  -1.15441770e-40,
         1.96785745e-40,  -4.68215856e-41,  -1.19110369e-42,
         0.00000000e+00,   0.00000000e+00,  -9.71548251e-41,
         3.78350585e-44,   1.22193226e-42,  -5.26637289e-37,
         9.82982847e-41,  -2.75775538e-42,  -1.61149323e-43,
         5.02007440e-36,  -6.02935547e-36,  -0.00000000e+00,
         1.19743780e-35,   1.19110369e-42,   6.11059272e-35,
         1.13815163e-34], dtype=float32), array([ 0.,  0., -0., -0.,  0.,  0.,  0.,  0., -0.,  0., -0.,  0., -0.,
       -0., -0., -0., -0.,  0.,  0., -0., -0., -0.,  0.,  0., -0., -0.,
        0.,  0.,  0.,  0., -0., -0.,  0.,  0., -0.,  0.,  0., -0., -0.,
        0.,  0., -0., -0., -0., -0., -0.,  0., -0.,  0.,  0.,  0.,  0.,
        0., -0.,  0.,  0., -0.,  0., -0., -0., -0.,  0.,  0.,  0.,  0.,
       -0.,  0., -0., -0., -0.,  0., -0., -0., -0., -0.,  0., -0.,  0.,
       -0.,  0.,  0.,  0., -0.,  0., -0., -0.,  0., -0.,  0., -0., -0.,
       -0., -0., -0., -0., -0.,  0.,  0.,  0., -0.], dtype=float32), array([ -1.00893489e-43,   2.39061518e-42,  -2.54243430e-33,
         2.10194770e-44,  -0.00000000e+00,  -8.41479728e-42,
         8.68805048e-44,  -1.02294788e-43,  -0.00000000e+00,
         5.60519386e-45,   5.05868746e-43,  -1.99257635e-40,
        -1.40129846e-45,   2.37660220e-42,   1.89175293e-42,
         7.00649232e-45,   1.40129846e-45,   0.00000000e+00,
         2.80259693e-45,   2.41337281e-36,   5.60519386e-44,
        -0.00000000e+00,  -4.76441478e-44,  -1.17148552e-42,
        -3.46292744e-38,   4.99179647e-39,   4.20389539e-44,
        -0.00000000e+00,   2.85164237e-42,   0.00000000e+00,
        -7.00649232e-44,   2.19723599e-42,  -0.00000000e+00,
        -1.46795823e-40,  -1.92565034e-40,   3.29305139e-43,
        -2.51489634e-40,   4.71491475e-38,   0.00000000e+00,
        -0.00000000e+00,   0.00000000e+00,   0.00000000e+00,
        -5.70370514e-41,  -0.00000000e+00,  -8.40779079e-45,
         0.00000000e+00,  -8.13313629e-42,   0.00000000e+00,
         2.56437619e-43,   2.12857237e-42,   1.40129846e-45,
        -0.00000000e+00,  -1.64653130e-39,  -4.90454463e-43,
        -0.00000000e+00,   5.57436529e-42,   0.00000000e+00,
         2.34492094e-38,  -2.36819440e-43,   2.80259693e-45,
         1.54843480e-42,  -9.34791453e-37,  -3.44158903e-42,
         0.00000000e+00,   2.94272678e-44,   5.00824071e-42,
        -1.72359711e-43,   0.00000000e+00,   2.80259693e-45,
        -0.00000000e+00,  -0.00000000e+00,   0.00000000e+00,
        -0.00000000e+00,   6.44176904e-42,  -1.26985667e-41,
        -1.78084996e-39,  -4.62428493e-44,   0.00000000e+00,
         7.14662217e-44,   5.51815921e-40,  -0.00000000e+00,
         3.78350585e-44,  -0.00000000e+00,  -1.33123354e-42,
         2.10194770e-44,   1.40129846e-45,   0.00000000e+00,
        -4.98722123e-42,   2.43825933e-43,  -1.93395023e-39,
         7.91733632e-43,  -7.77381646e-38,   4.20389539e-45,
         4.72452037e-38,  -2.69049305e-43,  -0.00000000e+00,
         0.00000000e+00,  -0.00000000e+00,   3.67742756e-41,
        -3.04081767e-41], dtype=float32), array([  2.30347089e-24,  -7.14139655e-25,   1.35898322e-17,
         1.57057848e-24,   1.88457098e-27,   1.48037958e-25,
        -1.71425989e-28,   6.55724789e-26,  -1.22027543e-24,
        -8.40287709e-21,   7.08515718e-25,  -8.18685209e-21,
        -2.77028058e-22,   1.28922430e-21,   8.74973085e-28,
        -8.95629695e-23,   2.19422178e-25,  -2.50401149e-27,
        -5.14634514e-25,  -9.02541315e-23,  -3.04782048e-21,
        -2.11757732e-22,  -5.01098844e-24,  -1.22264676e-21,
         7.48433083e-20,  -4.83165728e-20,   5.54029156e-22,
        -6.09655028e-25,  -4.24856266e-24,   8.88218969e-29,
         2.69578222e-21,  -2.12621546e-21,   3.71578477e-23,
         1.70656526e-22,  -6.84449043e-23,  -3.07409326e-22,
         1.79903477e-24,   1.04117004e-19,  -3.97810660e-26,
        -1.51059959e-27,  -2.80570750e-23,  -8.19737217e-25,
        -8.24327382e-24,  -2.97090040e-26,  -1.59192169e-22,
         1.65418918e-25,   1.52045955e-19,  -1.04524292e-25,
         2.64422026e-23,   6.22274321e-28,  -3.98466778e-24,
        -1.08788729e-28,   3.21324756e-22,   1.34616500e-24,
         6.39057353e-25,   1.79485245e-25,  -3.90644299e-23,
        -1.74887105e-21,   3.56250241e-22,   4.84478424e-27,
        -5.30261320e-23,  -1.69514705e-19,   5.68209647e-24,
        -1.55805590e-28,  -7.74777908e-23,  -4.29190419e-29,
        -9.12318096e-21,  -7.05229217e-23,  -5.93669470e-29,
         7.44538471e-23,  -1.62755794e-23,   1.09164237e-28,
        -6.36918409e-21,  -6.61407173e-23,  -4.10342061e-23,
         2.09854550e-21,  -3.25200764e-29,   1.20376910e-27,
        -3.84419980e-25,  -4.25575470e-24,   5.50735100e-23,
        -2.29812299e-26,   8.72341420e-25,  -3.58300056e-25,
         1.03264117e-25,  -7.45844320e-23,   6.01513096e-26,
        -2.00390622e-21,  -5.09270481e-26,   5.47345007e-21,
         2.68449555e-23,  -4.41193117e-23,  -2.91716365e-24,
        -7.82918760e-20,  -7.84932567e-23,  -1.84134695e-27,
         3.98424153e-26,  -1.84986888e-23,   1.36099342e-21,
        -6.85954412e-19], dtype=float32), array([ -9.45096929e-17,  -2.01206390e-16,  -6.68615554e-13,
         6.12565242e-20,   3.33591601e-19,   2.68667798e-21,
        -5.05071122e-17,  -1.21010593e-17,   3.06286434e-20,
        -1.03968204e-14,   5.85542823e-15,  -7.51400048e-15,
         5.36494994e-18,   1.77108319e-17,  -1.01465420e-15,
         3.56081567e-17,   7.93420477e-18,   1.63394858e-18,
        -1.83693901e-18,   2.82649368e-15,   2.28901472e-14,
         4.46115100e-19,  -1.71272881e-16,   3.41150626e-18,
         1.64731391e-15,   1.02966024e-15,  -5.18704130e-16,
        -1.19994418e-17,   3.23132270e-15,  -3.63215860e-19,
         1.91844704e-19,   2.54830683e-16,  -9.43669613e-17,
        -2.10956136e-17,  -8.66285921e-15,  -8.06039169e-20,
        -5.76143722e-15,   1.60434012e-15,   2.68569890e-20,
         5.26663017e-17,   1.16547763e-18,  -1.06520719e-21,
        -5.68681615e-16,  -1.20762008e-17,  -2.67330798e-15,
        -1.14025757e-20,  -6.69889779e-18,   1.63958602e-18,
         9.77205225e-15,   1.43952690e-14,   2.65910906e-16,
         2.49170292e-18,  -2.42113648e-17,  -3.28515376e-16,
        -1.28773775e-21,   2.31449189e-17,  -1.42414998e-16,
        -1.61489756e-16,  -1.86153275e-19,   7.19598534e-16,
        -3.83872314e-16,   2.15186031e-15,  -9.99640532e-20,
        -8.50485186e-18,  -6.27209051e-15,   9.74782258e-17,
        -2.44388072e-18,   2.17319948e-16,   3.02063045e-22,
        -1.04333583e-18,   6.31615346e-18,   2.71404845e-21,
         2.46508467e-18,  -1.40914816e-17,  -1.22121385e-16,
         2.12178907e-14,   4.85043357e-19,   1.17487839e-21,
        -1.39642408e-16,   4.72230524e-15,  -4.58461241e-15,
         8.79586971e-18,   9.62990098e-20,  -2.05463992e-18,
        -4.06207124e-17,  -1.06887348e-19,   1.19233427e-16,
         5.70686484e-19,   1.11942753e-19,  -1.78658386e-16,
         1.76174184e-16,  -2.27598944e-16,  -1.11053052e-20,
        -7.98168834e-16,   1.19148737e-16,   3.73810714e-22,
         1.83785118e-18,   7.79521361e-19,   3.96127528e-14,
        -5.07019819e-15], dtype=float32), array([ -0.00000000e+00,   0.00000000e+00,  -2.14369238e-40,
         0.00000000e+00,   0.00000000e+00,   0.00000000e+00,
         0.00000000e+00,  -0.00000000e+00,  -0.00000000e+00,
         0.00000000e+00,  -0.00000000e+00,   4.27396032e-43,
        -0.00000000e+00,   0.00000000e+00,  -0.00000000e+00,
        -0.00000000e+00,  -0.00000000e+00,   0.00000000e+00,
        -0.00000000e+00,   7.00649232e-45,   0.00000000e+00,
        -0.00000000e+00,   0.00000000e+00,   0.00000000e+00,
         0.00000000e+00,  -0.00000000e+00,  -0.00000000e+00,
         0.00000000e+00,   0.00000000e+00,  -0.00000000e+00,
        -0.00000000e+00,  -0.00000000e+00,   0.00000000e+00,
        -0.00000000e+00,  -5.60519386e-45,   0.00000000e+00,
        -0.00000000e+00,  -0.00000000e+00,   0.00000000e+00,
        -0.00000000e+00,  -0.00000000e+00,   0.00000000e+00,
         0.00000000e+00,  -0.00000000e+00,   0.00000000e+00,
         0.00000000e+00,  -0.00000000e+00,   0.00000000e+00,
         1.40129846e-45,  -0.00000000e+00,  -0.00000000e+00,
         0.00000000e+00,  -0.00000000e+00,  -0.00000000e+00,
        -0.00000000e+00,  -0.00000000e+00,   0.00000000e+00,
        -0.00000000e+00,   0.00000000e+00,  -0.00000000e+00,
         0.00000000e+00,   0.00000000e+00,  -0.00000000e+00,
         0.00000000e+00,   0.00000000e+00,   0.00000000e+00,
        -0.00000000e+00,   0.00000000e+00,   0.00000000e+00,
        -0.00000000e+00,  -0.00000000e+00,   0.00000000e+00,
         0.00000000e+00,  -0.00000000e+00,  -0.00000000e+00,
         1.82168800e-44,  -0.00000000e+00,   0.00000000e+00,
         0.00000000e+00,  -0.00000000e+00,   0.00000000e+00,
        -0.00000000e+00,   0.00000000e+00,  -0.00000000e+00,
         0.00000000e+00,  -0.00000000e+00,  -0.00000000e+00,
        -0.00000000e+00,  -0.00000000e+00,  -0.00000000e+00,
        -0.00000000e+00,   0.00000000e+00,   0.00000000e+00,
         0.00000000e+00,  -0.00000000e+00,   0.00000000e+00,
        -0.00000000e+00,  -0.00000000e+00,   0.00000000e+00,
         0.00000000e+00], dtype=float32), array([ 0., -0., -0., -0., -0., -0., -0.,  0.,  0.,  0.,  0.,  0., -0.,
       -0.,  0.,  0., -0.,  0., -0.,  0.,  0., -0., -0., -0.,  0.,  0.,
        0., -0.,  0., -0., -0.,  0., -0., -0.,  0., -0., -0.,  0.,  0.,
        0.,  0.,  0.,  0., -0.,  0.,  0.,  0., -0.,  0.,  0.,  0., -0.,
       -0.,  0.,  0.,  0.,  0.,  0., -0.,  0., -0.,  0., -0., -0., -0.,
       -0., -0.,  0.,  0., -0., -0.,  0., -0.,  0., -0.,  0.,  0.,  0.,
       -0.,  0., -0.,  0.,  0., -0., -0., -0., -0., -0., -0.,  0.,  0.,
       -0.,  0.,  0., -0., -0.,  0., -0., -0.,  0.], dtype=float32), array([ -0.00000000e+00,   0.00000000e+00,   4.20389539e-45,
        -0.00000000e+00,  -0.00000000e+00,  -0.00000000e+00,
        -0.00000000e+00,  -0.00000000e+00,   0.00000000e+00,
        -0.00000000e+00,   0.00000000e+00,   0.00000000e+00,
         0.00000000e+00,   0.00000000e+00,   0.00000000e+00,
        -0.00000000e+00,   0.00000000e+00,  -0.00000000e+00,
        -0.00000000e+00,   0.00000000e+00,  -0.00000000e+00,
         0.00000000e+00,   0.00000000e+00,   0.00000000e+00,
         0.00000000e+00,  -0.00000000e+00,   0.00000000e+00,
        -0.00000000e+00,  -0.00000000e+00,   0.00000000e+00,
        -0.00000000e+00,  -0.00000000e+00,   0.00000000e+00,
         0.00000000e+00,   0.00000000e+00,   0.00000000e+00,
        -0.00000000e+00,  -0.00000000e+00,  -0.00000000e+00,
        -0.00000000e+00,  -0.00000000e+00,   0.00000000e+00,
         0.00000000e+00,  -0.00000000e+00,  -0.00000000e+00,
        -0.00000000e+00,  -0.00000000e+00,  -0.00000000e+00,
        -0.00000000e+00,  -0.00000000e+00,  -0.00000000e+00,
         0.00000000e+00,   0.00000000e+00,   0.00000000e+00,
         0.00000000e+00,  -0.00000000e+00,  -0.00000000e+00,
        -0.00000000e+00,  -0.00000000e+00,  -0.00000000e+00,
        -0.00000000e+00,   0.00000000e+00,  -0.00000000e+00,
        -0.00000000e+00,  -0.00000000e+00,   0.00000000e+00,
        -0.00000000e+00,  -0.00000000e+00,  -0.00000000e+00,
         0.00000000e+00,  -0.00000000e+00,   0.00000000e+00,
         0.00000000e+00,   0.00000000e+00,  -0.00000000e+00,
         2.24207754e-44,  -0.00000000e+00,   0.00000000e+00,
         0.00000000e+00,  -1.40129846e-44,   0.00000000e+00,
         0.00000000e+00,   0.00000000e+00,   0.00000000e+00,
        -0.00000000e+00,   0.00000000e+00,   0.00000000e+00,
         0.00000000e+00,   0.00000000e+00,   0.00000000e+00,
        -0.00000000e+00,  -0.00000000e+00,  -0.00000000e+00,
         0.00000000e+00,   0.00000000e+00,   0.00000000e+00,
         0.00000000e+00,   0.00000000e+00,  -0.00000000e+00,
         0.00000000e+00], dtype=float32), array([ -1.40129846e-45,  -1.79366203e-43,  -1.29517701e-32,
        -0.00000000e+00,  -0.00000000e+00,  -1.12103877e-44,
        -0.00000000e+00,   0.00000000e+00,   0.00000000e+00,
        -0.00000000e+00,   4.45612912e-43,  -1.31893014e-40,
         0.00000000e+00,  -0.00000000e+00,  -0.00000000e+00,
         5.60519386e-45,   0.00000000e+00,   0.00000000e+00,
         0.00000000e+00,   0.00000000e+00,   2.80259693e-45,
        -0.00000000e+00,   1.40129846e-45,   0.00000000e+00,
        -9.27561492e-41,  -1.57183649e-41,   1.34524653e-43,
        -0.00000000e+00,   0.00000000e+00,  -0.00000000e+00,
        -0.00000000e+00,  -1.16307773e-43,  -6.63753044e-41,
        -0.00000000e+00,   8.05746617e-43,  -0.00000000e+00,
         0.00000000e+00,  -8.65904360e-41,   7.13260918e-43,
        -0.00000000e+00,  -0.00000000e+00,  -0.00000000e+00,
         0.00000000e+00,   0.00000000e+00,   1.40129846e-45,
        -0.00000000e+00,  -7.39885589e-43,   2.80259693e-45,
         0.00000000e+00,  -1.40129846e-45,  -3.13184602e-40,
        -0.00000000e+00,   3.41916825e-43,  -0.00000000e+00,
        -0.00000000e+00,  -4.27396032e-43,   0.00000000e+00,
         1.78877571e-39,  -0.00000000e+00,   0.00000000e+00,
         0.00000000e+00,  -3.79835962e-41,   0.00000000e+00,
        -0.00000000e+00,   0.00000000e+00,   0.00000000e+00,
        -1.40129846e-45,   0.00000000e+00,   0.00000000e+00,
        -0.00000000e+00,  -0.00000000e+00,   0.00000000e+00,
        -0.00000000e+00,  -1.40129846e-45,  -0.00000000e+00,
         2.43825933e-43,   0.00000000e+00,  -0.00000000e+00,
         1.40129846e-45,  -2.27116482e-36,   7.00649232e-45,
         1.40129846e-45,   0.00000000e+00,   6.24979115e-43,
         2.38220739e-44,   8.40779079e-45,   0.00000000e+00,
        -0.00000000e+00,   0.00000000e+00,   7.34560655e-42,
         8.07105876e-41,  -4.70130590e-39,  -1.40129846e-45,
        -5.38659130e-42,  -6.58610278e-44,  -0.00000000e+00,
        -0.00000000e+00,   0.00000000e+00,  -9.69698537e-43,
        -1.48257378e-42], dtype=float32), array([  5.14615585e-35,  -6.45230385e-36,  -2.11478087e-31,
         0.00000000e+00,  -8.07862578e-41,   5.94772636e-37,
         1.15887383e-42,  -1.10870089e-36,   2.44477817e-39,
        -3.69669073e-34,   3.60636960e-34,   6.89684146e-36,
        -1.41346040e-32,  -2.83572819e-32,  -2.87170179e-37,
         1.06635683e-36,   3.37070435e-39,  -1.90576591e-43,
         6.44902709e-37,  -2.02125219e-30,  -4.39814885e-34,
         6.04471854e-36,   1.37304800e-34,  -3.64420838e-39,
         5.90679850e-33,   1.00742288e-34,   1.62604582e-31,
        -2.84293750e-33,  -5.82303483e-36,   9.28598453e-41,
         7.00419150e-37,   6.74688868e-33,   7.87397650e-31,
        -5.23951754e-35,   6.06756939e-33,  -2.55317981e-40,
         1.97009137e-35,   1.89673188e-28,   3.67222258e-37,
        -0.00000000e+00,  -2.37379960e-42,   3.96968367e-36,
        -3.56168031e-41,   5.74532370e-43,  -1.06564264e-39,
         3.18995786e-40,   1.67094557e-33,  -3.30703565e-31,
         2.37141560e-30,   7.34120375e-34,  -3.84358321e-34,
        -3.62245462e-40,  -1.12692686e-35,   5.98236906e-36,
        -1.55936493e-41,  -9.11300096e-38,  -2.06430429e-32,
         3.60722482e-32,  -6.06662018e-33,  -1.63951920e-42,
        -2.18339430e-36,   7.65299444e-34,  -1.42387188e-36,
         1.03271030e-38,  -1.63951920e-43,   7.10159004e-38,
        -2.97840692e-38,   2.59590042e-34,  -0.00000000e+00,
        -8.15429589e-41,  -5.46042571e-40,  -1.40129846e-44,
         2.20094116e-36,   5.19601134e-38,  -6.43186733e-31,
         2.26002910e-32,  -1.11372953e-35,   1.14985017e-38,
         1.68531896e-38,   5.19672711e-32,  -4.84403656e-40,
         1.46477630e-38,  -1.84556613e-40,   1.11014834e-34,
        -1.33066233e-35,  -4.70626539e-33,  -5.91515622e-31,
        -5.89526264e-42,   1.59906372e-40,  -7.12707230e-34,
        -9.07819529e-37,   2.78200075e-28,   1.44844846e-36,
        -1.59221312e-32,  -2.21726990e-32,  -5.70723361e-39,
        -9.43362674e-39,   1.68155816e-44,  -1.23411570e-33,
         2.32779930e-30], dtype=float32), array([ -2.33383682e-34,   6.69144470e-31,   7.63584519e-28,
        -1.08121185e-36,  -3.70682164e-37,   6.17571694e-37,
         2.25897413e-35,  -1.78573979e-35,   8.48739171e-37,
         3.04143917e-36,  -3.49202013e-33,  -7.27960834e-28,
         3.71109930e-36,  -1.05221372e-27,   1.26131447e-37,
        -2.66265243e-34,   2.68924113e-38,  -2.03610096e-38,
         1.02255015e-35,   3.72064395e-35,   8.58609873e-38,
        -8.04697147e-33,   5.45254986e-38,  -1.83963798e-34,
        -3.82021652e-31,  -5.09153106e-31,   5.36601086e-33,
        -2.25452722e-34,   4.18967165e-36,  -1.95537188e-41,
         9.78188800e-32,   1.21051283e-34,   3.10530280e-35,
        -4.92248405e-38,  -2.07123445e-31,  -1.88119341e-37,
         5.15669168e-35,  -3.57149421e-35,   1.61975473e-37,
         1.81123572e-39,  -2.79013854e-38,   9.67418578e-36,
         1.00725631e-34,  -2.20805542e-39,   1.37349418e-38,
        -1.53136979e-38,  -1.05077207e-27,  -3.82417097e-35,
        -1.07164751e-33,   4.63738567e-39,   2.11428156e-34,
         9.23367546e-39,   3.66159782e-37,   1.91687854e-36,
         3.31140524e-34,  -2.72608792e-35,  -6.46120756e-33,
         2.19287390e-31,  -2.22718446e-32,  -4.78281383e-40,
         2.65254003e-32,  -9.81630769e-30,   4.13205779e-34,
         1.13212561e-35,   5.03477256e-37,   9.70685192e-39,
         2.38948657e-35,   3.16773710e-34,   1.56945428e-43,
         6.14533661e-34,   3.15152303e-35,   2.15306706e-40,
         1.99001834e-36,  -2.80870681e-32,   5.98391024e-35,
         4.27999668e-32,   5.71722767e-40,  -3.84326213e-35,
        -1.20292642e-34,  -4.22957086e-28,   1.90559580e-32,
         2.22379137e-35,  -3.60530445e-36,   6.46985958e-37,
         9.29346495e-33,   7.21587994e-39,  -6.25498291e-37,
         7.29562223e-39,   4.77750693e-35,  -2.00696529e-32,
        -5.09811663e-38,   9.73027354e-30,  -1.45668983e-38,
        -4.65100157e-30,   1.92100730e-35,   1.63027063e-41,
         8.27816462e-37,   1.66550904e-35,   1.42812182e-30,
         7.97373064e-30], dtype=float32), array([  3.24035050e-24,  -3.82687334e-26,   8.54207317e-20,
         2.18516011e-27,  -2.67146544e-37,   3.38429880e-23,
        -2.51125854e-32,   1.05677266e-24,  -1.46026736e-30,
         6.62341973e-24,  -3.30270937e-28,  -3.28487108e-23,
        -1.28464851e-26,   5.07642642e-25,   5.03279182e-34,
        -1.47907291e-25,   1.69813788e-26,   2.12180707e-25,
        -6.47675796e-30,  -2.02198855e-25,   4.00905120e-22,
        -6.54098120e-25,  -4.88310786e-26,  -3.23905823e-31,
        -2.64768541e-24,  -6.30603775e-27,  -1.94506310e-23,
         1.35358834e-27,   9.23702724e-29,   2.33772401e-24,
        -2.43165574e-21,   2.00479178e-24,   4.32704318e-22,
        -1.53879263e-25,   1.94175923e-21,  -1.08905782e-27,
        -6.11885730e-25,   5.39750100e-28,  -1.30733239e-31,
         8.13339716e-29,   3.11186156e-27,   1.45531254e-25,
         2.38551124e-28,   7.63179514e-34,   3.44179027e-26,
         1.32267777e-28,  -1.47471551e-23,   3.01664256e-25,
         1.75072474e-21,   4.17756815e-27,  -1.97518791e-27,
         1.69793388e-30,   1.79729888e-21,  -3.65551556e-24,
        -1.25903897e-23,   6.89312391e-26,  -3.17321079e-22,
         1.38808290e-27,  -3.61169378e-28,   3.49179274e-33,
         3.36497691e-25,  -1.25360442e-23,  -8.44911530e-22,
         3.66840694e-29,  -1.85877141e-29,  -3.72342224e-25,
         1.16848925e-25,   3.06046847e-25,   6.29346901e-29,
        -3.45374080e-28,  -1.42667382e-27,   8.04827696e-25,
        -2.19180504e-26,  -9.03255682e-22,  -1.59979000e-24,
         1.88518379e-21,  -5.02947312e-28,  -4.80673365e-23,
        -8.17897613e-23,  -6.18324980e-22,   2.11868191e-23,
         1.37344384e-30,  -1.93974541e-27,  -3.39199435e-26,
         4.65176087e-32,   1.97712393e-28,   7.58199016e-25,
         1.21157338e-25,  -1.86361394e-26,  -1.68925648e-29,
        -6.52560828e-25,  -1.09264700e-24,   2.26632392e-25,
         5.87727754e-23,   1.92702705e-24,   4.11770216e-27,
         4.16201935e-28,   3.53395742e-27,  -4.96866938e-26,
        -8.23271610e-25], dtype=float32), array([ -7.03580033e-12,   1.43050502e-10,  -5.52207113e-10,
        -2.87795341e-13,  -2.65021468e-16,  -3.10688331e-14,
         7.30158706e-16,   6.89533825e-13,   2.03834549e-13,
        -5.61092622e-13,   1.33674579e-13,  -7.45077611e-12,
        -5.40075742e-13,  -5.07451340e-13,   1.22257972e-15,
         1.64044549e-14,   3.30031280e-11,  -5.30963247e-14,
        -5.73593094e-14,  -7.40041708e-13,  -3.64227366e-13,
        -4.55648533e-14,  -8.79895603e-13,   1.49712697e-12,
         1.08124855e-11,  -2.58347441e-11,  -8.27405072e-12,
         4.40899758e-13,  -4.70636476e-14,   8.04201608e-14,
         1.92864409e-12,   7.27522562e-14,   3.09244512e-14,
         4.21868026e-13,   2.41005965e-10,   5.92959492e-13,
        -1.18632589e-14,  -5.77198567e-10,   3.09152584e-15,
        -3.89339412e-13,   1.59487512e-14,   2.31895852e-14,
         9.74781372e-14,   4.05269775e-15,   6.40547118e-14,
         1.20803020e-17,   8.08031349e-14,  -5.65447255e-12,
         4.24643411e-11,   2.36033675e-12,  -4.40702081e-13,
        -1.43433896e-17,  -5.61362480e-13,  -3.00963733e-11,
         4.88663519e-11,   1.61325841e-13,   3.03622370e-11,
         3.70494895e-13,   2.63755641e-14,   2.97629319e-14,
         2.98847752e-12,  -2.78855723e-11,  -3.79602491e-14,
         4.18137421e-13,  -1.03798881e-12,  -1.34503259e-14,
        -3.28662309e-13,   3.72173776e-12,  -5.71144946e-16,
        -1.44768010e-14,  -3.04428276e-13,   2.44381795e-15,
        -6.21317166e-14,   3.55361535e-15,   1.99241760e-13,
         4.95614313e-12,  -2.51554725e-15,   2.25386573e-15,
         7.61942245e-12,  -2.56483220e-11,  -2.24691922e-14,
        -1.88119030e-12,  -4.01887453e-13,  -1.74966480e-14,
        -1.97777535e-14,   1.45862695e-15,   4.97630474e-13,
        -5.65981080e-14,  -5.92499411e-14,   1.99426738e-12,
        -1.52313351e-12,  -2.41644622e-13,   3.05816911e-17,
        -4.16390013e-14,   1.49905130e-14,   9.99273249e-16,
        -5.40653947e-14,  -1.61928030e-15,  -6.10045868e-13,
        -1.56044153e-11], dtype=float32), array([  0.00000000e+00,   0.00000000e+00,  -8.70206346e-43,
        -0.00000000e+00,  -0.00000000e+00,  -1.22613616e-42,
         0.00000000e+00,  -0.00000000e+00,  -0.00000000e+00,
         0.00000000e+00,   0.00000000e+00,   1.23160122e-41,
         0.00000000e+00,  -0.00000000e+00,   0.00000000e+00,
        -0.00000000e+00,   0.00000000e+00,   0.00000000e+00,
         0.00000000e+00,  -4.75040179e-43,  -0.00000000e+00,
        -0.00000000e+00,   0.00000000e+00,  -0.00000000e+00,
        -9.10844002e-44,   0.00000000e+00,  -0.00000000e+00,
         0.00000000e+00,  -0.00000000e+00,   0.00000000e+00,
        -3.92363570e-43,  -0.00000000e+00,  -0.00000000e+00,
        -0.00000000e+00,   4.20389539e-45,  -0.00000000e+00,
        -3.92363570e-44,  -0.00000000e+00,  -0.00000000e+00,
        -0.00000000e+00,   0.00000000e+00,   0.00000000e+00,
         0.00000000e+00,  -0.00000000e+00,  -0.00000000e+00,
        -0.00000000e+00,   0.00000000e+00,   0.00000000e+00,
         9.80908925e-44,   0.00000000e+00,   0.00000000e+00,
         0.00000000e+00,  -0.00000000e+00,  -0.00000000e+00,
        -0.00000000e+00,   0.00000000e+00,   6.57208980e-43,
         8.40779079e-45,   0.00000000e+00,  -0.00000000e+00,
        -0.00000000e+00,  -0.00000000e+00,   8.40779079e-45,
         0.00000000e+00,  -0.00000000e+00,   0.00000000e+00,
        -0.00000000e+00,  -0.00000000e+00,   0.00000000e+00,
         0.00000000e+00,   0.00000000e+00,  -0.00000000e+00,
         0.00000000e+00,  -3.55509420e-42,   0.00000000e+00,
        -6.61485743e-40,  -0.00000000e+00,  -0.00000000e+00,
        -0.00000000e+00,   1.69010075e-38,   0.00000000e+00,
         0.00000000e+00,  -0.00000000e+00,  -0.00000000e+00,
         0.00000000e+00,   0.00000000e+00,  -0.00000000e+00,
         0.00000000e+00,   0.00000000e+00,  -0.00000000e+00,
        -0.00000000e+00,  -0.00000000e+00,   0.00000000e+00,
        -0.00000000e+00,  -0.00000000e+00,   0.00000000e+00,
         0.00000000e+00,   0.00000000e+00,   6.44597294e-44,
         0.00000000e+00], dtype=float32), array([  1.86372696e-43,  -2.80817550e-39,   4.16143941e-37,
        -0.00000000e+00,   5.77187831e-40,   1.89171895e-35,
        -0.00000000e+00,   9.02692436e-37,  -0.00000000e+00,
        -9.85112820e-43,  -2.31734829e-39,   2.53836382e-35,
        -9.24856986e-44,   2.48337934e-37,  -9.80908925e-45,
        -9.80908925e-45,  -0.00000000e+00,   0.00000000e+00,
         2.82501770e-42,   7.80962243e-37,   6.24979115e-42,
         2.28299546e-41,   2.48029828e-43,  -1.48173300e-41,
         9.17805418e-33,  -2.42057494e-40,   1.14293546e-39,
         1.37831717e-41,  -3.60175744e-41,   5.60519386e-45,
         5.64586945e-36,   7.88931035e-42,   9.21859609e-38,
         1.08082151e-41,  -2.58648868e-40,  -2.12307928e-40,
         3.46775043e-38,   1.11683488e-42,  -9.12814227e-40,
         0.00000000e+00,   2.24207754e-44,  -7.83325842e-43,
         1.74951693e-39,   8.40779079e-45,   4.02172659e-43,
        -0.00000000e+00,  -9.67316330e-42,  -2.41864115e-42,
        -2.95718548e-37,  -0.00000000e+00,   1.40129846e-45,
         0.00000000e+00,   6.13172755e-39,   9.80908925e-44,
         8.40779079e-45,   0.00000000e+00,  -3.05014565e-34,
        -1.53906350e-34,   5.91347952e-43,   1.73761010e-43,
         0.00000000e+00,  -1.17144208e-39,   1.17602390e-38,
         1.26116862e-44,  -4.20389539e-45,   5.21155511e-40,
        -9.10844002e-44,   1.14626214e-42,  -3.71344093e-43,
        -1.29900368e-42,   4.42066225e-40,  -1.12103877e-44,
        -3.10527740e-42,   4.61873857e-36,  -8.89824525e-43,
         5.63138339e-34,  -2.80259693e-45,   6.45508138e-41,
         3.12443315e-40,   6.77076982e-29,  -2.74707748e-40,
        -2.12852618e-37,  -0.00000000e+00,  -6.72623263e-44,
         3.68132317e-40,   1.05168851e-39,   4.06376555e-43,
        -3.83001237e-37,   1.13338661e-36,  -4.67851518e-41,
        -5.54914192e-43,  -1.55958966e-34,   2.28733948e-41,
        -3.95334463e-39,   6.18803593e-40,   6.16571324e-43,
         1.47388572e-41,  -5.01608798e-41,   1.91725952e-36,
         1.35029120e-41], dtype=float32), array([  1.13981617e-41,   3.92363570e-44,   1.18200659e-30,
        -0.00000000e+00,   0.00000000e+00,   9.72501134e-43,
        -0.00000000e+00,  -3.48923318e-42,  -0.00000000e+00,
         2.38220739e-44,   4.49719837e-39,  -6.35135761e-34,
        -5.60519386e-45,  -3.09180018e-36,   2.80259693e-44,
         7.20407541e-42,  -8.96831017e-44,   0.00000000e+00,
        -3.50324616e-44,  -2.25440168e-38,   1.27378030e-42,
         1.66302879e-39,   5.19881730e-43,  -3.84153082e-39,
         3.42519664e-39,  -3.74567080e-42,   3.56896706e-41,
        -0.00000000e+00,  -5.15257445e-42,  -0.00000000e+00,
        -6.01157041e-43,  -0.00000000e+00,  -0.00000000e+00,
        -7.53660353e-41,  -7.49638626e-39,   2.85888709e-40,
         1.08166887e-38,  -1.96116406e-37,   2.69189435e-42,
        -0.00000000e+00,   0.00000000e+00,   0.00000000e+00,
        -8.64461023e-42,   0.00000000e+00,  -5.36830435e-40,
        -0.00000000e+00,  -8.08059153e-34,   0.00000000e+00,
         3.54454971e-38,  -4.10019931e-42,   0.00000000e+00,
         0.00000000e+00,  -1.28772364e-35,  -9.57656619e-39,
         0.00000000e+00,  -2.38220739e-43,   0.00000000e+00,
         1.88597958e-40,  -1.07899982e-42,   0.00000000e+00,
         4.01449589e-40,  -5.45368723e-32,   5.18480432e-44,
        -0.00000000e+00,   3.53221100e-40,   0.00000000e+00,
         2.46464578e-40,  -3.72218503e-39,  -0.00000000e+00,
         0.00000000e+00,   1.13925565e-42,  -0.00000000e+00,
        -3.28604490e-42,   1.94170283e-37,  -0.00000000e+00,
        -4.02045901e-35,   0.00000000e+00,  -0.00000000e+00,
        -3.93764868e-43,  -1.44307767e-37,   2.58119177e-42,
        -1.88530695e-41,   0.00000000e+00,  -1.40129846e-45,
        -1.96181785e-44,   1.26116862e-44,  -1.37187120e-42,
         1.43815682e-39,   1.40129846e-45,  -6.10237455e-41,
         2.10194770e-44,  -2.33926073e-35,  -1.05632681e-40,
         3.22298647e-43,  -1.97244936e-38,  -0.00000000e+00,
        -1.03696086e-43,  -3.03381118e-42,  -6.03851256e-37,
         1.34222151e-37], dtype=float32), array([  1.42091664e-42,  -1.40129846e-45,  -1.66908976e-33,
         0.00000000e+00,  -0.00000000e+00,   5.82940161e-43,
        -0.00000000e+00,  -0.00000000e+00,   0.00000000e+00,
         0.00000000e+00,   1.66053868e-42,   4.87059455e-36,
        -0.00000000e+00,  -1.29156418e-39,   0.00000000e+00,
        -0.00000000e+00,   0.00000000e+00,   0.00000000e+00,
        -0.00000000e+00,   1.47836988e-42,  -4.20389539e-45,
         0.00000000e+00,  -0.00000000e+00,  -5.60519386e-45,
        -0.00000000e+00,   0.00000000e+00,   1.26116862e-44,
        -0.00000000e+00,  -0.00000000e+00,  -0.00000000e+00,
        -0.00000000e+00,   0.00000000e+00,   0.00000000e+00,
        -0.00000000e+00,  -4.83672178e-41,  -0.00000000e+00,
         0.00000000e+00,  -0.00000000e+00,  -3.36311631e-44,
         0.00000000e+00,   0.00000000e+00,  -0.00000000e+00,
        -2.94272678e-44,   0.00000000e+00,  -0.00000000e+00,
        -0.00000000e+00,   6.50166782e-38,  -4.20389539e-45,
         0.00000000e+00,  -0.00000000e+00,   0.00000000e+00,
         0.00000000e+00,   3.15292154e-43,  -7.52497275e-43,
         0.00000000e+00,  -0.00000000e+00,  -0.00000000e+00,
         0.00000000e+00,   0.00000000e+00,  -0.00000000e+00,
        -0.00000000e+00,   2.60925249e-38,   3.64337601e-44,
         0.00000000e+00,   0.00000000e+00,  -8.40779079e-45,
        -8.26766094e-44,   2.80259693e-45,   0.00000000e+00,
        -0.00000000e+00,   0.00000000e+00,   0.00000000e+00,
        -0.00000000e+00,   7.84026491e-42,   0.00000000e+00,
        -2.95673976e-43,  -5.60519386e-45,  -0.00000000e+00,
        -1.26116862e-44,  -2.71640306e-40,  -0.00000000e+00,
        -0.00000000e+00,  -0.00000000e+00,   0.00000000e+00,
        -4.62428493e-44,  -0.00000000e+00,   0.00000000e+00,
        -0.00000000e+00,   0.00000000e+00,  -0.00000000e+00,
         0.00000000e+00,   2.11729191e-40,  -0.00000000e+00,
         5.00683941e-42,   3.22298647e-44,   0.00000000e+00,
        -4.20389539e-45,   0.00000000e+00,   0.00000000e+00,
        -3.87178766e-42], dtype=float32), array([ 0., -0., -0., -0., -0., -0.,  0.,  0.,  0., -0., -0.,  0., -0.,
        0.,  0.,  0.,  0., -0., -0.,  0.,  0., -0.,  0.,  0., -0., -0.,
       -0., -0., -0., -0., -0., -0.,  0., -0., -0., -0.,  0., -0., -0.,
        0., -0., -0.,  0., -0.,  0., -0., -0.,  0.,  0., -0.,  0.,  0.,
        0., -0.,  0., -0., -0.,  0., -0., -0., -0.,  0.,  0., -0.,  0.,
       -0., -0., -0.,  0., -0.,  0.,  0., -0.,  0., -0.,  0., -0.,  0.,
       -0.,  0.,  0.,  0.,  0.,  0., -0.,  0., -0., -0.,  0.,  0., -0.,
        0.,  0., -0.,  0., -0., -0.,  0., -0.,  0.], dtype=float32), array([  6.16150935e-42,   0.00000000e+00,  -4.06004585e-36,
         0.00000000e+00,   0.00000000e+00,   0.00000000e+00,
        -0.00000000e+00,   0.00000000e+00,  -0.00000000e+00,
         0.00000000e+00,  -0.00000000e+00,   9.29546011e-39,
        -0.00000000e+00,  -1.18409720e-42,   0.00000000e+00,
         0.00000000e+00,   0.00000000e+00,   0.00000000e+00,
        -0.00000000e+00,  -1.68155816e-44,  -0.00000000e+00,
         0.00000000e+00,  -0.00000000e+00,  -0.00000000e+00,
        -8.92627122e-43,  -1.26116862e-43,   1.96181785e-44,
        -0.00000000e+00,  -0.00000000e+00,   0.00000000e+00,
        -0.00000000e+00,  -0.00000000e+00,  -1.40129846e-45,
         0.00000000e+00,   2.88947743e-42,   0.00000000e+00,
        -2.29714857e-41,   8.68805048e-44,  -0.00000000e+00,
         0.00000000e+00,   0.00000000e+00,  -0.00000000e+00,
        -0.00000000e+00,   0.00000000e+00,  -0.00000000e+00,
        -0.00000000e+00,   0.00000000e+00,   0.00000000e+00,
        -1.40129846e-45,  -0.00000000e+00,  -0.00000000e+00,
         0.00000000e+00,   0.00000000e+00,  -4.30198629e-43,
        -0.00000000e+00,  -0.00000000e+00,   5.02031990e-40,
        -7.00649232e-45,   0.00000000e+00,  -0.00000000e+00,
         0.00000000e+00,   2.76920174e-38,  -0.00000000e+00,
         0.00000000e+00,  -0.00000000e+00,  -0.00000000e+00,
         1.40129846e-45,   0.00000000e+00,   0.00000000e+00,
         0.00000000e+00,   0.00000000e+00,   0.00000000e+00,
        -0.00000000e+00,  -0.00000000e+00,   0.00000000e+00,
        -2.22586452e-40,   0.00000000e+00,  -0.00000000e+00,
         0.00000000e+00,   4.20389539e-45,   0.00000000e+00,
         0.00000000e+00,   0.00000000e+00,   1.40129846e-45,
        -0.00000000e+00,   0.00000000e+00,  -0.00000000e+00,
         3.68541496e-43,   0.00000000e+00,  -1.40129846e-45,
        -1.52741533e-43,  -2.32188149e-39,  -0.00000000e+00,
        -5.46506401e-44,   0.00000000e+00,  -0.00000000e+00,
        -0.00000000e+00,  -0.00000000e+00,   0.00000000e+00,
        -7.00649232e-45], dtype=float32), array([ -6.00439522e-22,   5.41381795e-21,   1.16530090e-19,
        -1.21680974e-21,  -4.47658596e-25,  -5.35064599e-23,
         1.03660001e-27,  -5.93689712e-23,   1.89851229e-24,
        -4.02198317e-21,   3.21361107e-23,   7.21335977e-19,
         2.85386904e-23,  -1.53150292e-23,  -9.68757014e-27,
         4.12849332e-22,   1.35970902e-19,   1.67187709e-24,
        -1.07095461e-25,   4.79233615e-20,  -5.02010664e-23,
        -2.61686116e-27,   5.31007164e-24,   3.16717985e-22,
        -1.01428075e-21,   7.35174929e-20,  -1.33895034e-23,
         1.55124887e-25,  -1.04069745e-24,  -4.43315254e-27,
        -4.52414127e-22,   4.20029513e-26,   1.01890556e-24,
         1.20669087e-23,  -2.64052699e-19,   1.56166060e-24,
        -1.17405626e-22,   4.54531304e-21,   4.24192179e-29,
        -1.70450058e-27,  -2.44492402e-23,  -1.32602795e-24,
         2.98655607e-23,  -3.25028097e-25,  -5.02724187e-20,
         2.37327062e-26,  -1.10348262e-22,   1.42505463e-22,
        -1.22361694e-20,   7.17777013e-30,  -5.56194144e-23,
        -6.32354945e-25,  -7.93601202e-23,  -2.49940417e-21,
        -1.33800197e-23,  -8.07625164e-27,  -3.16139676e-24,
         4.70692527e-22,  -1.12083477e-25,  -1.17105543e-24,
         3.05212758e-22,   3.19821755e-23,   1.02522178e-23,
        -7.88796298e-24,  -2.54251073e-24,  -1.37148073e-24,
        -1.58577845e-23,   1.45662614e-23,   3.27507253e-26,
        -6.62410446e-25,  -1.69479232e-24,  -1.46953450e-20,
        -3.15717438e-23,   5.50470358e-23,   1.62001935e-24,
        -1.25261164e-23,   1.61843334e-23,  -7.47470320e-22,
        -4.89620941e-23,  -5.52074816e-20,  -4.66515647e-23,
         2.24253923e-23,  -8.40603971e-22,  -1.38981880e-22,
        -2.68144973e-27,  -4.72529457e-25,   8.80030743e-25,
         1.15804214e-25,   2.70469923e-23,   1.32851679e-21,
        -3.51683066e-24,  -2.80801387e-26,  -3.24004125e-26,
        -8.17177139e-21,  -1.30442202e-21,   3.82681859e-29,
         6.27965923e-20,   3.92584518e-24,  -2.83781515e-22,
        -9.63441630e-23], dtype=float32), array([  0.00000000e+00,   0.00000000e+00,  -6.30584309e-44,
        -0.00000000e+00,  -0.00000000e+00,  -0.00000000e+00,
         0.00000000e+00,  -0.00000000e+00,  -0.00000000e+00,
         0.00000000e+00,  -0.00000000e+00,   0.00000000e+00,
        -0.00000000e+00,  -0.00000000e+00,   0.00000000e+00,
         0.00000000e+00,   0.00000000e+00,  -0.00000000e+00,
        -0.00000000e+00,   0.00000000e+00,   0.00000000e+00,
         0.00000000e+00,  -0.00000000e+00,   0.00000000e+00,
         0.00000000e+00,   0.00000000e+00,   0.00000000e+00,
         0.00000000e+00,   0.00000000e+00,  -0.00000000e+00,
        -0.00000000e+00,   0.00000000e+00,   0.00000000e+00,
         0.00000000e+00,   0.00000000e+00,   0.00000000e+00,
         0.00000000e+00,   0.00000000e+00,  -0.00000000e+00,
         0.00000000e+00,   0.00000000e+00,  -0.00000000e+00,
        -0.00000000e+00,   0.00000000e+00,   0.00000000e+00,
         0.00000000e+00,  -0.00000000e+00,  -0.00000000e+00,
        -0.00000000e+00,   0.00000000e+00,  -0.00000000e+00,
        -0.00000000e+00,   0.00000000e+00,  -0.00000000e+00,
         0.00000000e+00,   0.00000000e+00,  -0.00000000e+00,
        -0.00000000e+00,   0.00000000e+00,  -0.00000000e+00,
         0.00000000e+00,  -0.00000000e+00,   0.00000000e+00,
         0.00000000e+00,  -0.00000000e+00,  -0.00000000e+00,
         0.00000000e+00,  -0.00000000e+00,   0.00000000e+00,
        -0.00000000e+00,   0.00000000e+00,   0.00000000e+00,
        -0.00000000e+00,   0.00000000e+00,   0.00000000e+00,
        -0.00000000e+00,  -0.00000000e+00,   0.00000000e+00,
        -0.00000000e+00,   0.00000000e+00,  -0.00000000e+00,
        -0.00000000e+00,  -0.00000000e+00,  -0.00000000e+00,
        -0.00000000e+00,  -0.00000000e+00,   0.00000000e+00,
        -0.00000000e+00,   0.00000000e+00,   0.00000000e+00,
         0.00000000e+00,   0.00000000e+00,  -0.00000000e+00,
        -0.00000000e+00,   0.00000000e+00,  -0.00000000e+00,
         0.00000000e+00,  -0.00000000e+00,  -0.00000000e+00,
         0.00000000e+00], dtype=float32), array([  5.86725781e-33,   3.12125114e-29,  -3.14690597e-27,
         7.77627197e-29,  -1.03152676e-30,  -8.53812399e-24,
         2.99762758e-30,   1.79034062e-26,  -1.06293411e-34,
        -1.48707538e-26,  -7.06499204e-27,   2.32532923e-24,
         1.87049706e-26,   6.08563722e-28,  -5.77124950e-29,
         9.53499134e-26,   3.27028923e-31,   1.14635307e-29,
         4.29221771e-32,  -1.84995879e-26,  -1.08489020e-26,
        -5.58719424e-31,   4.67681874e-29,   4.38030272e-30,
         2.92273631e-25,  -9.20379364e-26,  -1.71393553e-31,
        -8.16171824e-27,   2.07251921e-27,   1.26135026e-27,
        -1.03941973e-29,   3.51310576e-27,   4.36560611e-23,
         1.43451937e-26,   1.21448809e-25,   1.37582704e-26,
         6.02157453e-28,  -4.21587846e-28,  -7.01310152e-28,
         7.44684311e-32,   4.52148307e-31,  -7.31444013e-32,
        -4.61536375e-32,  -2.83682692e-28,  -1.06712937e-28,
        -2.34604833e-31,   5.57865530e-29,  -1.24082280e-29,
         1.96364649e-25,   3.80789381e-31,   4.52603215e-28,
        -5.38210190e-35,   2.87378937e-28,   2.20694744e-28,
         1.15245297e-30,  -1.83327030e-29,   2.56189457e-25,
        -1.36255260e-24,   7.27284611e-27,   5.21809277e-30,
        -2.22691759e-29,   5.51681369e-26,   2.48440140e-26,
         3.37738410e-30,  -2.47262169e-33,  -7.14927259e-26,
        -5.07906399e-27,   2.02120040e-28,   2.09995522e-34,
        -2.14409848e-34,   8.44425609e-29,  -1.98605642e-29,
         4.66445480e-27,  -1.25305307e-27,  -7.42091562e-29,
         4.90622410e-27,  -8.44620718e-28,  -1.82536035e-26,
         1.42045117e-25,   1.03610046e-21,  -1.00704508e-23,
        -2.55822009e-33,   1.77785072e-33,  -7.94975271e-27,
         1.18932992e-27,   5.46159836e-26,  -1.73308831e-27,
         2.68182478e-26,   3.71047135e-29,  -5.35790485e-28,
         8.43677084e-29,  -9.20671674e-25,   1.98902249e-31,
        -5.20943835e-26,   3.21001862e-26,   6.60603215e-27,
        -7.17196601e-30,  -3.71540679e-28,  -1.03234406e-25,
        -2.34307651e-26], dtype=float32), array([  0.00000000e+00,  -0.00000000e+00,  -0.00000000e+00,
         0.00000000e+00,   0.00000000e+00,   0.00000000e+00,
         0.00000000e+00,  -0.00000000e+00,  -0.00000000e+00,
        -0.00000000e+00,  -0.00000000e+00,   0.00000000e+00,
        -0.00000000e+00,   0.00000000e+00,  -0.00000000e+00,
        -0.00000000e+00,   0.00000000e+00,  -0.00000000e+00,
        -0.00000000e+00,  -0.00000000e+00,  -0.00000000e+00,
        -0.00000000e+00,   0.00000000e+00,  -0.00000000e+00,
        -0.00000000e+00,   0.00000000e+00,  -0.00000000e+00,
         0.00000000e+00,   0.00000000e+00,  -0.00000000e+00,
         0.00000000e+00,  -0.00000000e+00,  -0.00000000e+00,
        -0.00000000e+00,   0.00000000e+00,   0.00000000e+00,
         0.00000000e+00,   4.20389539e-45,  -0.00000000e+00,
        -0.00000000e+00,  -0.00000000e+00,   0.00000000e+00,
        -0.00000000e+00,  -0.00000000e+00,   0.00000000e+00,
         0.00000000e+00,  -0.00000000e+00,   0.00000000e+00,
        -0.00000000e+00,  -0.00000000e+00,   0.00000000e+00,
        -0.00000000e+00,   0.00000000e+00,  -0.00000000e+00,
        -0.00000000e+00,  -0.00000000e+00,   0.00000000e+00,
         0.00000000e+00,  -0.00000000e+00,   0.00000000e+00,
         0.00000000e+00,  -0.00000000e+00,  -0.00000000e+00,
         0.00000000e+00,   0.00000000e+00,  -0.00000000e+00,
        -0.00000000e+00,  -0.00000000e+00,   0.00000000e+00,
         0.00000000e+00,  -0.00000000e+00,  -0.00000000e+00,
        -0.00000000e+00,  -0.00000000e+00,   0.00000000e+00,
        -0.00000000e+00,   0.00000000e+00,   0.00000000e+00,
        -0.00000000e+00,   0.00000000e+00,   0.00000000e+00,
        -0.00000000e+00,  -0.00000000e+00,   0.00000000e+00,
        -0.00000000e+00,   0.00000000e+00,  -0.00000000e+00,
         0.00000000e+00,   0.00000000e+00,   0.00000000e+00,
        -0.00000000e+00,   0.00000000e+00,  -0.00000000e+00,
        -0.00000000e+00,  -0.00000000e+00,  -0.00000000e+00,
        -0.00000000e+00,   0.00000000e+00,  -0.00000000e+00,
         0.00000000e+00], dtype=float32), array([ 0.,  0., -0., -0., -0., -0.,  0.,  0., -0.,  0., -0., -0., -0.,
        0., -0.,  0.,  0., -0.,  0., -0., -0.,  0.,  0.,  0.,  0., -0.,
        0., -0., -0.,  0., -0.,  0.,  0.,  0., -0., -0.,  0.,  0.,  0.,
        0., -0.,  0., -0.,  0., -0., -0., -0.,  0.,  0.,  0.,  0., -0.,
       -0., -0.,  0.,  0., -0., -0.,  0.,  0.,  0.,  0.,  0., -0., -0.,
        0., -0., -0.,  0., -0.,  0.,  0., -0., -0., -0.,  0.,  0.,  0.,
        0.,  0., -0., -0., -0., -0.,  0.,  0.,  0., -0.,  0.,  0., -0.,
       -0.,  0., -0.,  0., -0., -0.,  0., -0., -0.], dtype=float32), array([ 0., -0., -0., -0., -0.,  0.,  0., -0., -0.,  0.,  0., -0., -0.,
       -0.,  0.,  0., -0., -0.,  0.,  0., -0., -0., -0., -0.,  0.,  0.,
        0.,  0., -0.,  0.,  0.,  0., -0.,  0.,  0., -0.,  0.,  0.,  0.,
        0.,  0., -0.,  0.,  0., -0., -0., -0.,  0.,  0.,  0.,  0., -0.,
       -0., -0., -0., -0.,  0., -0.,  0.,  0.,  0., -0.,  0., -0.,  0.,
       -0.,  0.,  0., -0., -0., -0., -0., -0.,  0., -0.,  0.,  0., -0.,
       -0., -0., -0.,  0., -0.,  0., -0.,  0.,  0., -0., -0., -0.,  0.,
        0.,  0.,  0.,  0., -0.,  0., -0.,  0.,  0.], dtype=float32), array([ -2.79397365e-29,  -6.93308058e-28,   1.65910272e-22,
        -3.07540001e-35,  -5.03885204e-33,  -4.24770686e-28,
        -1.38342599e-33,   1.90191390e-29,  -1.90186541e-30,
        -2.65834569e-26,   1.64898603e-28,  -1.42632268e-23,
        -3.63627211e-31,  -3.94397904e-28,  -5.99399447e-34,
         2.70186329e-28,   4.03635224e-29,  -2.04866419e-32,
        -7.61461213e-31,   1.72537673e-25,  -2.20372789e-29,
        -2.08949801e-30,   7.91440974e-31,  -7.63026300e-29,
         3.71609619e-25,   3.03047629e-28,  -5.26686281e-30,
        -1.83676767e-32,   3.13932211e-35,  -7.14623797e-36,
         1.22150551e-26,  -7.21662609e-28,   1.60351543e-29,
         1.88380324e-28,   4.90581898e-25,   1.88441148e-32,
        -5.58343808e-27,   1.13014758e-29,   3.96766616e-36,
         1.60322490e-37,   6.49359151e-34,  -1.06816114e-31,
        -1.08219748e-33,   1.84960701e-32,  -4.62795173e-30,
        -7.63034965e-31,   1.43341121e-27,  -2.64140299e-29,
        -3.51490496e-28,   1.43762089e-31,   8.22222034e-32,
        -3.01078140e-35,   1.68770480e-24,   7.07473369e-28,
         4.54074136e-34,  -1.95011645e-31,   6.47895352e-28,
        -3.69573815e-25,  -8.83128158e-32,   3.62161948e-29,
        -2.00494947e-32,  -1.14232586e-28,   4.12453979e-28,
        -1.63116742e-29,   6.86651801e-34,  -6.67580498e-31,
        -4.80910996e-29,  -9.71988676e-29,  -1.15776496e-31,
        -1.29007274e-28,  -9.81802824e-30,  -9.59631211e-32,
         1.95211549e-31,   9.13345544e-27,   2.29945973e-30,
         8.88081937e-24,   4.37528294e-37,   9.16167954e-33,
         1.27463366e-31,  -2.41974146e-27,   1.00074000e-32,
         2.19055904e-29,   8.87959077e-35,  -6.95701517e-27,
        -1.48158861e-31,  -5.62146263e-30,   7.46934090e-32,
        -1.36650070e-33,   4.64277838e-30,  -6.35472848e-30,
         2.14277668e-31,   6.09537799e-27,  -3.46236313e-29,
         2.11316847e-27,  -5.19225898e-28,  -4.46781250e-34,
         1.83942184e-29,  -5.23444390e-31,  -4.65746516e-24,
        -1.52051531e-28], dtype=float32), array([-0., -0., -0.,  0., -0.,  0., -0., -0.,  0.,  0.,  0.,  0., -0.,
       -0., -0.,  0.,  0.,  0., -0.,  0., -0., -0., -0., -0., -0.,  0.,
        0., -0., -0., -0.,  0.,  0.,  0.,  0., -0.,  0.,  0.,  0.,  0.,
        0.,  0., -0., -0.,  0., -0.,  0.,  0., -0.,  0., -0., -0., -0.,
        0., -0.,  0., -0., -0., -0., -0.,  0., -0., -0.,  0.,  0., -0.,
        0., -0.,  0., -0., -0.,  0., -0., -0.,  0., -0., -0., -0., -0.,
        0.,  0., -0., -0.,  0., -0., -0., -0., -0.,  0., -0.,  0., -0.,
        0., -0., -0.,  0., -0., -0.,  0.,  0.,  0.], dtype=float32), array([-0.,  0.,  0., -0., -0., -0.,  0., -0.,  0., -0., -0., -0.,  0.,
        0., -0.,  0., -0., -0., -0.,  0., -0.,  0.,  0., -0.,  0., -0.,
        0.,  0., -0., -0., -0., -0., -0., -0., -0.,  0., -0.,  0.,  0.,
        0.,  0.,  0., -0., -0., -0.,  0.,  0., -0.,  0., -0.,  0.,  0.,
        0.,  0.,  0.,  0.,  0., -0., -0., -0.,  0.,  0.,  0.,  0., -0.,
       -0.,  0., -0.,  0., -0.,  0., -0.,  0., -0., -0., -0.,  0., -0.,
        0.,  0., -0.,  0.,  0.,  0., -0., -0., -0., -0., -0.,  0., -0.,
        0.,  0.,  0., -0., -0., -0., -0.,  0.,  0.], dtype=float32), array([ -0.00000000e+00,   0.00000000e+00,  -2.14158679e-38,
        -0.00000000e+00,   0.00000000e+00,   0.00000000e+00,
        -0.00000000e+00,   0.00000000e+00,  -0.00000000e+00,
        -0.00000000e+00,  -0.00000000e+00,  -0.00000000e+00,
        -0.00000000e+00,  -0.00000000e+00,   0.00000000e+00,
         0.00000000e+00,   0.00000000e+00,   0.00000000e+00,
        -0.00000000e+00,  -4.20389539e-44,  -0.00000000e+00,
         0.00000000e+00,  -0.00000000e+00,  -0.00000000e+00,
        -0.00000000e+00,  -0.00000000e+00,   0.00000000e+00,
        -0.00000000e+00,  -0.00000000e+00,   0.00000000e+00,
         0.00000000e+00,   0.00000000e+00,  -0.00000000e+00,
        -0.00000000e+00,   0.00000000e+00,   0.00000000e+00,
        -0.00000000e+00,  -1.29844316e-41,   0.00000000e+00,
         0.00000000e+00,   0.00000000e+00,   0.00000000e+00,
         0.00000000e+00,   0.00000000e+00,  -0.00000000e+00,
         0.00000000e+00,   0.00000000e+00,  -0.00000000e+00,
        -0.00000000e+00,   0.00000000e+00,   0.00000000e+00,
        -0.00000000e+00,   1.40129846e-45,  -0.00000000e+00,
         0.00000000e+00,  -0.00000000e+00,   0.00000000e+00,
        -0.00000000e+00,  -0.00000000e+00,  -0.00000000e+00,
        -0.00000000e+00,  -1.21674746e-40,  -0.00000000e+00,
         0.00000000e+00,   0.00000000e+00,  -0.00000000e+00,
         0.00000000e+00,  -0.00000000e+00,  -0.00000000e+00,
         0.00000000e+00,   0.00000000e+00,  -0.00000000e+00,
         0.00000000e+00,   0.00000000e+00,  -0.00000000e+00,
        -0.00000000e+00,   0.00000000e+00,   0.00000000e+00,
         0.00000000e+00,  -6.30584309e-44,  -0.00000000e+00,
         0.00000000e+00,  -0.00000000e+00,  -0.00000000e+00,
         0.00000000e+00,   0.00000000e+00,   0.00000000e+00,
         0.00000000e+00,   0.00000000e+00,   0.00000000e+00,
        -0.00000000e+00,   0.00000000e+00,  -0.00000000e+00,
        -0.00000000e+00,   0.00000000e+00,   0.00000000e+00,
        -0.00000000e+00,   0.00000000e+00,  -0.00000000e+00,
        -0.00000000e+00], dtype=float32), array([ -1.89573131e-33,   8.17754293e-30,  -3.80794026e-28,
         5.34239636e-37,   2.01182918e-37,   1.28347477e-29,
         1.10868871e-38,   5.98576968e-33,  -2.92568138e-39,
         4.47098618e-30,  -2.45145218e-32,   5.54212893e-33,
        -1.60159177e-31,  -5.93660794e-32,  -9.62013054e-36,
         2.65230141e-32,   3.35643134e-32,  -5.76151150e-38,
        -2.00750503e-33,   8.74726489e-32,  -1.05750425e-32,
        -1.38090023e-32,  -3.24106443e-36,  -7.35222992e-32,
         2.00688159e-28,   1.60721922e-31,  -9.36737563e-33,
         7.11875978e-36,  -1.09278142e-36,  -9.18366032e-39,
        -6.76703886e-32,  -1.02436163e-31,   3.16590373e-27,
        -4.37091365e-34,   1.52046151e-30,   7.37851881e-34,
         3.02023638e-30,   2.50698433e-31,  -3.30913973e-32,
         1.12990455e-33,   1.71339566e-39,  -7.90240955e-34,
         2.23447645e-37,   6.95427882e-36,  -6.19636574e-33,
         4.97123311e-34,  -5.90078741e-34,   1.59703923e-30,
         1.93343289e-28,   7.97673054e-33,  -7.83211197e-32,
         6.98364415e-39,   1.25469784e-30,   2.83150258e-32,
        -7.42308666e-33,  -1.20552355e-33,  -1.12775728e-25,
        -3.91032265e-27,   4.49509980e-31,   2.37039846e-36,
        -5.04142432e-32,  -1.56645422e-29,   4.50902505e-38,
        -1.25369751e-33,   1.79502852e-35,   4.06480121e-35,
        -2.90696273e-30,   1.02276228e-30,   8.14433088e-34,
        -2.45746163e-35,  -8.27448870e-32,  -1.15371156e-37,
        -1.12021933e-29,  -3.31106159e-33,  -1.17619015e-30,
         6.08420806e-25,   1.23867574e-36,   1.39460029e-30,
        -1.90888095e-29,   4.95457275e-28,   9.36828590e-33,
        -3.26393161e-33,   4.95965265e-38,  -1.01695172e-29,
        -1.72438427e-33,   1.78278268e-35,   1.11554522e-35,
         4.25678478e-32,  -6.66087032e-34,   1.69593114e-25,
        -4.88324304e-33,  -1.06111169e-28,  -1.59670113e-31,
        -6.70538183e-31,  -4.27373494e-31,  -7.82187018e-33,
         6.85493909e-39,   9.02238180e-38,   1.99047152e-27,
         3.94987046e-27], dtype=float32), array([  0.00000000e+00,   0.00000000e+00,   3.50324616e-42,
         0.00000000e+00,  -0.00000000e+00,  -0.00000000e+00,
         0.00000000e+00,   0.00000000e+00,  -0.00000000e+00,
         0.00000000e+00,   0.00000000e+00,  -1.40129846e-45,
        -0.00000000e+00,  -0.00000000e+00,  -0.00000000e+00,
        -4.20389539e-45,   0.00000000e+00,   0.00000000e+00,
        -0.00000000e+00,  -2.94272678e-43,   0.00000000e+00,
        -1.40129846e-45,  -0.00000000e+00,   0.00000000e+00,
        -0.00000000e+00,  -1.40129846e-45,  -1.40129846e-45,
        -0.00000000e+00,  -0.00000000e+00,  -0.00000000e+00,
        -0.00000000e+00,   4.20389539e-45,  -0.00000000e+00,
         1.40129846e-45,   1.40129846e-45,   1.40129846e-45,
         0.00000000e+00,  -3.64337601e-44,  -0.00000000e+00,
        -0.00000000e+00,  -0.00000000e+00,  -0.00000000e+00,
         0.00000000e+00,  -0.00000000e+00,   0.00000000e+00,
        -0.00000000e+00,  -1.40129846e-45,  -1.13084786e-42,
        -5.35698186e-40,  -9.80908925e-45,   0.00000000e+00,
        -0.00000000e+00,   1.40129846e-45,   0.00000000e+00,
        -0.00000000e+00,   0.00000000e+00,  -0.00000000e+00,
         0.00000000e+00,   0.00000000e+00,  -0.00000000e+00,
         0.00000000e+00,   3.92363570e-44,   0.00000000e+00,
        -0.00000000e+00,   0.00000000e+00,   0.00000000e+00,
         0.00000000e+00,  -0.00000000e+00,   0.00000000e+00,
        -0.00000000e+00,   0.00000000e+00,  -0.00000000e+00,
        -3.94325388e-42,  -0.00000000e+00,  -0.00000000e+00,
         2.12576977e-42,   0.00000000e+00,   0.00000000e+00,
        -2.80259693e-44,   0.00000000e+00,  -0.00000000e+00,
        -0.00000000e+00,  -0.00000000e+00,  -0.00000000e+00,
         0.00000000e+00,  -0.00000000e+00,  -0.00000000e+00,
         1.40129846e-45,   0.00000000e+00,   1.54142831e-44,
        -2.38220739e-44,  -0.00000000e+00,   0.00000000e+00,
        -0.00000000e+00,   6.70283094e-41,   0.00000000e+00,
         0.00000000e+00,  -0.00000000e+00,  -1.36192198e-41,
         1.12103877e-44], dtype=float32), array([-0., -0., -0., -0., -0., -0., -0.,  0., -0.,  0.,  0.,  0., -0.,
       -0., -0.,  0., -0., -0., -0.,  0.,  0.,  0.,  0.,  0.,  0.,  0.,
        0.,  0.,  0.,  0., -0.,  0., -0.,  0.,  0., -0.,  0., -0.,  0.,
       -0., -0.,  0.,  0.,  0., -0.,  0.,  0., -0., -0.,  0., -0., -0.,
        0., -0., -0.,  0., -0.,  0.,  0.,  0., -0., -0., -0., -0.,  0.,
        0.,  0.,  0.,  0., -0., -0.,  0., -0.,  0.,  0., -0.,  0., -0.,
        0., -0.,  0., -0.,  0., -0., -0.,  0.,  0.,  0., -0.,  0., -0.,
        0., -0., -0.,  0., -0.,  0., -0., -0., -0.], dtype=float32), array([ -1.35938989e-37,  -1.34832352e-33,  -1.30423310e-25,
         5.14027271e-36,  -1.76208167e-35,  -1.44794256e-36,
        -1.06619994e-38,  -2.36627812e-31,  -2.89485286e-35,
        -4.17783887e-32,  -1.98924001e-32,  -4.41526421e-29,
        -2.91321117e-36,  -4.82468799e-34,   6.35517091e-32,
         4.60710913e-33,   1.52876989e-33,   2.57009214e-37,
         6.91295823e-37,  -1.81242182e-33,  -3.39479058e-33,
        -2.27731870e-36,   3.53845969e-31,  -1.64078550e-33,
         1.78120179e-31,   3.97433737e-30,  -4.78197572e-29,
        -9.39641566e-31,   2.61403771e-35,  -3.07222985e-37,
        -5.94475893e-30,  -2.56103873e-31,  -4.36291754e-34,
         3.28070851e-29,  -2.84308374e-30,   6.75696628e-31,
         2.41027701e-34,   3.48778879e-30,  -8.95719879e-36,
        -7.24880530e-35,  -6.65029229e-32,   2.41932051e-34,
        -2.62565001e-32,  -2.21234695e-34,   2.91245394e-31,
         4.48565728e-39,  -5.15647806e-31,  -2.14132475e-29,
        -1.08658525e-32,   2.63505738e-33,   4.76629347e-34,
         2.27116328e-35,  -2.51905110e-34,   4.34862521e-31,
        -3.65631457e-33,  -4.82534884e-33,  -2.93796005e-31,
        -2.36628365e-32,  -1.48451089e-35,  -1.05398795e-34,
         2.20778851e-32,   3.60318788e-32,  -1.28734781e-31,
        -2.27355117e-34,   4.14131228e-37,  -2.30103771e-30,
         7.29549676e-35,  -8.80619584e-35,   1.86933664e-36,
        -3.47199721e-40,   1.87922631e-34,   2.22970917e-35,
        -1.46158235e-32,   2.58741086e-35,   6.36392411e-38,
        -6.01588954e-29,  -1.30800636e-33,   9.25431676e-36,
        -3.27859480e-32,  -1.45967237e-30,   3.38779794e-32,
        -9.76080459e-35,  -6.32040332e-32,  -4.68083687e-34,
        -7.78825504e-35,   8.03344567e-38,  -4.16376866e-36,
        -3.04961277e-34,   3.17614358e-38,   6.46462530e-32,
        -5.81297179e-32,   2.42428250e-26,   5.22205475e-38,
         8.17218183e-34,   1.32661120e-32,  -6.92227428e-41,
        -3.42604588e-33,   8.33940742e-41,  -1.26796366e-28,
         3.73402518e-29], dtype=float32), array([ -1.94960273e-38,  -3.21233660e-41,  -8.44505117e-33,
         1.39324722e-35,  -6.30584309e-43,   8.31488470e-38,
         2.65509625e-40,  -2.12258181e-36,  -3.29305139e-43,
        -1.64766610e-34,   5.39095198e-35,   5.52333112e-34,
         3.08285662e-44,   2.49807625e-32,  -3.34144565e-36,
        -4.16153975e-38,  -1.74691892e-39,  -1.40129846e-45,
        -2.27109297e-35,   4.16382082e-35,  -1.03134347e-35,
        -6.65672430e-38,   7.50424755e-40,  -3.39500706e-39,
         2.35012387e-35,   3.63652034e-35,   7.80536859e-36,
         7.95739776e-38,   9.08555681e-40,   1.40129846e-45,
         4.70249627e-35,   8.47336259e-38,   3.99075130e-36,
        -4.35099613e-36,   1.84888237e-34,  -1.36235638e-40,
         1.28299542e-33,   5.90398980e-33,   1.14503698e-36,
         4.07777853e-42,  -9.39652596e-39,   2.51726454e-40,
        -4.71253346e-36,  -3.20290306e-39,  -9.84131911e-42,
         4.62428493e-44,  -8.30206752e-34,   2.90640484e-38,
         1.15848846e-36,  -2.71924770e-40,  -6.01706070e-39,
         1.04396736e-42,   7.66083548e-37,  -3.49168124e-39,
        -4.59625896e-43,   1.83023592e-41,  -2.09630426e-33,
         9.55207003e-32,  -1.40997799e-37,   3.22218072e-39,
        -5.46538938e-36,  -1.58244638e-31,   8.65582061e-42,
         2.28377696e-36,   2.98279741e-37,   5.31595760e-36,
        -1.02543128e-35,   1.60944497e-34,  -4.58549699e-40,
         2.86439419e-41,  -1.22495133e-37,  -2.94272678e-42,
         3.37339725e-32,   9.80488199e-38,   3.83379418e-35,
        -3.76703279e-28,   8.32371288e-43,  -8.77219425e-39,
         4.26321045e-37,  -1.10915474e-32,  -6.79128453e-34,
         1.39663539e-36,   1.54142831e-44,  -2.50504566e-37,
        -2.56877066e-36,   1.02501900e-37,  -6.20957388e-41,
         1.32068499e-38,   2.13986722e-35,  -6.45849700e-36,
         1.07911192e-40,   2.07314610e-33,  -1.24794947e-38,
        -1.05099079e-34,  -1.61638377e-40,  -1.03540654e-38,
         4.06652751e-38,  -4.37551242e-40,   9.15802669e-33,
         1.01344566e-33], dtype=float32), array([ 0.,  0., -0., -0., -0.,  0.,  0., -0., -0., -0.,  0., -0., -0.,
       -0.,  0., -0., -0.,  0.,  0.,  0., -0., -0.,  0., -0., -0.,  0.,
       -0.,  0., -0., -0.,  0.,  0.,  0.,  0., -0.,  0., -0.,  0., -0.,
        0., -0., -0., -0.,  0., -0., -0., -0., -0., -0., -0., -0.,  0.,
       -0., -0.,  0.,  0., -0., -0.,  0., -0.,  0., -0., -0., -0., -0.,
       -0., -0.,  0., -0.,  0., -0., -0.,  0.,  0.,  0., -0.,  0.,  0.,
       -0.,  0., -0.,  0., -0.,  0.,  0., -0.,  0.,  0., -0., -0.,  0.,
       -0.,  0.,  0., -0., -0.,  0.,  0., -0.,  0.], dtype=float32), array([ 0.,  0.,  0., -0., -0., -0., -0.,  0., -0., -0., -0., -0.,  0.,
        0., -0.,  0.,  0.,  0., -0.,  0.,  0., -0.,  0.,  0., -0.,  0.,
       -0., -0., -0., -0., -0., -0., -0., -0.,  0., -0.,  0., -0., -0.,
       -0.,  0.,  0.,  0.,  0.,  0., -0., -0.,  0., -0., -0.,  0.,  0.,
        0.,  0.,  0.,  0., -0.,  0.,  0., -0., -0., -0., -0., -0.,  0.,
       -0., -0.,  0.,  0., -0.,  0.,  0.,  0.,  0., -0., -0.,  0.,  0.,
        0., -0.,  0.,  0.,  0., -0.,  0.,  0.,  0.,  0.,  0., -0., -0.,
       -0.,  0.,  0., -0., -0.,  0.,  0.,  0., -0.], dtype=float32), array([ -0.00000000e+00,  -0.00000000e+00,   1.06498683e-43,
         0.00000000e+00,   0.00000000e+00,  -0.00000000e+00,
         0.00000000e+00,   0.00000000e+00,  -0.00000000e+00,
        -0.00000000e+00,   0.00000000e+00,   2.11596068e-43,
         0.00000000e+00,  -0.00000000e+00,  -0.00000000e+00,
        -0.00000000e+00,  -0.00000000e+00,   0.00000000e+00,
        -0.00000000e+00,  -0.00000000e+00,   0.00000000e+00,
         0.00000000e+00,  -0.00000000e+00,  -0.00000000e+00,
        -1.40129846e-45,  -0.00000000e+00,   0.00000000e+00,
        -0.00000000e+00,   0.00000000e+00,  -0.00000000e+00,
        -1.40129846e-45,  -0.00000000e+00,   0.00000000e+00,
        -0.00000000e+00,   0.00000000e+00,   0.00000000e+00,
        -0.00000000e+00,  -0.00000000e+00,   0.00000000e+00,
        -0.00000000e+00,   0.00000000e+00,  -0.00000000e+00,
         0.00000000e+00,  -0.00000000e+00,   0.00000000e+00,
        -0.00000000e+00,  -0.00000000e+00,  -0.00000000e+00,
         0.00000000e+00,   0.00000000e+00,  -0.00000000e+00,
        -0.00000000e+00,  -0.00000000e+00,   0.00000000e+00,
         0.00000000e+00,   0.00000000e+00,  -0.00000000e+00,
        -0.00000000e+00,   0.00000000e+00,  -0.00000000e+00,
         0.00000000e+00,  -0.00000000e+00,  -0.00000000e+00,
         0.00000000e+00,   0.00000000e+00,   0.00000000e+00,
         0.00000000e+00,   0.00000000e+00,   0.00000000e+00,
         0.00000000e+00,   0.00000000e+00,   0.00000000e+00,
        -0.00000000e+00,   0.00000000e+00,   0.00000000e+00,
        -2.80259693e-43,  -0.00000000e+00,   0.00000000e+00,
        -0.00000000e+00,  -0.00000000e+00,   0.00000000e+00,
        -0.00000000e+00,  -0.00000000e+00,  -0.00000000e+00,
        -0.00000000e+00,  -0.00000000e+00,  -0.00000000e+00,
        -0.00000000e+00,   0.00000000e+00,   0.00000000e+00,
        -0.00000000e+00,  -0.00000000e+00,   0.00000000e+00,
         5.60519386e-45,  -0.00000000e+00,  -0.00000000e+00,
         0.00000000e+00,  -0.00000000e+00,  -4.20389539e-45,
         0.00000000e+00], dtype=float32), array([ -5.95539015e-35,  -1.47564202e-34,   1.31196243e-31,
         3.27706258e-38,  -2.19723599e-42,  -2.90707582e-31,
        -3.87262283e-39,   8.59150841e-36,   2.87116779e-38,
        -3.22780941e-33,  -1.02595990e-33,   3.01498324e-27,
         5.02172008e-38,   1.82071549e-30,  -1.17021767e-31,
         3.89105197e-33,   3.08237771e-36,   6.98967674e-42,
        -1.10200486e-35,   1.08311877e-33,  -2.67700563e-33,
         6.28867575e-34,  -1.03885363e-36,  -2.18162132e-34,
        -1.43097678e-29,  -1.62310391e-31,  -3.62601686e-32,
        -7.73835737e-36,   2.30126919e-34,   4.33723174e-39,
        -9.87437075e-33,   2.44416704e-30,  -4.42062375e-34,
        -3.17877300e-32,  -1.14232087e-30,  -2.15760489e-32,
         2.37100224e-28,   1.99550929e-33,   1.71712541e-33,
         0.00000000e+00,   2.28648329e-39,  -8.37349260e-39,
        -5.68171552e-37,   1.20667560e-37,  -8.94440335e-37,
        -3.37853060e-42,  -7.84171400e-33,  -2.40272823e-37,
         1.17817117e-33,   1.01786257e-39,   3.29204797e-33,
         4.34402524e-44,   4.43946638e-30,  -1.28858554e-33,
         2.07448225e-41,  -4.89890524e-38,  -1.05195164e-33,
        -1.07315209e-29,  -3.42462617e-32,   6.81001493e-32,
        -3.65411402e-35,   3.18108971e-30,   3.79093960e-32,
         6.12425678e-37,   8.26056897e-39,   4.24079360e-35,
        -9.03153469e-33,   8.21328482e-32,   5.92959445e-41,
        -2.07865582e-34,  -3.44184664e-37,   1.38784600e-41,
        -2.68258552e-39,   3.44399871e-30,  -3.27470600e-35,
        -1.57946301e-26,  -4.43334260e-39,  -4.88236207e-40,
        -1.12636371e-41,   7.92975366e-28,  -6.01620871e-40,
        -3.21431411e-35,   5.55334581e-42,  -1.02739584e-33,
        -1.61453833e-35,  -1.88698892e-30,  -5.14929990e-38,
        -9.29544566e-34,   3.43727240e-36,   2.07867221e-33,
        -8.83458134e-33,  -2.06970711e-28,  -7.13370328e-35,
         1.80722159e-31,   2.03470761e-36,  -7.62344659e-37,
         3.60544027e-33,   1.15653239e-34,   1.39783965e-29,
         9.64083945e-36], dtype=float32), array([ 0., -0.,  0., -0., -0., -0.,  0., -0.,  0., -0.,  0., -0., -0.,
        0.,  0.,  0.,  0.,  0.,  0.,  0.,  0., -0., -0., -0., -0., -0.,
       -0.,  0.,  0., -0., -0., -0., -0., -0., -0., -0., -0., -0.,  0.,
        0.,  0., -0., -0.,  0., -0.,  0., -0.,  0.,  0., -0., -0., -0.,
       -0.,  0., -0., -0., -0., -0.,  0., -0., -0.,  0., -0., -0.,  0.,
       -0.,  0.,  0., -0., -0.,  0., -0., -0.,  0.,  0.,  0.,  0.,  0.,
        0.,  0., -0.,  0.,  0.,  0.,  0.,  0., -0., -0.,  0., -0.,  0.,
       -0.,  0., -0., -0., -0.,  0., -0.,  0.,  0.], dtype=float32), array([  0.00000000e+00,   0.00000000e+00,  -4.03500922e-38,
         0.00000000e+00,   0.00000000e+00,   1.54142831e-44,
        -0.00000000e+00,  -0.00000000e+00,  -0.00000000e+00,
        -0.00000000e+00,   7.00649232e-45,  -0.00000000e+00,
         0.00000000e+00,   0.00000000e+00,   0.00000000e+00,
         0.00000000e+00,   0.00000000e+00,   0.00000000e+00,
        -0.00000000e+00,  -4.20389539e-45,  -0.00000000e+00,
        -0.00000000e+00,   0.00000000e+00,  -0.00000000e+00,
        -1.22753745e-42,   0.00000000e+00,  -0.00000000e+00,
        -0.00000000e+00,  -0.00000000e+00,  -0.00000000e+00,
        -4.20389539e-45,  -0.00000000e+00,   0.00000000e+00,
        -0.00000000e+00,  -0.00000000e+00,   0.00000000e+00,
         3.22298647e-44,  -0.00000000e+00,   0.00000000e+00,
         0.00000000e+00,  -0.00000000e+00,   0.00000000e+00,
        -0.00000000e+00,   0.00000000e+00,  -0.00000000e+00,
         0.00000000e+00,  -1.60728934e-42,  -0.00000000e+00,
         1.07899982e-43,  -0.00000000e+00,  -0.00000000e+00,
         0.00000000e+00,   2.94272678e-44,  -0.00000000e+00,
        -0.00000000e+00,   0.00000000e+00,   0.00000000e+00,
        -0.00000000e+00,  -0.00000000e+00,   0.00000000e+00,
         0.00000000e+00,  -5.93136009e-40,   0.00000000e+00,
         0.00000000e+00,   0.00000000e+00,  -0.00000000e+00,
        -0.00000000e+00,   0.00000000e+00,   0.00000000e+00,
         0.00000000e+00,   0.00000000e+00,   0.00000000e+00,
        -0.00000000e+00,   0.00000000e+00,  -0.00000000e+00,
        -3.37712930e-43,   0.00000000e+00,   0.00000000e+00,
        -0.00000000e+00,  -4.31179537e-42,  -0.00000000e+00,
         0.00000000e+00,  -0.00000000e+00,  -0.00000000e+00,
        -0.00000000e+00,   0.00000000e+00,  -0.00000000e+00,
         0.00000000e+00,   0.00000000e+00,   0.00000000e+00,
         0.00000000e+00,   1.89762437e-40,  -0.00000000e+00,
         8.40779079e-45,  -0.00000000e+00,  -0.00000000e+00,
        -0.00000000e+00,  -0.00000000e+00,  -2.80259693e-45,
         0.00000000e+00], dtype=float32), array([ -2.35665312e-33,  -1.97967783e-28,   4.26931772e-28,
         1.20113849e-32,   9.17998860e-33,  -2.67734957e-29,
        -6.68682576e-30,   2.17235475e-30,  -1.05847360e-39,
        -1.73862588e-29,  -6.98736291e-29,   4.06070687e-25,
         7.12506510e-30,   2.05910615e-26,  -1.79945112e-29,
         3.28508278e-30,   2.06225593e-28,   1.75951093e-37,
         1.20257159e-33,   3.65630403e-24,  -7.65431892e-30,
        -4.84878179e-30,   3.77568966e-29,  -3.52748975e-31,
         1.26459805e-27,  -2.09707001e-27,  -5.33075260e-29,
         4.25212606e-31,  -5.12298097e-27,   4.99828279e-33,
        -1.51699944e-24,   2.09363142e-30,  -6.82062827e-34,
        -7.90768599e-29,   3.17699035e-27,   1.03237344e-28,
         4.88958224e-28,  -5.55538267e-27,   1.31402758e-28,
        -3.17896468e-33,   6.50094279e-32,   1.56271841e-31,
         7.13030649e-27,   6.27086122e-33,   3.29096025e-30,
        -6.09333683e-36,  -3.42603863e-26,  -7.75921440e-31,
        -4.03255966e-29,  -9.94100218e-33,  -3.76267109e-33,
        -2.70775570e-37,   2.25966857e-28,  -6.79949798e-27,
        -1.52320018e-34,   1.97041705e-30,  -3.05023175e-31,
         8.62612707e-29,   1.92008952e-30,  -4.51425331e-32,
        -1.96768644e-32,   1.18772833e-25,  -8.67425065e-29,
        -1.96744441e-31,  -1.27821034e-31,   2.75925903e-27,
         3.55863729e-31,  -4.53475929e-30,   1.87820375e-29,
         1.07483987e-30,   7.49910800e-34,   1.29272781e-31,
         1.00745299e-28,   3.52427430e-26,   1.55467685e-29,
         9.53328004e-28,  -2.54632807e-28,  -2.47820393e-32,
        -2.02585957e-30,   8.53661391e-25,   1.06598847e-31,
         1.66104102e-34,  -9.10536525e-29,   4.03464177e-29,
         1.92918034e-27,   8.81875046e-31,  -6.94225570e-32,
        -2.84580656e-30,   1.05393603e-28,  -4.20159191e-28,
         5.63078456e-28,  -2.54306569e-25,  -5.87013520e-33,
         9.27191124e-30,   9.15114087e-28,  -8.00495313e-37,
        -1.25803181e-29,   8.51041660e-29,  -6.11862038e-30,
         2.17754128e-32], dtype=float32), array([ -2.70812139e-40,  -2.80137780e-40,   8.81569262e-33,
         8.87021928e-43,  -7.63707663e-43,   2.13650596e-37,
         0.00000000e+00,  -7.87774964e-40,  -0.00000000e+00,
        -1.79044454e-37,  -4.88153530e-38,  -1.09436142e-28,
        -1.40129846e-45,  -9.34999248e-37,   1.93810003e-38,
         3.87889684e-37,   1.40129846e-45,   3.37544774e-41,
         1.13505176e-41,  -7.92744298e-34,   1.99139926e-40,
        -1.30364197e-40,   2.50304556e-39,  -6.89438844e-43,
         5.29264323e-36,  -1.03299659e-39,   9.33810768e-37,
         5.81272616e-41,  -4.85830178e-42,   5.59118087e-43,
         1.48879554e-40,  -1.40129846e-45,   2.93962232e-34,
         3.22263614e-40,   1.43091435e-38,   1.60376873e-34,
         5.00861169e-31,  -1.98321225e-31,  -2.80259693e-45,
         3.21037478e-42,   3.50324616e-44,   7.00649232e-45,
         3.89280713e-41,  -7.07655724e-43,   9.80147179e-38,
        -0.00000000e+00,  -2.78017615e-42,  -1.12103877e-44,
         6.17527848e-36,  -6.78093932e-39,  -1.24294613e-39,
        -2.80259693e-45,  -2.36048726e-41,  -1.46357628e-35,
        -2.19338102e-39,  -3.01699559e-42,   4.02598183e-33,
         3.22612863e-34,   2.85304367e-41,  -0.00000000e+00,
        -2.80259693e-45,  -2.31700710e-37,  -4.20389539e-45,
         1.07054999e-40,   8.40779079e-45,   1.96181785e-44,
         4.76433182e-37,  -3.17850717e-35,  -0.00000000e+00,
        -7.00649232e-45,   1.68795298e-38,   0.00000000e+00,
        -6.57101495e-37,  -1.32523738e-39,  -7.93503304e-38,
        -3.34138466e-36,   2.29812948e-43,   1.26677381e-42,
        -7.19062294e-41,  -4.91654602e-37,   1.19211846e-37,
         2.23927495e-42,   6.58610278e-44,  -2.66246708e-44,
         2.10194770e-44,  -2.11081820e-38,   1.68871879e-40,
        -5.80978343e-42,  -4.06376555e-44,   1.06547505e-38,
        -1.49439541e-38,  -8.85370638e-39,  -1.26116862e-44,
         3.07627612e-37,   8.47650508e-37,  -0.00000000e+00,
        -9.29901661e-41,  -0.00000000e+00,  -2.00525138e-36,
         6.19709888e-35], dtype=float32), array([-0., -0., -0., -0.,  0.,  0.,  0., -0.,  0.,  0., -0., -0., -0.,
       -0., -0.,  0., -0.,  0., -0., -0., -0., -0.,  0.,  0.,  0.,  0.,
        0., -0., -0., -0.,  0., -0., -0.,  0.,  0.,  0.,  0.,  0., -0.,
       -0.,  0.,  0.,  0., -0.,  0., -0.,  0., -0.,  0., -0.,  0., -0.,
       -0., -0., -0., -0.,  0., -0.,  0.,  0.,  0., -0., -0.,  0., -0.,
       -0.,  0., -0.,  0., -0., -0.,  0.,  0.,  0., -0.,  0., -0., -0.,
        0.,  0., -0.,  0., -0.,  0., -0.,  0., -0., -0., -0., -0.,  0.,
       -0.,  0., -0., -0.,  0.,  0.,  0.,  0.,  0.], dtype=float32), array([-0., -0., -0.,  0.,  0., -0.,  0., -0., -0.,  0.,  0., -0.,  0.,
       -0., -0., -0.,  0.,  0., -0.,  0.,  0.,  0., -0., -0., -0., -0.,
        0., -0.,  0., -0.,  0.,  0., -0., -0.,  0., -0., -0.,  0., -0.,
       -0.,  0.,  0.,  0.,  0., -0., -0., -0.,  0., -0.,  0., -0.,  0.,
       -0., -0., -0., -0., -0., -0., -0.,  0., -0.,  0.,  0.,  0.,  0.,
       -0., -0., -0.,  0.,  0.,  0., -0., -0., -0., -0.,  0., -0.,  0.,
        0.,  0.,  0.,  0.,  0., -0.,  0., -0.,  0.,  0.,  0., -0.,  0.,
        0., -0., -0.,  0., -0.,  0., -0., -0.,  0.], dtype=float32), array([  1.40129846e-45,   2.80259693e-45,  -2.24554239e-38,
        -0.00000000e+00,  -0.00000000e+00,   1.53805118e-40,
        -0.00000000e+00,   0.00000000e+00,  -0.00000000e+00,
        -5.60519386e-45,  -0.00000000e+00,  -1.00094749e-41,
         0.00000000e+00,  -1.29479978e-42,  -0.00000000e+00,
         0.00000000e+00,   0.00000000e+00,  -0.00000000e+00,
        -0.00000000e+00,  -2.03328407e-42,   0.00000000e+00,
         0.00000000e+00,   0.00000000e+00,  -0.00000000e+00,
         0.00000000e+00,   1.40129846e-45,  -8.26766094e-44,
         0.00000000e+00,   0.00000000e+00,   0.00000000e+00,
        -1.26576488e-40,  -0.00000000e+00,  -0.00000000e+00,
         0.00000000e+00,   5.60519386e-45,   0.00000000e+00,
        -0.00000000e+00,  -1.06638813e-42,  -0.00000000e+00,
        -0.00000000e+00,  -0.00000000e+00,  -0.00000000e+00,
         0.00000000e+00,   0.00000000e+00,   0.00000000e+00,
         0.00000000e+00,   1.68520153e-41,  -0.00000000e+00,
         0.00000000e+00,  -0.00000000e+00,  -0.00000000e+00,
         0.00000000e+00,  -2.59240216e-43,   3.92363570e-44,
        -0.00000000e+00,  -0.00000000e+00,  -0.00000000e+00,
        -0.00000000e+00,  -1.49938936e-43,  -0.00000000e+00,
        -0.00000000e+00,  -7.78869712e-41,  -4.33566425e-38,
         0.00000000e+00,   0.00000000e+00,  -0.00000000e+00,
        -0.00000000e+00,  -0.00000000e+00,  -0.00000000e+00,
         0.00000000e+00,   0.00000000e+00,  -0.00000000e+00,
         0.00000000e+00,  -1.00001591e-38,  -0.00000000e+00,
        -0.00000000e+00,   1.40129846e-44,   0.00000000e+00,
         4.20389539e-45,   4.49617083e-37,  -0.00000000e+00,
        -0.00000000e+00,  -0.00000000e+00,   7.00649232e-45,
        -0.00000000e+00,   1.40129846e-45,  -1.40129846e-45,
         4.20389539e-45,   0.00000000e+00,   1.40129846e-45,
        -1.71299909e-38,  -9.80908925e-45,   0.00000000e+00,
         1.76387323e-39,  -0.00000000e+00,  -0.00000000e+00,
        -0.00000000e+00,  -0.00000000e+00,  -2.18602560e-43,
        -1.96181785e-44], dtype=float32), array([ -3.31460067e-29,  -4.52265647e-28,  -1.03686527e-22,
         1.06378308e-33,  -1.48169373e-32,  -9.55145215e-28,
         7.44821065e-33,  -1.45567954e-29,  -1.37515780e-30,
        -5.62126997e-26,  -1.10908566e-27,  -1.42742251e-23,
         1.49490461e-31,   8.41453815e-28,   1.05905998e-33,
         4.18929196e-28,  -1.88753728e-29,  -1.10816268e-33,
        -3.88870576e-32,   1.73086757e-25,   1.46101407e-28,
         4.16453727e-32,   6.93632932e-31,  -7.04077918e-29,
         3.69825807e-25,   1.65815750e-27,  -1.87206830e-29,
        -2.53647025e-32,   1.53234528e-35,   5.51652037e-35,
         6.93491397e-27,  -1.45481955e-27,   1.02609041e-29,
         1.78005459e-28,   3.15684829e-25,  -1.31869102e-32,
         1.53016983e-26,   1.94411945e-29,   3.24040795e-36,
         4.07974932e-37,   3.64699303e-34,  -1.81910807e-31,
         7.13650426e-34,   4.82028503e-32,  -8.89657383e-31,
        -5.86202811e-31,   2.44731231e-27,  -1.29648398e-29,
         8.50458385e-27,   3.36847569e-31,   6.50060072e-32,
        -5.86421516e-36,   2.56479881e-24,  -1.08325591e-28,
         2.30175716e-33,  -1.29348683e-31,  -2.42353208e-27,
         1.15842153e-25,   2.16697926e-30,   6.33125154e-29,
         4.14837305e-32,  -1.05849820e-28,   2.14864208e-28,
        -1.58472272e-29,  -3.18283371e-34,   1.66145568e-29,
        -1.19866461e-28,  -1.97465152e-28,   2.00417720e-31,
         1.14035588e-28,  -6.15958588e-30,  -2.46580088e-31,
         6.00959873e-31,   1.37274062e-26,   7.51136799e-31,
         3.76192178e-23,   9.62968143e-36,   8.31044384e-33,
         5.07419440e-31,  -6.85347794e-27,  -1.48987605e-32,
         6.54707396e-30,   8.66193089e-35,  -3.78351595e-27,
        -1.77367898e-31,  -1.36103519e-28,   8.61874162e-32,
         3.47570610e-33,   5.40391398e-31,  -2.32552505e-29,
         5.29789803e-31,   1.13357864e-26,  -3.92256484e-30,
         1.13372245e-27,  -3.49750804e-28,  -1.11609662e-33,
         1.48818668e-29,   2.42351915e-30,   4.89940564e-24,
         9.66161233e-29], dtype=float32), array([  2.35418142e-43,  -4.20389539e-45,   1.61469754e-32,
        -0.00000000e+00,   2.52233724e-44,  -1.68155816e-44,
        -0.00000000e+00,   1.63391401e-41,  -0.00000000e+00,
         1.69557114e-43,   1.43072573e-42,  -8.96572461e-37,
        -1.96181785e-44,  -3.32763158e-36,  -1.26817651e-39,
         1.51717324e-39,  -1.12103877e-44,   0.00000000e+00,
        -2.67087487e-42,   5.48681216e-40,   9.75724121e-42,
         1.54142831e-44,  -4.76441478e-43,   7.00649232e-45,
        -2.42636651e-39,  -1.81767782e-37,  -3.54157167e-40,
        -1.96181785e-42,   7.21171584e-38,   0.00000000e+00,
         2.10880285e-37,  -1.55656233e-41,   6.16770309e-39,
         4.95104812e-39,  -5.07481640e-40,   0.00000000e+00,
         1.94878577e-40,   1.35925951e-43,  -3.91803051e-42,
        -0.00000000e+00,  -0.00000000e+00,  -1.46155430e-42,
        -4.96129721e-41,   0.00000000e+00,  -1.34524653e-42,
        -0.00000000e+00,  -1.29554247e-39,   1.00500005e-39,
         3.09068708e-39,  -1.50023014e-41,   9.60576084e-41,
        -1.36640613e-41,   3.20147284e-37,   3.45935749e-40,
        -0.00000000e+00,  -1.69557114e-43,   4.62428493e-44,
         5.33894715e-43,   5.60519386e-45,  -4.20389539e-45,
         6.24670829e-41,  -2.26796093e-39,   4.68283258e-39,
        -0.00000000e+00,  -6.11442572e-41,  -2.12508454e-39,
        -7.00649232e-45,  -5.60519386e-45,   0.00000000e+00,
         0.00000000e+00,   7.90332334e-43,  -0.00000000e+00,
        -6.45942540e-41,  -9.23230079e-40,   1.79366203e-43,
         6.28325550e-35,  -0.00000000e+00,   0.00000000e+00,
        -1.78861736e-41,   1.29549016e-36,   1.98396922e-36,
        -0.00000000e+00,  -2.94272678e-44,  -0.00000000e+00,
        -1.40129846e-45,  -0.00000000e+00,  -5.33894715e-43,
         8.40833309e-39,   3.55929810e-43,   1.68279971e-39,
        -2.42432902e-39,   2.27187111e-38,   1.40129846e-45,
         9.82035849e-39,  -6.19407693e-39,   0.00000000e+00,
        -1.68155816e-44,   1.54142831e-44,   2.20984768e-41,
         1.29041966e-36], dtype=float32), array([ -0.00000000e+00,   0.00000000e+00,  -2.02207368e-42,
         0.00000000e+00,   0.00000000e+00,   0.00000000e+00,
         0.00000000e+00,   0.00000000e+00,   0.00000000e+00,
        -0.00000000e+00,   0.00000000e+00,   0.00000000e+00,
         0.00000000e+00,  -0.00000000e+00,  -0.00000000e+00,
        -0.00000000e+00,  -0.00000000e+00,  -0.00000000e+00,
         0.00000000e+00,   0.00000000e+00,  -0.00000000e+00,
        -0.00000000e+00,   0.00000000e+00,   0.00000000e+00,
        -2.66246708e-44,  -0.00000000e+00,   0.00000000e+00,
         0.00000000e+00,   0.00000000e+00,  -0.00000000e+00,
         0.00000000e+00,   0.00000000e+00,  -0.00000000e+00,
         0.00000000e+00,  -0.00000000e+00,   0.00000000e+00,
        -0.00000000e+00,   0.00000000e+00,  -0.00000000e+00,
        -0.00000000e+00,  -0.00000000e+00,   0.00000000e+00,
         0.00000000e+00,   0.00000000e+00,  -0.00000000e+00,
        -0.00000000e+00,   0.00000000e+00,   0.00000000e+00,
         1.40129846e-45,  -0.00000000e+00,   0.00000000e+00,
         0.00000000e+00,  -9.80908925e-45,  -0.00000000e+00,
        -0.00000000e+00,  -0.00000000e+00,   0.00000000e+00,
        -0.00000000e+00,   0.00000000e+00,  -0.00000000e+00,
        -0.00000000e+00,  -0.00000000e+00,  -0.00000000e+00,
        -0.00000000e+00,  -0.00000000e+00,  -0.00000000e+00,
        -0.00000000e+00,   0.00000000e+00,  -0.00000000e+00,
         0.00000000e+00,  -0.00000000e+00,  -0.00000000e+00,
         0.00000000e+00,   0.00000000e+00,  -0.00000000e+00,
         3.18094751e-43,  -0.00000000e+00,  -0.00000000e+00,
        -0.00000000e+00,  -2.66246708e-44,  -0.00000000e+00,
         0.00000000e+00,  -0.00000000e+00,   0.00000000e+00,
         0.00000000e+00,  -0.00000000e+00,   0.00000000e+00,
         0.00000000e+00,   0.00000000e+00,  -0.00000000e+00,
         0.00000000e+00,  -0.00000000e+00,  -0.00000000e+00,
         2.10194770e-44,   0.00000000e+00,   0.00000000e+00,
         0.00000000e+00,   0.00000000e+00,   1.40129846e-45,
         2.80259693e-45], dtype=float32), array([  5.76711249e-39,  -5.14018529e-38,  -4.39416640e-30,
         1.21170278e-41,   1.33417627e-41,  -4.67404908e-35,
        -2.03468537e-42,   2.53556830e-39,  -1.62746804e-40,
         3.79576971e-33,  -3.04438907e-37,  -2.27661200e-29,
         2.47933139e-40,   7.17306900e-36,   1.84595849e-40,
         1.55858971e-36,   3.18651487e-39,   4.06376555e-43,
         0.00000000e+00,   8.64749004e-36,  -1.25198585e-37,
        -4.41759341e-41,  -6.10784410e-38,   4.67906741e-37,
        -1.21467881e-33,   1.14574527e-34,  -1.62905308e-35,
         5.71169254e-42,  -1.91909226e-40,  -1.40129846e-45,
         2.45115648e-36,   2.65977006e-35,  -1.31345106e-40,
        -8.46635672e-36,  -2.28032548e-32,   2.67296785e-38,
        -2.07649343e-32,   6.36870958e-35,   3.51725915e-43,
         0.00000000e+00,   0.00000000e+00,  -1.02140645e-41,
         2.75528909e-39,   2.59240216e-43,  -8.83416387e-40,
         1.55389987e-41,  -6.38393017e-38,  -1.01002791e-40,
        -1.13188351e-34,  -2.87140068e-41,  -1.01429486e-39,
        -0.00000000e+00,  -9.38213286e-34,   1.72051937e-35,
         3.27903841e-43,  -5.43213350e-40,   1.61536360e-36,
        -9.01596867e-37,  -1.71620806e-39,   2.42589427e-38,
        -6.26296336e-41,  -1.32566447e-35,   6.88220724e-38,
         8.01851007e-41,  -2.80259693e-45,   7.71670962e-39,
        -4.92433797e-39,  -3.37905749e-39,   2.52233724e-44,
         8.57146245e-41,   4.56557333e-39,  -1.34056619e-40,
         4.42759868e-40,  -8.22485683e-34,  -1.52756947e-40,
        -4.24048684e-32,  -7.00649232e-45,   1.66754517e-43,
        -1.05531864e-36,  -1.69240440e-33,  -2.94272678e-42,
         1.17697720e-39,   2.81660991e-43,   3.94697618e-37,
         7.28954480e-39,  -1.09064727e-38,   7.03127288e-39,
         1.41058487e-39,   5.54269595e-41,  -7.84696199e-38,
        -5.93960140e-38,   2.59156488e-36,   1.63912586e-38,
        -5.19386626e-36,  -8.81249977e-36,  -4.42249795e-42,
        -1.99254104e-37,   1.35183263e-41,  -2.72891531e-31,
        -4.15197964e-37], dtype=float32), array([ 0., -0., -0., -0., -0., -0.,  0.,  0., -0.,  0., -0.,  0.,  0.,
        0., -0.,  0.,  0., -0.,  0., -0.,  0.,  0., -0., -0., -0.,  0.,
        0., -0., -0., -0., -0.,  0.,  0., -0.,  0.,  0.,  0.,  0., -0.,
       -0., -0., -0.,  0.,  0., -0., -0.,  0., -0., -0.,  0., -0.,  0.,
       -0., -0., -0.,  0.,  0., -0., -0., -0., -0.,  0.,  0.,  0.,  0.,
        0., -0.,  0., -0.,  0.,  0.,  0., -0., -0., -0., -0., -0., -0.,
       -0., -0.,  0.,  0., -0., -0.,  0., -0., -0., -0., -0.,  0., -0.,
       -0.,  0., -0.,  0.,  0., -0.,  0., -0., -0.], dtype=float32), array([-0., -0., -0., -0.,  0., -0.,  0.,  0.,  0.,  0.,  0., -0., -0.,
        0.,  0.,  0.,  0., -0., -0.,  0.,  0.,  0., -0., -0., -0.,  0.,
        0.,  0.,  0.,  0., -0.,  0., -0.,  0.,  0., -0., -0., -0.,  0.,
       -0.,  0., -0., -0., -0., -0.,  0.,  0.,  0.,  0.,  0.,  0.,  0.,
       -0.,  0.,  0.,  0.,  0., -0.,  0.,  0.,  0.,  0.,  0.,  0.,  0.,
        0., -0., -0.,  0., -0., -0.,  0.,  0.,  0.,  0., -0., -0.,  0.,
       -0., -0., -0.,  0.,  0., -0.,  0.,  0.,  0.,  0.,  0., -0., -0.,
       -0., -0., -0.,  0.,  0.,  0.,  0., -0., -0.], dtype=float32), array([  4.40387723e-36,  -1.94678542e-33,  -1.82555066e-32,
        -3.70459874e-40,  -3.20569248e-35,  -3.85660983e-31,
        -1.40129846e-45,   2.83239302e-32,   7.00649232e-45,
        -8.09376361e-37,   6.72581042e-34,   5.64592523e-31,
         3.33729795e-38,  -1.13268241e-32,   2.30577917e-39,
         7.62558598e-41,   3.15010353e-39,   2.07071275e-40,
         1.10185663e-36,  -1.22947343e-30,   4.79001679e-36,
        -4.16846429e-37,  -6.17885742e-40,   5.04654521e-39,
        -1.15554375e-29,   4.06544693e-36,   5.99833128e-35,
         2.41108302e-36,   5.19727422e-36,  -1.47476966e-38,
        -5.91642020e-28,  -8.73160732e-38,   3.89578159e-34,
         5.15996210e-37,  -4.15061132e-34,   8.64663984e-36,
        -1.99847539e-33,   1.04050066e-36,  -3.30896602e-36,
        -1.40129846e-45,  -4.39627966e-40,  -2.57907368e-37,
         5.61830280e-34,   7.30118539e-41,   5.26023341e-39,
        -1.82869450e-41,  -9.57487645e-37,  -1.16707409e-36,
        -7.79589440e-32,   5.15565731e-40,  -2.45101114e-41,
         2.24207754e-44,  -3.02099238e-33,  -1.87787587e-39,
        -1.96241831e-38,  -3.95166167e-43,   2.71474627e-30,
        -5.62305867e-30,  -1.48228219e-37,  -9.73417337e-37,
         2.84463588e-43,   1.72109050e-33,  -5.82983132e-32,
        -1.57018155e-39,   1.01996143e-38,  -5.54152926e-36,
         4.76275833e-37,  -4.79889614e-37,  -2.08734034e-37,
         1.43914294e-37,  -2.07147962e-35,   3.84784675e-38,
         1.77348053e-39,  -4.77677872e-30,  -1.51003306e-37,
        -2.49286053e-30,   6.76471228e-40,   7.47177902e-37,
         2.00442364e-35,   2.03007154e-25,   5.57952790e-37,
         1.41254351e-30,  -2.32158722e-40,   1.40228778e-39,
         1.82689483e-36,   4.53451738e-35,  -9.50913179e-38,
         2.88857202e-33,   1.58476108e-32,   6.64924776e-37,
        -2.68830338e-38,   4.82401911e-31,   2.19911575e-35,
        -5.63967843e-33,  -4.01687220e-34,   9.16507378e-38,
         6.17561569e-36,   1.02124578e-36,   1.97942184e-32,
         2.38616045e-38], dtype=float32), None]
