[array([ 1.07082868,  0.5253523 , -1.95704222, -0.27626714, -2.86651254,
        1.10934567, -0.43859449,  2.00151014, -0.02606201, -0.11503062,
        1.23354077,  0.90100008, -0.1965137 , -0.50007039, -1.91439068,
       -2.35003352,  1.02267206,  2.58171606,  0.40417296, -0.44704968,
       -1.95178115,  2.76574111,  0.70862603, -0.65606707, -1.86766851,
        1.10539508,  1.0752666 , -0.59744704,  0.28575557, -0.68718719,
       -0.38752836,  1.75617039, -1.10753047, -0.67863756, -1.64312708,
        1.51666749, -0.50855625, -1.39095247, -0.91345263,  0.57449859,
        1.22474039,  0.78219843, -1.42106688,  0.55480015,  3.47953105,
        1.11865938,  2.53230858,  1.04973316,  0.49995509, -0.72716242,
       -0.95471293, -0.03670283, -0.64466542, -1.09343922,  0.15578827,
        1.47145152, -0.84373051, -1.33829069,  0.83122528, -3.54178023,
        0.71358871, -1.04657674,  0.58525085,  1.73186326, -2.27131152,
        2.41958189, -0.2406688 ,  0.24058947, -1.0449636 , -1.48425317,
        0.67865163,  1.42223632, -1.7597611 ,  1.47994721, -0.16032128,
        1.39749026, -1.50640762,  1.80876446, -0.19630674, -2.93562961,
        0.48850036,  0.47135743, -1.18048549,  5.19920301, -0.45266899,
        0.47687933,  1.10591841,  0.55654567, -1.96473908, -1.18268216,
       -0.87189668, -2.10137701, -1.84180903,  2.11995935,  0.05850381,
       -3.35247469,  1.08480775, -0.16206634, -1.69791412,  1.83883369]), array([ 0.284433  , -0.29632098,  0.00711683, -0.07791852, -0.73968857,
        0.60276338, -0.57113529,  0.18687284, -0.0518658 , -0.68465771,
        0.69720713,  0.33750772,  0.21102091,  0.03509713,  0.2939951 ,
       -0.66737944,  0.09201471,  0.91770024,  0.65254513, -0.19155174,
        0.54290221,  0.71089286, -0.33678969, -0.30193907, -0.15825312,
        1.14646837,  0.37929211,  0.54600108, -0.14067387, -0.32104075,
       -0.79744678, -0.02295715, -0.09889347, -0.55843382,  0.0355314 ,
        0.33677771, -0.46009691, -0.22779776,  0.07133995,  0.16380655,
        0.23176846,  0.63699881,  0.32802183, -0.04434109,  0.87542627,
       -0.04331949,  0.91880877,  0.32567326, -0.28288512,  0.01451687,
        0.10779735, -0.26816778, -0.32060953, -0.40009857, -0.04364304,
        0.82096828, -0.17806531, -0.41599981,  0.59051897, -0.55112877,
       -0.42732155, -0.14233886,  0.88796194,  0.06848643, -0.38599548,
        0.12256534, -0.0820612 , -0.28846425, -0.45969057, -0.66980638,
        0.74777794,  1.09918153, -0.93319192,  0.59754709,  0.2358129 ,
        0.85457094, -0.60731636,  0.5126492 ,  0.03548585, -0.823988  ,
        0.38758768, -0.0602988 , -0.30518569,  1.43592873,  0.21859046,
       -0.17429251,  0.49017753, -0.27165019, -1.17685156,  0.15107536,
       -0.35170434, -0.96390166, -0.59894588,  1.14631732, -0.01652209,
       -0.94729231, -0.23696701,  0.25790446, -0.65308384, -0.01113185]), array([ 1.13003326,  2.0066931 , -1.89840397, -0.14807194, -2.45539459,
       -0.22703893, -0.27436993,  0.16558409,  0.53906551, -0.81318356,
        0.34724656, -1.40155222,  0.25827367, -1.26531   , -0.4009027 ,
       -0.29945531,  0.51639547,  1.84645999, -0.20734304,  0.05488551,
       -1.02542151,  0.88444903,  0.24589327, -0.22872253, -1.19943599,
        0.03908367,  1.92404139,  0.00824728,  0.52555131, -0.65705622,
       -1.31513512,  0.52807247, -1.94552614,  0.16450743, -0.41027116,
        1.23625367, -1.32874807, -1.29197668, -0.59169418,  0.45305302,
        2.13070369,  1.67238417, -0.48605238,  1.06689398,  2.42224787,
       -0.15367475,  2.61037727,  1.63477507,  0.26739907, -0.32643861,
        0.33904962, -0.51916769, -0.55381112,  0.3053392 ,  1.21375683,
        1.24491617,  1.21514623, -1.28913709,  1.61118646, -2.47185154,
        1.54493537, -0.74624531, -0.15733944,  1.36776587, -0.89377227,
        1.3056531 , -0.68148058,  0.16873323, -1.62515249, -1.65576657,
        0.45405455,  1.25681293,  0.2818918 ,  0.2979138 , -0.52686412,
        1.12603089, -1.2707679 ,  1.44626804, -0.53833249, -2.54856848,
        0.51627561,  0.34129642,  0.06195244,  4.31716578, -0.42788971,
        1.04091258,  0.93438161, -0.38813482, -1.82462366, -0.81037604,
       -1.13369166, -0.65144425,  0.56441394,  2.00216625,  0.33595406,
       -2.07534269,  1.63295611, -0.48759401, -0.47718965,  2.64285659]), array([ 0.33824974, -0.35238702,  0.00846338, -0.09266126, -0.87964291,
        0.7168105 , -0.67919815,  0.22223051, -0.06167918, -0.81419982,
        0.82912368,  0.40136659,  0.25094756,  0.04173776,  0.34962107,
       -0.79365238,  0.10942455,  1.09133566,  0.77601132, -0.2277947 ,
        0.64562317,  0.84539885, -0.40051269, -0.35906809, -0.18819573,
        1.36338834,  0.45105688,  0.64930836, -0.16729037, -0.38178394,
       -0.94832938, -0.02730081, -0.11760482, -0.66409348,  0.0422542 ,
        0.40049845, -0.54715051, -0.27089872,  0.08483798,  0.19479991,
        0.27562071,  0.75752352,  0.3900859 , -0.05273074,  1.04106315,
       -0.05151584,  1.09265393,  0.38729295, -0.336409  ,  0.01726356,
        0.12819337, -0.31890704, -0.38127114, -0.47580007, -0.05190061,
        0.97630132, -0.21175654, -0.49470993,  0.70224936, -0.65540625,
       -0.50817382, -0.16927038,  1.05597066,  0.08144455, -0.45902858,
        0.14575557, -0.09758776, -0.34304374, -0.5466673 , -0.79653852,
        0.88926285,  1.3071545 , -1.10975847,  0.71060725,  0.28043038,
        1.01626184, -0.72222494,  0.60964607,  0.04220003, -0.9798924 ,
        0.46092202, -0.07170776, -0.362929  ,  1.70761666,  0.25994933,
       -0.2072699 ,  0.58292261, -0.32304834, -1.39952024,  0.1796599 ,
       -0.41824931, -1.14627871, -0.7122707 ,  1.36320871, -0.01964819,
       -1.12652676, -0.28180285,  0.30670182, -0.77665195, -0.01323807]), array([ 1.60126236,  0.78558492, -2.92646069, -0.41311573, -4.28643603,
        1.6588587 , -0.65585174,  2.99295575, -0.03897179, -0.17201089,
        1.84457369,  1.34730938, -0.29385652, -0.74777965, -2.86268177,
       -3.51411976,  1.52925141,  3.86056596,  0.60437954, -0.66849519,
       -2.91859357,  4.1357476 ,  1.05964307, -0.9810491 , -2.79281583,
        1.65295118,  1.6078986 , -0.8933917 ,  0.42730425, -1.02758453,
       -0.57949006,  2.62608726, -1.65614435, -1.01479985, -2.45704808,
        2.26794688, -0.76046896, -2.07995908, -1.36593027,  0.85907577,
        1.83141404,  1.16965947, -2.12499063,  0.82961973,  5.20311251,
        1.67278594,  3.78668455,  1.5697172 ,  0.74760723, -1.08736144,
       -1.42762881, -0.05488353, -0.96399965, -1.63507301,  0.2329578 ,
        2.20033324, -1.26167139, -2.00121135,  1.2429717 , -5.29619676,
        1.06706401, -1.56499725,  0.87515415,  2.58973962, -3.39640292,
        3.61811883, -0.3598838 ,  0.35976517, -1.56258504, -2.21947617,
        1.01482089,  2.12673935, -2.63145661,  2.21303726, -0.23973623,
        2.08973536, -2.2526048 ,  2.70473373, -0.29354704, -4.38979015,
        0.73047841,  0.70484377, -1.76523753,  7.77462189, -0.67689803,
        0.71310092,  1.65373374,  0.8322299 , -2.9379702 , -1.76852232,
       -1.30378964, -3.14229155, -2.75414689,  3.17007864,  0.08748361,
       -5.01311894,  1.62216595, -0.2423457 , -2.53897382,  2.74969772]), array([-1.89187585, -0.43576983,  1.67778844,  0.06905727,  4.39567819,
       -1.70857031,  1.86687158, -1.26553421, -0.11039447,  1.75729113,
       -2.09936606,  0.37963069, -1.70645476,  1.14845486,  0.43357714,
        2.77482836,  0.24526991, -3.69321921, -0.96194735,  1.15380194,
       -0.23045005, -3.95922438,  1.28841884,  2.73056829,  2.13947731,
       -1.92299169, -2.74520342, -0.41685795, -0.2048753 ,  0.26758931,
        3.10966035, -1.36457666,  1.99673284,  0.67990864,  1.57463822,
       -2.43426243,  2.136811  ,  2.54145773, -0.01802058, -0.89125321,
       -1.77213784, -2.11945695,  0.7020662 , -1.73692767, -4.9079566 ,
       -0.54880047, -2.78092201, -1.71103045, -0.12277682, -0.04598921,
       -0.07941928,  0.92251887,  1.09222569,  0.36410307, -0.57775519,
       -3.85027753, -0.39325283,  1.45888521, -2.03654296,  4.79504584,
        0.01628358,  1.43217052, -2.20831384, -1.77337127,  0.82792851,
       -3.42837863,  0.70738244,  0.41746939,  1.7032334 ,  2.23861211,
       -1.18440115, -3.31677648,  1.29138077, -2.45797375, -0.64090788,
       -0.43460767,  2.77463973, -3.76192719,  0.1189162 ,  2.92099588,
       -0.26482211, -0.31305361,  1.30318802, -6.55785747, -0.3294056 ,
       -1.65485959, -1.8990283 , -0.28328753,  1.3793562 ,  0.71119058,
        1.88542567,  2.49703926,  1.75412929, -4.39116873, -0.17016455,
        3.55819437, -1.65312055, -0.87053563,  2.44965206, -3.95393616]), array([ 0.38904245, -0.40530262,  0.00973427, -0.10657558, -1.01173301,
        0.82444915, -0.7811888 ,  0.25560138, -0.07094113, -0.93646276,
        0.95362764,  0.46163713,  0.28863068,  0.04800524,  0.40212133,
       -0.91282986,  0.1258561 ,  1.25521424,  0.89253975, -0.2620011 ,
        0.74257209,  0.97234675, -0.46065501, -0.41298695, -0.21645583,
        1.56811926,  0.51878908,  0.74681066, -0.19241124, -0.43911388,
       -1.09073366, -0.03140039, -0.13526475, -0.76381596,  0.04859923,
        0.46063862, -0.62931245, -0.31157777,  0.09757753,  0.22405171,
        0.31700883,  0.87127576,  0.44866249, -0.06064896,  1.19739265,
       -0.05925163,  1.25673047,  0.44545015, -0.38692529,  0.01985591,
        0.14744331, -0.36679518, -0.43852408, -0.54724779, -0.05969418,
        1.12290596, -0.2435546 , -0.56899721,  0.80770145, -0.75382423,
       -0.58448289, -0.19468859,  1.21453872,  0.09367453, -0.52795783,
        0.16764271, -0.11224186, -0.39455632, -0.62875668, -0.91614938,
        1.02279751,  1.50344115, -1.27640348,  0.81731439,  0.32254073,
        1.16886709, -0.83067663,  0.70119255,  0.04853692, -1.12703629,
        0.5301356 , -0.08247564, -0.41742762,  1.96403804,  0.29898418,
       -0.23839423,  0.6704562 , -0.37155836, -1.60967685,  0.20663822,
       -0.48105501, -1.31840773, -0.81922763,  1.56791265, -0.02259862,
       -1.29568976, -0.3241193 ,  0.35275718, -0.89327658, -0.01522595]), array([ -2.7789935 ,  -2.34378386,   5.60424738,   0.30684078,
         7.92613754,  -2.73253704,   2.89233873,  -4.40247948,
         0.50181768,  -0.1330256 ,  -3.2844132 ,  -0.32782028,
        -0.04697649,   3.22675553,   3.69042196,   6.09914642,
        -3.02165783,  -7.43325459,  -0.53192265,   0.77660843,
         3.96622271,  -7.09678387,  -1.11889057,   1.36496328,
         5.08912299,  -3.6839949 ,  -3.92886788,   1.00651735,
        -0.89500049,   2.5027598 ,   2.35301039,  -3.55206337,
         4.89862143,   3.20958235,   4.40507787,  -3.46578165,
         3.51125373,   3.89154663,   0.7682459 ,  -3.11274012,
        -4.56201237,  -3.54476425,   3.19095586,  -2.68531873,
        -9.40867302,  -1.8736479 ,  -7.14533319,  -2.97120179,
        -0.46058502,   1.71742419,   2.05751557,  -0.46623011,
         2.25529545,   1.97700522,  -0.89300521,  -3.95910277,
         1.88710113,   4.30884171,  -4.54117333,   9.56473841,
        -0.70667685,   2.21981686,  -2.78988065,  -4.88739986,
         5.74220635,  -7.08407731,   0.51090984,   0.71249093,
         4.513858  ,   4.28854437,  -1.85959445,  -5.16959038,
         4.39237943,  -5.13215636,   0.96444793,  -4.25599337,
         4.1385618 ,  -5.71499588,   0.12512851,   8.7725479 ,
        -2.36339343,  -1.90646185,   3.90459151, -15.83231837,
         0.32237299,  -3.30804656,  -2.85246846,  -0.2192493 ,
         6.2000174 ,   3.02258889,   2.77627632,   6.54138558,
         3.5811362 ,  -6.65183996,  -0.60310304,   9.3522372 ,
        -1.6534734 ,   0.17315712,   3.94016803,  -5.95318668]), array([  2.51478466e+00,   4.96077718e+00,  -1.40785290e+00,
        -7.90069709e-01,  -3.02838056e+00,   1.22823954e+00,
         9.87911090e-01,  -1.04497605e+00,  -1.00608975e+00,
        -3.02294883e+00,   1.05593998e+00,  -3.36173963e+00,
         1.21800112e+00,  -2.87796931e+00,  -6.79363921e-01,
         1.84943629e+00,   8.08909745e-01,   4.82457888e+00,
        -1.31329748e+00,   7.42334803e-04,  -5.82637583e-01,
         6.67782316e-01,   1.72979201e+00,   8.47440863e-01,
        -1.10215529e+00,   8.70835146e-01,   2.83483275e+00,
         1.85660337e+00,   2.32990101e+00,   2.78625646e+00,
        -2.61892090e+00,   1.47509890e-01,  -5.36868030e+00,
         3.81615334e-01,  -1.40696944e+00,   3.58189514e+00,
        -3.16617707e+00,  -2.64901903e+00,  -6.24506154e+00,
         7.67075132e-01,   5.07209202e+00,   1.57289703e-01,
        -2.50775263e+00,   3.10810281e+00,   3.82095926e+00,
         4.70493073e-02,   4.17548331e+00,   3.06082378e+00,
         8.82623021e-01,  -1.57757442e+00,  -1.36145212e+00,
         5.86093162e-01,   2.25361044e-01,  -1.50394953e+00,
         2.44129349e+00,   4.61053833e+00,   2.17871509e+00,
        -2.29820179e+00,   3.27467415e+00,  -3.55610385e+00,
         1.51680128e+00,  -1.58189520e+00,  -9.52480128e-01,
         3.85337464e+00,  -4.32865378e+00,   2.40492783e-02,
        -2.12558463e+00,   1.12884057e-01,  -4.53854597e+00,
        -3.81047978e+00,   1.69575982e+00,   2.37986829e+00,
        -1.35455618e+00,   2.98948061e+00,  -4.71545355e-01,
         3.45141848e+00,  -1.37360215e+00,   7.68894578e-01,
        -2.21649878e+00,  -5.11972596e+00,  -2.43158808e+00,
         7.23330856e-01,  -2.84587406e+00,   7.38965064e+00,
         1.73859689e+00,   1.70307048e+00,  -9.69833630e-01,
         1.23136664e+00,  -5.36654433e+00,  -1.12771636e+00,
         9.42139524e-01,   2.43258676e+00,   2.82809276e+00,
         2.85945828e+00,   3.70515761e-01,  -3.73341073e+00,
         4.37807562e+00,  -1.54318973e+00,   6.58758982e-01,
         2.83269169e+00]), array([ 1.63995942, -0.31717733,  2.56421622, -1.9411078 ,  3.46932091,
        0.14484852,  1.45865102, -1.1389124 ,  1.00640161,  1.03474496,
        0.2711843 ,  0.65496064,  1.66164435, -0.24797054, -0.23543938,
        0.749067  ,  0.6293957 , -3.60551096, -1.99347802,  0.49659326,
        1.79408943, -1.76622199, -0.04675864, -1.00505326,  0.8143922 ,
       -0.53614747, -2.24136149,  1.67976186,  0.78393353,  2.34675803,
        0.51221356, -0.6945088 ,  1.35345703,  0.18636909,  0.68451285,
        1.99170453, -0.29705761,  2.21188294, -0.67318721, -3.05036316,
       -1.18905549, -2.21329669, -2.28163041,  0.81355993, -1.17502817,
       -0.16412977, -3.92730448,  0.4244739 ,  1.15009909, -0.837325  ,
       -1.39274201,  0.01077647,  0.82287143, -1.88505196, -0.82400938,
       -1.07911711, -0.32161418,  0.67377294, -1.01656195,  1.91815062,
       -1.37200699, -0.04268568, -0.41667228,  0.34176803,  0.4267305 ,
       -1.52250789,  0.05780314,  0.05309515, -0.26567035,  2.75410226,
       -1.68104852, -2.61996721,  0.47694081,  0.03900767,  0.51485322,
       -2.41235436,  1.68687647, -0.46753355, -0.27010791,  1.73270911,
       -0.93032483,  0.28862941, -0.69741966, -5.14673797,  1.91851058,
        0.47708703, -0.15374188,  0.21263662,  2.3876856 ,  1.72722531,
        1.60934366,  2.57946596,  1.9385207 , -2.49233616, -1.20584489,
        3.16736305, -0.64255222,  0.53755692,  3.06947086, -1.62773898]), array([ 1.67950489, -0.32482565,  2.62604893, -1.98791507,  3.55297903,
        0.14834135,  1.49382448, -1.16637578,  1.03066966,  1.05969648,
        0.27772356,  0.67075416,  1.70171273, -0.25395003, -0.24111669,
        0.76712977,  0.64457275, -3.69245313, -2.04154813,  0.50856796,
        1.83735155, -1.80881212, -0.04788617, -1.02928881,  0.8340302 ,
       -0.54907596, -2.29540898,  1.72026711,  0.80283706,  2.40334703,
        0.52456491, -0.71125597,  1.38609388,  0.19086314,  0.70101898,
        2.03973188, -0.30422076,  2.2652196 , -0.68942024, -3.12391867,
       -1.217728  , -2.26666743, -2.33664893,  0.83317787, -1.20336244,
       -0.16808754, -4.02200627,  0.43470953,  1.17783222, -0.85751599,
       -1.42632616,  0.01103633,  0.84271389, -1.93050752, -0.84387928,
       -1.10513861, -0.32936948,  0.69002009, -1.04107501,  1.96440431,
       -1.40509114, -0.04371499, -0.42671979,  0.35000932,  0.43702055,
       -1.55922117,  0.05919699,  0.05437547, -0.27207664,  2.82051382,
       -1.7215848 , -2.68314429,  0.48844161,  0.03994829,  0.52726823,
       -2.47052512,  1.72755329, -0.47880751, -0.27662121,  1.77449112,
       -0.9527584 ,  0.29558933, -0.71423702, -5.27084481,  1.96477294,
        0.48859136, -0.15744916,  0.21776408,  2.4452615 ,  1.76887509,
        1.64815088,  2.6416664 ,  1.98526559, -2.55243558, -1.23492226,
        3.24373986, -0.65804653,  0.5505194 ,  3.14348713, -1.66698977]), array([ -2.78465638e+00,  -3.41744678e+00,   4.67980676e+00,
         1.03438689e+00,   5.16053816e+00,  -1.24596141e+00,
         1.01902949e+00,  -5.54620830e+00,   2.86349643e-01,
         2.06032625e+00,  -6.22730118e-01,   7.33760087e-01,
        -2.30765947e+00,   1.68343303e+00,   3.66568458e+00,
         5.85662668e+00,  -3.12288725e+00,  -6.26323164e+00,
         2.69736398e-01,   4.20070413e-01,   3.53541614e+00,
        -5.88436402e+00,  -2.53616839e+00,   2.80984321e+00,
         4.27478225e+00,  -1.68558174e+00,  -3.97006886e+00,
        -4.60285676e-01,  -4.06243396e-01,   2.01272439e+00,
         3.31351586e+00,  -4.71746390e+00,   5.21268996e+00,
         1.18835856e-02,   4.07232791e+00,  -4.72233447e+00,
         1.93255258e+00,   4.54889186e+00,   1.67236715e+00,
        -1.94771775e+00,  -7.53149844e+00,  -4.44653574e+00,
         2.66498010e+00,  -2.58294753e+00,  -9.18979775e+00,
        -9.97928708e-02,  -8.13049984e+00,  -5.64923615e+00,
        -5.18753600e+00,   3.15791060e+00,   1.59339846e+00,
         1.43815003e+00,   3.35852085e+00,   3.94562705e+00,
        -7.61787146e-01,  -4.89423461e+00,   7.82075286e-01,
         4.74939244e+00,  -1.74485388e+00,   1.12225625e+01,
        -2.12972878e+00,   3.37184557e+00,  -2.59190498e+00,
        -4.27504151e+00,   4.20548339e+00,  -8.11684538e+00,
        -1.31942395e-01,  -6.43753876e-01,   4.54442332e+00,
         2.03483113e+00,  -1.51939780e+00,  -4.92078211e+00,
         3.78434874e+00,  -5.02143696e+00,   8.06659534e-01,
        -3.19596601e+00,   4.34236059e+00,  -4.99113991e+00,
         8.11891727e-01,   9.39913384e+00,  -2.54347330e+00,
        -1.98934859e+00,   1.04869722e+00,  -1.36980658e+01,
         1.08495459e+00,  -2.56276476e+00,  -4.43375089e+00,
         4.58717502e-01,   5.87891215e+00,   2.88219630e+00,
         5.09324548e+00,   5.82560266e+00,   2.90814182e+00,
        -6.87145466e+00,  -7.52230902e-01,   6.67648033e+00,
        -3.00076965e+00,   5.46197947e-01,   2.27773315e+00,
        -5.65585075e+00]), array([ -4.15087916e-01,   1.11451793e+00,  -7.84104319e+00,
         2.56813003e+00,  -9.73342521e+00,   1.46744731e+00,
        -2.26292058e+00,   3.91037725e+00,  -1.96470296e+00,
        -2.24000879e+00,   3.01305182e+00,  -2.06038790e-01,
        -2.06597012e+00,  -2.95650455e+00,  -6.79362577e-01,
        -2.32497235e+00,   8.34848740e-01,   1.08885953e+01,
         4.00728152e+00,  -2.11599734e+00,  -4.11259195e+00,
         5.88938774e+00,   7.34511030e-01,  -6.43693776e-01,
        -5.53447699e+00,   1.28378434e+00,   8.87467439e+00,
        -1.74804226e+00,  -7.33547417e-02,  -4.67038652e+00,
        -6.46636693e-01,   2.67219698e+00,  -3.58563618e+00,
        -3.03127394e+00,  -4.74851936e+00,  -1.58905437e+00,
        -1.63806790e+00,  -6.21108304e+00,   7.63551374e-01,
         6.39262842e+00,   5.41566765e+00,   5.07960246e+00,
         1.13852150e+00,   1.57147535e+00,   7.18818867e+00,
         1.42274098e+00,   6.21239161e+00,   2.95971626e+00,
        -1.08654692e-03,  -1.16504198e+00,   2.09447660e+00,
        -1.17207615e+00,  -1.99476260e-04,   8.56803009e-01,
         2.25488526e+00,   5.20483664e+00,  -1.72855097e-01,
        -3.05344120e+00,   6.16520547e+00,  -8.91950098e+00,
         3.19071204e-01,  -2.28401098e-01,   1.76261222e+00,
         3.87238826e+00,  -3.84979888e+00,   4.38471676e+00,
        -2.02244517e+00,   1.25075302e+00,  -3.12881840e+00,
        -7.30660392e+00,   2.49252952e+00,   4.64897778e+00,
        -2.28543868e+00,   1.43025795e+00,  -1.69042292e+00,
         3.16234732e+00,  -5.31386708e+00,   5.40994343e+00,
         2.14707794e-01,  -6.38540522e+00,   9.05134413e-01,
        -2.67996892e-01,  -1.58103400e-01,   1.72482219e+01,
        -1.45642095e+00,  -1.13736388e+00,   3.93819532e+00,
         9.90566934e-01,  -4.55652750e+00,  -5.43117680e+00,
        -2.96402975e+00,  -6.13344132e+00,  -3.78250730e+00,
         4.89158879e+00,   1.45662368e+00,  -1.02213656e+01,
         2.95301745e+00,  -2.16177333e+00,  -5.33513874e+00,
         7.22085259e+00]), array([ -6.4882746 ,  -2.70319452,   9.54424773,  -1.8261599 ,
        20.04961458,  -4.22012826,   7.03444533,  -3.12501198,
         2.55688637,   9.09546526, -10.4950075 ,   2.32697134,
        -4.85921178,   4.898355  ,  -0.56537264,   9.12020962,
        -0.35642468, -18.4452711 ,  -5.41080054,   4.58856912,
         3.20231583, -13.89238073,   3.75826149,   2.89757115,
         8.92994151, -12.07260324, -11.60764344,  -2.88355728,
        -0.97112192,   1.75240812,  10.16003258,  -5.47283637,
        11.49024037,   2.94533697,   5.80378382,  -8.18725228,
         9.18434461,  10.10842262,   3.50483401,  -6.920079  ,
        -6.08700175,  -8.37943299,   1.43939701,  -5.61218653,
       -17.25822654,  -1.92210216, -15.24092076,  -3.78500358,
         0.94719618,  -1.22641361,  -0.9073393 ,   3.57876449,
         2.54622786,   2.07259187,  -4.08958568, -15.04071231,
        -0.86263889,   5.50938032,  -7.56878168,  17.91888633,
        -2.48453343,   3.85677643,  -5.27850859,  -7.47170924,
         6.09778749,  -8.81075585,   4.86512249,   1.36879291,
         9.32822023,  10.76652398,  -9.28203391, -13.92014041,
         6.72364942, -11.03244852,  -1.95485728,  -7.81095697,
        10.15208866,  -9.60009635,   1.95964166,  14.11544039,
        -2.51093114,  -2.00040111,   8.42605403, -30.12994532,
        -3.1185878 ,  -5.5563752 ,  -6.34251688,  -2.29617571,
        10.95548755,   3.88946188,   5.27412852,   7.6795275 ,
         4.55421523, -16.34909471,   0.1587271 ,  15.62731992,
        -4.54273746,   0.25391159,  10.98800962, -13.07201393]), array([-1.11305198, -0.42029493,  0.43580041,  1.21303374, -2.25952909,
       -0.87606747, -2.20750003, -0.29778777, -1.56075496, -1.55892922,
       -2.85098493, -0.69797561, -0.73600939,  2.64929552,  1.78801997,
        0.4238606 , -2.51057752,  1.10489262,  2.403536  , -0.19665145,
       -0.05147763, -0.22891471,  0.18522424,  1.5036356 ,  1.05962249,
        0.8817835 , -1.18468174, -1.96352166, -1.14871426, -2.81263543,
       -0.69933901,  0.23060083, -0.31069617,  1.45913837,  1.51067098,
       -3.7395988 ,  1.48880648, -1.23062231,  0.61954153,  1.86272059,
       -1.5288477 ,  1.24118691,  4.89938891, -4.60647943, -1.3866307 ,
       -0.79090039,  4.06059734, -2.70631404, -1.95157124,  1.87663669,
        1.24832557,  1.34192923, -2.31533039,  3.67606694,  1.2331355 ,
       -0.08752122, -0.46794763,  0.49213777, -0.36850387,  2.16983428,
        0.36232022, -1.98097851,  1.44290645, -2.26380839,  1.04168383,
        1.18547788,  2.09451085, -0.74308296,  2.96357596, -1.25891043,
        2.10656488,  2.50298389, -0.0495309 , -1.11234122,  0.40486071,
        3.26787275, -0.82605212, -0.93550534, -0.1680822 ,  0.53744687,
        1.03629269, -0.7836664 ,  2.6492926 ,  1.05784634, -0.52615527,
       -1.76874176, -0.46793996, -1.67122411, -3.12644947,  0.48841448,
       -2.25728643, -2.23545112, -1.89041303,  1.3766663 ,  1.59491553,
       -1.42439117, -0.79461771,  0.46142975, -2.80491586, -0.87229723]), array([-1.47384202, -3.26235998, -0.41793019,  0.91330101, -0.36221659,
        3.09987935, -0.90122372,  1.96047586, -0.5393985 , -0.6466068 ,
        4.40977657,  3.23784059, -0.80354583, -0.37259187,  0.04580966,
       -3.06293184,  1.36829083,  3.21294236,  2.30938417, -1.08636838,
        1.41893548,  3.26615453, -1.64214629, -1.06574187, -0.70233992,
        3.50371984,  2.07664245,  1.93024853, -0.98611166,  0.13768777,
       -0.54907095, -0.33296463,  1.41746387, -3.82081529, -1.56211227,
        0.81447107, -0.70724207, -0.03986469,  1.26664204,  1.40015751,
        0.43262893,  0.82900667, -0.57100034,  1.99593607,  1.99426925,
        1.07618499, -0.58609736,  0.88404417, -0.66804904, -0.42052808,
        0.14510417, -1.48891753,  1.19073445, -3.42555583, -2.31775261,
        2.17214274, -1.60828796, -0.69810963,  1.05559456, -2.45980525,
       -2.61026776,  2.71648663,  2.22808835,  0.06805512, -1.47865248,
       -1.06432669, -1.43398264, -0.5312389 , -1.78949606, -1.55483389,
        1.57501835,  2.19018412, -4.05332437,  2.64373249,  0.60334474,
        0.55533242, -1.16932344,  1.00303602,  1.41204999, -1.39350426,
        0.51228678, -0.24968195, -3.02867445,  2.9825902 , -0.23750263,
       -0.90715313,  0.87726319,  1.13537735, -0.69369853, -0.69927892,
        1.02385248, -2.88145339, -3.13138855,  2.21713054, -0.83077803,
       -2.14717865, -1.74840558,  0.53495032, -2.0731734 , -1.33654106]), array([ 0.16554481,  0.20726356,  0.67440077,  0.79115949,  2.15629799,
       -1.30417652,  0.43655529, -0.40312045, -0.50201898,  1.21397579,
       -1.30327847, -0.34330643, -0.0527747 ,  0.22323942, -0.66387136,
        0.83185909, -0.81173982, -1.51042631, -0.62536379,  0.39760221,
       -0.94898986, -1.59309778,  1.04408988,  0.59931218,  0.23924074,
       -1.84812198, -1.40342144, -1.35222862, -0.11686123,  0.09883727,
        1.29505002, -0.32548975,  0.37762727,  1.48289844,  1.0621042 ,
       -0.72121873,  1.39776015,  0.59776742,  0.38022043, -1.32092353,
       -1.8302984 , -1.93597824,  0.4948785 , -1.65761973, -1.3682923 ,
        0.18496395, -1.45012176, -1.54230931,  0.27126604,  0.87999053,
       -0.38558323,  1.73196762, -0.09896029,  1.62315202,  1.14423998,
       -1.38434605,  0.54189794,  1.11659436, -0.89627109,  1.42971638,
        0.4754334 , -0.23096339, -1.03364077, -0.28606078,  1.47967082,
       -0.36727898,  0.45467966,  1.19483359,  1.06227763,  1.08146546,
       -0.51152902, -1.61412937,  1.30263   , -1.55514658,  0.39265969,
       -1.1659773 ,  2.19655565, -1.08349851,  0.52045854,  2.67116363,
       -0.4659203 , -0.09963506,  0.69837974, -3.52964837,  0.39534098,
       -0.46129512, -0.37624729,  0.91184345,  1.50763633, -0.11419991,
        0.46575516,  1.34294103,  1.24803926, -3.27076731, -0.37694521,
        1.64392291,  0.7391807 , -0.20651954,  1.22035042, -1.1927917 ]), array([-1.04420489, -1.24737841,  1.51777176, -0.31522773,  2.29093985,
        0.07536012,  1.00823168, -0.97978689,  1.78401665,  2.06291084,
        0.02975861,  0.93369054, -1.69308776,  1.41329931,  0.12795551,
        2.49070756, -0.56518334, -4.00227235, -0.20881945,  0.4535994 ,
        1.92297223, -1.71103711, -0.38434377,  0.20089874,  1.53941997,
       -2.11762085, -2.47268369, -1.38193925,  0.10081683, -0.20474582,
        1.34869439, -1.65510932,  3.4350119 , -0.0527114 ,  1.89669663,
       -1.73625883,  1.19982402,  2.84280866,  0.8722694 , -2.97086493,
       -3.83098448, -2.30622935,  0.22225414, -1.24470579, -2.46235319,
        1.00198978, -2.46341026, -0.75589117, -2.38575274,  1.00034489,
       -0.02999018,  0.71787725,  0.9013092 ,  1.09241782, -0.56669705,
       -2.61346132,  1.28557968,  1.18600226, -0.39125809,  3.69122094,
       -0.37031723,  1.04283721, -1.21106095, -2.06305841,  1.39871195,
       -2.10612745,  0.27871328, -0.22902541,  1.97617558,  0.40964035,
       -1.62201523, -2.8487211 ,  1.45850778, -3.38141837,  0.31031244,
       -2.07517425,  1.86497893, -0.77148962,  0.99321983,  2.87508386,
       -1.5476453 , -1.12310436,  0.56668526, -5.13621892, -0.80243392,
       -0.75303243, -1.66828629, -0.35098314,  2.74987491,  1.27588317,
        1.74019231,  1.75624066,  0.65743208, -2.15257935, -0.17051293,
        2.21434137, -0.69773404,  0.61527793,  1.53845572, -2.10376041]), array([  3.99088131,   2.36519202,  -4.91218298,  -0.86104973,
        -6.21409626,   2.9466946 ,  -2.64708817,   6.0429354 ,
         2.47083239,   3.48323273,   0.87449371,  -0.49454277,
        -0.79852806,  -3.20774415,  -5.24955868,  -7.08078499,
         2.97857908,   5.7037877 ,   0.57477745,   0.8745585 ,
        -3.18296374,   5.26181371,   2.66872585,  -2.53313035,
        -4.81228271,   0.20752938,   1.96125535,  -3.34731309,
        -2.03746378,  -3.44567236,  -0.21312684,   1.60153346,
        -1.28052785,  -2.95321132,  -2.44823868,   2.3686596 ,
        -0.19599335,  -3.41563078,   2.96723606,   0.16495865,
         7.37787463,   1.64084246,  -2.45643725,  -0.42926667,
         9.1361963 ,   2.42728355,   5.45970606,   3.62154201,
        -0.48319116,  -2.40179447,  -1.85029087,   1.89588932,
        -2.79271718,   1.48536053,   2.35640308,   0.66288918,
        -1.31470005,  -5.41446663,   6.18521765,  -7.97110325,
         0.6066985 ,  -4.34894432,   4.4743099 ,   3.60670206,
        -4.48787098,   9.32851047,  -0.13468828,   0.60757234,
        -1.49526024,  -3.93955185,  -0.82583603,   2.8791175 ,
        -2.70097793,  -1.66967235,  -3.2028475 ,   0.88840525,
        -3.37755637,   5.8308434 ,   0.06516147,  -6.22272336,
         2.61221324,   1.53007432,  -0.19735248,  12.46033651,
        -1.79014523,   1.86670156,   3.67793454,  -2.53657563,
        -4.42387758,  -3.02373087,  -4.88518821,  -6.74255625,
        -3.3017065 ,   3.00142488,  -0.50335931,  -8.43105643,
         2.54775949,  -1.49543676,  -3.00803464,   7.36838597]), array([-0.0472245 ,  0.06821882, -2.10168012, -0.58353103, -2.82093189,
        1.15457597,  1.15598044,  4.97716384,  2.36320576, -0.83118513,
        1.5040723 ,  3.31636594,  0.06684064,  2.45836397, -2.90120801,
       -1.99350847,  0.05537571,  1.94935608,  1.50442812, -1.36858325,
       -1.38584792,  5.23798783,  1.81398683, -0.52185144, -3.16931176,
       -0.39991148, -0.97086369, -2.19788272,  1.4711792 , -1.16896259,
       -0.79616945,  3.14182081, -0.4838638 , -0.37627642, -2.24131247,
        0.33942447, -0.36926191,  0.23878371, -2.02783324, -1.39564744,
       -0.79752365, -0.12012785, -1.52287503, -1.15947141,  4.64033628,
        2.07490437,  5.35940705,  1.27214794,  1.67930069, -1.30665138,
       -2.31773331,  0.90192964, -1.93549334, -2.08468085, -0.25311888,
        1.67123667, -0.19134802, -1.99189823,  1.12981536, -3.31438294,
        1.61885723, -1.58698146, -1.6803941 ,  1.17828125, -3.42489103,
        1.87106586,  1.97626523,  0.09434617, -1.00884109, -2.40999612,
       -0.3712047 ,  0.92106597, -2.99949733,  0.96128098,  1.67485776,
        1.09999935,  0.03546891,  0.22442386,  0.25959287, -6.52494114,
       -0.12661864, -0.65974914, -3.7980046 ,  5.17162633, -2.20457211,
        0.23237951,  1.37624698,  1.39454476, -1.68663324, -0.66119447,
       -3.15353733, -0.91197989, -3.07708994,  3.44210358,  0.15861557,
       -3.51378155,  1.95503739,  0.87248518, -2.76919492,  0.80622976]), array([ -6.62523398e+00,  -2.99175718e+00,   8.19554954e+00,
        -4.08335866e-01,   1.63936630e+01,   4.63791367e-01,
         1.40108180e+00,  -2.99489475e+00,   4.05591831e+00,
         5.57411691e+00,  -2.99747651e+00,   4.31309302e-01,
        -2.69350283e+00,   6.01605408e-01,   2.12330437e+00,
         2.78424482e+00,   1.64793033e+00,  -1.20038132e+01,
        -3.57445171e+00,   4.06610654e+00,   9.34538898e+00,
        -7.41134665e+00,  -2.69997310e+00,  -5.46596514e-01,
         8.32834535e+00,  -3.94804941e+00,  -5.29613186e+00,
         2.76323910e+00,  -2.14098200e+00,   1.92729247e+00,
         3.13351589e-01,  -8.35919568e+00,   7.60976419e+00,
        -3.30126569e+00,   5.54764996e+00,  -2.65401350e+00,
         1.31713865e+00,   8.76366989e+00,   7.57255506e+00,
        -4.00054745e+00,  -5.65719735e-01,  -1.05838436e+00,
         1.31471380e+00,   2.20001702e+00,  -9.84783990e+00,
        -3.38356137e+00,  -9.84862129e+00,   8.02089399e-01,
        -2.28152855e+00,  -7.89276272e-03,   1.30197659e+00,
        -1.18516133e-01,   9.70333214e-01,  -1.07580144e+00,
        -5.82916856e+00,  -8.50836727e+00,   1.88576705e+00,
         1.28995420e+00,  -1.59481253e+00,   1.07006104e+01,
        -4.19747392e+00,   7.66100212e+00,   9.96588386e-01,
        -7.21882542e+00,   5.78475493e+00,  -7.54486814e+00,
         1.72046903e+00,  -3.05544215e+00,   1.45162067e+00,
         5.95612665e+00,  -5.12844366e+00,  -3.68760454e+00,
         1.86044492e+00,  -3.68193995e+00,  -9.64427063e-01,
        -4.42490497e+00,   5.94461550e+00,  -4.63246385e+00,
         4.04183286e+00,   6.86729031e+00,   1.37590934e+00,
        -8.46537694e-01,   2.36245431e+00,  -1.93023306e+01,
        -4.04099652e+00,   4.35566872e-01,  -4.86286722e+00,
        -4.46225432e+00,   5.59945662e+00,   4.45834433e+00,
         3.36496677e+00,   1.27587456e+00,   3.03149389e+00,
        -3.95139445e+00,   4.95014067e-02,   1.12393436e+01,
        -6.29229762e+00,   3.29413464e+00,   7.39304565e+00,
        -9.79825429e+00]), array([ -4.21704054,  -4.51032802,   6.48884632,   0.15407676,
        10.96261262,  -2.99943839,   2.40357677,  -1.83922469,
         2.82981863,  -1.04069023,  -4.85913379,  -1.59547736,
         4.84154823,   6.02770691,   6.22251837,   5.30874577,
        -3.29801579, -11.11029365,   0.24308162,  -0.51063348,
        10.02958431,  -5.6475001 ,  -1.10529871,  -1.11662408,
         3.97025516,  -5.38977416,  -6.26312864,   1.79479429,
        -2.05212637,   0.85231713,   0.43829258,  -4.27926062,
         5.62410833,   3.41831476,   5.09901403,  -5.25172968,
         4.64765671,   5.9129375 ,   7.13181801,  -6.10477733,
        -4.1417394 ,  -2.91485518,   6.13193263,  -4.51623167,
        -8.20213194,  -4.22053011,  -7.55566119,   0.27193991,
         2.77573315,   1.41088463,   1.90777936,  -0.11992463,
        -2.13908966,   1.35874306,  -0.63279845,  -2.97233005,
         2.39065742,   2.23060519,  -3.71166017,   9.52795138,
        -4.84594342,   0.61332477,   0.5035796 ,  -8.18947551,
         9.47418485,  -5.29633851,   3.533155  ,  -0.75415177,
         2.90400288,   7.4688494 ,  -3.1934265 ,  -6.69327842,
         4.50959764,  -5.1036832 ,   2.50664542,  -8.33927242,
         7.07381052,  -5.36389951,   2.69633077,   7.23243279,
        -0.45284155,  -2.20618894,   2.56763564, -19.59120527,
         1.24017595,  -1.4558897 ,   1.08289769,  -3.29241069,
         9.36467433,   5.9046242 ,  -2.9726742 ,   6.8374651 ,
         4.68000086,  -6.09817706,  -2.09046211,  11.73822969,
        -4.38911702,   2.14656808,   5.81982699,  -6.39358288]), array([  5.29407667,   1.09614817,  -7.00028827,  -1.26833359,
       -13.79132176,   2.74142992,  -2.80785334,  -2.83095757,
         0.11717095,  -3.72767449,   7.15006486,  -1.16522832,
         0.42880967,  -4.70870911,  -0.38928113,  -2.47636523,
         2.83072511,   6.10059179,  -0.20410424,  -3.55746596,
        -3.86683303,   6.41219999,  -2.99112458,  -1.47339106,
        -5.96271423,   5.68214227,   4.96297368,   1.41957986,
         3.77820887,   0.19444917,  -2.53140269,   1.68164693,
        -5.61172393,  -2.51779369,  -1.22368034,   6.32019093,
        -5.43039381,  -1.84220227,   0.24422195,  -0.0788373 ,
         1.94989407,   3.97407382,  -3.75198492,   5.22022557,
         9.87879712,   0.94254707,   3.48959348,   4.03515732,
        -2.14823621,   1.22540535,  -1.09525097,  -1.62228824,
        -1.74778367,  -0.67118329,   2.45553411,   5.54763919,
        -0.46716184,  -2.93865836,   4.26662234,  -7.25428943,
         0.98271784,  -1.68548798,   0.37954538,   4.99742121,
        -3.97134974,   0.93952651,  -5.60491193,  -0.83820621,
        -7.94410674,  -5.71261789,   4.33174415,   3.4164182 ,
        -0.25593856,   5.07647806,  -0.70805647,   4.17263932,
        -1.38280207,   5.9332715 ,  -0.25570669,  -5.77918963,
         2.05452315,   0.82688923,  -5.196734  ,  13.45163618,
         2.42815507,   4.88871374,   3.90263636,   2.3989692 ,
        -4.1888443 ,  -1.02579049,   2.09298178,  -0.76194925,
         0.47992962,   5.33341942,  -2.18131077, -10.3556781 ,
         2.86550547,  -0.31275827,  -4.86294697,   7.76592834]), array([-2.19877868, -3.90567698,  1.57866166,  1.01913297, -1.05290237,
        0.00879854, -1.59995398,  2.43107829, -1.16260211,  2.64682836,
       -1.91119269,  1.20290147, -4.1607728 ,  3.90300985,  1.64774957,
        3.08007566, -4.04648183,  1.77041524,  4.54234467, -1.03272529,
        0.27134961, -1.91936847,  0.23749739,  1.56853831,  1.15622876,
       -3.1765721 , -2.94474093, -6.2492404 , -2.89988226, -5.50521767,
        3.38048504, -0.81009769,  5.79331067,  0.57947953,  2.32875688,
       -8.32776546,  5.62993039, -0.10914776,  2.28012818,  0.32053478,
       -0.61468145, -2.50990486,  5.22896774, -7.96586672, -4.9692373 ,
        3.06502844,  1.51590549, -5.55802914, -2.2619651 ,  1.22217528,
        2.58200314,  3.21861982,  1.74015866,  6.02819269, -0.4974954 ,
       -3.26394602,  0.11397608,  1.89984292,  1.11163122,  4.09967773,
       -2.06677017, -0.87026028,  2.49609471, -3.80319653,  0.35792124,
        2.44744191,  1.42095868,  1.49390864,  6.10530504, -2.45777374,
       -2.360029  ,  0.78352032, -0.68792005, -7.53187882, -0.75828568,
       -2.52934388, -1.03143102, -1.8324259 , -0.18711439,  4.11181367,
       -1.82805602, -1.78480393,  4.59412876, -1.67638971, -2.28346313,
       -5.70990113, -0.51702797, -1.71314468,  2.26223004, -1.17473027,
        0.36967657, -1.57099751, -3.80715025, -3.84011334,  1.69281128,
        0.16627495, -0.77794074, -2.3876356 , -2.52156066, -1.81425028]), array([ 0.79675926, -1.17189488,  0.9591354 ,  0.52424059,  0.77243139,
       -3.98049855, -1.31816589, -3.91358204,  0.90900224, -0.04350234,
        1.24956672, -0.56807097,  1.6807592 , -1.13276157,  4.0058054 ,
        0.74695464, -1.61569565, -3.07201717, -0.36103916,  0.36199431,
        0.51446681, -2.80257051, -4.2402135 ,  0.93878277,  0.71642872,
        1.57125142,  0.43580653,  1.91835129, -0.07749341, -0.15609771,
       -0.75685495, -1.04176262,  0.13468881,  0.42949232,  2.21847155,
       -0.29242493, -2.86453827,  1.94434143,  2.96264543,  0.60991464,
       -4.06991546,  1.78061117,  1.16775917,  0.78078831, -4.18564252,
       -2.03948069, -3.18869078, -3.7330435 , -1.09419505,  2.3813107 ,
        3.02442913, -2.46932947,  1.88759139,  2.02183081, -0.32979822,
       -2.76678129,  0.97271383,  3.00942584, -1.39522754,  3.55439627,
        1.15821152,  2.60710318, -2.03135197, -1.00830827,  4.7329262 ,
       -3.15303224, -0.42470197, -0.52644793,  0.58926237,  2.86070263,
       -0.41800485, -0.46035298,  3.90542325, -0.8853401 ,  0.95133848,
       -2.41194258,  0.51211921, -1.52638643, -0.38978813,  3.54551183,
        2.56650144,  0.29002916,  0.88820722, -4.91211735,  1.45678313,
        1.51356602,  0.62308044, -0.4630665 ,  4.15785793,  1.56763007,
        0.33231485,  1.67995675,  2.76651   , -1.53307549, -0.62762244,
        5.54979022, -3.1912934 ,  0.57258747,  0.50115666,  0.17328564]), array([ -4.21976779,  -2.45537356,   7.29739999,   0.70101356,
        10.92987934,   1.19339972,   2.72783579,   0.99147031,
        -0.35097404,   2.54111121,  -6.21649735,  -0.8763686 ,
        -1.39084714,   4.5750898 ,   0.76992109,   4.46379273,
        -2.37834315,  -5.06614134,   0.32508542,   2.07360791,
         6.3493186 ,  -6.2587828 ,   3.48842966,   0.94400463,
         6.04978847,  -5.87959094,  -6.83791192,  -1.63137221,
        -4.11035421,   2.55362556,   3.96707358,  -4.73771282,
         6.43112979,   1.98962922,   3.52390711,  -5.91321369,
         7.71051797,   2.65737108,   0.98942792,  -3.65068605,
         1.18144348,  -7.47742607,   3.97666012,  -6.02608067,
        -8.15311889,  -0.13614933,  -5.24926118,  -1.3809181 ,
        -0.27783291,  -0.6975666 ,  -0.80048527,   3.9723522 ,
         0.47628699,   2.00196433,  -0.71775696,  -3.87563379,
         0.47159588,   1.27314678,  -2.32981339,   8.30130477,
        -3.95875033,  -0.47448839,   1.68598351,  -6.09771042,
         2.83129429,  -2.1030349 ,   2.21266109,   0.81166999,
         6.24163763,   2.88696582,  -2.84905119,  -4.23127619,
         0.13498232,  -7.33891287,  -1.00220284,  -4.53987413,
         4.68978671,  -6.08994412,   1.00989369,   7.66928828,
        -4.70807747,  -1.96719562,   3.90022647, -14.5854802 ,
        -0.64420199,  -4.959232  ,  -4.67772822,  -1.90270921,
         3.22216034,   1.86832412,   1.16141168,   4.34214567,
         0.90892232,  -7.90830606,  -0.47560797,   7.12905029,
        -0.92007044,  -1.19177518,   4.21158425,  -7.46420201]), array([ -3.89646123e-01,  -2.54394617e+00,   5.03246504e-01,
         2.51366086e-01,   1.03373533e+00,   1.30266321e+00,
        -5.03536178e-01,  -1.19065774e+00,   3.02416023e+00,
         6.58456423e-01,   1.86505597e+00,  -5.97812289e-01,
         7.78189125e-01,   1.32847627e+00,   2.91841897e-01,
        -2.57962317e+00,   1.00083412e+00,  -3.96148389e+00,
         1.36265403e-01,  -3.82166116e-01,   2.69470072e+00,
         7.34196985e-01,  -2.57498855e+00,  -1.02511495e+00,
         1.00646312e+00,   1.33031145e+00,  -2.53058710e+00,
         7.36071912e-01,  -2.23967584e+00,   1.01755100e+00,
        -8.05701281e-01,  -2.48259959e+00,   2.88662448e+00,
         6.27463366e-02,   3.08711954e+00,   2.61442445e+00,
         1.99913252e+00,   2.56197398e+00,   4.69737883e+00,
        -4.29064091e+00,  -1.89579889e+00,  -7.78952981e-01,
         2.36169183e-01,   2.53193832e-01,   7.67595810e-01,
         1.28642937e-01,  -2.18027797e+00,   1.12387218e+00,
        -2.58887987e+00,   2.62237912e+00,   3.33173649e-01,
        -1.17622792e+00,  -1.46172272e+00,   3.40259568e-01,
        -2.64947810e-01,  -5.12014416e-01,   1.24790617e+00,
        -5.02321235e-01,  -2.02274238e+00,   1.06431134e+00,
        -2.44189236e-03,   4.41587291e-01,   1.87967380e+00,
        -3.68467619e+00,   3.31491578e+00,  -1.22332831e+00,
        -1.70289386e+00,  -1.07622459e+00,  -1.27740154e-01,
         1.81811167e+00,   9.16340392e-01,  -1.81794577e+00,
         8.58122203e-01,  -1.30448272e+00,   5.04455927e-01,
        -2.12900175e+00,   2.07002704e+00,  -3.55829772e-01,
         1.97508676e+00,   2.68901142e+00,   1.62069112e+00,
         1.41045146e-01,  -1.56050283e+00,  -5.92336705e+00,
        -9.67941208e-01,   1.99937012e+00,   5.55362672e-01,
        -1.59231095e+00,   2.99275668e+00,   2.78181589e+00,
        -4.49767841e-02,   1.30762931e+00,   7.99330340e-01,
         5.40762982e-01,  -2.84681902e+00,   1.78320157e+00,
        -1.58691845e+00,   1.21189882e+00,  -5.07172581e-03,
        -8.79389267e-01]), array([ 1.03744671, -1.95111041,  2.47733947,  1.42790498,  1.48262774,
       -1.6642931 , -2.98459473, -2.09391829,  1.85045535,  0.87134077,
        1.20020516,  0.31041089,  2.0775372 ,  0.90555238,  3.589592  ,
       -0.74182664, -1.82637852, -2.59801169,  1.8665799 ,  1.33986491,
        3.81582993, -2.74904895, -5.10822223, -0.46739898,  2.95458594,
        3.39860363, -0.97542308,  3.14654108, -3.52345212, -0.23588838,
       -0.28160965, -1.60267426,  2.33119273, -0.64637455,  3.57715762,
       -1.35125647, -2.27783906,  1.41132881,  3.89460348, -0.24239601,
       -1.14056473,  0.63199039,  1.61607784, -0.98008757, -5.86378561,
       -0.85949298, -2.81121332, -4.21220375, -1.73122404,  1.38633692,
        3.02232535, -3.27910092,  3.05712627,  2.24212824, -2.36006902,
       -4.78133035,  0.62360419,  2.27272065, -1.69184487,  3.95634936,
       -0.3242808 ,  2.18918998,  1.04351534, -3.17509084,  3.91254636,
       -2.39146608, -1.05547823, -1.38893816,  2.08939405,  3.20664657,
       -0.48722305,  0.49267297,  1.28341623, -3.70316257,  0.16917272,
       -4.11164511, -1.23188577, -2.77228213, -1.34813134,  4.07986106,
        3.15447458,  0.15381065,  2.22173091, -5.41841359,  0.93706768,
        0.136785  ,  1.12949177, -2.32434292,  5.05579583,  2.35488693,
       -1.02626363,  0.18153508, -1.1783279 , -1.14457635, -1.87104896,
        6.56099704, -5.83314856, -0.55834486, -0.89678273, -1.50830922]), array([ -6.2439566 ,  -7.72991737,  10.19959405,   0.70675479,
        15.74402375,  -0.05280142,   1.26454356,   1.02328792,
         3.1285936 ,   3.23603324,  -7.36564547,   1.9617204 ,
        -0.33217519,   7.17390172,   3.9381664 ,   6.96308382,
        -4.02453621, -11.99674925,  -2.30699664,  -0.46659811,
         6.81090632,  -4.53851258,   0.99385281,  -1.62635351,
         2.28131848,  -8.62774856, -12.62728633,  -1.3279703 ,
        -1.13689587,  -0.61321796,  -0.51657267,  -3.86073413,
         9.30890212,   3.10651259,   7.23148454,  -9.30722248,
         8.58964104,  11.40007095,   4.36347434,  -7.07742487,
        -8.11365856,  -7.82947582,   7.92086617,  -6.24526736,
       -11.04426768,   0.37030356, -10.35405533,  -1.54794553,
         2.18305917,  -1.27781266,   0.45860227,   2.78057486,
         0.43878112,  -1.42682299,  -3.7160425 ,  -7.61024133,
         0.49548083,   2.62654249,  -6.96216947,  11.51708584,
        -3.32528388,   1.18665292,  -1.63523832, -10.42732761,
         4.79359406,  -4.91302299,   6.31413712,   1.13214884,
         7.88883079,   7.07383053,  -3.26773662,  -8.06801097,
         2.13746988,  -9.53433804,   2.21532068,  -7.95980319,
         9.18771618,  -8.0132834 ,   4.26134665,   7.39795838,
        -1.29581762,  -0.52877304,   3.70372745, -22.18065807,
         2.21923732,  -4.48643739,  -5.00912692,  -2.41826074,
         7.17463486,   7.03322817,   3.22126597,   5.04030228,
         0.88051862, -10.31707213,  -0.53337878,  13.7335597 ,
        -2.3168594 ,   2.10889939,   1.81506579, -12.69258692]), array([ -6.80152301,  -2.82121959,  10.05458657,   0.87001861,
        17.54041563,  -6.13653779,   4.47699323,  -4.18772301,
         2.10402619,  -1.8232574 ,  -8.42036185,  -2.49900395,
         4.81341505,   5.67023949,   7.02030741,   8.44961275,
        -4.007901  , -14.75316454,  -3.01958979,   1.8461373 ,
         9.08841514, -12.43432576,  -3.18983622,   2.199208  ,
         6.66206521,  -8.91524841,  -6.68470625,   0.65971675,
        -2.57630077,   1.91352481,   0.60444533,  -5.79642213,
         5.32259376,   6.19993589,   7.00939317,  -7.50645272,
         4.7506901 ,   8.31164326,   2.56826275,  -4.3985418 ,
        -6.56125368,  -4.57004745,   6.58207695,  -4.90507354,
       -16.35220954,  -5.20724316,  -8.22000325,  -5.0180282 ,
         2.40889468,   1.87423619,   3.11947985,  -0.63342098,
         1.97962304,   0.98700293,  -1.5046591 ,  -4.93800593,
         3.56233807,   3.42252934,  -9.02053645,  13.42416687,
        -0.92670918,   2.8569835 ,  -3.80381345,  -9.80918317,
        11.34255036,  -7.344254  ,   3.8339914 ,  -0.04508851,
         5.42297784,   8.83295965,  -4.18769616,  -6.34444603,
         6.28649002,  -4.48543934,   2.379028  ,  -6.98417816,
         6.74109736,  -9.80121996,  -0.51764477,  10.30127758,
        -3.63619331,   0.69211913,   5.82898061, -25.59614325,
         1.82372723,  -1.04586999,  -4.97897699,  -1.48720015,
         9.51361633,   5.72333998,   0.87634856,  12.27908902,
         5.98694759,  -8.3252106 ,   0.43782728,  20.64085325,
        -3.94726614,  -1.74974888,   6.48038741,  -9.65837688]), array([ -8.31045702e-01,  -8.72511866e+00,   8.88071944e+00,
        -2.87384929e+00,   8.41631910e+00,   5.50424814e+00,
         1.07788534e+00,  -2.77809717e+00,   5.61737360e+00,
         1.05361606e+00,  -3.20237728e-01,   3.18124467e-01,
         9.81278082e-01,   4.52821708e+00,   3.41523478e+00,
        -6.27446831e-01,   4.68966397e-01,  -1.04561544e+01,
        -1.31066103e+00,  -1.36352280e-01,   1.08209607e+01,
        -5.63135652e-01,  -3.19619444e+00,  -4.84624618e+00,
         3.95978218e+00,  -4.06028717e+00,  -1.13333446e+01,
        -4.89382951e-02,  -1.89271257e+00,   5.25754009e+00,
        -5.45681337e-01,  -6.20977140e+00,   1.01219101e+01,
        -6.24399959e-01,   7.52301342e+00,   8.52053646e-01,
         7.20984406e+00,   1.02555052e+01,   8.87327101e+00,
        -1.25520761e+01,  -2.60851335e+00,  -7.44668073e+00,
         1.76450739e+00,  -1.89040656e+00,  -2.82051817e+00,
        -1.42348227e+00,  -1.05853975e+01,   2.43972659e+00,
        -3.96883579e+00,   1.64604107e+00,  -1.18542907e+00,
         2.20204654e+00,  -4.50913576e+00,   3.78411968e-01,
        -1.40543748e+00,  -1.46592627e+00,   1.86146560e+00,
        -1.61821761e-01,  -3.38957984e+00,   7.99756786e+00,
        -6.30917350e+00,  -6.42375799e-01,   4.45862928e+00,
        -7.58790140e+00,   6.07456189e+00,  -3.20441953e+00,
         2.72475100e-01,  -6.96134809e-01,   2.81703379e+00,
         3.24994184e+00,  -1.37818154e+00,  -4.18277553e+00,
         2.44965443e+00,  -4.48781585e+00,   6.38068517e-01,
        -5.51053736e+00,   8.02341734e+00,  -6.84545973e-01,
         3.08832315e+00,   8.59801356e+00,  -3.14889200e+00,
        -3.02480958e+00,   5.30481753e-01,  -1.94094443e+01,
        -3.10725585e-01,   2.96983351e-01,  -4.08011682e+00,
        -1.77318258e+00,   5.44981304e+00,   6.90138766e+00,
         4.05642597e+00,   4.30363312e+00,   2.76069171e+00,
        -4.18924725e+00,  -4.78002839e+00,   6.78173516e+00,
        -7.56698693e-03,   3.51929743e+00,   2.24639641e+00,
        -4.53383386e+00]), array([ -0.31298788,   7.41002632,  -7.75765031,   1.91156458,
        -9.076727  ,  -2.97164363,  -0.90634492,  -4.43462244,
        -4.12690158,  -5.11992351,   2.63664967,  -5.08643533,
        -0.30087082,  -4.63192448,   0.96637361,   0.03171916,
         1.25320966,   4.93066836,   2.04064541,   0.77960816,
        -1.73072942,  -0.31484961,  -1.74882335,   2.57234563,
         0.68772386,   4.76117099,  12.65830279,   0.6514892 ,
         1.65943222,  -2.21360023,  -0.85658236,   0.07690988,
        -8.34737143,  -0.5875507 ,  -3.16897504,   3.35462006,
        -6.72575392,  -8.73011469,  -0.38882663,   6.93500078,
         2.41706302,   8.57807606,   0.04031071,   4.0934191 ,
         5.63616807,  -4.24597315,   8.56627118,   1.95286143,
        -3.40927252,   5.33837035,   2.08139038,  -2.65661827,
        -2.80019034,   4.68467591,   4.66406136,   6.90386695,
         3.64701377,  -0.78468967,   4.66707868,  -5.88910209,
         2.60211108,   1.61227527,   0.74417659,   4.19222958,
         2.266539  ,   0.80865445,  -3.94603253,  -2.35496687,
        -7.15600786,  -5.5744859 ,   4.00468396,   6.57810112,
         2.42126401,   7.78060405,  -0.44447911,   7.98380593,
        -4.67010386,   5.90764092,  -0.97959058,  -2.7149424 ,
         1.42806342,  -0.94914419,   0.66282359,  12.4242365 ,
        -2.56005468,   4.37749908,   3.31242562,   0.78861251,
        -4.95767209,  -4.54271482,  -3.93697644,  -3.11971445,
         2.66878057,   8.40309113,   2.83590166,  -9.14500618,
         0.73815433,  -0.17364637,   1.82333331,   7.67617405]), array([ 2.92273772,  0.6630672 ,  4.48797908, -1.43187025,  1.7436399 ,
        3.19279191, -3.29953522,  3.92757917,  1.1614508 ,  1.52770278,
        2.0325466 ,  0.50411677,  5.07070481, -1.47691701, -2.71614249,
       -2.15982045,  1.19808332,  3.68544254,  0.63005678,  0.58916314,
        5.14482767, -2.07792693,  2.15481502, -1.83964147,  5.00992893,
        1.06294165,  0.04095859,  3.23065503, -5.04570912,  1.68354063,
       -2.25345165, -2.11022107, -1.60204067, -2.69090629, -0.54455953,
        4.75277905, -3.04133442, -1.01797425,  4.57788752, -0.70251215,
        6.92363209,  0.34234537, -2.59570998,  0.5649383 ,  1.09466673,
       -0.84612111, -0.20610379,  1.96626749,  0.85423165, -1.07990882,
       -2.89897779,  2.17957384,  0.46677234, -4.21957898, -0.54472356,
        0.37113887, -2.07648295, -1.73280995,  1.04214376, -1.01822133,
       -6.30542617, -0.56823924,  6.67958688,  1.01530221,  3.59556601,
        7.35934221, -0.47798044, -6.49429652, -2.66139934,  1.43654796,
       -2.56029551,  4.30283425, -5.59292433,  1.11553303, -1.97427608,
       -5.96783734,  0.88507551, -0.2969411 ,  0.36533717,  1.08400819,
        0.85204693,  1.23979846, -2.03755878, -1.23946463,  1.53146475,
        3.77185143, -0.88158505, -3.61770735,  2.15346616,  3.92154471,
        0.65483303,  1.08249381, -0.16886333, -1.27874766,  0.27539967,
        2.40979364, -3.02968928, -0.80974243,  2.84571454,  0.95083451]), array([ 3.31949419, -1.77714254, -0.53261236, -0.06012631, -1.25683663,
       -3.25258445,  0.04810541, -0.3459198 ,  0.62002476, -0.07903738,
        5.02458345,  2.86405262,  2.43222251, -1.06971811, -0.28003015,
       -2.36045461, -1.58900567,  2.97591035,  0.55748313, -1.39160072,
       -3.38761951,  2.60775911, -2.02877957,  0.93706647, -1.84337811,
        3.1785954 ,  0.20714021,  1.44383714,  0.8791797 , -1.52809761,
       -3.06983748,  2.94204294, -2.35335572,  0.37477169, -1.93462575,
        3.96146532, -4.1054609 ,  0.80852817, -1.41460478,  0.89265328,
       -4.42573449,  3.9730441 , -3.11182485,  3.15166774,  1.69193907,
       -0.16215059, -0.67845382, -3.20466388,  1.1153482 , -1.0898674 ,
        1.42576295, -1.33982181,  2.46877812, -3.89629816, -0.51406837,
        1.04751653, -0.68600771,  3.6661504 , -0.43325976, -1.46990519,
        1.94741853,  1.04989288, -2.13199311,  3.88911917,  1.02838798,
        0.448666  ,  0.81729011,  1.0597623 ,  0.08115213,  2.78561838,
        0.2827221 ,  0.21507386, -0.38731705,  3.46848591,  1.95213689,
       -0.39193228, -2.41248981,  0.65909941, -1.28676313, -2.72238248,
        2.42429088,  1.3212539 , -4.14040616,  3.33931278,  2.92625323,
        1.34109242,  1.80452877,  0.44975293,  0.36300835, -0.58602913,
        0.56370203, -0.26644547,  1.60799746,  2.37057091, -0.39598323,
        2.2611837 , -1.15400288,  1.77055367, -1.91054771,  2.06463846]), array([ -2.76689741e+00,   1.28849247e+00,  -4.06566181e+00,
         1.59253807e+00,   1.58452784e+00,  -1.20436620e+00,
         1.15714123e+00,   7.09956721e-01,   3.32095071e+00,
         1.21060458e-01,   2.39247142e+00,  -1.90270863e+00,
        -1.65378042e+00,  -2.63772669e+00,   1.29774076e+00,
        -3.81192922e+00,   1.94187460e+00,   1.06048942e+00,
        -2.91347849e-01,  -3.14728599e-01,  -1.49716492e+00,
         2.14981180e+00,  -2.30164746e+00,   8.84739565e-01,
        -1.72123541e+00,   6.70685314e-01,   4.59908600e+00,
        -5.84873405e-02,   4.57015097e-01,   6.59773707e-01,
        -2.23211001e+00,  -1.07676954e+00,   8.42031539e-01,
        -2.25672455e+00,  -3.53093831e+00,   9.03118025e-01,
         9.88633349e-01,  -7.13698778e-01,  -3.35339015e-01,
         3.41150975e+00,  -1.48233366e+00,   2.13069907e+00,
        -5.02972269e-01,   3.95889845e+00,   1.58570635e+00,
         1.42999396e+00,   7.90312392e-01,   4.60343283e-01,
        -2.57545473e+00,   6.18309859e-01,   4.92510469e+00,
        -3.72333563e+00,   2.61140094e+00,  -4.77385033e-01,
         1.69230397e+00,   1.82680330e+00,   3.06413742e+00,
        -2.15924346e+00,   3.00972067e+00,  -2.01362444e+00,
         2.45212702e+00,   5.72555502e+00,  -2.35028410e+00,
        -2.06924432e-01,  -1.41569151e+00,  -4.47909561e+00,
        -1.15214676e+00,   2.42461035e+00,   1.10308814e+00,
        -1.14665407e+00,  -6.53872844e-01,  -2.14172263e+00,
         6.70840657e-02,   9.70362235e-01,   4.10158057e-01,
         1.25891563e+00,  -2.71837717e+00,   7.99557025e-01,
         8.44622122e-01,  -1.23870970e-01,   6.79126453e-01,
         6.51364264e-01,  -3.75603770e+00,   2.34223650e+00,
        -4.13508540e+00,   1.26347850e+00,   6.05785335e-01,
         7.70812749e-01,   1.15114704e+00,  -1.05547614e+00,
        -9.87361743e-01,  -2.06412463e+00,   2.50494098e-01,
         4.94242533e+00,  -3.36939499e-03,  -3.78137424e-01,
         2.42964491e+00,   2.26938955e+00,  -1.09675003e+00,
         1.05146044e+00]), array([-0.21419627,  2.24122287, -1.20485516,  0.84665589, -2.34966655,
        1.78601814, -4.42553916, -0.95206544, -3.17857054,  1.62721767,
        2.70189329, -4.15039851, -1.56123107, -4.3627759 ,  2.7848836 ,
        1.24615913,  0.46285964,  3.49743095, -0.10523189,  1.08277941,
        3.56682462,  2.35069585,  0.82058179, -0.17968664,  0.58661546,
        5.50410327,  3.37322238,  3.07335348,  1.60442476, -0.42781115,
       -3.37768782, -1.5560077 , -4.86980557, -4.5178628 , -1.59576165,
        0.55512195, -5.99894084, -2.570247  ,  1.80145883,  4.46271123,
        3.12988753,  2.51990732,  0.96593816,  4.91751781,  3.82834447,
       -1.33150306,  1.83606902,  3.6778166 , -2.48220389,  0.85399681,
       -0.61465691,  0.71539745, -1.7344141 ,  0.39465996, -0.15366156,
        1.34010388,  1.28190735, -0.42276383,  6.22235093, -3.21899426,
       -3.27228359,  2.36549593,  3.65731252,  1.36519751, -1.49254831,
        2.07764981, -0.44043009, -3.82386027, -5.00604199, -2.07174378,
        1.953417  ,  4.80475572, -1.07414794,  2.94433315, -0.98187431,
        1.77113684, -0.40368931,  3.43318702,  2.85206594, -3.49744555,
        2.58022631, -0.85700837, -3.30273603,  7.51317   ,  1.67153304,
        4.380345  , -0.48252947, -2.68159312, -3.76185855, -0.31659871,
       -0.41021833, -6.08155519,  2.33573032,  3.69449575,  1.29292   ,
       -5.78242491, -2.96391599,  3.34841076,  2.51075692,  1.63779971]), array([  4.37035188,   5.00550412,   0.18323093,  -2.15812548,
        -8.83469275,  -0.78522113,  -0.94857316,   1.20534182,
        -7.70282796,  -5.11730051,   3.30134057,  -3.80771899,
         5.36732776,  -4.6881045 ,  -1.08716078,   2.9914574 ,
        -3.69954092,  11.53755277,  -2.64286525,  -1.16649324,
        -2.19607751,   1.22177699,  -0.06901757,   2.35543923,
        -0.83160527,  10.83758651,   4.62093125,   3.52275366,
         1.85172207,   4.91597913,  -5.08798958,   1.87608881,
        -8.07263622,   0.44657172,  -3.75823273,   9.96985905,
        -9.19827567,  -5.34637757,  -9.63221173,   5.67205553,
         5.28213118,   6.4955359 ,  -3.48385727,   1.80361546,
         6.73945997,   2.47253166,   7.97247803,   0.50784583,
         1.46635433,  -0.03316262,  -1.22271099,   0.05960476,
         2.13210806,  -6.13812203,   1.93815138,   9.31283684,
        -2.97194214,  -0.0862209 ,   0.46372523,  -6.55454291,
         4.79957365,  -3.04812769,  -0.89766423,   4.58936498,
        -3.18496172,   4.08301724,  -4.03336361,  -3.25628996,
        -5.59364794,  -2.53507235,   5.6146974 ,  10.34043894,
        -4.83744726,   7.63329271,  -2.56305903,   2.99425364,
        -4.64961741,   1.21432567,  -0.96166178,  -8.80304916,
         0.12754501,   3.31440919,  -5.53454248,  14.22285458,
         7.6316332 ,   3.47911133,  -0.34613123,   1.77793701,
       -11.04648832,   0.98486728,  -0.70096664,   3.37534616,
         1.72343202,   7.91520289,   0.0192316 ,  -7.36670334,
         0.02613387,  -2.00445124,  -2.17704865,   1.86385466]), array([ 4.52869469, -3.971397  ,  0.09645307, -3.14008884, -3.14608365,
       -0.4335507 , -1.19381768, -1.30067059,  0.97003485,  2.08420023,
        2.50621283,  0.61330308, -2.46796338, -2.41151216,  3.39672662,
        0.9972891 ,  2.13780371,  5.04522242, -5.25142116, -4.36200331,
        0.17981076,  4.46783429, -2.68509038, -1.96123558, -1.56019567,
        6.33391954, -3.1520887 ,  4.7843975 ,  2.56170271,  5.89417881,
       -8.01106825,  1.1372167 , -1.27767114,  0.2800077 , -1.9552817 ,
        1.1256752 , -3.30529495,  3.53519604, -1.46167432, -0.02521831,
        0.50895841,  5.54158737, -4.25465519,  4.49923524,  0.94757407,
        0.71007576,  0.09356975,  1.02688219,  3.32528409, -4.91495088,
        1.39063754, -1.4896344 ,  1.470753  , -6.70178155, -1.09405635,
        2.35986766,  0.08597471, -1.0813271 ,  0.38227824, -0.47962382,
        1.13322613,  2.53652462, -1.00897534, -1.69052574, -2.14551561,
       -2.78606825, -0.30983143,  1.62194699, -0.12049465,  0.37944494,
        0.99255216,  0.7550086 , -4.0103433 ,  4.75856867,  0.04956122,
       -0.52865245, -3.20437738, -0.02328063,  2.82236275, -4.07853366,
        1.63614968,  0.07341874, -8.08601173,  6.73237781,  1.15607917,
        2.3728018 ,  0.51101471, -2.43535396, -4.3440364 , -0.88619915,
        4.27596951, -3.63456868,  3.81649804,  1.53213488, -0.43289056,
       -0.5828992 , -0.12244003,  2.76113452, -3.41524968, -2.04349617]), array([  2.29043879e+00,   2.13495639e+00,   9.48743624e-02,
        -8.53500475e-01,  -2.23338884e+00,  -2.53987476e+00,
        -6.12122037e-02,   2.66203661e+00,  -1.25989297e+00,
         1.72507385e-01,   1.86174138e+00,  -1.30984956e+00,
         2.40082309e+00,  -9.30623394e-01,  -2.73016716e+00,
        -2.49449694e+00,   6.00402850e-01,   4.05569258e+00,
         4.27523274e+00,  -6.43341439e-02,   3.30128015e+00,
         1.00384513e+00,   3.11196976e-03,  -2.54794820e+00,
         1.35942261e+00,  -5.30856932e-01,   2.15827232e+00,
         9.23673890e-01,  -3.99293763e-01,   8.63785190e-01,
         1.00393167e+00,   4.23156390e-01,   1.66660469e+00,
        -3.63496221e+00,  -2.07232238e+00,   3.68407439e+00,
         1.55672193e+00,   2.03109642e-01,   3.56349947e+00,
         2.05252022e+00,   6.78099555e+00,   7.11685221e-01,
         1.10558376e+00,   8.90947280e-02,   7.23467873e+00,
        -2.60744654e+00,   3.44862839e-01,   5.58154170e+00,
        -2.24143074e+00,   2.23786578e-01,  -1.68484941e+00,
        -8.96334575e-01,   1.53417219e+00,   1.90871592e+00,
         7.76475858e+00,   3.79611465e+00,   2.62846979e-01,
        -2.00466609e+00,   4.07399528e+00,  -4.18918006e+00,
        -5.11180228e-01,   8.68592978e-01,   3.61147677e+00,
         1.67455068e+00,   3.54408199e+00,   5.42655025e+00,
        -1.85111254e+00,  -5.98992312e-01,   7.42138005e-01,
        -1.72758235e+00,  -3.73081120e+00,   1.40478794e+00,
        -2.34706817e+00,   4.27791552e-02,  -3.71800426e+00,
        -1.53423063e+00,  -2.72719278e+00,   3.69475890e+00,
        -4.05950547e+00,   6.15717551e-01,   1.09126772e+00,
         1.75959217e-01,  -1.29315484e-01,   1.41614478e+00,
        -3.24453075e+00,   3.77660740e+00,   1.84133118e+00,
        -1.90089899e-01,   1.63292188e+00,   1.07919297e+00,
        -3.21388832e+00,  -2.58902284e+00,  -1.12167943e+00,
        -1.87518318e-01,  -7.84018198e-01,  -3.64659897e+00,
         4.40603693e-01,  -2.09262885e-01,  -3.31411694e-01,
         4.62568292e+00]), array([ -2.68189623,  -9.18690074,  10.15068906,  -2.28325228,
        13.71741673,   3.40250768,   2.90262477,  -5.01947046,
         1.1480818 ,   7.92266173,  -3.74180764,   2.56586344,
        -2.70929598,   1.59836995,  -3.08658784,   7.89720751,
        -2.329859  , -12.19717178,  -5.18481523,   0.39920173,
         3.83784855,  -8.36223709,  -2.3805724 ,   0.80261746,
         3.62844803,  -1.19889169, -13.59504673,   3.24086028,
        -2.10003083,   5.41461555,   3.98157201,  -9.14532158,
        11.41511499,   1.17238233,   9.56073384,   1.27562937,
         6.03596851,  12.37271823,   3.01628687,  -8.95000744,
        -2.18739035,  -5.95270428,  -0.98653669,  -2.52160675,
        -9.47000864,   3.012632  , -16.35841205,  -1.21928063,
        -2.55562066,  -0.61634579,  -1.57583565,   2.27329064,
         4.60012436,  -1.03766838,  -6.58512171, -10.73559393,
        -2.57874623,   6.54005621,  -4.17200315,  15.21885671,
         0.81032411,   0.53566057,  -2.58234356,  -9.01448498,
         2.24958302, -10.76684935,  -2.20591627,   0.12833211,
         4.64347042,   7.89806471,  -4.95479294,  -8.27580523,
         2.03583642,  -9.78824298,  -3.00217863,  -8.80066001,
         8.04269895,  -9.61921304,   5.90913092,   7.90693491,
         0.20837314,   1.40491998,   1.32183434, -24.89315679,
         2.54293178,  -5.18430642,  -2.73805349,  -2.71315499,
         7.18866602,   7.5580637 ,   6.92385456,  10.82753564,
         1.66649924, -10.50412516,  -3.41187609,  10.60226022,
        -4.92164335,   2.84947533,   2.02498287, -13.94721785]), array([  2.31520434,   0.22754229, -13.50429408,   1.65274262,
       -14.09357702,   6.16056151,  -4.60721995,   3.91671613,
         4.66199304,   0.14006731,   8.10354207,  -0.4955448 ,
        -6.07632428,  -1.70152462,  -0.75531826,  -6.88249976,
         4.57940738,   5.98064044,   4.93792987,  -1.34289827,
         3.64943345,   6.78261113,  -1.93694741,  -4.14335827,
        -4.43284343,   4.20210696,   9.6866212 ,  -3.61842961,
        -2.52053765,  -7.79827941,  -0.12510013,  -0.79009103,
        -0.71111539,  -3.6230337 ,  -3.06662103,  -0.33725338,
        -2.87241769,  -6.74976214,   5.33344827,  -0.70460921,
         1.96871596,   3.43361322,  -2.67439155,   3.29205323,
        11.29561878,   2.67204059,   6.79102043,   5.83606267,
        -8.98840598,   3.31217379,   2.36417229,  -3.77688004,
        -0.86177926,   3.95619301,   0.24988451,   4.29849311,
         5.11891942,  -5.87294378,   9.48750953, -11.62089568,
        -0.08318055,  -0.78246934,   5.30667676,   0.50025891,
        -6.13996906,   3.63204588,  -3.85267632,   0.64881361,
        -3.80607119, -12.18293003,   1.47915046,   4.94117817,
        -0.819086  ,  -0.03985078,  -1.0898803 ,   4.28892109,
        -5.78896706,  10.71257581,   0.92087922,  -5.6098261 ,
        -0.70993737,  -4.08879553,  -0.17617421,  20.82520129,
        -4.40222558,   2.72721776,   7.23503709,  -3.53064866,
        -0.03967326,  -5.78976087,  -5.2611735 ,  -8.28186903,
        -5.85183218,  11.04742495,  -0.22803447, -14.26615501,
         2.84070601,   1.60413891,  -5.36433684,  10.94693173]), array([-1.18955395,  2.80553159,  0.97590362, -1.97952937,  1.24453529,
       -4.30140022,  2.43507355, -4.27679965,  5.77801846, -0.88712029,
       -5.44636733,  0.436818  ,  1.4924332 , -0.48038562,  0.4943882 ,
        4.63435047, -0.62851383, -5.59686921, -6.17380491, -0.28075208,
       -4.17710333, -6.88788869, -1.78480484,  3.75612971,  3.90799654,
       -7.04882729, -1.07227124, -4.35814994,  2.7393575 ,  0.84411167,
        0.9688789 , -0.97607971,  0.17897023,  3.35819652,  1.16851394,
       -1.50885518,  0.44288423,  3.12215997,  0.13340738, -3.28239011,
       -6.97361768,  0.57828172, -0.0615414 , -0.32183381, -8.80658707,
       -1.98436631, -5.24592171, -3.90085013,  1.08760742,  0.24348403,
        4.21319997,  2.10070732,  1.36599646,  0.8467618 ,  1.03709989,
       -5.47693132,  0.81232339,  0.71793264, -4.48902505,  7.87628462,
        0.5338261 ,  2.63690043, -5.06902012,  0.75286098,  3.00549159,
       -8.00299342, -0.83019618, -0.40812111,  2.0872674 ,  2.22322981,
       -2.58678091, -7.25456202,  4.77341191, -2.41982979, -0.61608239,
       -1.55882942,  4.24862495, -3.08916256, -2.94531302,  7.28647829,
       -2.45365056,  0.23256376,  3.94004289, -8.91136746,  0.9861712 ,
        1.27847908, -4.65363662,  4.19757727,  5.66963894,  3.79139782,
        6.66086966,  9.71758839,  3.09427736, -3.34234479,  0.91595313,
        7.25338044,  2.81388759, -3.70414423,  2.14809826, -1.82173133]), array([ -5.34342192,  -4.03613686,   4.58361485,   1.31164261,
         8.50466362,  -5.72263783,   1.8007815 ,  -1.48967477,
        -0.14390933,   6.02407542, -11.05001233,   1.2836622 ,
        -9.18303847,   2.94990958,   3.38470437,  11.14601842,
        -3.0564386 ,  -8.51961826,  -2.79289084,   0.1116318 ,
        -2.47269106,  -9.37098663,   3.7695749 ,   7.62139978,
         5.22213421, -11.15485301, -10.78474772,  -7.71497062,
         0.41039816,  -0.8622361 ,   9.70665568,  -2.54213575,
         5.72170092,   1.95850092,   5.35411906, -14.94735385,
         8.19592701,   7.79102668,   0.4251092 ,  -2.55807304,
        -6.15185232,  -7.01803918,   6.85331253,  -9.1725507 ,
       -17.01770738,  -1.34261071,  -8.02603169,  -7.85500657,
         1.68888367,  -1.43075367,   0.62341426,   6.0131526 ,
         2.6333754 ,   4.99341808,  -1.19099095, -15.74658303,
        -1.34221995,   4.90932778,  -4.06143319,  16.02707377,
        -2.73911534,   4.27494803,  -7.71155724,  -6.39945157,
         2.3040749 ,  -8.33722081,   2.23352895,   5.06750614,
         9.24471664,   4.80707245,  -5.34514469, -11.00450917,
         5.00074528, -12.5235596 ,  -1.49761922,  -2.82279256,
        10.76954079, -11.77254184,   0.64466948,  12.93388712,
        -3.30512949,  -2.75449965,   6.23209145, -18.23890715,
        -1.28944724,  -4.68899534,  -7.69507832,   1.80145091,
         5.49144102,   0.50895086,  10.42210128,   5.86266433,
         1.90893511, -16.49956956,   0.76996471,   9.66600501,
        -2.76242172,  -2.6299307 ,   2.00136216, -12.39605481]), array([  2.4441064 ,   6.43230148,  -2.47375293,  -5.91393961,
        -7.6164957 ,   3.59414374,  -0.13626875,   0.32634155,
         1.33871253,  -0.54688439,   5.93938347,   1.19932102,
        -2.98431467,  -7.29017944,  -4.95178121,  -4.52853524,
         3.92864611,   4.16295667,  -6.98448945,   1.3903097 ,
        -0.95393664,   1.05323173,  -1.78691145,  -3.38530508,
        -2.16373861,   3.06563808,   8.14128467,   0.38316746,
         7.79537499,   1.26225045,  -3.04801803,  -0.10783635,
        -3.01395723,  -3.12307763,  -1.88366702,   9.00080022,
        -6.01955717,  -5.9085164 ,  -4.98896301,   0.33972878,
        11.15798232,   3.10506403,  -5.86940506,  12.24150365,
         7.36565363,   1.91462081,   1.98116493,   8.56432678,
         0.52582697,  -3.00970755,  -2.87646581,  -3.59757506,
         1.23840846,  -6.67427353,  -3.31185948,   5.96759132,
        -0.29903903,  -2.648329  ,   1.48361565, -11.16741343,
         0.94628419,   1.21852107,   3.35315318,   9.72505483,
       -10.53660949,   1.98283975,  -2.48639019,  -1.06366918,
        -8.06675654,  -9.86988773,  -4.1360937 ,   5.72388021,
        -5.27114125,   9.1197169 ,  -0.33995818,   9.0633433 ,
        -4.06805488,   7.7593324 ,  -4.83772395,  -7.59705106,
         0.4049253 ,   2.58911963,  -0.88854451,  11.66450509,
         0.81787537,   3.41066136,   0.5919534 ,   4.70420736,
        -6.92651056,  -0.78797773,   1.04397308,  -3.61994471,
        -1.82181099,   5.69559832,   0.53212437, -10.89832227,
         5.84450736,  -0.37811059,   2.98532173,   3.83160352]), array([  4.50851359,   5.79914992,   0.95734844,  -2.83595495,
         5.10774682,  -1.38939073,   1.41474593,  -3.02094418,
         9.99334396,   2.08523811,  -2.70262451,  -0.74609301,
         7.53386228,   0.84540056,  -2.62445695,  -0.20431834,
         6.4361443 , -11.97204001,  -6.95559682,   3.6293088 ,
         6.69031307,  -5.01875074,  -4.51704492,  -3.46684493,
         4.83492621,  -4.1800701 ,  -2.48676702,   0.94167398,
        -1.09651331,   0.83776042,  -2.71225773,   0.08887921,
         1.10404618,   3.17526038,   4.08689777,   8.50802129,
        -4.64890768,   6.10288233,   3.60644057, -13.69193129,
        -1.7903227 ,   2.64436502,  -8.34056849,   3.41751194,
        -2.68779148,  -3.4541112 ,  -6.84436649,   1.62502001,
         0.93512792,  -0.83388207,   2.44851809,  -1.71137261,
        -1.68564363,  -2.87630769,  -1.00401143,  -3.18179768,
         8.19826734,  -4.04624538,  -7.29192907,   1.47002718,
         2.35245187,  -0.83888704,  -0.40748328,  -1.26556443,
         4.2317279 ,  -3.25844719,   0.22541865,  -2.39986001,
        -5.49849815,   3.27195861,  -0.39835723,  -4.13017665,
         4.40404737,   3.40811415,   0.94161762,  -1.35760216,
         2.92083626,   4.27629586,  -3.82505221,   0.52061898,
         0.01738264,  -0.55050471,   5.68630608,  -6.78851003,
        -1.01225681,   5.63719687,  -2.40509631,  -3.77715199,
         5.16195561,   7.316661  ,  -0.32750113,   6.7887196 ,
         4.61639545,   4.82717532,  -3.5006923 ,   5.98137587,
         0.8177116 ,  -1.12839772,   7.1907648 ,   1.34170714]), array([ -6.63434984,  -3.20004412,   7.6696366 ,   0.98072684,
        10.81386763,  -2.31550366,   4.88080293,  -6.81870943,
        -1.57919232,  -2.15097966,  -3.1871113 ,   0.14138363,
        -1.17577841,   5.01877376,   6.10078428,  10.89222653,
        -8.43327166,  -8.16967221,   1.54397229,  -0.91887625,
         3.06123715,  -9.85116346,   3.57343715,   3.01784722,
         4.05358913,  -7.97485136,  -3.80881124,  -0.47973694,
         1.80681718,  -2.39433885,   3.04016079,  -4.93959764,
         2.25134546,   5.46671026,   4.98639138, -10.15865565,
         6.27113001,   3.8104908 ,   1.8216239 ,  -0.47532963,
        -6.52815434,  -8.0307905 ,   8.95913697,  -3.19404876,
       -10.19198718,  -3.07134722,  -5.00803603,  -1.96307469,
        -3.204832  ,   1.43644077,   0.7909856 ,   3.15516442,
         0.56648756,   5.36857003,   2.5648965 ,  -3.52111308,
        -0.67428164,   8.42014503,  -1.2055969 ,  12.44336112,
        -5.64374633,   2.8640329 ,  -1.67361437,  -3.10236973,
         6.84237926,  -7.39960686,   4.01921172,   0.88697037,
         7.31685122,   4.35239613,  -3.24102318,  -8.17704522,
         4.27820045,  -9.82651716,  -0.49707703,  -6.790704  ,
         5.82014515,  -7.52103305,   0.69109098,  11.1584085 ,
        -2.76906114,  -2.497751  ,   4.33141666, -19.72781067,
         3.12775123,  -5.71384481,  -0.84523132,   1.75464253,
         6.47975582,   1.06325033,   2.95386459,   7.73814554,
         4.31319036, -11.73802857,   3.34853806,  12.11589632,
        -1.56148214,  -0.12651395,   5.04312493,  -6.39895694]), array([ -7.27305689e+00,  -3.20671057e+00,   1.90212231e+00,
         2.72447889e+00,   1.28935240e+01,   4.00067949e+00,
         3.68662626e+00,  -9.42629596e-01,   8.13138082e+00,
         3.19628201e+00,  -3.72844495e+00,   1.10910634e+00,
        -7.88608371e+00,   4.89021657e+00,  -2.16276297e+00,
         6.60017344e+00,  -3.33919207e+00,  -1.38363603e+01,
         2.30240944e+00,   7.72896774e-01,   6.98481869e+00,
        -6.57228003e+00,  -3.58772666e-01,   2.26232403e-02,
         2.57475787e+00,  -1.29498019e+01,  -6.87499361e+00,
        -4.79548987e+00,  -2.69834425e+00,  -9.08447256e-01,
         8.84842914e+00,  -1.22984440e+01,   1.53888345e+01,
        -2.55971486e+00,   7.18742648e+00,  -4.05078340e+00,
         1.22330376e+01,   1.04609174e+01,   6.95233307e+00,
        -9.36978555e+00,  -1.57744613e+00,  -6.56415729e+00,
         2.94406397e+00,  -5.29827376e+00,  -5.78910406e+00,
        -4.29871950e-01,  -1.10320723e+01,   3.86317278e+00,
        -1.10455186e+01,   1.89592596e+00,  -1.95165378e+00,
         1.51226733e-01,   6.26088476e+00,   7.28399375e+00,
         1.48396787e+00,  -9.41175793e+00,   4.53103957e+00,
         4.35539383e+00,   5.63410509e-01,   1.50888666e+01,
         1.50278845e-01,   4.92377488e+00,  -5.03752728e+00,
        -9.42805920e+00,   2.82605871e+00,  -7.75547441e+00,
        -1.65599110e+00,   2.73200374e+00,   7.19211372e+00,
         2.10262314e+00,  -8.41949594e+00,  -9.31481891e+00,
         8.74393638e+00,  -1.83806904e+01,  -4.55386973e+00,
        -6.49607580e+00,   8.02246152e+00,  -5.50634073e+00,
         2.03917905e+00,   1.05764569e+01,  -1.25752611e+00,
         1.80952688e+00,   6.94683412e+00,  -2.56565531e+01,
        -7.89572898e+00,  -4.52453218e-01,  -3.49721891e+00,
        -3.29389495e+00,   1.11882815e+01,   4.19375320e+00,
         6.97755901e+00,   1.09726392e+01,   9.19415924e-04,
        -1.07224614e+01,   1.79058463e+00,   5.94258772e+00,
         5.99248651e-01,   2.80893010e+00,   3.08238314e-01,
        -5.04868829e+00]), array([  3.99900245,   2.38575219,  -7.18081018,  -1.82583817,
       -15.67450876,   2.57038708,  -3.96165865,   1.56968053,
        -3.0712791 ,  -6.27766784,  10.06983118,  -2.06866264,
         1.62108138,  -2.28537295,  -0.33960534,  -9.68101095,
         5.86005556,   9.28337008,   7.05894119,  -4.01849127,
        -1.20684896,  10.09444859,  -3.71921913,  -4.58006553,
        -7.35442487,   8.79460247,   7.57401186,   4.39634356,
         1.46184979,  -5.5523488 ,  -4.84824968,   5.12381698,
        -6.48591393,  -4.32217645,  -4.17829152,   3.30380742,
        -4.5758421 ,  -4.02141692,   0.64237548,   6.47051221,
         9.89001481,   4.26519247,  -1.29041396,   7.3351253 ,
        16.57490296,  -0.17002582,  13.04113606,   8.20439835,
        -2.70682805,   0.55126314,   0.78045047,  -5.31087429,
        -3.30382321,  -0.30030756,   3.15911243,   9.88569403,
        -3.33024935,  -9.51026335,  11.40436176, -16.15019173,
         0.02530537,  -2.07422557,   5.29051306,   4.35897642,
        -7.2652814 ,   6.84758417,  -2.09311536,  -2.18550148,
        -7.49579064,  -9.13774766,   5.87047749,   8.00169334,
        -5.07847298,   7.18062372,  -1.45275611,   5.28052818,
        -6.91614182,   8.8767854 ,  -2.12783177, -12.39994414,
         4.17247022,   0.44271761,  -5.7696302 ,  23.64295983,
        -3.06002785,   2.48541627,   8.55391189,  -2.36495249,
        -6.29708747,  -3.22337394,  -7.31176468, -11.83995335,
        -7.58445666,  13.56976505,  -0.05153328, -11.45277841,
         0.82456678,   1.92999903,  -8.66002859,  12.19368787]), array([ -1.06348328e+00,  -4.95484949e+00,   4.66521663e+00,
        -2.78159551e+00,   3.69430502e+00,   1.11533580e+00,
        -2.48110923e+00,   8.51275413e-01,   1.02297950e+00,
         7.93205176e-01,  -8.00381234e+00,   3.00214795e+00,
         1.50335349e-01,   4.63844299e+00,   3.16762302e+00,
         1.55651526e+00,  -4.45931861e-01,  -4.29247966e+00,
        -1.38346992e+00,   5.63285307e-01,   4.30266166e+00,
        -2.45870587e-01,   1.83596493e+00,  -1.39546982e+00,
         2.95340461e+00,  -2.79263230e+00,  -6.05049408e+00,
         1.62953931e+00,   5.05647442e-01,   1.98966361e+00,
        -3.47277817e+00,  -1.91196596e+00,   2.42692643e+00,
         2.83147955e+00,   1.39776887e+00,  -6.64751337e+00,
         4.32140774e+00,   1.89925644e+00,   3.18888917e+00,
        -2.21813298e+00,   5.01723130e-01,   8.29943539e-01,
         3.83020287e+00,  -2.00338995e+00,  -6.73479230e+00,
        -3.27067845e+00,  -2.19159322e+00,   1.68825016e+00,
         5.25353048e+00,  -5.16412802e+00,   2.72840372e+00,
         1.95116076e+00,  -1.17999284e+00,  -2.72239720e+00,
        -4.51895439e+00,  -5.61904896e+00,  -1.23388520e-01,
         1.51309700e+00,  -1.58795612e+00,   1.98144959e+00,
        -4.06431490e+00,   1.14681525e+00,   2.68972495e+00,
        -4.24461642e+00,   2.30512836e-01,  -1.83525049e-02,
         3.90733448e+00,  -8.20931885e-01,   3.18987325e+00,
         2.24051539e+00,  -1.78100753e+00,  -3.69277755e+00,
        -2.26630216e+00,  -2.54357477e+00,   1.19267275e+00,
        -3.06114544e+00,   1.31378225e+00,  -2.81634614e+00,
         3.60417051e+00,   2.62932451e+00,   1.30179941e+00,
         7.43699792e-01,   2.07308355e-01,  -5.50149407e+00,
        -1.41378339e+00,  -2.73480531e+00,  -2.39518413e+00,
        -2.03040719e+00,   2.49330157e+00,   2.45980753e+00,
         1.46310206e+00,  -1.00881426e+00,   5.48101795e-01,
        -1.61319648e+00,   2.82289099e+00,   5.31007886e+00,
        -2.15055506e+00,   3.06133562e+00,  -3.35473225e-03,
        -5.85041855e+00]), array([  1.01573632e+01,   5.84226144e+00,  -1.29374146e+01,
        -1.26004979e-01,  -1.71277711e+01,  -2.28736618e-01,
        -5.37451403e+00,   1.06348913e+00,  -2.56856508e+00,
        -6.22844679e+00,   9.48790365e+00,  -4.73570111e-01,
         4.29050363e+00,  -9.54290805e+00,  -2.33287157e+00,
        -8.82099492e+00,   5.61211555e+00,   1.58061472e+01,
         1.47927073e+00,  -3.13631273e+00,  -4.01595640e+00,
         1.21297099e+01,  -2.51680135e+00,  -3.67323487e+00,
        -8.36380544e+00,   8.01530812e+00,   1.39905006e+01,
         6.93364412e+00,   3.97538374e+00,   1.86810459e+00,
        -6.07164792e+00,   8.63100358e+00,  -1.23961835e+01,
        -4.24024253e+00,  -1.05815936e+01,   8.33359256e+00,
        -1.26615055e+01,  -1.01942468e+01,  -7.31754098e+00,
         4.75729974e+00,   1.13699314e+01,   5.86755401e+00,
        -8.72129877e+00,   1.27904731e+01,   1.56725953e+01,
         5.92719490e-03,   8.27553173e+00,   7.01460800e+00,
         7.45527664e+00,  -6.70367791e+00,  -2.28785146e+00,
        -5.89451292e+00,   3.00443019e+00,  -7.94972041e+00,
        -5.97758484e-01,   9.43788608e+00,  -2.90136259e-01,
        -5.89530449e+00,   8.91605250e+00,  -2.11497220e+01,
        -1.09954295e+00,   8.26712145e-01,   2.75862352e+00,
         1.47415124e+01,  -9.05433628e+00,   5.37201199e+00,
        -5.33420596e+00,   1.82015698e+00,  -1.33898575e+01,
        -8.02493792e+00,   2.73459200e+00,   7.23683701e+00,
        -6.65664564e+00,   1.22090742e+01,   2.64723666e+00,
         7.63638370e+00,  -1.02243745e+01,   1.13811246e+01,
        -5.85925595e+00,  -1.53479207e+01,  -6.29116832e-01,
         2.15083079e+00,  -9.72550030e+00,   3.17748179e+01,
         2.59384739e+00,   4.67599318e+00,   7.43889334e+00,
         5.39797928e+00,  -6.60393847e+00,  -6.83280682e+00,
        -1.23264451e-01,  -7.67549126e+00,  -3.04804773e+00,
         1.05942534e+01,  -2.02005308e+00,  -1.36187557e+01,
         3.41179963e+00,  -3.29267343e+00,  -3.48504548e+00,
         1.47859914e+01]), array([ 0.,  0.,  0.,  0.,  0.,  0.,  0.,  0.,  0.,  0.,  0.,  0.,  0.,
        0.,  0.,  0.,  0.,  0.,  0.,  0.,  0.,  0.,  0.,  0.,  0.,  0.,
        0.,  0.,  0.,  0.,  0.,  0.,  0.,  0.,  0.,  0.,  0.,  0.,  0.,
        0.,  0.,  0.,  0.,  0.,  0.,  0.,  0.,  0.,  0.,  0.,  0.,  0.,
        0.,  0.,  0.,  0.,  0.,  0.,  0.,  0.,  0.,  0.,  0.,  0.,  0.,
        0.,  0.,  0.,  0.,  0.,  0.,  0.,  0.,  0.,  0.,  0.,  0.,  0.,
        0.,  0.,  0.,  0.,  0.,  0.,  0.,  0.,  0.,  0.,  0.,  0.,  0.,
        0.,  0.,  0.,  0.,  0.,  0.,  0.,  0.,  0.]), array([  2.47882016,  -1.17748336,   2.55963319,   1.05576617,
        -7.88170888,  -0.49200217,  -3.18273504,  -2.82269963,
        -7.17233535,  -5.20758706,  11.22420024,  -2.23652818,
         1.22938049,   1.76056532,   3.95368528,  -3.23934232,
        -0.79939684,   8.09153271,   2.43678129,  -4.92427113,
        -3.85627208,   9.63038317,  -3.90853324,   3.07286292,
        -0.19117896,  15.36002317,  -3.9340428 ,   5.746487  ,
         3.63942186,   4.49412641, -12.41939416,   7.81125121,
        -7.93110402,   4.34514887,   0.41364255,   8.89335639,
        -3.04065127,   0.37408786,  -8.87666015,   3.78237252,
        -3.86933058,   2.13818846,   1.5316662 ,   5.29337511,
         5.78239914,   2.25989186,  12.03557833,  -1.02746325,
        -0.03440193,   4.64186404,  -0.33002697,  -4.37386743,
        -6.78158234,  -6.67122498,   4.289569  ,  12.30964933,
         0.94179602,   2.95112714,  -5.51640058,  -8.41169871,
         6.90588403,   1.84799313,  -1.4764736 ,   0.6128661 ,
         0.24410061,  -1.47013162,  -0.19236623,  -0.95885986,
        -2.74363393,  -2.37109029,  12.44009735,   7.64898312,
        -7.37190509,  13.60489472,   6.38451512,   7.61363927,
        -2.4094032 ,  -1.01794396,   0.76101217,  -6.67430692,
         4.19192395,  -0.51095309, -12.87409068,   9.57561544,
         4.32540963,   1.31492184,  -1.4860572 ,   3.62641008,
       -14.11234244,   3.25481471,   0.476108  ,  -7.56703564,
         1.53440649,   8.36877608,  -0.78036068,  -4.58661285,
        -1.57496506,   6.05010574,  -3.41668478,  -3.72791594]), array([  0.27029956,   6.86742848, -17.92070383,   6.65532889,
       -23.29795202,   1.75884242,  -5.02063442,   4.16307276,
        -3.37927156,  -9.18996981,   7.29620784,  -8.05060919,
        -2.05406062,  -2.69285315,   1.17090342,  -5.29034797,
        -0.196135  ,  18.8282723 ,   9.34437807,  -6.63511028,
       -10.26850637,  11.86831444,   0.25747447,   0.71370977,
       -10.44318583,   4.38742626,  17.0719893 ,  -4.40164594,
         0.8020721 , -13.41057909,  -7.07190972,   5.24260842,
       -13.96022996,   0.29150993,  -5.36703374,  -0.30548803,
        -4.86110893, -14.27325087,  -3.81110415,  13.77996613,
         3.66969621,  14.2003942 ,   4.65217477,   2.21595245,
        17.00581669,   3.34975619,  24.96169744,   3.52472996,
        -4.12002246,   7.11050521,   4.94193412,  -4.69666761,
        -5.9417097 ,   5.49642183,   8.39610922,  15.29588531,
         2.81757028,  -7.05387121,  11.49326645, -17.22755002,
         7.85513687,  -4.40742006,   0.22009964,   3.75099625,
        -6.06525349,   8.24002549,  -2.96358941,   0.96807803,
        -6.13336298, -13.23641232,  10.83037187,  10.84921361,
        -1.04428548,   6.63525647,  -0.66410059,  11.56629255,
       -11.31623317,   8.78421558,   0.98269659, -15.19693762,
         4.97626544,   0.5463796 ,  -4.71052706,  35.99111215,
        -3.74501233,   2.25319581,  10.88403028,  -1.99343691,
       -13.3609747 ,  -9.57368961,  -9.85967715, -10.47070897,
        -4.57093349,  17.64609372,   4.29431285, -20.20458162,
         5.94550692,   0.50268691, -12.63074608,  14.27336634]), array([-4.65321231,  6.36516855, -0.85172583,  2.72692357,  6.28515347,
       -3.41056598,  2.44225701,  1.85240359, -1.85114146,  0.37660951,
       -7.1790179 , -1.24544601, -1.42485967,  0.38418986, -1.50668886,
        4.04973563, -2.24362777, -1.1039413 , -0.41865426,  2.15752243,
       -3.21659254, -2.12702113,  3.5347602 ,  2.16791435,  0.31830806,
       -4.50533018,  2.14770592, -1.5808238 , -0.73130368,  0.17776543,
        0.29194362,  1.71869727, -2.37699714,  2.61827511, -4.77252388,
       -3.20515563,  2.24096363, -1.7199932 , -4.47570086,  7.18101925,
       -0.72203029, -0.61177969,  1.18752505, -1.56044299, -3.63940421,
       -2.31794569, -0.15553746, -1.91787515,  2.36154276, -2.15388239,
        0.47898582,  0.81309953,  2.48670791,  3.04163691,  1.96958134,
       -1.4541184 ,  1.73006831,  0.82555987, -1.81272045,  1.65840031,
        4.60752343,  2.01536695, -5.07421605, -0.00906829, -1.28487141,
       -1.04497344,  4.41327622,  1.15482658,  3.45711925,  2.0344548 ,
       -1.47882396, -1.57911974,  2.94623762, -0.77689776,  0.09456602,
       -0.17762232, -0.50363548, -3.9913239 , -2.3444388 , -0.70080429,
       -0.68327081,  2.38218395,  3.73062365, -2.51628972, -1.92825129,
       -0.47739819, -4.14532283, -0.39670963,  0.53859437, -2.15347797,
       -0.90817513,  1.77764992,  1.7465324 , -2.41517539,  6.05974836,
        3.37422996,  2.74995457, -1.28892081,  2.3837018 , -0.14662287]), array([  7.53101782,   3.97975754,  -6.07393545,   3.69556964,
        -1.49045331,  -6.37748296,  -3.43462128, -10.66249646,
         3.54049045,  -1.24735667,  -5.49542459,  -1.05259329,
        -1.57668386,  -4.48616404,   7.09303495,  -2.05721053,
         5.14042224,  -0.66678915,   0.08051118,  -1.71511352,
        -2.8981995 ,  -9.73949676,  -7.33527964,   3.57963481,
        -1.2790322 ,   2.8528318 ,   3.20500334,   2.06591025,
        -6.0541834 ,  -2.79183156,  -2.34855055,  -0.01414696,
        -4.56206538,   2.71706862,  -0.8337929 ,  -8.30045717,
        -6.78619867,  -0.11943796,   5.74709688,   3.30337871,
        -0.41103128,   6.40061942,  -1.87725953,   0.5110688 ,
        -8.76733913,  -3.4347779 ,  -0.80247107,  -4.20934541,
         1.07257442,   6.16692738,   7.35231769,  -6.52181606,
        -0.31070321,   9.11325592,   0.05939527,  -4.84654724,
         4.87381741,  -5.05603155,   4.18899991,   5.02426927,
         1.26453309,   3.42204237,  -2.03524653,  -2.33311713,
         4.51622066,  -7.40172146,   0.06374384,   2.27065745,
        -2.47369153,  -0.61225985,  -7.57330863,  -2.42106753,
         8.44869071,   1.22530436,   3.61352203,   0.33103088,
        -4.28579137,   1.69555183,  -5.0684481 ,   3.94663835,
         0.37516467,  -4.64050491,   2.35234928,   1.48834478,
        -3.63070388,  -0.53930759,   6.05752004,  -8.22132084,
         9.75411997,  -0.18491088,  -5.91941164,  -3.40895474,
         1.01228071,   1.03043814,  -1.24296239,   8.21109347,
        -0.80861086,  -1.44138645,   0.07122656,  11.40870072]), array([ -1.90471662e-02,  -4.17062709e+00,   1.57696710e+01,
        -4.88323236e+00,   1.82661840e+01,  -7.13605578e+00,
         7.68783168e+00,  -1.12810776e+01,   6.33453038e+00,
         8.01570350e+00,  -1.00647163e+01,   2.70824817e+00,
         1.70189093e+00,   6.70693376e+00,   5.37514430e+00,
         9.82556970e+00,  -2.70428473e+00,  -2.76010522e+01,
        -1.12630405e+01,   5.54753080e+00,   1.90099332e-01,
        -1.30991946e+01,  -3.71196155e-02,   2.82768311e-01,
         5.89731568e+00,  -6.47694341e+00,  -2.04927002e+01,
        -2.26419703e+00,   3.21589855e+00,   6.24999269e+00,
         6.04132422e+00,  -1.35304177e+00,   7.84966535e+00,
         6.45207988e+00,   9.09233339e+00,  -5.86957423e+00,
         5.54899673e+00,   1.71075980e+01,  -4.37728033e-01,
        -1.59809405e+01,  -1.50760515e+01,  -1.25108316e+01,
         3.71842556e-01,  -6.10949272e+00,  -2.12761090e+01,
        -2.96080047e+00,  -1.98927462e+01,  -8.00970134e+00,
         4.06677007e+00,  -2.27734700e+00,   1.56224428e-01,
         5.37689579e+00,   2.38245415e+00,   4.53414851e+00,
        -5.13342905e+00,  -1.67940508e+01,   1.13342287e+00,
         9.22565553e+00,  -1.29171656e+01,   2.47769595e+01,
        -1.06148046e+00,   1.42179028e+00,  -8.40509257e+00,
        -4.75260082e+00,   3.46372386e+00,  -1.22959943e+01,
         4.22537237e+00,   1.66523700e+00,   7.23882846e+00,
         1.69469095e+01,  -6.64166323e+00,  -1.62336182e+01,
         1.11124242e+01,  -8.72727451e+00,   1.85326769e+00,
        -9.68487846e+00,   1.30297114e+01,  -1.03192438e+01,
        -3.83932871e+00,   1.61941230e+01,  -3.93193995e+00,
        -2.67126616e+00,   4.47814793e+00,  -3.57619178e+01,
         6.60648653e+00,  -3.71160865e+00,  -9.77755088e+00,
         1.35371186e+00,   1.05240827e+01,   8.01003070e+00,
         7.78624942e+00,   1.54760862e+01,   9.06961840e+00,
        -1.62598484e+01,  -6.74000162e+00,   2.24964865e+01,
        -6.11345712e+00,  -2.76998621e-01,   1.35318918e+01,
        -1.28357663e+01]), array([  2.60366093,   1.51849852,  -4.8849619 ,   0.55515149,
        -7.21287778,  -2.02397287,  -0.5595214 ,  -1.62318064,
        -3.52549807,  -2.02001557,   6.60512706,  -4.99750401,
         3.73547511,  -2.63011132,   6.22669412,  -3.75834947,
        -1.09763865,   6.00261188,   1.47671318,  -3.66791926,
        -5.03310582,   8.5590742 ,  -2.09044952,  -3.24629334,
        -4.97993275,   3.97593605,   7.64877647,   2.75911602,
         3.41645789,  -1.89346144,  -7.54110983,   5.49754434,
        -5.69244196,  -0.36671761,  -1.37380921,   2.91735521,
        -2.65710234,  -2.56630981,  -3.74367515,   1.24467725,
        -1.31192477,   4.34116818,   0.67000081,   1.85379347,
         9.03443418,   1.25226663,   7.26441366,  -1.78388491,
         0.64139154,  -0.16177944,   2.83594116,  -1.81249888,
         2.96241561,  -2.20933524,   4.78565868,   9.50226213,
         1.75967597,  -2.56995717,   3.56320356,  -7.34359025,
         3.66612503,  -0.16422199,  -0.62718237,   3.22569551,
        -2.39746456,   5.11777767,  -4.08472056,   2.45436372,
        -4.19006796,  -0.18390407,   5.48786349,   3.64675746,
        -1.04112795,   8.6266658 ,   0.90098717,   2.33158044,
       -10.31347832,   2.1467876 ,  -2.95783662,  -6.96458469,
         1.37138512,   0.14509744,  -7.39354426,  15.55634339,
         2.90780263,   2.53026472,   5.12567792,   1.58547453,
        -4.95108435,  -4.17903144,  -5.23195072,  -5.70552451,
         4.25585394,   7.00243221,  -2.2764413 ,  -4.73442114,
         1.00601236,   1.34835862,  -1.17329111,   3.41571451]), array([ -7.97869916,  -8.09040264,  21.11060027,  -1.57831963,
        18.74059784,  -0.55613801,   6.6920636 ,   0.8329866 ,
        -0.55458787,   6.97959904,  -5.36518026,   2.5311755 ,
         3.45785455,   9.04277789,  -1.1751713 ,  13.96644868,
        -4.39168052, -19.35868534,   0.68885244,   1.58108487,
        10.26196213,  -7.06499795,  -0.05224218,  -3.64245198,
         7.69989756,  -7.32682067, -17.7909957 ,   0.81326069,
        -1.98861587,   2.23923694,   9.20032157,  -4.16866016,
        12.72557373,  -1.81206963,   9.2240073 ,  -0.80269484,
         9.00781283,  20.14629802,   1.84836557, -10.4104971 ,
        -3.25814721,  -8.69344218,   7.53217695, -10.01613372,
       -10.8918097 ,  -1.13040163, -15.96130001,   2.16822133,
         2.40798896,  -0.10464659,  -5.18200986,   3.54255757,
         2.923465  ,   0.49200197,  -2.96709003, -12.31784653,
        -1.70351853,   6.12989367,  -7.97104466,  19.877605  ,
        -6.34750969,   4.2273565 ,  -5.51022666, -12.10144998,
         7.77268048,  -5.3437286 ,  -1.2517793 ,  -2.65400363,
         3.79640717,  15.41201418,  -3.65349859,  -8.16847993,
         0.50361037, -13.5909325 ,  -5.99799556, -16.91919286,
        15.45106307, -13.01500117,   1.64122606,  11.51357534,
        -0.95327749,  -1.20177318,   0.35304357, -36.18562927,
         2.7013862 ,  -1.41051946,  -7.00442912,   2.34175171,
        11.16522005,  12.32366061,   9.53838411,  15.60894694,
         0.82330466, -15.22335227,  -6.01130822,  15.03106255,
       -12.30731099,   1.73393579,   6.21508241, -19.77820647]), array([ -0.3157508 ,   0.75766001,   0.43283195,  -4.50839561,
       -11.55059623,  -2.91213016,   1.2128822 ,   2.24062657,
         2.16882705,  -5.47316404,   9.62818899,  -0.10075989,
         5.66588782,  -3.5020053 ,   1.98843312,  -2.71559385,
         4.39631243,   8.91983529,  -1.45604532,  -3.54930616,
        -5.15719524,   4.79209125,   0.71382282,  -1.08563883,
         0.60039888,  15.52758223,   8.08991905,   1.65787222,
         0.18349968,   2.42669204,  -8.74103722,   5.43869012,
       -12.39070954,   2.71638889,  -6.16202961,   5.302195  ,
        -8.36999531,  -3.46486368,  -3.15261564,   7.19420959,
         5.90905203,   8.38897952,  -1.84503149,   7.78507036,
         6.08004901,  -3.13171907,  11.77616704,   1.81360007,
         6.36757814,   0.10642339,   4.93900986,  -3.84808552,
        -0.991554  ,  -7.15752105,  -2.37229469,  10.83489902,
        -2.36887884,  -3.36079909,  -1.47533202,  -6.61072505,
         1.6184709 ,   4.34363321,   2.8858517 ,   4.18929227,
         1.26454841,   1.46366138,  -2.93382355,  -9.40362924,
        -6.82069317,  -3.51735554,   6.550393  ,  11.43537207,
        -7.59511082,  13.00746183,   0.70154451,   0.4616194 ,
        -7.44789767,   3.32486106,   0.12996917,  -8.58457067,
        -0.51445612,  -2.73806505,  -8.02179921,  16.96022832,
         1.6194344 ,   3.74616204,  -2.21860625,  -2.18009125,
        -7.91274317,  -2.09587757,  -2.04583427,   0.12832417,
        -1.29492038,  11.95456881,   1.82186617,  -2.73138594,
        -4.08760145,  -4.54497725,   2.04371397,   7.10262207]), array([ -4.9205601 ,  -3.43983941,  19.88740401,  -3.59910464,
        25.8155754 ,  -2.59452266,   9.99819936,  -7.97388738,
         7.53462119,   7.78889998, -13.5249908 ,   7.58194231,
        -2.17921734,   9.53723122,   3.9953612 ,  18.77807457,
        -5.78751724, -28.86721269,  -8.12195437,   5.73971459,
         6.1695437 , -15.20862744,   4.05912666,  -1.2474423 ,
        11.10231815, -13.67097145, -20.53756936,  -0.75240222,
        -0.50515136,   5.5731783 ,   4.23777334,  -5.11764976,
        11.47191829,   4.23416585,  10.92696057,  -7.45690147,
         8.17338092,  21.53568226,   2.18483152, -16.38405686,
        -8.99774478, -10.06885859,   2.5216256 ,  -9.64984224,
       -22.48129506,  -6.67621447, -18.97225667,  -1.38655804,
         1.36293243,  -5.6481082 ,  -0.97275896,   5.50497587,
         4.40366376,   3.77032687,  -5.2914736 , -20.40831469,
         3.86763213,   9.58979975, -12.97289412,  29.76392271,
        -2.17332522,   7.73937457, -10.84859587,  -9.99556496,
         6.06672016, -12.84782077,   5.8617172 ,  -0.2777865 ,
         8.26721967,  15.61051454, -10.62611313, -14.19681355,
         7.99081587, -17.0359881 ,  -2.4506172 , -15.98822633,
        13.65826413, -14.66563812,  -2.68107494,  15.95519034,
        -3.07831357,  -3.21660689,   7.99495723, -44.1607793 ,
        -0.87754487,  -4.52028509, -12.78737393,  -1.99299245,
        11.53637783,  10.28171437,  11.135952  ,  17.24362214,
         8.1364053 , -18.46220417,   1.07437669,  25.46188685,
        -5.31041654,   1.02754687,  16.21656176, -18.0873772 ]), array([ 18.12130156,   9.46396238, -19.30146523,   6.85901609,
       -22.52778748,  -8.61051057,  -7.62818053,   3.99887653,
        -0.75365692,  -7.86423645,  10.6641491 ,  -3.77496652,
        11.71790135,  -8.8944803 ,   1.56675926,  -9.11925107,
         6.29478919,  25.4648411 ,   3.05241665,  -0.93961439,
       -10.30815665,  21.85396845,  -0.98504887,  -2.371183  ,
       -11.77782155,  14.61639319,  19.42823777,  10.97620428,
         5.63893002,   1.13071411, -14.59410969,  15.67259088,
       -21.22097396,  -6.4035692 , -13.4141594 ,   8.45805334,
       -21.9039732 , -12.47859879, -10.16843366,  17.08714255,
        -2.73325947,  16.4056845 , -10.86467125,   8.62708549,
        15.35341109,  -0.179172  ,  16.82637665,  -3.43129998,
         3.95107845,  -4.96312374,   6.93506549,  -4.19504507,
        -0.66888168,  -7.80185713,   1.40982851,  13.50110423,
         6.61953605, -10.13546959,   6.30035043, -22.41119091,
        10.69052217,   0.46956502,  -6.89592589,  15.14547696,
        -5.15996957,  -1.68274498,  -0.4689193 ,   2.41992978,
        -6.98802168,  -8.22620238,  13.4182488 ,  15.11800249,
        -6.78491101,  19.35266938,   4.79793676,  14.34511793,
       -17.69220615,   9.77752881,  -3.72033597, -19.42918442,
         3.44113088,   2.39936338, -16.14143121,  42.684748  ,
         5.01163325,  10.80952375,   6.00034193,   3.61620698,
       -13.24542531, -12.59399064,  -6.71345765, -13.3861471 ,
         3.22509471,  21.26734532,  -2.1476729 , -10.71569512,
         9.2861023 ,  -3.44340175, -14.51947724,  17.62618423]), array([ 12.35166877,   6.92535977,  -8.35752602,  -1.76805376,
       -11.05063372,  -1.82752967,  -4.98351596,  -3.60374305,
         1.01917317,   0.16975735,   4.62571517,  -1.6993549 ,
        -0.0761554 ,  -7.09718455,   1.84482898,  -2.63861969,
         7.32986095,   7.8666952 ,  -7.75481669,  -0.63886645,
        -6.1436226 ,   4.81025301,  -2.74593789,  -2.73363771,
        -5.62506841,   5.82052354,   6.8176947 ,   7.52175111,
         8.64314533,   7.24507041, -12.13910832,   5.76903141,
       -11.70585121,   0.8971396 ,  -3.23656334,   9.01121998,
       -12.63458806,  -1.03741896,  -5.9578567 ,   2.6552978 ,
         0.60853629,   7.22453812, -11.76031776,   9.40990452,
         5.15923154,   0.86286648,   5.77033027,   0.49336182,
         2.25759032,  -1.9053217 ,  -2.09665616,  -4.99305089,
         0.80001463,  -4.78679238,   2.96783807,  10.93968573,
         6.04402049,  -4.19679498,  -0.22180985, -10.08259731,
         6.20700757,   0.31862717,  -4.14792967,   5.81693409,
        -6.17223936,  -2.08554174,  -2.35673231,  -0.26829977,
       -10.64220589,  -5.30283047,   3.53764881,   6.1616396 ,
        -1.18124992,  15.94943206,   4.44469282,   9.92854648,
        -7.93057926,   6.60994368,   0.03571448, -10.81407486,
         1.50435732,   1.26856747,  -7.98101168,  22.44530075,
         0.55770445,   5.8576605 ,   1.56247057,   1.63061303,
       -10.30958503,  -2.83585957,   4.12752218,  -4.76919468,
         9.76558119,   7.16595938,  -1.90988401,  -7.46389298,
         7.53134006,   2.7638885 ,  -1.98902311,   7.27194744])]
