[array([ -3.23946089e-01,  -8.21357965e-01,  -1.03701723e+00,
         1.07558799e+00,  -3.96798700e-01,   5.25981635e-02,
         1.11731541e+00,  -1.51099551e+00,   1.97034562e+00,
        -3.11696559e-01,  -1.54293525e+00,  -2.83688486e-01,
        -1.78626823e+00,  -2.72629172e-01,  -2.09391642e+00,
        -1.51519156e+00,   1.83301210e+00,   1.46580768e+00,
         2.39006615e+00,  -4.35037166e-01,  -1.17641163e+00,
         9.63329745e-04,   1.06001651e+00,  -1.18933606e+00,
         5.82763135e-01,  -6.96442187e-01,   4.47517246e-01,
        -2.94199400e-02,   5.26832342e-01,   1.61649615e-01,
        -8.66150618e-01,   1.04259980e+00,  -1.08535028e+00,
        -9.93700549e-02,  -1.35688269e+00,  -5.82652586e-03,
         9.25838232e-01,  -7.38438845e-01,  -2.71860659e-01,
        -1.33782387e+00,   7.71524251e-01,   2.14161545e-01,
        -1.54932594e+00,   3.02701920e-01,  -3.70915115e-01,
         3.04879904e-01,   7.67513037e-01,   5.72314262e-01,
        -1.14099407e+00,  -9.09468710e-01,   9.44590867e-01,
        -6.80728108e-02,   1.20325124e+00,  -9.42299843e-01,
         1.52142310e+00,   2.79713906e-02,  -8.70963559e-02,
        -1.41272926e+00,   1.21726191e+00,  -1.29629385e+00,
        -1.35985970e+00,  -2.67076284e-01,   2.79221535e-01,
         7.05600142e-01,  -6.82103813e-01,   5.03492355e-01,
         1.63910127e+00,  -2.98539788e-01,   4.46323842e-01,
        -5.82319379e-01,  -5.21320820e-01,   1.09844990e-01,
         3.23906690e-01,  -2.98701115e-02,   4.85540748e-01,
         3.69639128e-01,   9.88317728e-01,   1.35832369e-01,
        -4.56421524e-01,   4.28737491e-01,   1.70253754e-01,
         7.81313896e-01,   1.99702438e-02,   8.60715926e-01,
        -1.10923059e-01,   1.67900336e+00,   1.55323362e+00,
        -5.93437552e-01,  -4.79966402e-01,   1.25873601e+00,
         1.47419190e+00,  -2.12474322e+00,   5.03839627e-02,
         6.06589913e-01,  -8.88792157e-01,  -7.20790803e-01,
         6.23363614e-01,   5.03792763e-01,  -2.26217937e+00,
         1.84271634e+00], dtype=float32), array([-0.33673552, -0.80519164, -1.03056335,  1.07345557, -0.37716305,
        0.0620032 ,  1.11599946, -1.51726687,  1.95816135, -0.32535654,
       -1.55594766, -0.28330451, -1.78043878, -0.27120703, -2.08579516,
       -1.52004254,  1.82325661,  1.46281457,  2.39661551, -0.44015226,
       -1.1735599 ,  0.01092976,  1.05584025, -1.18831289,  0.58195907,
       -0.68719536,  0.42642641, -0.03893606,  0.51439917,  0.17177165,
       -0.8767786 ,  1.03160298, -1.08710921, -0.11885893, -1.35520589,
        0.01947353,  0.93689203, -0.7447297 , -0.25566325, -1.33978653,
        0.7797969 ,  0.21809626, -1.5397898 ,  0.3011528 , -0.38132432,
        0.3274098 ,  0.74884975,  0.57414758, -1.1368643 , -0.91956651,
        0.97336715, -0.07721139,  1.22406089, -0.96643639,  1.50347292,
        0.04706568, -0.08217625, -1.45641077,  1.23182082, -1.29428983,
       -1.35238826, -0.24780579,  0.28393888,  0.69351065, -0.67216974,
        0.48214501,  1.62009203, -0.29940349,  0.43292284, -0.56666458,
       -0.50959659,  0.14181139,  0.32501358, -0.03881448,  0.47443551,
        0.37709752,  1.00503922,  0.16950136, -0.4442668 ,  0.43749622,
        0.17120561,  0.78910154,  0.02040415,  0.85405958, -0.08586156,
        1.67690647,  1.55423725, -0.60599035, -0.4800998 ,  1.26250851,
        1.45813811, -2.12858033,  0.05593456,  0.61889696, -0.89035445,
       -0.74206221,  0.6115855 ,  0.48059106, -2.27883649,  1.82485437], dtype=float32), array([-0.50595349, -0.60755718, -1.1115731 ,  1.00524557, -0.42509145,
        0.10883074,  1.09311295, -1.69097114,  2.10895014, -0.36311623,
       -1.67285514, -0.48700598, -1.91330981, -0.1091387 , -1.93349671,
       -1.289994  ,  1.57856727,  1.46419966,  2.39240837, -0.56564713,
       -0.92615479,  0.08865373,  0.93187004, -1.13574278,  0.59921539,
       -0.7206766 ,  0.45202139, -0.02684935,  0.4675968 ,  0.22756241,
       -1.11083126,  0.92552865, -1.04208279, -0.37574929, -1.41417837,
        0.38436672,  0.93489212, -0.61575627, -0.35760972, -1.40721858,
        0.73985946,  0.23422436, -1.34541929,  0.40688354, -0.35840508,
        0.1961069 ,  0.64295256,  0.66740775, -0.97957927, -0.87332994,
        1.0262171 , -0.31284797,  1.41421068, -1.11533189,  1.52060103,
        0.35057434,  0.09207082, -1.72182274,  1.23924398, -1.36615074,
       -1.17477453, -0.0877447 ,  0.06462992,  0.55545044, -0.63010424,
        0.21685319,  1.54611528, -0.24040702,  0.52204633, -0.71821749,
       -0.67054349,  0.25984213,  0.55002093, -0.12539206,  0.47935981,
        0.4654943 ,  0.79202986,  0.48679259, -0.32237783,  0.24308771,
        0.16110313,  0.73704523,  0.14970945,  0.97414595, -0.0200553 ,
        1.73710799,  1.56785166, -0.83480144, -0.46223363,  1.07742167,
        1.39275301, -1.96694553,  0.24730943,  0.66539097, -0.97282696,
       -0.89537978,  0.69436127,  0.37736735, -2.16150093,  1.90809047], dtype=float32), array([ -4.51556265e-01,  -4.88296300e-01,  -1.13817561e+00,
         1.07028806e+00,  -4.34744388e-01,   1.28384635e-01,
         9.78356957e-01,  -1.69927478e+00,   2.09922266e+00,
        -2.49201015e-01,  -1.69529176e+00,  -5.20907044e-01,
        -1.97212350e+00,  -1.23106107e-01,  -2.00674868e+00,
        -1.26349366e+00,   1.55528963e+00,   1.41885078e+00,
         2.43675447e+00,  -5.27235091e-01,  -8.91268075e-01,
        -1.98541842e-02,   8.38172555e-01,  -1.15009356e+00,
         6.36596441e-01,  -7.31003523e-01,   4.26717341e-01,
        -1.49412453e-02,   3.75160992e-01,   2.68568128e-01,
        -1.30445361e+00,   9.51579392e-01,  -9.48443055e-01,
        -4.96767998e-01,  -1.38713598e+00,   3.90227109e-01,
         9.34445083e-01,  -4.69823718e-01,  -3.00848573e-01,
        -1.38166726e+00,   7.34032094e-01,   2.26649866e-01,
        -1.20840001e+00,   4.57403123e-01,  -4.01775837e-01,
         6.23102598e-02,   5.82070470e-01,   5.67564905e-01,
        -1.14326882e+00,  -8.66776466e-01,   8.70054781e-01,
        -2.57161885e-01,   1.48947680e+00,  -1.11670852e+00,
         1.52637088e+00,   3.40914160e-01,   1.49065793e-01,
        -1.73732877e+00,   1.24217963e+00,  -1.38198543e+00,
        -1.07401729e+00,   3.12494244e-02,   1.49031162e-01,
         5.77514231e-01,  -6.51429057e-01,   1.77701563e-01,
         1.51247847e+00,  -1.83689386e-01,   5.10475755e-01,
        -6.47625625e-01,  -7.93731391e-01,   2.45049506e-01,
         5.16437829e-01,  -1.05529535e-03,   3.92699748e-01,
         4.41117048e-01,   7.80995071e-01,   6.39148533e-01,
        -3.22059691e-01,   2.12858647e-01,   9.83512625e-02,
         7.17136919e-01,   1.60594895e-01,   1.05763483e+00,
        -6.73118904e-02,   1.72199571e+00,   1.61958861e+00,
        -8.82508457e-01,  -6.30253792e-01,   1.04365373e+00,
         1.47674286e+00,  -1.88643610e+00,   3.31059277e-01,
         6.44342184e-01,  -9.12414610e-01,  -7.76954472e-01,
         6.58275783e-01,   3.76966149e-01,  -2.18837738e+00,
         1.94791150e+00], dtype=float32), array([-0.44619823, -0.49666175, -1.14776611,  1.05765462, -0.4451955 ,
        0.12499459,  0.9865129 , -1.70879459,  2.09923124, -0.24940534,
       -1.69335866, -0.52717417, -1.97952962, -0.11509223, -2.01136041,
       -1.24878347,  1.54906106,  1.42175591,  2.43230963, -0.51995111,
       -0.88701749, -0.02021106,  0.83118939, -1.14788103,  0.63779974,
       -0.72798014,  0.4405601 , -0.02161019,  0.3799369 ,  0.27893245,
       -1.30780959,  0.9552567 , -0.95123857, -0.49192956, -1.38356268,
        0.38932806,  0.93607694, -0.46782827, -0.30954447, -1.3828882 ,
        0.72600859,  0.22773135, -1.20009696,  0.45484492, -0.41125548,
        0.06661239,  0.57775688,  0.56394237, -1.15777552, -0.86008036,
        0.86651552, -0.26323169,  1.50446892, -1.10982358,  1.54002202,
        0.34012467,  0.15456936, -1.73313951,  1.23504341, -1.36469221,
       -1.05628967,  0.03200314,  0.13765703,  0.57619727, -0.65069544,
        0.16273913,  1.50647616, -0.19026428,  0.51354825, -0.66237605,
       -0.79115987,  0.25073439,  0.52226633, -0.01354877,  0.38932061,
        0.43845358,  0.77776796,  0.65023464, -0.32291308,  0.20509931,
        0.08092719,  0.72673291,  0.18480715,  1.0626353 , -0.05570983,
        1.71452463,  1.61866999, -0.8828547 , -0.63322002,  1.03546143,
        1.48487306, -1.87922454,  0.34494409,  0.63809246, -0.92064929,
       -0.78495288,  0.66318125,  0.36320996, -2.18337846,  1.95730042], dtype=float32), array([ -3.93550396e-01,  -6.07969701e-01,  -1.23977149e+00,
         8.39752138e-01,  -5.76662719e-01,   6.54824972e-02,
         1.11103404e+00,  -1.85302472e+00,   2.09007335e+00,
        -2.85527140e-01,  -1.67378712e+00,  -6.71407700e-01,
        -2.01377368e+00,   2.92882621e-02,  -2.06623578e+00,
        -1.07475758e+00,   1.38056123e+00,   1.44888115e+00,
         2.32951999e+00,  -3.85015845e-01,  -8.11909139e-01,
         2.54724119e-02,   7.27808535e-01,  -1.12973714e+00,
         5.95786393e-01,  -6.29317164e-01,   6.02346599e-01,
        -1.35905817e-01,   4.19368804e-01,   4.80119675e-01,
        -1.34486878e+00,   1.00088453e+00,  -1.01441967e+00,
        -4.38497961e-01,  -1.29894304e+00,   4.60487932e-01,
         9.87538040e-01,  -4.39244360e-01,  -3.72594565e-01,
        -1.42004871e+00,   5.80586195e-01,   2.03772500e-01,
        -1.03105891e+00,   4.18451279e-01,  -5.96550405e-01,
         1.52138934e-01,   4.17541593e-01,   4.75871503e-01,
        -1.40286016e+00,  -7.26824105e-01,   9.09447610e-01,
        -4.05927688e-01,   1.73505759e+00,  -1.01881993e+00,
         1.69956768e+00,   4.24393743e-01,   2.44535282e-01,
        -1.70641255e+00,   1.12887299e+00,  -1.09686148e+00,
        -7.93847799e-01,   7.45130777e-02,  -3.17893137e-04,
         5.27325869e-01,  -5.47019005e-01,  -1.10061228e-01,
         1.35079384e+00,  -3.01508725e-01,   5.22470295e-01,
        -8.59182417e-01,  -6.90746129e-01,   4.46798474e-01,
         5.90154529e-01,  -2.24631354e-01,   3.30812573e-01,
         3.66589129e-01,   7.98068523e-01,   9.13433671e-01,
        -3.49225461e-01,   9.17856991e-02,  -2.77359307e-01,
         8.49020898e-01,   5.54444492e-01,   1.08434486e+00,
         2.00886458e-01,   1.55476153e+00,   1.62399137e+00,
        -8.95203114e-01,  -6.42018437e-01,   8.59560490e-01,
         1.54552317e+00,  -1.80434978e+00,   5.63877106e-01,
         6.03000522e-01,  -9.99372303e-01,  -9.12918508e-01,
         7.19586194e-01,   1.44724086e-01,  -2.09600377e+00,
         2.06493139e+00], dtype=float32), array([-0.39593053, -0.61083454, -1.24592388,  0.84120333, -0.58095086,
        0.06388763,  1.11072683, -1.8536222 ,  2.08954382, -0.28456092,
       -1.67446387, -0.67412084, -2.01563239,  0.03224539, -2.06850743,
       -1.0733695 ,  1.38133097,  1.44987631,  2.32874751, -0.38650224,
       -0.81135958,  0.02385745,  0.72724646, -1.12513649,  0.59771013,
       -0.62841696,  0.60433757, -0.14127478,  0.42125395,  0.47796109,
       -1.34451699,  0.99827099, -1.01341081, -0.43788156, -1.2987659 ,
        0.45530492,  0.99037933, -0.43948168, -0.37239474, -1.41594732,
        0.57739502,  0.20284951, -1.0256325 ,  0.41593263, -0.59894526,
        0.15384415,  0.4220933 ,  0.47530088, -1.40420508, -0.72829711,
        0.90851289, -0.40602845,  1.7363764 , -1.01369727,  1.6999532 ,
        0.42583606,  0.24600831, -1.70892882,  1.12660122, -1.09026003,
       -0.78900146,  0.07444774, -0.0057303 ,  0.52480567, -0.54840916,
       -0.1116832 ,  1.3475771 , -0.30012366,  0.52516025, -0.85937405,
       -0.69169641,  0.44655082,  0.59493554, -0.22763608,  0.32785603,
        0.36535046,  0.79234445,  0.91436231, -0.34971222,  0.08865134,
       -0.27762967,  0.85425973,  0.56357223,  1.08442724,  0.20214003,
        1.55512571,  1.6197964 , -0.89288503, -0.63886791,  0.85951579,
        1.54823625, -1.80331385,  0.56618816,  0.60483301, -0.99856406,
       -0.91338658,  0.72202975,  0.13999622, -2.09596801,  2.06625247], dtype=float32), array([-0.39467016, -0.61580449, -1.25851011,  0.83829486, -0.58208519,
        0.06159905,  1.11346471, -1.85897195,  2.08360362, -0.28344429,
       -1.67081833, -0.67147338, -2.01476502,  0.0376031 , -2.07226181,
       -1.05961859,  1.37887454,  1.45671034,  2.32041049, -0.38317248,
       -0.80405891,  0.01655698,  0.72215009, -1.12089407,  0.6035704 ,
       -0.61975461,  0.61167091, -0.14958832,  0.42463639,  0.47662526,
       -1.35131705,  1.01161909, -1.01870346, -0.43470314, -1.2942667 ,
        0.4501701 ,  0.98896593, -0.43802577, -0.39426139, -1.41329205,
        0.57015514,  0.20766772, -1.01995325,  0.4265126 , -0.61093456,
        0.15425974,  0.42910174,  0.47211501, -1.40519845, -0.72315943,
        0.90702969, -0.40995616,  1.74599743, -1.01717174,  1.71005893,
        0.42260244,  0.24467398, -1.69720066,  1.11725938, -1.08020937,
       -0.77553576,  0.07872688, -0.01454474,  0.52441198, -0.54869515,
       -0.12622938,  1.34213233, -0.30330819,  0.52767903, -0.86565071,
       -0.69246286,  0.45001027,  0.59748572, -0.22376217,  0.32613683,
        0.36583585,  0.79309624,  0.92226511, -0.35409591,  0.07809527,
       -0.28892794,  0.86454564,  0.57657081,  1.08687401,  0.20307751,
        1.56328201,  1.61048555, -0.89175725, -0.64547336,  0.84956968,
        1.55653918, -1.79121971,  0.57778883,  0.59318042, -1.00375962,
       -0.91584092,  0.72260278,  0.12349177, -2.09338427,  2.06505036], dtype=float32), array([-0.34531918, -0.67829221, -1.31479812,  0.76913005, -0.63760465,
        0.01848217,  1.13301075, -1.91452765,  2.09957337, -0.23169498,
       -1.64439213, -0.66971582, -2.02860928,  0.05559804, -2.05206203,
       -1.01665139,  1.3421315 ,  1.46077728,  2.26050711, -0.34217587,
       -0.81242323,  0.01066363,  0.66841912, -1.11391103,  0.61206067,
       -0.55056012,  0.65984756, -0.1787131 ,  0.45686284,  0.48947635,
       -1.35260868,  1.08180273, -1.06141472, -0.38710028, -1.29783547,
        0.43508899,  0.95842946, -0.4250145 , -0.45395663, -1.39032686,
        0.48448232,  0.24032828, -0.96948957,  0.49233949, -0.66785556,
        0.14998589,  0.45658755,  0.38821173, -1.43658924, -0.69493032,
        0.89372194, -0.41179761,  1.80219817, -0.97749019,  1.73080397,
        0.36782584,  0.26007617, -1.59556365,  1.06875062, -0.98990101,
       -0.69920677,  0.08896569, -0.10633939,  0.5515269 , -0.5352596 ,
       -0.19594339,  1.31854248, -0.37447539,  0.56117225, -0.91109669,
       -0.67316198,  0.46394321,  0.64983052, -0.25181496,  0.34100279,
        0.33801863,  0.77289158,  0.96028805, -0.38030252,  0.03475707,
       -0.34306479,  0.93775523,  0.68223441,  1.11589468,  0.24296086,
        1.56720805,  1.59651256, -0.86737961, -0.7086342 ,  0.78594208,
        1.58367109, -1.73440909,  0.66872585,  0.52597201, -1.04399061,
       -0.95567155,  0.71671402,  0.03550391, -2.07610512,  2.11298037], dtype=float32), array([-0.35679403, -0.67503417, -1.31482053,  0.77845371, -0.63555455,
        0.01734416,  1.13925469, -1.91475093,  2.098037  , -0.23433706,
       -1.64933181, -0.68031573, -2.02087021,  0.05156012, -2.04647303,
       -1.01274717,  1.3495549 ,  1.4689883 ,  2.25530386, -0.34976989,
       -0.80889148,  0.00271549,  0.67810404, -1.1077354 ,  0.60806251,
       -0.55355483,  0.66183567, -0.17545688,  0.46577781,  0.48456475,
       -1.34945655,  1.0882982 , -1.06963861, -0.38455686, -1.30019283,
        0.41817823,  0.95815009, -0.43040785, -0.46645713, -1.38421571,
        0.48670426,  0.23759779, -0.96614707,  0.48907605, -0.67234361,
        0.14665335,  0.46759242,  0.38246685, -1.42379606, -0.7059598 ,
        0.89869326, -0.41041535,  1.80346823, -0.97807443,  1.73274338,
        0.36657229,  0.25654483, -1.58628464,  1.07330549, -0.98578411,
       -0.70547086,  0.08316132, -0.10364378,  0.54570192, -0.53286731,
       -0.18974376,  1.31860006, -0.37686005,  0.56358695, -0.89934486,
       -0.6798178 ,  0.4614439 ,  0.64588535, -0.24860296,  0.33178389,
        0.33220962,  0.76935583,  0.96288997, -0.38655552,  0.03029935,
       -0.34104919,  0.9441216 ,  0.68739569,  1.11347175,  0.251674  ,
        1.56855047,  1.59840715, -0.86125141, -0.70961761,  0.7886669 ,
        1.59371829, -1.7412976 ,  0.66956866,  0.524809  , -1.04571235,
       -0.95178902,  0.71325713,  0.02440817, -2.07224965,  2.10745502], dtype=float32), array([-0.36833712, -0.65279591, -1.32113945,  0.8277182 , -0.60804832,
       -0.00587599,  1.11131263, -1.90145779,  2.09166527, -0.21019104,
       -1.67142785, -0.64814967, -1.99994481,  0.02588234, -2.03998303,
       -1.03311038,  1.36886013,  1.47370362,  2.25758266, -0.38073501,
       -0.80829084, -0.01205462,  0.67754942, -1.11284554,  0.61891681,
       -0.59296638,  0.64609313, -0.15522033,  0.48595184,  0.46673313,
       -1.35393739,  1.1089493 , -1.07622743, -0.41193426, -1.31907499,
        0.39977232,  0.94987577, -0.41929072, -0.49635988, -1.40210783,
        0.52379471,  0.24543354, -0.99812472,  0.50597918, -0.62681073,
        0.12269951,  0.49342427,  0.35497847, -1.39481318, -0.74450576,
        0.87058485, -0.3907994 ,  1.77611065, -1.00083005,  1.72798097,
        0.36083406,  0.2452292 , -1.59466219,  1.0867759 , -1.01336849,
       -0.77686852,  0.09994272, -0.06330936,  0.56704688, -0.55494457,
       -0.14731453,  1.36260736, -0.33528417,  0.55936503, -0.8850286 ,
       -0.70643902,  0.43098289,  0.63419008, -0.2072486 ,  0.34648335,
        0.35554871,  0.74231273,  0.93070304, -0.36340532,  0.01216053,
       -0.2975474 ,  0.90807211,  0.63397294,  1.10823226,  0.20783426,
        1.5945909 ,  1.59395516, -0.83080095, -0.71050769,  0.78237027,
        1.61593831, -1.73111606,  0.6580658 ,  0.51724112, -1.02635372,
       -0.91029429,  0.74171764,  0.06236605, -2.07902241,  2.10083175], dtype=float32), array([ -3.67543250e-01,  -6.52067065e-01,  -1.33001709e+00,
         8.23365450e-01,  -6.16535544e-01,  -1.93039340e-03,
         1.11806870e+00,  -1.90511775e+00,   2.08263588e+00,
        -2.19993308e-01,  -1.67751527e+00,  -6.61840141e-01,
        -1.99711299e+00,   3.44835781e-02,  -2.03708887e+00,
        -1.02190340e+00,   1.35914302e+00,   1.46951759e+00,
         2.26272535e+00,  -3.80037755e-01,  -8.12399209e-01,
        -1.51192991e-03,   6.72057271e-01,  -1.10514569e+00,
         6.10453904e-01,  -5.95185637e-01,   6.51061356e-01,
        -1.65640444e-01,   4.75571185e-01,   4.79702413e-01,
        -1.35435116e+00,   1.10077119e+00,  -1.06905746e+00,
        -4.07029778e-01,  -1.30771208e+00,   4.09559399e-01,
         9.62750971e-01,  -4.23632920e-01,  -4.81308341e-01,
        -1.40146267e+00,   5.17930984e-01,   2.40711942e-01,
        -9.89220619e-01,   4.92693305e-01,  -6.31135762e-01,
         1.34898663e-01,   4.78838205e-01,   3.60057831e-01,
        -1.40904129e+00,  -7.38636851e-01,   8.80107641e-01,
        -3.96460265e-01,   1.78540778e+00,  -1.00068653e+00,
         1.73048997e+00,   3.70382220e-01,   2.54077703e-01,
        -1.60172248e+00,   1.08994067e+00,  -1.00688887e+00,
        -7.58300781e-01,   9.77073833e-02,  -6.74525946e-02,
         5.62215090e-01,  -5.47334850e-01,  -1.61565825e-01,
         1.34686065e+00,  -3.42714489e-01,   5.55015087e-01,
        -8.85271370e-01,  -6.95544720e-01,   4.44347650e-01,
         6.36152565e-01,  -2.22067147e-01,   3.38961333e-01,
         3.47116739e-01,   7.46930897e-01,   9.44824457e-01,
        -3.56145203e-01,   1.71057191e-02,  -3.09068322e-01,
         9.09855306e-01,   6.48796976e-01,   1.11099970e+00,
         2.32237712e-01,   1.58488584e+00,   1.59815025e+00,
        -8.38418663e-01,  -7.03977525e-01,   7.81584203e-01,
         1.60849833e+00,  -1.72446704e+00,   6.61945820e-01,
         5.21438897e-01,  -1.03528214e+00,  -9.28951681e-01,
         7.36772239e-01,   4.43813726e-02,  -2.08065176e+00,
         2.09996176e+00], dtype=float32), array([ -3.70201021e-01,  -6.48609817e-01,  -1.32822847e+00,
         8.22686732e-01,  -6.12959623e-01,  -1.87102254e-04,
         1.11780846e+00,  -1.90235102e+00,   2.08012676e+00,
        -2.22573012e-01,  -1.67875528e+00,  -6.58353925e-01,
        -1.99542058e+00,   3.48528847e-02,  -2.03706217e+00,
        -1.02558208e+00,   1.36089575e+00,   1.47101879e+00,
         2.26441169e+00,  -3.79979521e-01,  -8.14210415e-01,
         9.51479014e-05,   6.72964454e-01,  -1.10411239e+00,
         6.08831704e-01,  -5.94862163e-01,   6.49088621e-01,
        -1.66453242e-01,   4.73602086e-01,   4.80174780e-01,
        -1.35381091e+00,   1.09874213e+00,  -1.06885123e+00,
        -4.09722209e-01,  -1.30860770e+00,   4.12144005e-01,
         9.65737998e-01,  -4.23877448e-01,  -4.76160914e-01,
        -1.40018010e+00,   5.19081533e-01,   2.40128040e-01,
        -9.91843224e-01,   4.93016511e-01,  -6.30609989e-01,
         1.38944045e-01,   4.77151453e-01,   3.61824721e-01,
        -1.40857387e+00,  -7.39984870e-01,   8.82955253e-01,
        -3.96476120e-01,   1.78639817e+00,  -1.00608647e+00,
         1.72496903e+00,   3.71179223e-01,   2.54494935e-01,
        -1.60580790e+00,   1.09261632e+00,  -1.00919116e+00,
        -7.60024250e-01,   9.94056612e-02,  -6.59394562e-02,
         5.60847223e-01,  -5.47640204e-01,  -1.63534880e-01,
         1.34574008e+00,  -3.40792805e-01,   5.52850127e-01,
        -8.83129835e-01,  -6.94459200e-01,   4.47153032e-01,
         6.35783672e-01,  -2.21624821e-01,   3.38469863e-01,
         3.48588616e-01,   7.49677896e-01,   9.45569098e-01,
        -3.55150878e-01,   2.01359522e-02,  -3.08517694e-01,
         9.09790874e-01,   6.43635690e-01,   1.10964561e+00,
         2.33570516e-01,   1.58547902e+00,   1.59788752e+00,
        -8.38057756e-01,  -7.04156339e-01,   7.83392966e-01,
         1.60670269e+00,  -1.72607911e+00,   6.58965647e-01,
         5.22943079e-01,  -1.03439248e+00,  -9.29753900e-01,
         7.34059989e-01,   4.43399809e-02,  -2.08488560e+00,
         2.09722853e+00], dtype=float32), array([-0.36396155, -0.64847785, -1.33836746,  0.78916818, -0.62051487,
        0.00807021,  1.12536001, -1.91054022,  2.08197284, -0.2345169 ,
       -1.67666185, -0.65211409, -2.0022645 ,  0.04174547, -2.03444099,
       -1.01001823,  1.35522211,  1.47982883,  2.25202394, -0.36383963,
       -0.81061053, -0.00329428,  0.6692251 , -1.09178853,  0.61259967,
       -0.57976454,  0.66196734, -0.17940782,  0.48304975,  0.48460457,
       -1.35812414,  1.11642969, -1.06959736, -0.41247123, -1.30546057,
        0.42535409,  0.96799308, -0.42465776, -0.48197407, -1.3882159 ,
        0.50532752,  0.24001606, -0.96981686,  0.506787  , -0.65566754,
        0.14848346,  0.47370648,  0.36410406, -1.42308354, -0.72582912,
        0.8945725 , -0.41160551,  1.81551003, -1.00683296,  1.72168934,
        0.3606188 ,  0.25376266, -1.5954634 ,  1.06878817, -0.98025852,
       -0.7296887 ,  0.10483404, -0.08159199,  0.56098831, -0.54832709,
       -0.190382  ,  1.32651198, -0.36096424,  0.56355208, -0.90117455,
       -0.6893931 ,  0.46331713,  0.65044361, -0.23528978,  0.34033087,
        0.34865341,  0.7457462 ,  0.96057957, -0.36479062,  0.00703732,
       -0.3206895 ,  0.92470074,  0.65892076,  1.11238635,  0.24842808,
        1.56674933,  1.59082961, -0.84815437, -0.71976489,  0.77669686,
        1.60374808, -1.70957494,  0.67319208,  0.50700396, -1.03615177,
       -0.93701625,  0.72715151,  0.02098755, -2.09060359,  2.1024096 ], dtype=float32), array([-0.36385798, -0.64821708, -1.33838427,  0.78923386, -0.62034595,
        0.00816622,  1.1252141 , -1.91050684,  2.08188248, -0.23467194,
       -1.67674637, -0.65193278, -2.00222349,  0.04180451, -2.03452611,
       -1.01016378,  1.35520351,  1.47982812,  2.25211453, -0.36386386,
       -0.81061482, -0.00318281,  0.66922659, -1.0919106 ,  0.61256701,
       -0.57961905,  0.66187716, -0.17937595,  0.4828735 ,  0.48459607,
       -1.35809445,  1.11630619, -1.06948364, -0.41259795, -1.30538893,
        0.42548963,  0.96809351, -0.42471752, -0.48181477, -1.38821089,
        0.50543308,  0.23995654, -0.96991324,  0.50672662, -0.65560651,
        0.1487945 ,  0.47358355,  0.36410326, -1.42297876, -0.72597843,
        0.8947382 , -0.41152704,  1.81552017, -1.00699937,  1.72147465,
        0.36059651,  0.2538113 , -1.59577858,  1.06900382, -0.98047835,
       -0.72983944,  0.10490998, -0.08147655,  0.56101465, -0.5484066 ,
       -0.19043876,  1.3265301 , -0.36089835,  0.56344229, -0.90100068,
       -0.68918562,  0.46348229,  0.65031207, -0.23536137,  0.34034589,
        0.348739  ,  0.74581599,  0.96066046, -0.36459231,  0.00725598,
       -0.32050493,  0.92465883,  0.65877664,  1.11227572,  0.24849348,
        1.56675756,  1.59094131, -0.84819949, -0.71968985,  0.77681553,
        1.60363042, -1.70962977,  0.6730445 ,  0.50703275, -1.0361104 ,
       -0.93720138,  0.72700363,  0.02093038, -2.09088492,  2.10207677], dtype=float32), array([-0.37746838, -0.59522343, -1.32551122,  0.82587129, -0.57801408,
        0.0192533 ,  1.09987187, -1.88683403,  2.0642767 , -0.24906066,
       -1.70083261, -0.61320919, -1.98023868,  0.02943869, -2.03600287,
       -1.0576241 ,  1.38100338,  1.49180841,  2.27114868, -0.37746873,
       -0.82078439,  0.01123564,  0.6783002 , -1.09476149,  0.60526729,
       -0.57861501,  0.63050485, -0.16528997,  0.46588373,  0.47187036,
       -1.35203195,  1.10183799, -1.06773496, -0.44096485, -1.31179082,
        0.43648335,  0.98380798, -0.43415087, -0.45168671, -1.39255416,
        0.53372198,  0.2308329 , -1.00939858,  0.51435733, -0.62856907,
        0.17577681,  0.47227201,  0.36773965, -1.39319098, -0.76297849,
        0.91238791, -0.3921665 ,  1.79689515, -1.06241488,  1.6733762 ,
        0.36027101,  0.2567623 , -1.64488435,  1.1049428 , -1.03023517,
       -0.7864902 ,  0.12307554, -0.0533831 ,  0.56539726, -0.56482804,
       -0.18389291,  1.34561598, -0.33564588,  0.547539  , -0.86846793,
       -0.67863321,  0.46787366,  0.63322181, -0.20927317,  0.34665471,
        0.36961201,  0.76300031,  0.94920754, -0.33838212,  0.03854982,
       -0.28047583,  0.90592366,  0.59146911,  1.10229516,  0.23524389,
        1.58890462,  1.5946753 , -0.83667356, -0.71666038,  0.79628718,
        1.5900234 , -1.71920061,  0.62835574,  0.51122409, -1.01758873,
       -0.93130469,  0.70790112,  0.04023427, -2.13086152,  2.05392504], dtype=float32), array([-0.4559809 , -0.54730165, -1.32299829,  0.86506826, -0.55974597,
        0.04129559,  1.14946115, -1.89171541,  2.02634406, -0.29731199,
       -1.7336731 , -0.67722124, -1.93427205,  0.0103048 , -2.02036858,
       -1.02921999,  1.40974987,  1.52994025,  2.25889564, -0.41169629,
       -0.83822209, -0.01699436,  0.72207075, -1.05894196,  0.56964535,
       -0.62802786,  0.65814781, -0.15544131,  0.49065313,  0.47338161,
       -1.34354067,  1.1029073 , -1.08756566, -0.42866686, -1.31232524,
        0.37141937,  1.00253725, -0.4563241 , -0.47233495, -1.33880591,
        0.53946161,  0.2008287 , -1.00200438,  0.49104741, -0.64413339,
        0.15956011,  0.48716754,  0.37824079, -1.36129856, -0.80693746,
        0.93755507, -0.38306645,  1.80270612, -1.08363974,  1.66526282,
        0.3823992 ,  0.27232042, -1.60380244,  1.14295805, -1.01860046,
       -0.77943611,  0.09022325, -0.0266    ,  0.53258806, -0.54855222,
       -0.17273834,  1.32852817, -0.32834357,  0.53698397, -0.81065869,
       -0.71178603,  0.45442662,  0.61603177, -0.16914527,  0.28475973,
        0.35265368,  0.7681188 ,  0.97690564, -0.34449765,  0.05615932,
       -0.29784539,  0.9077577 ,  0.59865451,  1.09349191,  0.29958558,
        1.57260787,  1.61542141, -0.83233559, -0.72539264,  0.81457388,
        1.61742342, -1.75078702,  0.63038659,  0.52948678, -1.03941166,
       -0.93121058,  0.67861754, -0.02167114, -2.11304212,  2.02886629], dtype=float32), array([ -4.61210757e-01,  -5.29493868e-01,  -1.33118010e+00,
         8.60365331e-01,  -5.56067288e-01,   5.04869893e-02,
         1.14165425e+00,  -1.88882399e+00,   2.00354695e+00,
        -3.12561899e-01,  -1.74183047e+00,  -6.66071177e-01,
        -1.92693007e+00,   2.01054923e-02,  -2.03072882e+00,
        -1.04419124e+00,   1.39609206e+00,   1.52755773e+00,
         2.26852655e+00,  -4.03797925e-01,  -8.38776469e-01,
         1.32317946e-03,   7.11349726e-01,  -1.05473769e+00,
         5.52776396e-01,  -6.02181315e-01,   6.45722628e-01,
        -1.73355654e-01,   4.58264083e-01,   4.84344929e-01,
        -1.33623052e+00,   1.07848179e+00,  -1.06801391e+00,
        -4.38601255e-01,  -1.29699779e+00,   4.07978892e-01,
         1.04292834e+00,  -4.65841651e-01,  -4.27085370e-01,
        -1.33914769e+00,   5.30776024e-01,   1.98957875e-01,
        -1.00157332e+00,   4.81500000e-01,  -6.46752000e-01,
         2.04189375e-01,   4.60969418e-01,   3.90866429e-01,
        -1.37739742e+00,  -8.02805185e-01,   9.66020942e-01,
        -3.93867254e-01,   1.82083309e+00,  -1.10293484e+00,
         1.64121962e+00,   4.04364794e-01,   2.82473445e-01,
        -1.65635049e+00,   1.14844072e+00,  -1.02406299e+00,
        -7.65253484e-01,   1.00979805e-01,  -2.85796728e-02,
         5.21577120e-01,  -5.43394089e-01,  -2.01019689e-01,
         1.30500948e+00,  -3.16408753e-01,   5.21583200e-01,
        -8.03799033e-01,  -6.85925543e-01,   4.89043087e-01,
         6.24393225e-01,  -1.94769964e-01,   2.83516169e-01,
         3.56495738e-01,   7.84623444e-01,   9.94911253e-01,
        -3.32834274e-01,   7.14851767e-02,  -3.07944030e-01,
         9.23451185e-01,   5.96108317e-01,   1.08693755e+00,
         3.21477026e-01,   1.56366253e+00,   1.60678947e+00,
        -8.37642908e-01,  -7.10902989e-01,   8.16398323e-01,
         1.59362233e+00,  -1.74139726e+00,   6.23034298e-01,
         5.43322027e-01,  -1.04384100e+00,  -9.61803734e-01,
         6.67462051e-01,  -3.98503579e-02,  -2.13683605e+00,
         2.01381040e+00], dtype=float32), array([-0.47194237, -0.52383929, -1.31873977,  0.8496992 , -0.54614842,
        0.05249294,  1.1475302 , -1.87838089,  1.99919939, -0.31287289,
       -1.74015892, -0.65809929, -1.92015946,  0.02283953, -2.02232385,
       -1.05682755,  1.40729713,  1.54300749,  2.26173043, -0.39936846,
       -0.83979392, -0.0062502 ,  0.7222051 , -1.04722774,  0.54701328,
       -0.58889246,  0.64511234, -0.18284284,  0.46401998,  0.48528942,
       -1.33268821,  1.08775163, -1.07990658, -0.44291109, -1.30950212,
        0.39999276,  1.04672778, -0.4607076 , -0.42640978, -1.3268559 ,
        0.52795887,  0.19805637, -1.00359988,  0.49522501, -0.66363341,
        0.21868773,  0.4678809 ,  0.38208544, -1.3680687 , -0.80418891,
        0.97979248, -0.39314014,  1.83802927, -1.12013483,  1.61820602,
        0.39493382,  0.27694094, -1.64276755,  1.15045011, -1.01922309,
       -0.77242082,  0.10376675, -0.0322778 ,  0.51170594, -0.54150015,
       -0.20939219,  1.29494917, -0.32088995,  0.52110153, -0.79012543,
       -0.68675745,  0.49796507,  0.61800915, -0.19407573,  0.2776463 ,
        0.35708636,  0.7868107 ,  0.99693996, -0.34433112,  0.07591671,
       -0.31555679,  0.93941474,  0.5920698 ,  1.08520412,  0.33257377,
        1.5687921 ,  1.59664476, -0.83030713, -0.72348374,  0.82104963,
        1.60693026, -1.75660586,  0.61616582,  0.54015881, -1.04241848,
       -0.957394  ,  0.64841962, -0.05466492, -2.14742899,  2.00771666], dtype=float32), array([-0.47146979, -0.50533521, -1.32643521,  0.84385228, -0.53884983,
        0.05922538,  1.14092565, -1.87859702,  1.97958434, -0.33013165,
       -1.74633074, -0.64053106, -1.91482055,  0.03703073, -2.02910924,
       -1.06871831,  1.39999402,  1.54569948,  2.26721931, -0.39572918,
       -0.84205484,  0.01331539,  0.71814686, -1.04235995,  0.52879012,
       -0.54799789,  0.62928605, -0.20052187,  0.44152603,  0.49347994,
       -1.32215405,  1.07300997, -1.06468368, -0.44526124, -1.29688072,
        0.4220973 ,  1.08181381, -0.47924888, -0.38856035, -1.32428539,
        0.52716166,  0.19352546, -0.99778819,  0.48919022, -0.67694682,
        0.27214041,  0.45173734,  0.37907925, -1.37092066, -0.80873513,
        1.02114189, -0.38973409,  1.85712659, -1.13906753,  1.57986438,
        0.40778187,  0.28156596, -1.69126105,  1.15843439, -1.02550089,
       -0.76640731,  0.11167515, -0.03102712,  0.5037654 , -0.53736389,
       -0.24128523,  1.26594043, -0.31530574,  0.50923169, -0.76852286,
       -0.65089691,  0.53580773,  0.61339772, -0.22280382,  0.27714565,
        0.36136481,  0.79925978,  1.01326799, -0.33503538,  0.09211649,
       -0.3165361 ,  0.96558565,  0.59889489,  1.08120501,  0.36152807,
        1.55438685,  1.58942354, -0.82420164, -0.71713358,  0.82481259,
        1.58715189, -1.75215685,  0.59931076,  0.54412925, -1.0475682 ,
       -0.98900443,  0.63036507, -0.08927222, -2.18589115,  1.97690296], dtype=float32), array([-0.48676082, -0.50456035, -1.32411873,  0.85237813, -0.54088473,
        0.05648368,  1.15297902, -1.88065648,  1.98048759, -0.32906973,
       -1.75116944, -0.65936077, -1.90912259,  0.02815194, -2.02192068,
       -1.05739915,  1.40516138,  1.56085622,  2.25716567, -0.40713578,
       -0.8299318 , -0.00837322,  0.73770982, -1.03691995,  0.52467459,
       -0.55133879,  0.63805342, -0.19204223,  0.45466265,  0.48275709,
       -1.3181771 ,  1.08614838, -1.08023119, -0.44009879, -1.2976234 ,
        0.38807911,  1.07580006, -0.48824194, -0.42314452, -1.31320894,
        0.5284521 ,  0.19028862, -0.98526198,  0.4810878 , -0.68600523,
        0.26656631,  0.47417152,  0.37183881, -1.3448149 , -0.82076967,
        1.02706826, -0.38854423,  1.85985136, -1.13531184,  1.58758903,
        0.4072313 ,  0.27510923, -1.67392337,  1.15996158, -1.01771033,
       -0.77703243,  0.09971749, -0.02951886,  0.49173015, -0.52905315,
       -0.22647107,  1.26386225, -0.32017463,  0.51833582, -0.75582409,
       -0.66777104,  0.52616543,  0.6104002 , -0.21964432,  0.26963234,
        0.34932426,  0.78958559,  1.01714838, -0.35101369,  0.08006204,
       -0.31592122,  0.9783814 ,  0.61232233,  1.07705605,  0.37029636,
        1.56171536,  1.58993042, -0.81519407, -0.7180022 ,  0.8266027 ,
        1.60768831, -1.76304114,  0.60477632,  0.54157758, -1.04720664,
       -0.97537142,  0.62651139, -0.10059536, -2.17612386,  1.96827888], dtype=float32), array([-0.47952902, -0.5146327 , -1.32985973,  0.84923476, -0.55289358,
        0.05900308,  1.16001809, -1.89018703,  1.98429489, -0.32639757,
       -1.74956322, -0.66947383, -1.91221309,  0.03194731, -2.01950598,
       -1.04495013,  1.39218605,  1.55621636,  2.2556417 , -0.40567771,
       -0.83138996, -0.00573021,  0.72651577, -1.03496981,  0.52656901,
       -0.55587971,  0.64312381, -0.19439389,  0.45475686,  0.4906193 ,
       -1.31812906,  1.08336318, -1.07874978, -0.43451694, -1.29266536,
        0.39389285,  1.06999183, -0.48573443, -0.42327714, -1.32209873,
        0.52329636,  0.19238588, -0.97738171,  0.47367704, -0.6872642 ,
        0.26143315,  0.46456748,  0.37468672, -1.35824537, -0.8084228 ,
        1.02701128, -0.39425185,  1.86339366, -1.12466192,  1.60026467,
        0.40893155,  0.27783108, -1.66750991,  1.15494585, -1.01088345,
       -0.7657451 ,  0.09781961, -0.03269952,  0.49451944, -0.52663541,
       -0.23076546,  1.2578845 , -0.32456407,  0.52196103, -0.76707315,
       -0.66400039,  0.53014624,  0.61475903, -0.23146255,  0.26920789,
        0.33943617,  0.78578651,  1.01897192, -0.34816727,  0.07270487,
       -0.32352585,  0.97622031,  0.62668478,  1.08276749,  0.37591219,
        1.55546689,  1.59074271, -0.82007784, -0.7116788 ,  0.822312  ,
        1.60558856, -1.75506628,  0.61164445,  0.54121852, -1.05246997,
       -0.98324865,  0.63432735, -0.10287897, -2.16646385,  1.98166835], dtype=float32), array([-0.47952268, -0.51462334, -1.32985938,  0.84923434, -0.55288678,
        0.05899959,  1.1600188 , -1.89018726,  1.98429251, -0.32639962,
       -1.74955559, -0.66946346, -1.91222346,  0.03195336, -2.01950383,
       -1.04496026,  1.39217842,  1.55622089,  2.25564814, -0.40567335,
       -0.83139539, -0.00572777,  0.72651196, -1.03497267,  0.52657342,
       -0.5558762 ,  0.6431157 , -0.19439137,  0.45475435,  0.49062601,
       -1.31813419,  1.08336771, -1.0787493 , -0.4345195 , -1.29265988,
        0.39389765,  1.06998479, -0.48573133, -0.42327335, -1.32210398,
        0.52329588,  0.19238707, -0.97738194,  0.47367552, -0.68726736,
        0.26143944,  0.46456823,  0.37467587, -1.35824382, -0.80842626,
        1.02700591, -0.3942484 ,  1.86339843, -1.12466478,  1.60025001,
        0.40892607,  0.27783692, -1.66752291,  1.1549567 , -1.01088643,
       -0.76575238,  0.0978215 , -0.03269465,  0.49452659, -0.52663928,
       -0.23076566,  1.25788713, -0.32456499,  0.52196038, -0.76706308,
       -0.66399515,  0.53015327,  0.6147514 , -0.23146412,  0.26920971,
        0.33944052,  0.78577864,  1.01898158, -0.34815738,  0.07270911,
       -0.32352561,  0.97621435,  0.62668502,  1.08276284,  0.37590972,
        1.55547011,  1.59074724, -0.82007676, -0.7116828 ,  0.82231313,
        1.60557878, -1.75507665,  0.61164463,  0.54121637, -1.05246079,
       -0.98324013,  0.63432413, -0.10288186, -2.16648388,  1.98166835], dtype=float32), array([-0.47982264, -0.51254207, -1.33036697,  0.8515265 , -0.55216575,
        0.05900749,  1.15744662, -1.88969886,  1.98385453, -0.32814738,
       -1.75081587, -0.66841483, -1.91177392,  0.03214599, -2.02201223,
       -1.04842138,  1.39233375,  1.55343556,  2.25817704, -0.40579256,
       -0.83267993, -0.00432922,  0.72552949, -1.03609467,  0.52759558,
       -0.55697399,  0.64096224, -0.19377469,  0.45180744,  0.48929846,
       -1.31706107,  1.08018792, -1.07540381, -0.43746957, -1.29214692,
        0.39730349,  1.07153988, -0.4853999 , -0.41879943, -1.32291555,
        0.52322179,  0.19209366, -0.97899091,  0.47350481, -0.68413526,
        0.26086158,  0.46375892,  0.37682956, -1.35944569, -0.80918384,
        1.02539611, -0.39489421,  1.85960186, -1.12477422,  1.60002887,
        0.41132882,  0.27922338, -1.67389369,  1.15668774, -1.01342952,
       -0.76649219,  0.09869294, -0.0315411 ,  0.49585107, -0.52768886,
       -0.22976993,  1.25989914, -0.32163116,  0.52022511, -0.76739269,
       -0.66381174,  0.52880353,  0.61644703, -0.23036496,  0.27000785,
        0.34119862,  0.78669232,  1.01929593, -0.34403428,  0.07434102,
       -0.32132193,  0.97267228,  0.62378442,  1.08065379,  0.37242267,
        1.5551846 ,  1.59127843, -0.82115138, -0.70892429,  0.82218653,
        1.60209632, -1.75460732,  0.61214882,  0.54422414, -1.05021858,
       -0.9834196 ,  0.63590461, -0.09967726, -2.16702437,  1.98213792], dtype=float32), array([-0.49784559, -0.48831269, -1.32816303,  0.84720778, -0.53761649,
        0.06916802,  1.14652812, -1.87064052,  1.96524215, -0.34361658,
       -1.75837243, -0.64390993, -1.9046371 ,  0.04101759, -2.0298717 ,
       -1.08261895,  1.39246583,  1.55209851,  2.27238703, -0.40119344,
       -0.84245449,  0.01380166,  0.72092652, -1.02806115,  0.51524091,
       -0.54342622,  0.62551433, -0.20987359,  0.42400211,  0.49342588,
       -1.30598783,  1.04915798, -1.0558635 , -0.46000284, -1.28808534,
        0.43055409,  1.10802734, -0.48855433, -0.35852364, -1.31769681,
        0.52011847,  0.1875446 , -0.98998362,  0.46992517, -0.67801625,
        0.29884669,  0.44677442,  0.39438292, -1.37255979, -0.80894476,
        1.04560804, -0.40430444,  1.86389995, -1.15010691,  1.56142485,
        0.42993307,  0.28832895, -1.72947061,  1.16953957, -1.02581322,
       -0.76559097,  0.11405171, -0.03066421,  0.48480201, -0.52921009,
       -0.25377008,  1.24301898, -0.2981284 ,  0.50370824, -0.75981855,
       -0.64911735,  0.55485094,  0.62673777, -0.24063754,  0.26977053,
        0.35343117,  0.8026337 ,  1.02588129, -0.32901067,  0.09456784,
       -0.32037002,  0.97631812,  0.59541404,  1.06851304,  0.38051841,
        1.55345464,  1.58125913, -0.82135206, -0.69340503,  0.82795125,
        1.57675982, -1.75461459,  0.59470564,  0.56513822, -1.03990471,
       -1.00078094,  0.6220032 , -0.10026176, -2.1966939 ,  1.9692626 ], dtype=float32), array([-0.49364847, -0.47892851, -1.33123946,  0.84496361, -0.53631163,
        0.07886076,  1.1347779 , -1.87011576,  1.95572281, -0.35205409,
       -1.7617538 , -0.63324255, -1.89913607,  0.04252786, -2.04001975,
       -1.0898807 ,  1.37715483,  1.54041827,  2.28358531, -0.39521396,
       -0.84230942,  0.02861615,  0.70868349, -1.03627479,  0.51218414,
       -0.53226209,  0.61590052, -0.21783812,  0.39608678,  0.49982679,
       -1.30501759,  1.03194988, -1.04222286, -0.46558714, -1.27599585,
        0.46740711,  1.12496495, -0.49433884, -0.32696047, -1.32566452,
        0.51517349,  0.18667816, -0.9943431 ,  0.4653995 , -0.66971654,
        0.3192929 ,  0.42000318,  0.40690055, -1.38543391, -0.801153  ,
        1.05688512, -0.41113627,  1.86897278, -1.16230512,  1.55558169,
        0.44403934,  0.2949391 , -1.76511276,  1.17178965, -1.03669989,
       -0.75725812,  0.12163302, -0.02511882,  0.48422602, -0.52472794,
       -0.26642856,  1.23396719, -0.28919005,  0.49107549, -0.76356721,
       -0.62911677,  0.57247007,  0.63030547, -0.2513943 ,  0.27452683,
        0.36063585,  0.82018793,  1.03364182, -0.31817424,  0.10770098,
       -0.32659924,  0.97147661,  0.58816433,  1.06250405,  0.38325664,
        1.54922175,  1.57839918, -0.83241528, -0.68042731,  0.83005333,
        1.5555681 , -1.74237454,  0.59169728,  0.57323736, -1.04195797,
       -1.01823735,  0.61898941, -0.10016914, -2.20293069,  1.95975304], dtype=float32), array([-0.49352777, -0.47821087, -1.33117425,  0.8448658 , -0.53579187,
        0.07934328,  1.13381028, -1.87033808,  1.95488167, -0.35238016,
       -1.76177824, -0.63248533, -1.89859843,  0.04223982, -2.04069328,
       -1.09063303,  1.37658525,  1.5398612 ,  2.28431559, -0.39483547,
       -0.8421216 ,  0.02884695,  0.70795292, -1.03680289,  0.51224536,
       -0.53127903,  0.61500448, -0.21809104,  0.39482608,  0.5004012 ,
       -1.30472994,  1.03086817, -1.04183447, -0.46644115, -1.27552032,
        0.46924704,  1.12576473, -0.49464688, -0.32547432, -1.32585108,
        0.5150972 ,  0.18642353, -0.99469596,  0.46543366, -0.66917956,
        0.32065505,  0.41858935,  0.40776244, -1.38612521, -0.80086684,
        1.05729795, -0.41149104,  1.86982298, -1.16341197,  1.55504119,
        0.44479436,  0.29526293, -1.76717377,  1.1716243 , -1.03737962,
       -0.7567178 ,  0.12221921, -0.024636  ,  0.48404083, -0.52444333,
       -0.26642689,  1.23322809, -0.28871655,  0.49041834, -0.76338172,
       -0.62832516,  0.5740577 ,  0.6305272 , -0.25145075,  0.27507219,
        0.3612695 ,  0.8209666 ,  1.03435647, -0.31788477,  0.10867279,
       -0.32736984,  0.97148705,  0.58709705,  1.06180704,  0.38312486,
        1.54917133,  1.57819998, -0.83309489, -0.67988992,  0.83010197,
        1.55455184, -1.74192822,  0.59140337,  0.57387453, -1.04177439,
       -1.01911175,  0.61851215, -0.09991528, -2.20328665,  1.95890903], dtype=float32), array([-0.49382266, -0.47789687, -1.33087862,  0.84485096, -0.53540391,
        0.07945064,  1.1338135 , -1.86997283,  1.95474231, -0.35255069,
       -1.76184022, -0.63220245, -1.89846492,  0.04220109, -2.04062128,
       -1.09092808,  1.37688184,  1.54007351,  2.28442574, -0.39484435,
       -0.84226358,  0.02887689,  0.70820385, -1.03671181,  0.5120945 ,
       -0.53136379,  0.61478502, -0.21809533,  0.39480019,  0.50038517,
       -1.30466712,  1.03083205, -1.04193807, -0.46666142, -1.27563882,
        0.46921602,  1.12588167, -0.49466726, -0.32524389, -1.32567525,
        0.51528829,  0.1862945 , -0.99498242,  0.46546313, -0.66910976,
        0.32090706,  0.4185864 ,  0.40788656, -1.3859663 , -0.80108017,
        1.05747128, -0.41136104,  1.86980963, -1.16384912,  1.55451977,
        0.44468606,  0.29523182, -1.76726937,  1.17188835, -1.03758514,
       -0.757034  ,  0.12233674, -0.02445438,  0.48387372, -0.52446735,
       -0.26643243,  1.233235  , -0.28859869,  0.49024597, -0.76308113,
       -0.6284163 ,  0.57418746,  0.63037354, -0.25123644,  0.27491221,
        0.36137748,  0.82118487,  1.03436279, -0.3179439 ,  0.10892667,
       -0.32722265,  0.97142935,  0.58654541,  1.06169236,  0.38315645,
        1.54931343,  1.57819903, -0.83292729, -0.67996931,  0.83033818,
        1.55454326, -1.74220729,  0.59104788,  0.57391107, -1.04158008,
       -1.01898658,  0.61820704, -0.09977756, -2.20360231,  1.95857441], dtype=float32), array([-0.49347755, -0.47806028, -1.33055508,  0.84402859, -0.53511304,
        0.07943793,  1.13384116, -1.86947358,  1.9542079 , -0.35278422,
       -1.76188552, -0.63203853, -1.89852607,  0.04266549, -2.04065895,
       -1.09134769,  1.37673974,  1.53952849,  2.28500843, -0.39438277,
       -0.84296077,  0.02969322,  0.70752871, -1.03669286,  0.5123741 ,
       -0.53219396,  0.61444777, -0.21844983,  0.39367232,  0.50121266,
       -1.30508685,  1.03043783, -1.04163516, -0.46731439, -1.27543533,
        0.47042033,  1.1260103 , -0.49405098, -0.32393208, -1.32575071,
        0.51504278,  0.18624789, -0.99549097,  0.46521384, -0.66860455,
        0.32076508,  0.41742685,  0.40830782, -1.38709974, -0.80052966,
        1.05760658, -0.41142574,  1.86974752, -1.16411352,  1.55439782,
        0.44491914,  0.29585543, -1.7672472 ,  1.17214024, -1.03753877,
       -0.75640476,  0.12306774, -0.02426395,  0.48396346, -0.52419573,
       -0.26685506,  1.23298311, -0.28872797,  0.48985425, -0.76328832,
       -0.62783128,  0.57468212,  0.6306138 , -0.25126311,  0.27471867,
        0.3614862 ,  0.82199061,  1.03481853, -0.31739575,  0.10968805,
       -0.32781953,  0.97074425,  0.58587694,  1.06154692,  0.38314414,
        1.54940319,  1.57848799, -0.83360362, -0.68000466,  0.83027828,
        1.55386782, -1.74243796,  0.59104389,  0.57417423, -1.04160154,
       -1.01934958,  0.61814481, -0.09930004, -2.20382929,  1.95848727], dtype=float32), array([-0.49349779, -0.47649702, -1.32941353,  0.84554809, -0.53496999,
        0.07607403,  1.13313115, -1.870538  ,  1.95582843, -0.35154781,
       -1.76363099, -0.63228106, -1.89526212,  0.04284086, -2.04035974,
       -1.09254348,  1.37997985,  1.54168081,  2.28334165, -0.39558735,
       -0.84175003,  0.02673707,  0.70928496, -1.03725672,  0.51205003,
       -0.53280789,  0.61517012, -0.2152025 ,  0.3980135 ,  0.5001514 ,
       -1.30476975,  1.03676748, -1.04556251, -0.46615788, -1.27670181,
        0.46428281,  1.12211502, -0.49512506, -0.33089596, -1.32523882,
        0.51549256,  0.1862044 , -0.99579036,  0.4665322 , -0.6698066 ,
        0.31663021,  0.42274803,  0.40039289, -1.37978089, -0.80590153,
        1.05737066, -0.40949497,  1.86803484, -1.16413474,  1.55541122,
        0.44231215,  0.29609564, -1.76335871,  1.1754514 , -1.03648853,
       -0.76082557,  0.12183689, -0.02371834,  0.4852958 , -0.52612573,
       -0.26231399,  1.23649824, -0.28979453,  0.49171114, -0.75786161,
       -0.62783009,  0.57281119,  0.62742752, -0.24813095,  0.27433124,
        0.36065978,  0.81762755,  1.03732884, -0.31756121,  0.10664602,
       -0.32611379,  0.97255027,  0.58833849,  1.06067824,  0.38183305,
        1.55078483,  1.57923985, -0.82903063, -0.68277782,  0.83021986,
        1.55754042, -1.74619162,  0.5923627 ,  0.57125467, -1.04030538,
       -1.0164274 ,  0.61745411, -0.1028254 , -2.20403862,  1.954108  ], dtype=float32), array([-0.48773307, -0.47679642, -1.32511508,  0.83313239, -0.5290398 ,
        0.07806025,  1.1312865 , -1.86247075,  1.94417155, -0.35612667,
       -1.76392305, -0.62757009, -1.89614463,  0.04936925, -2.04327798,
       -1.10058224,  1.37482345,  1.53194892,  2.29401159, -0.38677725,
       -0.85207534,  0.04177689,  0.69654661, -1.03790224,  0.5153746 ,
       -0.54203522,  0.6070022 , -0.22233847,  0.37543264,  0.51369613,
       -1.31049764,  1.02580011, -1.0372045 , -0.47762007, -1.2711947 ,
        0.49004629,  1.12902939, -0.48650348, -0.30491942, -1.32728899,
        0.51119697,  0.18649131, -1.00488389,  0.46243963, -0.66045094,
        0.32110235,  0.39967674,  0.41209158, -1.40061557, -0.79514492,
        1.05991161, -0.41202164,  1.8692565 , -1.17130649,  1.55116844,
        0.4489617 ,  0.30626053, -1.77095127,  1.17799318, -1.03830373,
       -0.74885517,  0.13486637, -0.02120788,  0.48557943, -0.52141511,
       -0.27209213,  1.23044121, -0.2892707 ,  0.48334444, -0.76254964,
       -0.61658287,  0.5846343 ,  0.6327889 , -0.25011516,  0.27267596,
        0.36380598,  0.83397722,  1.04516935, -0.30729386,  0.12132561,
       -0.33596566,  0.96184379,  0.57418215,  1.05740666,  0.38224149,
        1.55089748,  1.58315909, -0.8420701 , -0.68179935,  0.82907677,
        1.54237831, -1.74579179,  0.59087795,  0.5778783 , -1.04155993,
       -1.02571297,  0.6156776 , -0.09398202, -2.20906734,  1.95184851], dtype=float32), array([-0.48975718, -0.47349977, -1.32282996,  0.83214444, -0.5282917 ,
        0.07888085,  1.13114548, -1.85999548,  1.94457364, -0.35839704,
       -1.76406527, -0.62462538, -1.89604235,  0.0508234 , -2.04145098,
       -1.10419524,  1.37504148,  1.53183532,  2.29558349, -0.38749224,
       -0.8532595 ,  0.04430231,  0.69765431, -1.03724551,  0.51305985,
       -0.54334313,  0.60759163, -0.22325033,  0.37609473,  0.51501012,
       -1.30936944,  1.02334785, -1.03625119, -0.47790644, -1.27176034,
        0.4921402 ,  1.12942028, -0.48543757, -0.29940659, -1.32649219,
        0.5121845 ,  0.18509942, -1.00720632,  0.46267712, -0.65945709,
        0.32180506,  0.39926657,  0.41448897, -1.40169823, -0.79546613,
        1.06024206, -0.41198185,  1.86763465, -1.17332089,  1.54659402,
        0.45015794,  0.30667105, -1.77332807,  1.18029797, -1.0414294 ,
       -0.74988562,  0.13572891, -0.02248085,  0.48531765, -0.52346283,
       -0.27420017,  1.23057687, -0.28776568,  0.48301932, -0.7634601 ,
       -0.61612415,  0.58547503,  0.63172555, -0.2499323 ,  0.27376619,
        0.36484113,  0.83350515,  1.04433143, -0.30580944,  0.12284113,
       -0.33450028,  0.96083468,  0.57001567,  1.05706716,  0.38268003,
        1.55169225,  1.58300591, -0.84115899, -0.68019235,  0.82949704,
        1.5411979 , -1.74749517,  0.58791828,  0.57847309, -1.04016805,
       -1.02653432,  0.6139732 , -0.0929343 , -2.21128964,  1.95239079], dtype=float32), array([-0.47433612, -0.48431975, -1.32255447,  0.815364  , -0.53098702,
        0.07558091,  1.13179898, -1.85414243,  1.93552232, -0.36074546,
       -1.76195979, -0.62754053, -1.90220499,  0.06271857, -2.04275918,
       -1.10564315,  1.3675617 ,  1.51584387,  2.30687165, -0.37805974,
       -0.86677462,  0.06552842,  0.68119735, -1.03654611,  0.51796317,
       -0.5620842 ,  0.60335469, -0.23173003,  0.35376158,  0.5339433 ,
       -1.32015693,  1.01544666, -1.02666581, -0.4849751 , -1.26255322,
        0.51751995,  1.13155794, -0.47119698, -0.27513823, -1.33101058,
        0.50345594,  0.18244652, -1.01246357,  0.45391494, -0.64781791,
        0.31532028,  0.37425694,  0.42260885, -1.43346965, -0.77940327,
        1.05783021, -0.4139154 ,  1.86409903, -1.1682775 ,  1.55504906,
        0.4559128 ,  0.32054576, -1.76898885,  1.18138063, -1.03667617,
       -0.7300635 ,  0.14747296, -0.02275921,  0.48944601, -0.51731658,
       -0.28473881,  1.22597635, -0.2948747 ,  0.47678587, -0.77462643,
       -0.60305661,  0.59247726,  0.63872725, -0.25368112,  0.27062833,
        0.3639667 ,  0.84685308,  1.05270851, -0.29263207,  0.13323857,
       -0.34836033,  0.9460004 ,  0.56711835,  1.05938327,  0.38407508,
        1.54892683,  1.59099483, -0.85769719, -0.6785109 ,  0.82472348,
        1.52555478, -1.74657845,  0.59340042,  0.58195102, -1.0435847 ,
       -1.0370127 ,  0.61814815, -0.08238893, -2.21105003,  1.95706046], dtype=float32), array([-0.47376066, -0.48458332, -1.32241321,  0.81403154, -0.53059274,
        0.07550441,  1.13159382, -1.85332477,  1.93431222, -0.36115345,
       -1.76209617, -0.62738818, -1.90231717,  0.06364417, -2.04316664,
       -1.10626292,  1.36704302,  1.51466918,  2.30791259, -0.37702698,
       -0.867872  ,  0.06688008,  0.67972499, -1.03657067,  0.51863784,
       -0.56319731,  0.60266793, -0.2324329 ,  0.35137859,  0.53537363,
       -1.32077432,  1.01441598, -1.02573061, -0.48631799, -1.26200867,
        0.51986074,  1.13222349, -0.47016865, -0.27254841, -1.33119345,
        0.50283074,  0.1825981 , -1.01310861,  0.45334154, -0.64700353,
        0.31517971,  0.37203094,  0.42346823, -1.43573177, -0.77833885,
        1.0579443 , -0.41433322,  1.86399925, -1.16843987,  1.55494225,
        0.45659474,  0.32184765, -1.76960254,  1.18156576, -1.03637815,
       -0.7285493 ,  0.14884865, -0.02245139,  0.48962727, -0.51679182,
       -0.28559989,  1.22547841, -0.29485169,  0.47598916, -0.77513802,
       -0.60194468,  0.59343082,  0.63955587, -0.25405416,  0.27024144,
        0.364189  ,  0.84825808,  1.05368376, -0.29148751,  0.13458405,
       -0.34949374,  0.9448052 ,  0.56613195,  1.05894804,  0.38393435,
        1.54903054,  1.59128606, -0.85897309, -0.67837369,  0.82443202,
        1.52399457, -1.74663389,  0.59370118,  0.58268446, -1.04355204,
       -1.03777671,  0.61837441, -0.08157932, -2.21128488,  1.95699704], dtype=float32), array([-0.47517785, -0.48150188, -1.31766343,  0.80562699, -0.52259082,
        0.07648964,  1.1301719 , -1.84294224,  1.92507255, -0.36577702,
       -1.76388645, -0.62192851, -1.90127981,  0.06881851, -2.04434752,
       -1.11500907,  1.36823738,  1.51008475,  2.31550026, -0.37082267,
       -0.87706709,  0.07628921,  0.67331761, -1.03483999,  0.51987195,
       -0.57046831,  0.59525591, -0.23754829,  0.33606032,  0.54317862,
       -1.32313907,  1.00629008, -1.02065539, -0.49820527, -1.26099873,
        0.5343591 ,  1.13931739, -0.46401447, -0.25162193, -1.32922065,
        0.50097787,  0.18229088, -1.0208149 ,  0.45041004, -0.64097899,
        0.31841773,  0.35873401,  0.43083644, -1.44745684, -0.77470148,
        1.06155121, -0.41544065,  1.86362267, -1.17555821,  1.54597056,
        0.45979854,  0.32975617, -1.77629232,  1.18617463, -1.03727007,
       -0.72339213,  0.15914103, -0.01907201,  0.4879888 , -0.51414609,
       -0.29165438,  1.22124028, -0.29261062,  0.46830666, -0.77465034,
       -0.5963828 ,  0.60158318,  0.64339674, -0.25392392,  0.26556706,
        0.36756405,  0.85984927,  1.05927634, -0.2846925 ,  0.14660977,
       -0.35437366,  0.9373197 ,  0.55208242,  1.05501509,  0.38412324,
        1.551229  ,  1.59207606, -0.86443228, -0.67811739,  0.82571185,
        1.51376283, -1.74999595,  0.5907374 ,  0.58842748, -1.04086196,
       -1.04135013,  0.61567628, -0.07527931, -2.21794796,  1.95298922], dtype=float32), array([-0.47510266, -0.48150951, -1.31763065,  0.80553347, -0.52252769,
        0.0764844 ,  1.13017869, -1.84289086,  1.92498517, -0.36579496,
       -1.76391172, -0.62189454, -1.90129077,  0.06886048, -2.0443902 ,
       -1.11506057,  1.36818886,  1.51000643,  2.3155694 , -0.370738  ,
       -0.87714618,  0.07638861,  0.67320299, -1.03484833,  0.51993865,
       -0.57054889,  0.59519738, -0.23758014,  0.33588383,  0.54329115,
       -1.32319582,  1.00627172, -1.02061903, -0.4982923 , -1.26095021,
        0.53452986,  1.13930333, -0.46394548, -0.25149083, -1.32925558,
        0.50094867,  0.18231171, -1.02087569,  0.45040116, -0.64092118,
        0.31839281,  0.35856402,  0.43086037, -1.44756639, -0.77463108,
        1.06158233, -0.41543716,  1.86362386, -1.17561054,  1.54595804,
        0.45981708,  0.32983652, -1.77627003,  1.18619704, -1.03726315,
       -0.72332156,  0.15925613, -0.01903513,  0.48801392, -0.51410991,
       -0.29171082,  1.2212218 , -0.29263836,  0.46825036, -0.77465558,
       -0.59628505,  0.60164648,  0.64340484, -0.25391099,  0.2655507 ,
        0.36759505,  0.85997254,  1.05935264, -0.2846078 ,  0.14672375,
       -0.35446259,  0.93723297,  0.55199242,  1.05499852,  0.38410753,
        1.55123901,  1.59211576, -0.86452919, -0.67814517,  0.82568622,
        1.51365364, -1.75000942,  0.59074348,  0.58842891, -1.04087877,
       -1.04139936,  0.61566967, -0.0752323 , -2.21797585,  1.952932  ], dtype=float32), array([-0.47563919, -0.48068139, -1.31756961,  0.80644852, -0.5217641 ,
        0.07712456,  1.12967169, -1.84355366,  1.92479277, -0.36576432,
       -1.76409495, -0.62134796, -1.90052402,  0.06779464, -2.04481959,
       -1.11498988,  1.36819828,  1.51095557,  2.31506157, -0.37098038,
       -0.87598175,  0.0749261 ,  0.67373645, -1.03549182,  0.52034521,
       -0.56855243,  0.59482723, -0.23695847,  0.33632159,  0.54225761,
       -1.32261169,  1.00660026, -1.02114606, -0.49834788, -1.26128531,
        0.53399509,  1.13928711, -0.4651562 , -0.25297672, -1.32934058,
        0.50170666,  0.18290472, -1.02086544,  0.45122102, -0.6417681 ,
        0.31969455,  0.35912082,  0.4306815 , -1.44542599, -0.77535242,
        1.06207895, -0.41546345,  1.8645072 , -1.17693925,  1.54524434,
        0.45964059,  0.3288191 , -1.77722323,  1.1857878 , -1.03790641,
       -0.72456205,  0.15896466, -0.01830473,  0.48784205, -0.51418728,
       -0.29107577,  1.22131693, -0.29194525,  0.4683148 , -0.77387315,
       -0.59652191,  0.60193843,  0.64284462, -0.2536267 ,  0.26627266,
        0.36816111,  0.86015719,  1.05920625, -0.28537554,  0.14663622,
       -0.35396704,  0.93811572,  0.55163294,  1.05435169,  0.3837938 ,
        1.55142415,  1.5916605 , -0.86422443, -0.67846096,  0.82597518,
        1.51414311, -1.74975419,  0.59027714,  0.58848983, -1.04084349,
       -1.04106307,  0.61518419, -0.07590816, -2.21794987,  1.95170569], dtype=float32), array([-0.47528732, -0.48106933, -1.31764686,  0.80614704, -0.52192628,
        0.07704464,  1.12970161, -1.84378719,  1.92478204, -0.36558625,
       -1.76404405, -0.62155461, -1.90063787,  0.06783785, -2.04485989,
       -1.11474884,  1.36789751,  1.51066184,  2.31515312, -0.37080491,
       -0.87604558,  0.07502575,  0.67330939, -1.03560472,  0.52063864,
       -0.56866574,  0.59481651, -0.23704641,  0.33594131,  0.5425728 ,
       -1.32283831,  1.00662768, -1.02104998, -0.49840581, -1.26111901,
        0.53441793,  1.1391573 , -0.46503919, -0.25296682, -1.32956302,
        0.50149673,  0.18307695, -1.02079749,  0.45122516, -0.64173752,
        0.31952524,  0.35870448,  0.43066773, -1.44577205, -0.77492696,
        1.06200719, -0.415589  ,  1.86454439, -1.17671359,  1.54565406,
        0.45980868,  0.32898566, -1.77706134,  1.18555534, -1.03770614,
       -0.72410005,  0.15912788, -0.01833409,  0.48800629, -0.51399165,
       -0.29117882,  1.22120047, -0.29210651,  0.4683252 , -0.77414471,
       -0.59627044,  0.60202366,  0.64304191, -0.25373954,  0.26644301,
        0.36808443,  0.86034709,  1.05934584, -0.28525269,  0.14672421,
       -0.35431847,  0.93785197,  0.55180919,  1.05439425,  0.38368186,
        1.55140328,  1.59174156, -0.86470509, -0.67850393,  0.82578462,
        1.51396418, -1.74952888,  0.5905844 ,  0.58852041, -1.04106021,
       -1.04118633,  0.61533558, -0.07587216, -2.2176671 ,  1.95189166], dtype=float32), array([-0.47476536, -0.48106676, -1.31665027,  0.80557066, -0.52039433,
        0.07749029,  1.12939072, -1.84396851,  1.92410779, -0.36538079,
       -1.76431513, -0.62109661, -1.89991152,  0.06687642, -2.04538512,
       -1.11427093,  1.3677007 ,  1.51070583,  2.31535506, -0.37002182,
       -0.87586755,  0.07398622,  0.67252058, -1.03698039,  0.52317822,
       -0.56936032,  0.5944165 , -0.23605108,  0.33508396,  0.54275352,
       -1.32374966,  1.00762665, -1.02198207, -0.49971449, -1.26182079,
        0.53534508,  1.13735449, -0.46447682, -0.25434366, -1.33017898,
        0.50242347,  0.18401691, -1.02212906,  0.45239216, -0.64156121,
        0.31824058,  0.35708219,  0.43095005, -1.44483638, -0.77466649,
        1.06165493, -0.41541821,  1.86510098, -1.17842543,  1.54593873,
        0.45887339,  0.32879952, -1.77535224,  1.18497217, -1.03825676,
       -0.72466427,  0.16020316, -0.01630559,  0.48893309, -0.51343173,
       -0.28976145,  1.22197771, -0.2921347 ,  0.46836305, -0.77383953,
       -0.59626591,  0.60178441,  0.64237189, -0.25207528,  0.26719823,
        0.36915597,  0.86197484,  1.05958462, -0.28559381,  0.14772078,
       -0.35526538,  0.93653083,  0.54978997,  1.05339575,  0.3821066 ,
        1.55239332,  1.59256184, -0.86620384, -0.67995971,  0.82589501,
        1.51390028, -1.74995482,  0.59067988,  0.58831042, -1.04126966,
       -1.04020977,  0.615376  , -0.07492348, -2.21670771,  1.95086133], dtype=float32), array([-0.47473916, -0.48098868, -1.31625378,  0.80483013, -0.52008456,
        0.07754042,  1.12943339, -1.84313226,  1.92369664, -0.3655698 ,
       -1.764534  , -0.6205675 , -1.89970124,  0.0672965 , -2.04524803,
       -1.11508989,  1.36781335,  1.51053417,  2.31584001, -0.36979273,
       -0.87670493,  0.07474156,  0.67214859, -1.03667414,  0.52314061,
       -0.56985432,  0.5941968 , -0.23645948,  0.33424139,  0.5434525 ,
       -1.32396472,  1.00720692, -1.0217433 , -0.50026202, -1.26190114,
        0.53617311,  1.13768423, -0.46405214, -0.2528787 , -1.33005691,
        0.50238013,  0.18377289, -1.0226686 ,  0.45237997, -0.64114344,
        0.31835833,  0.35644022,  0.43116584, -1.44554591, -0.77437878,
        1.06215668, -0.41530982,  1.86489856, -1.1789031 ,  1.54513228,
        0.45909783,  0.32927501, -1.77545583,  1.18540251, -1.0381844 ,
       -0.72434741,  0.1607326 , -0.01606983,  0.48891076, -0.51338661,
       -0.29026037,  1.22175896, -0.29210117,  0.4679082 , -0.77357602,
       -0.59572273,  0.60221559,  0.64255077, -0.25215873,  0.26709992,
        0.36921573,  0.86269164,  1.05980933, -0.2850942 ,  0.1485498 ,
       -0.35559443,  0.9358961 ,  0.54881066,  1.05330837,  0.38225636,
        1.55240834,  1.59256864, -0.8664698 , -0.67996442,  0.82598925,
        1.51334047, -1.75042939,  0.59017462,  0.58839351, -1.04116678,
       -1.04055107,  0.61499965, -0.07463711, -2.21736073,  1.95075941], dtype=float32), array([-0.47505251, -0.48043534, -1.31628025,  0.80536795, -0.51974481,
        0.07782744,  1.12914109, -1.84344029,  1.92356181, -0.36560702,
       -1.76465952, -0.62033397, -1.89938605,  0.06684215, -2.04546428,
       -1.11518824,  1.36777139,  1.51096094,  2.31563973, -0.3699345 ,
       -0.8760646 ,  0.07416693,  0.67250085, -1.03693652,  0.52303964,
       -0.56866562,  0.59394032, -0.23625395,  0.33441606,  0.54290682,
       -1.3234942 ,  1.00724554, -1.02185917, -0.50021696, -1.2619046 ,
        0.53587669,  1.13793659, -0.46479002, -0.25337377, -1.33007884,
        0.50265396,  0.18400601, -1.02256024,  0.45259604, -0.64157724,
        0.31924945,  0.35682079,  0.43107083, -1.44453418, -0.77481067,
        1.06253815, -0.41530272,  1.86534917, -1.1794399 ,  1.54465067,
        0.45907965,  0.32876188, -1.77630985,  1.18535626, -1.03851557,
       -0.72495502,  0.16055718, -0.01592593,  0.48869249, -0.51350617,
       -0.29009977,  1.22169471, -0.29176569,  0.46789974, -0.77318132,
       -0.59577513,  0.60255587,  0.64229614, -0.25219074,  0.26736361,
        0.3694208 ,  0.86264986,  1.05981791, -0.28538996,  0.14846674,
       -0.35518762,  0.93652254,  0.54882419,  1.053038  ,  0.38230091,
        1.55239189,  1.5922538 , -0.86619508, -0.67989671,  0.82612568,
        1.51345754, -1.75027084,  0.58987385,  0.58852506, -1.0410465 ,
       -1.04056382,  0.61470509, -0.07508449, -2.21753907,  1.95010197], dtype=float32), array([-0.47383824, -0.48084176, -1.31590021,  0.80372846, -0.51917946,
        0.0775445 ,  1.12904418, -1.84263229,  1.92211401, -0.36608538,
       -1.76484001, -0.62015456, -1.89949894,  0.06796214, -2.04574299,
       -1.11612213,  1.36691809,  1.50934124,  2.31680512, -0.36869854,
       -0.87755394,  0.07639553,  0.67055368, -1.03703308,  0.52362221,
       -0.57020587,  0.59293395, -0.23705626,  0.33140236,  0.54487461,
       -1.32448316,  1.00656068, -1.02077806, -0.50157702, -1.26082826,
        0.53903812,  1.13843215, -0.46347299, -0.25038517, -1.33062112,
        0.50177622,  0.18407388, -1.02338588,  0.45201758, -0.64046955,
        0.31874758,  0.353903  ,  0.43163347, -1.44728827, -0.77347016,
        1.06289101, -0.41553468,  1.86498857, -1.17970836,  1.54468799,
        0.45983809,  0.33035186, -1.77654147,  1.18587303, -1.0381881 ,
       -0.72324103,  0.16239055, -0.01571096,  0.48913434, -0.51291943,
       -0.29139194,  1.22131419, -0.29226136,  0.46696734, -0.77367306,
       -0.59391075,  0.60377175,  0.64297098, -0.25245422,  0.26692647,
        0.36959279,  0.864443  ,  1.06114733, -0.28365478,  0.15007576,
       -0.35654801,  0.93496418,  0.54771024,  1.05274534,  0.38226292,
        1.55252087,  1.5930506 , -0.8678655 , -0.67989069,  0.82556194,
        1.51135087, -1.75024068,  0.59029961,  0.58900279, -1.04116452,
       -1.04163921,  0.61492473, -0.07422105, -2.21802759,  1.94978237], dtype=float32), array([-0.47535571, -0.47993559, -1.31683397,  0.80645627, -0.51937979,
        0.07817223,  1.12853432, -1.84449506,  1.92312741, -0.36556786,
       -1.76482868, -0.62039989, -1.89870131,  0.06606437, -2.04625654,
       -1.11479378,  1.36729074,  1.51139057,  2.31510401, -0.37003738,
       -0.87478226,  0.07288132,  0.67262   , -1.03764474,  0.52349949,
       -0.56659454,  0.59344548, -0.2358146 ,  0.3344909 ,  0.54213279,
       -1.32286108,  1.00736594, -1.02198994, -0.50017786, -1.26164997,
        0.53561151,  1.13832748, -0.46599516, -0.25469407, -1.3303504 ,
        0.50296545,  0.1847602 , -1.02199423,  0.45295349, -0.64254403,
        0.32055503,  0.35712099,  0.43080363, -1.44305086, -0.77527791,
        1.0628407 , -0.41575277,  1.86631393, -1.1801523 ,  1.54469466,
        0.459346  ,  0.32799414, -1.77773952,  1.18475795, -1.03877115,
       -0.72557479,  0.16021127, -0.01548538,  0.48855451, -0.51335305,
       -0.28974092,  1.22168577, -0.29110754,  0.46802083, -0.77275163,
       -0.59581864,  0.60299957,  0.64216423, -0.25238952,  0.26775882,
        0.36974871,  0.86261082,  1.06015122, -0.28587884,  0.14810392,
       -0.35491535,  0.93770188,  0.5493294 ,  1.05232406,  0.38208702,
        1.55234528,  1.59182882, -0.86587685, -0.67991167,  0.82602698,
        1.51364648, -1.74954021,  0.59013641,  0.5888831 , -1.04110825,
       -1.04064429,  0.61477637, -0.07603231, -2.21717954,  1.94900632], dtype=float32), array([-0.47340456, -0.48082301, -1.31632328,  0.80394101, -0.51884955,
        0.07764987,  1.12854135, -1.84346974,  1.9212389 , -0.36608973,
       -1.76499152, -0.62036711, -1.89907217,  0.06775458, -2.04649734,
       -1.11605763,  1.36596811,  1.50890505,  2.31674409, -0.36828887,
       -0.87704623,  0.07629649,  0.66968369, -1.0376358 ,  0.52416331,
       -0.56900334,  0.59213835, -0.23712772,  0.33009392,  0.54511046,
       -1.32442558,  1.00642586, -1.02036667, -0.50193721, -1.25996876,
        0.54021525,  1.1389581 , -0.46403193, -0.25032687, -1.33123815,
        0.50147331,  0.18480556, -1.02304888,  0.45205426, -0.64085317,
        0.3196781 ,  0.35290447,  0.43156141, -1.44726646, -0.77308899,
        1.06334329, -0.41606364,  1.86561251, -1.18014097,  1.54501808,
        0.46057722,  0.33039707, -1.7778635 ,  1.18543434, -1.03809261,
       -0.72279501,  0.16283515, -0.01545433,  0.48919621, -0.51245624,
       -0.29175425,  1.22102106, -0.29205519,  0.46672961, -0.77360505,
       -0.59299499,  0.60469222,  0.64329839, -0.25292665,  0.26718259,
        0.36973712,  0.86513519,  1.06202829, -0.28331596,  0.15034932,
       -0.3569878 ,  0.93532079,  0.5480057 ,  1.05217028,  0.38213748,
        1.55241871,  1.59304988, -0.8684864 , -0.67985553,  0.8251034 ,
        1.51057041, -1.74937725,  0.59088963,  0.58947521, -1.04145849,
       -1.04227626,  0.61514878, -0.07479697, -2.21782684,  1.9489212 ], dtype=float32), array([-0.47021258, -0.48238719, -1.31535304,  0.79953003, -0.51814735,
        0.07661399,  1.12867725, -1.84137094,  1.91836572, -0.36698654,
       -1.76519036, -0.62017322, -1.89980161,  0.07074538, -2.04649711,
       -1.1182003 ,  1.36407733,  1.50478113,  2.31961489, -0.36547348,
       -0.88119501,  0.0822655 ,  0.66507471, -1.03739023,  0.52510256,
       -0.57343328,  0.59009528, -0.23936598,  0.32321382,  0.55027622,
       -1.32707584,  1.00484872, -1.01779413, -0.50474882, -1.25746727,
        0.54752117,  1.13987458, -0.46053714, -0.24282278, -1.33244157,
        0.49907172,  0.18460026, -1.02486801,  0.45050424, -0.63799971,
        0.31786168,  0.34621608,  0.43271685, -1.45444942, -0.76957315,
        1.06405509, -0.41645995,  1.86417758, -1.17989779,  1.54534507,
        0.46240556,  0.33445418, -1.77762878,  1.18676758, -1.03689241,
       -0.71819061,  0.16708012, -0.01551859,  0.49028349, -0.51113945,
       -0.29513696,  1.21997213, -0.29377943,  0.46463072, -0.77512312,
       -0.58850557,  0.60723794,  0.64509612, -0.25370717,  0.26608625,
        0.36971715,  0.86906832,  1.064955  , -0.27899465,  0.1540979 ,
       -0.36030558,  0.9312036 ,  0.54575175,  1.05215585,  0.38238406,
        1.55247605,  1.5950371 , -0.87253469, -0.67975742,  0.82374066,
        1.50553441, -1.74949884,  0.59195328,  0.59033895, -1.04187489,
       -1.04488122,  0.61570454, -0.07266814, -2.21904492,  1.94911051], dtype=float32), array([-0.47006458, -0.48244855, -1.31528306,  0.79930753, -0.51805711,
        0.07657932,  1.12868047, -1.84123862,  1.91817939, -0.36704904,
       -1.76519835, -0.62016433, -1.89982307,  0.07089148, -2.04652286,
       -1.11833072,  1.3639462 ,  1.50455976,  2.31977248, -0.3653093 ,
       -0.88138473,  0.08254642,  0.66480684, -1.03740466,  0.5251959 ,
       -0.57366252,  0.58995646, -0.23946393,  0.32280669,  0.55053562,
       -1.32721531,  1.00476325, -1.01766002, -0.50494701, -1.25733638,
        0.54794586,  1.13992798, -0.46034914, -0.24243714, -1.33252776,
        0.49895743,  0.18460166, -1.02499247,  0.45043471, -0.63783211,
        0.31777614,  0.34581539,  0.43280038, -1.45480752, -0.76938814,
        1.06410265, -0.41648221,  1.86412513, -1.17994845,  1.54536164,
        0.4624953 ,  0.334656  , -1.77760839,  1.18684113, -1.03685772,
       -0.71797132,  0.16733602, -0.01547391,  0.49035141, -0.51105309,
       -0.2952885 ,  1.2199167 , -0.29384241,  0.464504  , -0.77517879,
       -0.58826607,  0.60739183,  0.64518362, -0.25371954,  0.26601759,
        0.36973518,  0.86933321,  1.06513059, -0.27876961,  0.15431155,
       -0.36050129,  0.93098241,  0.54558277,  1.05211055,  0.38236457,
        1.55250144,  1.59514284, -0.87277043, -0.67976081,  0.82366115,
        1.50526083, -1.74951446,  0.59200692,  0.59040082, -1.04188967,
       -1.04501045,  0.61573535, -0.07253522, -2.21911049,  1.94905472], dtype=float32), array([-0.47122097, -0.48182148, -1.31552327,  0.80094892, -0.51804763,
        0.07715224,  1.12859452, -1.84208131,  1.9189955 , -0.36668971,
       -1.76515603, -0.62024456, -1.89940357,  0.06959074, -2.04673648,
       -1.11747074,  1.36456072,  1.50616825,  2.31867886, -0.36623183,
       -0.87971485,  0.08009371,  0.66639143, -1.03767264,  0.5251388 ,
       -0.57192993,  0.59063548, -0.23861228,  0.32508314,  0.54856849,
       -1.32629538,  1.00543547, -1.01870942, -0.50405413, -1.25812674,
        0.54542249,  1.13947499, -0.4617025 , -0.245443  , -1.33215261,
        0.49984685,  0.18486255, -1.02440667,  0.45110482, -0.63894135,
        0.31857291,  0.34801081,  0.43248948, -1.45199919, -0.77056909,
        1.06394947, -0.4163405 ,  1.86491406, -1.18035269,  1.54533756,
        0.4618383 ,  0.33309269, -1.77768338,  1.18616462, -1.03736234,
       -0.71970469,  0.16593133, -0.01523785,  0.48988572, -0.51133227,
       -0.29396787,  1.22017944, -0.29313892,  0.46526307, -0.77453732,
       -0.58991003,  0.60660893,  0.6444791 , -0.25327545,  0.26644596,
        0.36984   ,  0.86820102,  1.06417155, -0.28051782,  0.15302721,
       -0.35946038,  0.93254769,  0.5462395 ,  1.05189812,  0.38208827,
        1.55265057,  1.59446967, -0.87148434, -0.6799413 ,  0.82414067,
        1.5071981 , -1.74934232,  0.59167618,  0.59014249, -1.04181266,
       -1.04399002,  0.61545247, -0.07329659, -2.21852899,  1.94866705], dtype=float32), array([-0.47124118, -0.48178956, -1.31547952,  0.80089808, -0.51798671,
        0.07715961,  1.12859428, -1.84201467,  1.9189446 , -0.36673263,
       -1.76517272, -0.62020689, -1.89940381,  0.06961841, -2.04674721,
       -1.11752748,  1.36457372,  1.50615704,  2.3187139 , -0.36620611,
       -0.87976289,  0.08011446,  0.66637737, -1.03768623,  0.52517879,
       -0.57199824,  0.59061372, -0.23860033,  0.32503948,  0.54859269,
       -1.32631528,  1.00542128, -1.01870632, -0.50414294, -1.25815582,
        0.54547995,  1.13947976, -0.46165133, -0.24536315, -1.33215022,
        0.49987116,  0.18485054, -1.0244627 ,  0.45109627, -0.63889724,
        0.31854197,  0.34794465,  0.43252638, -1.45204759, -0.77057749,
        1.06393683, -0.41633242,  1.86493909, -1.18042612,  1.54526937,
        0.46181697,  0.33311573, -1.7776792 ,  1.18620753, -1.03739297,
       -0.71971756,  0.16597806, -0.01518079,  0.48989522, -0.51132649,
       -0.29395914,  1.22020578, -0.29312024,  0.46524274, -0.77452916,
       -0.58991826,  0.60661912,  0.64447397, -0.25324202,  0.2664161 ,
        0.3698754 ,  0.86825049,  1.06418467, -0.28048658,  0.15308371,
       -0.35947695,  0.93249363,  0.54615027,  1.05185699,  0.38206631,
        1.55267262,  1.59447277, -0.87149698, -0.67995191,  0.8241418 ,
        1.50716507, -1.74943173,  0.59165633,  0.59016311, -1.04178739,
       -1.04397833,  0.61545104, -0.07323825, -2.21855044,  1.9486326 ], dtype=float32), array([-0.47118372, -0.48181763, -1.31545961,  0.80084813, -0.51796627,
        0.07714076,  1.12861669, -1.84197581,  1.9189198 , -0.36674729,
       -1.76517653, -0.62021267, -1.89941549,  0.06966209, -2.0467453 ,
       -1.11754525,  1.36455584,  1.50609839,  2.31878901, -0.36616233,
       -0.87980407,  0.08020408,  0.66631234, -1.03769493,  0.52519989,
       -0.57208568,  0.5905773 , -0.23862751,  0.32492751,  0.54866958,
       -1.32633793,  1.00540578, -1.01867068, -0.50418842, -1.25812459,
        0.54557729,  1.13947618, -0.46159208, -0.24525352, -1.33216655,
        0.49983507,  0.18483669, -1.02449167,  0.45107129, -0.63885325,
        0.31849656,  0.34784257,  0.43253148, -1.45216775, -0.77052927,
        1.06395161, -0.41633078,  1.8648777 , -1.18040872,  1.54530394,
        0.46183452,  0.33317915, -1.77763438,  1.18623555, -1.0373565 ,
       -0.7196539 ,  0.16604587, -0.01517127,  0.4899064 , -0.51130146,
       -0.29399922,  1.2201916 , -0.29315606,  0.46520373, -0.77454549,
       -0.58984476,  0.60665423,  0.64449543, -0.25324726,  0.26638395,
        0.3698706 ,  0.86831141,  1.06424427, -0.28042465,  0.15314156,
       -0.35953853,  0.9324196 ,  0.5461123 ,  1.05183411,  0.38206539,
        1.55269575,  1.5945152 , -0.87155139, -0.67996049,  0.82412714,
        1.50708246, -1.74943519,  0.59167373,  0.59016907, -1.04178166,
       -1.04401672,  0.61545914, -0.07320085, -2.21855211,  1.94864929], dtype=float32), array([-0.47119313, -0.48181042, -1.31546497,  0.80085444, -0.51796651,
        0.07714263,  1.12859929, -1.84197628,  1.9189043 , -0.36674708,
       -1.76516366, -0.62020868, -1.89942372,  0.06965987, -2.04673958,
       -1.11755776,  1.36454356,  1.50609684,  2.31878233, -0.36616257,
       -0.87980765,  0.08019933,  0.66631466, -1.03769457,  0.52519721,
       -0.57207268,  0.5905785 , -0.23862766,  0.32493451,  0.548666  ,
       -1.32634246,  1.00540507, -1.01868212, -0.50418943, -1.25812519,
        0.54557657,  1.13946247, -0.46159878, -0.24525887, -1.33216774,
        0.49983308,  0.18483697, -1.02447331,  0.45107293, -0.63885534,
        0.31849828,  0.34784493,  0.43253109, -1.45214629, -0.77053046,
        1.06394267, -0.41633755,  1.86487257, -1.18042409,  1.54529059,
        0.46183771,  0.33317268, -1.77765191,  1.18624413, -1.03736186,
       -0.71966028,  0.16604088, -0.01517097,  0.48990539, -0.51130724,
       -0.29399967,  1.22019553, -0.2931529 ,  0.46521065, -0.77454174,
       -0.58985007,  0.60665208,  0.64449549, -0.2532483 ,  0.2663888 ,
        0.36987326,  0.86831325,  1.06423903, -0.28042674,  0.15314029,
       -0.35953584,  0.93243408,  0.54611218,  1.05183923,  0.3820692 ,
        1.55267453,  1.59451628, -0.87154818, -0.6799497 ,  0.82412881,
        1.50709271, -1.74945271,  0.59167361,  0.59017593, -1.04177308,
       -1.044016  ,  0.61545938, -0.07320219, -2.21857715,  1.94864464], dtype=float32), array([-0.47117737, -0.48181596, -1.31546235,  0.80083811, -0.51797318,
        0.07713937,  1.12860489, -1.84199035,  1.91891766, -0.36674407,
       -1.76517713, -0.62021607, -1.89942086,  0.06966388, -2.04674959,
       -1.11755836,  1.36454368,  1.50607789,  2.31876397, -0.36615801,
       -0.87981117,  0.08021268,  0.66629601, -1.03769767,  0.52518773,
       -0.57207161,  0.590572  , -0.23863442,  0.32491133,  0.54867959,
       -1.32634568,  1.0054034 , -1.0186671 , -0.50419176, -1.25810099,
        0.545609  ,  1.13948083, -0.46158704, -0.2452402 , -1.33218157,
        0.49981928,  0.18483981, -1.02448404,  0.45107052, -0.63884395,
        0.31850481,  0.34782708,  0.4325344 , -1.45217407, -0.77051294,
        1.06394744, -0.41634044,  1.86487722, -1.18040192,  1.5453006 ,
        0.46184418,  0.33318266, -1.7776612 ,  1.18624032, -1.03735936,
       -0.71964735,  0.166049  , -0.01518038,  0.48991048, -0.51130217,
       -0.29401058,  1.22018754, -0.29315647,  0.46520415, -0.77454317,
       -0.58983076,  0.60665941,  0.64450282, -0.25325921,  0.26638997,
        0.36986694,  0.86831713,  1.06424809, -0.28041294,  0.15314642,
       -0.35954508,  0.93241388,  0.54611838,  1.0518477 ,  0.38207066,
        1.55268824,  1.59451115, -0.87157369, -0.67994899,  0.82412088,
        1.50707912, -1.74942684,  0.59167862,  0.59017187, -1.04178393,
       -1.04401886,  0.61546767, -0.07320218, -2.21858478,  1.94864738], dtype=float32), array([-0.47122198, -0.48179543, -1.31548071,  0.80088598, -0.51797557,
        0.07715843,  1.12860823, -1.84200835,  1.91892409, -0.36673513,
       -1.76516986, -0.62021184, -1.8993963 ,  0.06962692, -2.04673672,
       -1.11752808,  1.36454725,  1.50614107,  2.31875992, -0.36618865,
       -0.87977076,  0.08014106,  0.66635036, -1.03769827,  0.52518898,
       -0.5720194 ,  0.59059966, -0.23860891,  0.32498792,  0.54861736,
       -1.32632411,  1.00540817, -1.01870334, -0.50416112, -1.25813675,
        0.54552364,  1.13946712, -0.46163359, -0.24532861, -1.3321619 ,
        0.49985334,  0.18484904, -1.02447045,  0.45109251, -0.63888133,
        0.31853199,  0.3478989 ,  0.43252519, -1.45207107, -0.77055466,
        1.06394494, -0.41633213,  1.86490285, -1.18043745,  1.5452857 ,
        0.46181864,  0.33313403, -1.77767432,  1.18622267, -1.03737807,
       -0.71970856,  0.16600451, -0.01517086,  0.48990276, -0.5113157 ,
       -0.29397503,  1.22019255, -0.29313269,  0.4652288 , -0.77453071,
       -0.58988303,  0.60663849,  0.6444791 , -0.25324371,  0.26640853,
        0.36987761,  0.86828452,  1.06421518, -0.28046605,  0.15310983,
       -0.3595081 ,  0.93246013,  0.54613286,  1.05183661,  0.38206375,
        1.5526824 ,  1.59448874, -0.87152153, -0.67995298,  0.82413167,
        1.50712466, -1.74942422,  0.59165925,  0.59016466, -1.04178238,
       -1.04398274,  0.61545694, -0.07322423, -2.21854115,  1.9486413 ], dtype=float32), array([-0.47122148, -0.48179433, -1.31547642,  0.80089235, -0.51797527,
        0.07715861,  1.12859082, -1.84202778,  1.91894186, -0.36673468,
       -1.76518416, -0.62020969, -1.89938772,  0.06962708, -2.04673433,
       -1.11752784,  1.36456168,  1.50612473,  2.31873775, -0.36618257,
       -0.87976515,  0.0801418 ,  0.66634703, -1.03769398,  0.52519041,
       -0.57201934,  0.5905937 , -0.23860769,  0.3249898 ,  0.54861945,
       -1.32632506,  1.00542545, -1.01870668, -0.50416905, -1.25814247,
        0.54552597,  1.1394701 , -0.46163383, -0.2453268 , -1.33215392,
        0.49985534,  0.1848512 , -1.02446926,  0.45109618, -0.63888347,
        0.31853414,  0.34789708,  0.43252936, -1.45208716, -0.77055085,
        1.06393945, -0.41633576,  1.86490262, -1.18043923,  1.54529524,
        0.46182624,  0.33313403, -1.77767289,  1.18622577, -1.03737974,
       -0.71970224,  0.16600622, -0.01517081,  0.4899036 , -0.51131517,
       -0.29397583,  1.2202009 , -0.29312989,  0.46522886, -0.77452332,
       -0.58988523,  0.60663509,  0.64447635, -0.25324351,  0.2664085 ,
        0.36987811,  0.86828148,  1.06421614, -0.28046599,  0.15311013,
       -0.35950854,  0.93247098,  0.54613388,  1.05183685,  0.38206539,
        1.55266607,  1.59450114, -0.87151778, -0.67995226,  0.82413912,
        1.5071342 , -1.74941134,  0.59166026,  0.59016901, -1.04178119,
       -1.04399741,  0.61545002, -0.07322463, -2.2185452 ,  1.94863522], dtype=float32), array([-0.47121733, -0.48179981, -1.315467  ,  0.80087972, -0.51797897,
        0.07715879,  1.1286025 , -1.84201527,  1.9189173 , -0.3667345 ,
       -1.7651906 , -0.62021321, -1.89942026,  0.06962916, -2.04677844,
       -1.11752594,  1.36454809,  1.50612879,  2.31872272, -0.36618432,
       -0.87977767,  0.08014467,  0.66634554, -1.03770089,  0.52519685,
       -0.5720166 ,  0.59059483, -0.23861329,  0.32498714,  0.54861879,
       -1.32631993,  1.00541604, -1.01869154, -0.50416929, -1.25814545,
        0.54552865,  1.13946581, -0.461631  , -0.24532174, -1.33215022,
        0.49986029,  0.1848522 , -1.02447701,  0.4510875 , -0.63888407,
        0.31853393,  0.34789339,  0.43253151, -1.45209622, -0.77054751,
        1.06394506, -0.41633636,  1.86490166, -1.1804378 ,  1.54528558,
        0.46182436,  0.33313712, -1.77765787,  1.18622291, -1.03737903,
       -0.71969897,  0.16600814, -0.01517121,  0.48990729, -0.51130617,
       -0.29397705,  1.22019255, -0.29313144,  0.46522889, -0.77454036,
       -0.58988577,  0.60664511,  0.64448416, -0.25324342,  0.26640335,
        0.36987367,  0.86829293,  1.06420577, -0.2804639 ,  0.1531124 ,
       -0.35950857,  0.93246758,  0.54613042,  1.05184221,  0.38206568,
        1.55270231,  1.59450674, -0.87153351, -0.67995685,  0.82413453,
        1.50711989, -1.74943006,  0.59166312,  0.59017509, -1.04178333,
       -1.04399955,  0.61545032, -0.07322237, -2.21854973,  1.94864821], dtype=float32), array([-0.47118163, -0.48182562, -1.3154701 ,  0.80085731, -0.51797611,
        0.07714398,  1.12859428, -1.84201026,  1.9189142 , -0.36674398,
       -1.76518178, -0.62021667, -1.89941108,  0.06965699, -2.04675889,
       -1.11754906,  1.36454463,  1.5060811 ,  2.3187561 , -0.36615956,
       -0.87980253,  0.08019769,  0.66629875, -1.0377059 ,  0.52519977,
       -0.57206488,  0.59058005, -0.23863311,  0.32492068,  0.54867089,
       -1.32635856,  1.00540459, -1.01866937, -0.50418407, -1.25811398,
        0.54559678,  1.13947701, -0.46159652, -0.24525866, -1.33218133,
        0.49982774,  0.18484598, -1.02448893,  0.45107034, -0.63885498,
        0.31850621,  0.3478322 ,  0.43253553, -1.4521662 , -0.77051955,
        1.06394899, -0.41634202,  1.86490166, -1.18040287,  1.54531896,
        0.4618386 ,  0.33317554, -1.77766073,  1.1862253 , -1.03737223,
       -0.71965039,  0.16604297, -0.0151776 ,  0.48991537, -0.51130158,
       -0.29400483,  1.22017968, -0.29315406,  0.46520615, -0.77454531,
       -0.58984119,  0.60665381,  0.64450413, -0.25326186,  0.26639587,
        0.36986902,  0.86831695,  1.06423736, -0.28042459,  0.15313821,
       -0.35954595,  0.93242788,  0.54613042,  1.05184019,  0.3820672 ,
        1.5526824 ,  1.59451425, -0.87158006, -0.67994481,  0.82412767,
        1.50707471, -1.7494123 ,  0.59167439,  0.59017479, -1.04178774,
       -1.04403138,  0.6154629 , -0.07320787, -2.21856809,  1.94866621], dtype=float32), array([-0.47118384, -0.48181933, -1.31547487,  0.80084932, -0.51798093,
        0.0771437 ,  1.12860036, -1.84199107,  1.91891909, -0.36674529,
       -1.76518869, -0.62021601, -1.89941061,  0.06965942, -2.04676914,
       -1.11754727,  1.36453187,  1.50609422,  2.31875348, -0.36616164,
       -0.87980634,  0.0802014 ,  0.66630089, -1.0376941 ,  0.52520627,
       -0.57206583,  0.59058136, -0.2386331 ,  0.3249197 ,  0.54867131,
       -1.32635486,  1.00539386, -1.01866686, -0.50418931, -1.25811601,
        0.54560047,  1.13947451, -0.4616012 , -0.24525551, -1.3321799 ,
        0.49982229,  0.18484576, -1.0244751 ,  0.45106882, -0.63884866,
        0.31850564,  0.34783256,  0.43253461, -1.45215607, -0.77051324,
        1.06395936, -0.41634431,  1.86489022, -1.18041253,  1.54531121,
        0.46184233,  0.33317652, -1.77764821,  1.18622303, -1.03736115,
       -0.7196461 ,  0.16604538, -0.01517768,  0.48990858, -0.51129794,
       -0.29400551,  1.22018087, -0.29315528,  0.46521062, -0.77454627,
       -0.58983648,  0.60666156,  0.64450616, -0.25326416,  0.26639447,
        0.36986911,  0.86832267,  1.06424809, -0.28042641,  0.15314041,
       -0.35954553,  0.93243456,  0.54612863,  1.05185437,  0.38206929,
        1.55267727,  1.59452021, -0.87156951, -0.67994732,  0.82412094,
        1.50707591, -1.74941409,  0.59167689,  0.59017652, -1.04178834,
       -1.044029  ,  0.61546868, -0.07320624, -2.21855068,  1.94865656], dtype=float32), array([-0.47119299, -0.4818151 , -1.31546295,  0.8008424 , -0.51797754,
        0.07714999,  1.12860596, -1.84199607,  1.91892874, -0.36673653,
       -1.7651937 , -0.62022507, -1.89941847,  0.06965274, -2.04675078,
       -1.11754239,  1.36453295,  1.50609756,  2.31875467, -0.36616611,
       -0.87979978,  0.08018217,  0.66631365, -1.03769469,  0.52520645,
       -0.57204801,  0.59057826, -0.23862822,  0.32493269,  0.54865587,
       -1.32634628,  1.0054003 , -1.01868224, -0.50418311, -1.25812125,
        0.54557604,  1.13948047, -0.46160361, -0.24527459, -1.33216047,
        0.49983415,  0.18485084, -1.02448165,  0.4510735 , -0.63885897,
        0.31851107,  0.34784448,  0.4325459 , -1.45213962, -0.77051997,
        1.06394529, -0.41634133,  1.86490119, -1.18042052,  1.54531491,
        0.46184197,  0.33316752, -1.77765858,  1.18622017, -1.03736317,
       -0.71966386,  0.16603543, -0.01517686,  0.489907  , -0.51129001,
       -0.29399979,  1.22017646, -0.29314351,  0.46521309, -0.7745533 ,
       -0.58985156,  0.60666519,  0.64450133, -0.25326189,  0.26639962,
        0.36986682,  0.86830521,  1.0642159 , -0.28043851,  0.15313396,
       -0.35953671,  0.93244034,  0.5461266 ,  1.05184388,  0.38206714,
        1.55266666,  1.59448612, -0.8715632 , -0.67994833,  0.82411134,
        1.50709915, -1.7494297 ,  0.59167564,  0.59018022, -1.04179466,
       -1.04400146,  0.61547041, -0.07321014, -2.21854568,  1.94866467], dtype=float32), array([-0.47115496, -0.48184448, -1.31546104,  0.80080873, -0.51796991,
        0.07713563,  1.12860668, -1.84196496,  1.9188807 , -0.36675021,
       -1.765172  , -0.62023026, -1.89943397,  0.06969322, -2.046731  ,
       -1.117571  ,  1.36449945,  1.50602794,  2.31877398, -0.36613122,
       -0.87984967,  0.08025803,  0.66623873, -1.03768671,  0.52522188,
       -0.57210726,  0.59055722, -0.23865688,  0.3248381 ,  0.54871142,
       -1.32639706,  1.00537264, -1.01863027, -0.50421935, -1.25807822,
        0.5456785 ,  1.13949931, -0.46156135, -0.24517143, -1.3321768 ,
        0.49978778,  0.18485171, -1.02448988,  0.45105049, -0.63882047,
        0.31848723,  0.34776148,  0.43255711, -1.45223761, -0.77046955,
        1.06395829, -0.41635525,  1.86490917, -1.18041086,  1.54531658,
        0.46186844,  0.33322516, -1.77766812,  1.18623197, -1.03734732,
       -0.71959013,  0.16608962, -0.01518027,  0.48992661, -0.5112735 ,
       -0.2940442 ,  1.22017419, -0.2931667 ,  0.46519426, -0.7745688 ,
       -0.58978736,  0.60668916,  0.64452899, -0.25327805,  0.26638857,
        0.36986199,  0.8683576 ,  1.06425595, -0.2803838 ,  0.1531769 ,
       -0.35958326,  0.93240035,  0.54610491,  1.05183423,  0.38206887,
        1.55267572,  1.5945431 , -0.87161613, -0.67994493,  0.82409185,
        1.5070287 , -1.74943078,  0.59169263,  0.590186  , -1.04179406,
       -1.04405081,  0.61547619, -0.07318515, -2.21855259,  1.9486593 ], dtype=float32), array([-0.47114083, -0.48184568, -1.31544971,  0.8007822 , -0.5179792 ,
        0.07713091,  1.12860548, -1.84196162,  1.91883028, -0.36675522,
       -1.76516378, -0.62022704, -1.8994391 ,  0.06970656, -2.0467515 ,
       -1.11758161,  1.36450028,  1.50601864,  2.31881237, -0.36611614,
       -0.87985724,  0.08028285,  0.66622359, -1.03769577,  0.52522415,
       -0.57212752,  0.59054518, -0.23866695,  0.32480544,  0.54874563,
       -1.32637691,  1.00536609, -1.01862502, -0.50422591, -1.25805879,
        0.5457108 ,  1.13949728, -0.46154529, -0.24514258, -1.33218408,
        0.49977648,  0.18485045, -1.02450657,  0.45103881, -0.63881314,
        0.31847876,  0.34773088,  0.4325588 , -1.45226669, -0.77044159,
        1.06395209, -0.4163554 ,  1.86485517, -1.18039823,  1.54532528,
        0.46187434,  0.33323777, -1.77767169,  1.18623054, -1.03734815,
       -0.71956629,  0.16610794, -0.01518248,  0.48992845, -0.51127023,
       -0.29405862,  1.22015905, -0.29317865,  0.46518523, -0.77457517,
       -0.58976072,  0.60670441,  0.64453048, -0.25328067,  0.26638228,
        0.36986148,  0.86838657,  1.0642854 , -0.28036264,  0.15319104,
       -0.3595967 ,  0.93236816,  0.54610634,  1.05185521,  0.38206846,
        1.55269015,  1.59453809, -0.8716374 , -0.67993969,  0.82409984,
        1.50700057, -1.74942803,  0.59170169,  0.59019661, -1.04178715,
       -1.04405963,  0.61548495, -0.07317762, -2.21856356,  1.94866312], dtype=float32), array([-0.4711374 , -0.4818517 , -1.31545734,  0.80078161, -0.51797044,
        0.07713047,  1.12862074, -1.84196484,  1.91885591, -0.36675024,
       -1.76517546, -0.62022197, -1.89944255,  0.06970952, -2.04676819,
       -1.11757112,  1.36449397,  1.50600004,  2.31880164, -0.36611861,
       -0.87987101,  0.08028834,  0.66621363, -1.03769124,  0.52522558,
       -0.57212842,  0.5905444 , -0.23867063,  0.32480007,  0.5487417 ,
       -1.32638276,  1.00535405, -1.0186311 , -0.5042333 , -1.25806534,
        0.54571652,  1.13948786, -0.4615505 , -0.24513756, -1.33219039,
        0.49977928,  0.1848509 , -1.02450216,  0.45104447, -0.6388092 ,
        0.31848165,  0.34772506,  0.43256131, -1.45228517, -0.77044654,
        1.063954  , -0.41636148,  1.86488974, -1.18039429,  1.5453124 ,
        0.46187732,  0.33324423, -1.77766454,  1.18623686, -1.03733945,
       -0.71955788,  0.16611147, -0.01518347,  0.48992217, -0.51126391,
       -0.29405868,  1.22015691, -0.29317835,  0.46517745, -0.77456737,
       -0.58975857,  0.60670435,  0.64453954, -0.25328475,  0.26638049,
        0.36986288,  0.8683784 ,  1.06429648, -0.28035975,  0.15319453,
       -0.35960171,  0.93236256,  0.54610986,  1.05183601,  0.38207108,
        1.55268168,  1.59454858, -0.87164861, -0.67994326,  0.82409453,
        1.50698519, -1.74942315,  0.591703  ,  0.59019268, -1.04178417,
       -1.04406667,  0.61548495, -0.07317572, -2.21858931,  1.94864964], dtype=float32), array([-0.47112513, -0.48185405, -1.31546962,  0.80076617, -0.51797312,
        0.07712887,  1.12861335, -1.84198546,  1.91884518, -0.3667559 ,
       -1.76518583, -0.62021911, -1.8994267 ,  0.06971495, -2.04676962,
       -1.11759603,  1.36447668,  1.50600791,  2.31882286, -0.36610997,
       -0.87987614,  0.08030222,  0.66621   , -1.0376966 ,  0.52522534,
       -0.57214469,  0.59054118, -0.23867474,  0.32478356,  0.5487597 ,
       -1.32640588,  1.00536597, -1.01862371, -0.50424337, -1.25805628,
        0.54573965,  1.1395036 , -0.46153858, -0.24512051, -1.33220935,
        0.49977532,  0.184852  , -1.02451229,  0.45104036, -0.63879985,
        0.31847638,  0.34770334,  0.43256539, -1.45230663, -0.77043402,
        1.06396663, -0.41636223,  1.86487877, -1.18040419,  1.54531837,
        0.46188754,  0.33325428, -1.77767992,  1.18623722, -1.03734124,
       -0.71955317,  0.16612209, -0.0151822 ,  0.48992851, -0.51126719,
       -0.29407084,  1.22017014, -0.29318264,  0.4651731 , -0.77457881,
       -0.5897522 ,  0.60670972,  0.64453971, -0.25328642,  0.2663815 ,
        0.36986151,  0.86839169,  1.06429923, -0.28035274,  0.15320477,
       -0.35960996,  0.93235981,  0.54609758,  1.05183733,  0.38207144,
        1.5526787 ,  1.59454429, -0.87165427, -0.67994654,  0.82408041,
        1.50698829, -1.74942005,  0.59170729,  0.59019971, -1.04180086,
       -1.0440737 ,  0.61548352, -0.07317083, -2.21856904,  1.94865298], dtype=float32), array([-0.47113225, -0.48185009, -1.31546712,  0.80077189, -0.51797491,
        0.07713004,  1.12861168, -1.8420006 ,  1.91882455, -0.36675861,
       -1.76517665, -0.62022114, -1.89939928,  0.06971317, -2.04677987,
       -1.1175828 ,  1.36448085,  1.50602031,  2.3188107 , -0.36610895,
       -0.87987989,  0.08029563,  0.66621023, -1.03767419,  0.52522916,
       -0.572133  ,  0.5905444 , -0.23867401,  0.32479119,  0.54875433,
       -1.32637835,  1.00536883, -1.01861787, -0.50423938, -1.25806701,
        0.54572821,  1.13949656, -0.46154177, -0.24512549, -1.33219624,
        0.49977776,  0.18485034, -1.02450371,  0.45104119, -0.63880444,
        0.31847706,  0.34771419,  0.43257201, -1.45230937, -0.77043217,
        1.0639683 , -0.41635904,  1.86486447, -1.18040276,  1.54532528,
        0.46188599,  0.33325118, -1.77764642,  1.18623674, -1.03734481,
       -0.71955699,  0.16611831, -0.01518237,  0.48992971, -0.5112685 ,
       -0.29406837,  1.22016644, -0.29318064,  0.46517694, -0.77456558,
       -0.58976096,  0.60671312,  0.64454812, -0.25328237,  0.26638135,
        0.36985958,  0.86838669,  1.06430387, -0.28035301,  0.15320098,
       -0.35960561,  0.93235648,  0.54609782,  1.05183506,  0.3820678 ,
        1.55267453,  1.5945282 , -0.87165326, -0.67994124,  0.82408428,
        1.50698936, -1.74941587,  0.59170544,  0.5902006 , -1.04179966,
       -1.04407263,  0.61547846, -0.07317244, -2.21858191,  1.94864345], dtype=float32), array([-0.47113225, -0.48185009, -1.31546712,  0.80077189, -0.51797491,
        0.07713004,  1.12861168, -1.8420006 ,  1.91882455, -0.36675861,
       -1.76517665, -0.62022114, -1.89939928,  0.06971317, -2.04677987,
       -1.1175828 ,  1.36448085,  1.50602031,  2.3188107 , -0.36610895,
       -0.87987989,  0.08029563,  0.66621023, -1.03767419,  0.52522916,
       -0.572133  ,  0.5905444 , -0.23867401,  0.32479119,  0.54875433,
       -1.32637835,  1.00536883, -1.01861787, -0.50423938, -1.25806701,
        0.54572821,  1.13949656, -0.46154177, -0.24512549, -1.33219624,
        0.49977776,  0.18485034, -1.02450371,  0.45104119, -0.63880444,
        0.31847706,  0.34771419,  0.43257201, -1.45230937, -0.77043217,
        1.0639683 , -0.41635904,  1.86486447, -1.18040276,  1.54532528,
        0.46188599,  0.33325118, -1.77764642,  1.18623674, -1.03734481,
       -0.71955699,  0.16611831, -0.01518237,  0.48992971, -0.5112685 ,
       -0.29406837,  1.22016644, -0.29318064,  0.46517694, -0.77456558,
       -0.58976096,  0.60671312,  0.64454812, -0.25328237,  0.26638135,
        0.36985958,  0.86838669,  1.06430387, -0.28035301,  0.15320098,
       -0.35960561,  0.93235648,  0.54609782,  1.05183506,  0.3820678 ,
        1.55267453,  1.5945282 , -0.87165326, -0.67994124,  0.82408428,
        1.50698936, -1.74941587,  0.59170544,  0.5902006 , -1.04179966,
       -1.04407263,  0.61547846, -0.07317244, -2.21858191,  1.94864345], dtype=float32)]
