[array([-0.95808125, -0.21894202,  0.94568467,  1.34040964,  0.98371291,
       -1.55085838, -1.21400297, -0.88815391, -0.49658751,  0.61792558,
        2.46713305, -0.14330618, -0.95106483, -1.61692572, -0.97525918,
       -2.05738783,  0.45485565, -1.91754854,  0.82875186, -2.49543452,
        1.09763575,  1.88934648, -0.31413078,  1.17510951,  0.20723809,
       -0.14271355, -0.23900181,  1.28994727, -0.55573261, -0.16238239,
        0.84394652, -0.08706375, -0.15676652, -0.43925685, -0.49648932,
        0.36252809, -0.34370551,  0.58810216,  0.81468469, -0.24206235,
        2.20795822,  0.51680166,  0.01476866,  1.06243396,  0.42643628,
       -1.07169926, -0.30514911, -1.43750525, -1.07004607, -0.89025259,
       -0.83710885,  0.27918965,  1.92570674, -0.20103964, -0.20115151,
        2.66524982,  1.12559652, -1.29411244, -0.05874005,  0.01957142,
        0.61494946, -2.18774676,  0.16925593, -0.07335138,  1.1177665 ,
       -0.02198014, -0.97380805,  0.56515807,  0.86531341,  0.91895306,
        0.31694809, -0.09603473, -0.33304971, -1.08054149,  2.03726006,
       -0.63836628,  0.06424372, -0.25431108,  0.5677554 , -0.03839653,
       -0.55062938, -0.35084623, -0.12399296, -1.39977324, -0.82141608,
        2.01624846,  0.16311099, -0.32174298, -0.52030748,  0.11024652,
       -0.84964067,  1.48641384, -0.4093655 , -0.23017725,  0.23383525,
       -0.18092699,  0.77226812, -0.12913163, -0.46705794, -0.0881942 ], dtype=float32), array([ -9.55140650e-01,  -2.22218320e-01,   9.42009926e-01,
         1.34204161e+00,   9.82744634e-01,  -1.56183326e+00,
        -1.20918667e+00,  -8.77569318e-01,  -5.00995517e-01,
         6.11193657e-01,   2.47263956e+00,  -1.29313484e-01,
        -9.56721187e-01,  -1.60128748e+00,  -9.75222707e-01,
        -2.05446362e+00,   4.65593517e-01,  -1.91356039e+00,
         8.20316732e-01,  -2.50358891e+00,   1.10985184e+00,
         1.89865971e+00,  -3.19970906e-01,   1.16453612e+00,
         2.07525715e-01,  -1.53259143e-01,  -2.50316978e-01,
         1.33241951e+00,  -5.73283434e-01,  -1.44848302e-01,
         8.24161291e-01,  -6.98782504e-02,  -1.56078428e-01,
        -4.13421780e-01,  -4.98952419e-01,   3.65407616e-01,
        -3.44743580e-01,   5.89228809e-01,   8.02651405e-01,
        -2.15920687e-01,   2.21466541e+00,   5.04592478e-01,
        -1.21765817e-03,   1.05784523e+00,   4.37917858e-01,
        -1.09494472e+00,  -3.36269528e-01,  -1.43759000e+00,
        -1.06047463e+00,  -8.91053796e-01,  -8.34251344e-01,
         2.66891301e-01,   1.93290603e+00,  -2.18123958e-01,
        -1.87296018e-01,   2.65165877e+00,   1.10921574e+00,
        -1.31255221e+00,  -6.09549955e-02,   9.60087590e-03,
         5.84809482e-01,  -2.18064404e+00,   1.86393663e-01,
        -3.90359461e-02,   1.10910642e+00,  -3.74745503e-02,
        -9.70175803e-01,   5.76430500e-01,   8.66022766e-01,
         9.43720698e-01,   3.18726838e-01,  -8.51240382e-02,
        -3.44676703e-01,  -1.04837489e+00,   2.03803992e+00,
        -6.08306289e-01,   7.88225532e-02,  -2.47894555e-01,
         5.48476934e-01,  -4.43040095e-02,  -5.50409794e-01,
        -3.54784489e-01,  -1.12017483e-01,  -1.39912784e+00,
        -8.42822134e-01,   2.01435471e+00,   1.49533346e-01,
        -3.31077665e-01,  -5.24011612e-01,   1.15808055e-01,
        -8.46582830e-01,   1.48120284e+00,  -4.30262268e-01,
        -2.25053459e-01,   2.44784966e-01,  -1.59322292e-01,
         7.78244793e-01,  -1.43667534e-01,  -4.65334922e-01,
        -1.23779930e-01], dtype=float32), array([-0.83916563, -0.2735917 ,  0.80288249,  1.31601501,  1.18260252,
       -1.22429776, -1.3800596 , -0.57640404, -0.41336834,  0.50052863,
        2.26248789, -0.13068815, -0.93540013, -1.56719613, -0.894126  ,
       -2.15033913,  0.30346671, -1.8310082 ,  0.75383973, -2.62459826,
        1.12238204,  2.13022065, -0.04162314,  1.05963969,  0.12670082,
       -0.42404088, -0.25971007,  1.49481535, -0.59827226, -0.11332581,
        0.89433843, -0.04513596, -0.01783024, -0.30923158, -0.44978404,
        0.74889278, -0.29101595,  0.53615218,  0.88260967, -0.04998344,
        2.2633388 ,  0.57040894, -0.01050946,  1.09015572,  0.40086833,
       -1.24503553, -0.53825527, -1.2555486 , -0.97667271, -0.93479252,
       -0.74738538,  0.02829607,  1.94744015, -0.27538449, -0.19487061,
        2.52740026,  1.0652734 , -1.16618812,  0.05602472, -0.02320436,
        0.61043376, -2.21837759,  0.37966985,  0.17380808,  1.12317014,
       -0.24923681, -0.88993061,  0.35829654,  0.96494305,  1.1706835 ,
        0.19061108, -0.04712315, -0.59155416, -0.86535347,  1.94879067,
       -0.42516416,  0.14545451, -0.34987807,  0.77575892, -0.26252034,
       -0.51019955, -0.33385161, -0.17218612, -1.44455504, -1.08017445,
        1.80207014, -0.01479857, -0.44896492, -0.61052668,  0.05230138,
       -1.08571923,  1.60215032, -0.63991392, -0.14551213,  0.20960048,
       -0.18221258,  0.71426755, -0.15803024, -0.35368708, -0.40127906], dtype=float32), array([-0.76798415, -0.21753418,  0.59528351,  1.3440119 ,  1.18216896,
       -1.11906147, -1.40747404, -0.60955298, -0.46623966,  0.4871186 ,
        2.20196104, -0.26424834, -0.9619512 , -1.50200558, -0.88022834,
       -2.11353397,  0.2819947 , -1.84145606,  0.82443076, -2.59060049,
        1.04776263,  2.22128654,  0.03702456,  0.99411637,  0.16419995,
       -0.503681  , -0.23709971,  1.52807152, -0.64895928, -0.16962257,
        0.9159528 , -0.10878021,  0.05879505, -0.39949986, -0.55444217,
        0.83499151, -0.28750646,  0.53863186,  0.91347468, -0.08903793,
        2.33310843,  0.62130469, -0.07930432,  1.2053045 ,  0.35368261,
       -1.29322207, -0.60418862, -1.13886726, -0.93100148, -0.79346478,
       -0.68876415, -0.0143656 ,  1.99232173, -0.23157644, -0.20475386,
        2.45700669,  1.06182277, -1.22992659,  0.16198276,  0.0600699 ,
        0.73161292, -2.14690399,  0.40504786,  0.16780668,  1.08443809,
       -0.33349997, -0.89668196,  0.31746531,  0.96584326,  1.21225703,
        0.14409751, -0.08433656, -0.57804185, -0.78305346,  2.07591748,
       -0.51104075,  0.1101785 , -0.43166924,  0.7493751 , -0.24813184,
       -0.56133944, -0.34863934, -0.17062986, -1.32267463, -1.0772047 ,
        1.74615192, -0.059051  , -0.54057366, -0.53057557,  0.02858044,
       -1.15579331,  1.55216134, -0.65308779, -0.20401619,  0.33435121,
       -0.11072084,  0.74529129, -0.20703171, -0.28866324, -0.59517807], dtype=float32), array([-0.76810443, -0.21394858,  0.58868575,  1.35870719,  1.1744436 ,
       -1.10253632, -1.41572392, -0.60285753, -0.47573096,  0.48004439,
        2.18822432, -0.27124897, -0.97227108, -1.49363685, -0.86989945,
       -2.10821939,  0.28351113, -1.8378824 ,  0.83615911, -2.5817399 ,
        1.03766298,  2.22590709,  0.03725437,  0.99294358,  0.17419127,
       -0.49940452, -0.22930585,  1.53668225, -0.64491504, -0.17177902,
        0.91733152, -0.10836293,  0.05800557, -0.39486983, -0.55339766,
        0.85375166, -0.28601044,  0.52833015,  0.92003661, -0.08355197,
        2.32566428,  0.61344314, -0.06871338,  1.21760249,  0.34721062,
       -1.29874456, -0.60153097, -1.14647365, -0.93814373, -0.7940321 ,
       -0.6979931 , -0.02156922,  1.99666011, -0.22111847, -0.20994267,
        2.45804977,  1.05333281, -1.22411764,  0.15590867,  0.06859264,
        0.73071474, -2.15759587,  0.40901333,  0.16461818,  1.08685577,
       -0.33250052, -0.88556004,  0.3193838 ,  0.97188318,  1.21627665,
        0.1370623 , -0.09284903, -0.57606596, -0.78599441,  2.07555318,
       -0.50315988,  0.11742615, -0.43896982,  0.75423163, -0.25938293,
       -0.56195617, -0.36259961, -0.18720126, -1.32173586, -1.08720398,
        1.73863196, -0.04439225, -0.55314058, -0.52815831,  0.01841619,
       -1.16415608,  1.54778254, -0.66379029, -0.18910709,  0.34178498,
       -0.11234918,  0.7334457 , -0.19017993, -0.28988394, -0.59572524], dtype=float32), array([-0.70558059, -0.18680924,  0.53871495,  1.58253741,  1.05149496,
       -0.92598373, -1.52097261, -0.52003533, -0.63016355,  0.3481406 ,
        1.95180881, -0.31468928, -1.12233424, -1.27896821, -0.67163026,
       -2.02551603,  0.34968796, -1.71200407,  0.97751874, -2.45392227,
        0.85439396,  2.27321291,  0.07284985,  0.92104948,  0.31750637,
       -0.44770136, -0.14346252,  1.76460373, -0.62151903, -0.19780834,
        0.90270364, -0.10432728,  0.03626579, -0.26131332, -0.56329983,
        1.09368205, -0.22857121,  0.37317568,  1.00118518,  0.05197344,
        2.20970297,  0.47102845,  0.0592302 ,  1.39976013,  0.22418186,
       -1.41493511, -0.64412665, -1.3081429 , -0.99738175, -0.80777895,
       -0.8284173 , -0.12711298,  2.0678072 , -0.07860038, -0.22861294,
        2.44646049,  0.8726815 , -1.1210618 ,  0.05747423,  0.16040109,
        0.67927623, -2.26212072,  0.44707286,  0.17368042,  1.1507659 ,
       -0.35493609, -0.71129084,  0.34894183,  1.06043327,  1.34890783,
        0.01382075, -0.24440135, -0.55754673, -0.73255295,  2.02951145,
       -0.25401509,  0.24632484, -0.55175209,  0.78675342, -0.46256077,
       -0.58880931, -0.64534569, -0.40681833, -1.25345147, -1.29027653,
        1.60989487,  0.18776728, -0.71721584, -0.50275081, -0.18892132,
       -1.26549351,  1.39994383, -0.82585603,  0.05231202,  0.45529294,
       -0.03697831,  0.56898844,  0.04587269, -0.33207589, -0.65883952], dtype=float32), array([-0.70687276, -0.19009091,  0.53840667,  1.58522832,  1.04948711,
       -0.92098761, -1.51955283, -0.51885164, -0.63533562,  0.3474642 ,
        1.95163512, -0.31549945, -1.12352026, -1.27757859, -0.66846591,
       -2.02254033,  0.34984624, -1.71279037,  0.98048174, -2.45023012,
        0.85414398,  2.27266622,  0.07448515,  0.92176092,  0.31967503,
       -0.44494143, -0.13949488,  1.76935434, -0.62128788, -0.19690944,
        0.90287471, -0.1034995 ,  0.03943878, -0.25817716, -0.56419533,
        1.09795594, -0.23394966,  0.37009534,  1.00144196,  0.04835139,
        2.20790553,  0.47153831,  0.0639241 ,  1.40255439,  0.22213112,
       -1.41812015, -0.64025718, -1.30531693, -1.00110638, -0.80986351,
       -0.83402705, -0.12859142,  2.06209826, -0.0810812 , -0.230203  ,
        2.44440627,  0.87345386, -1.1203301 ,  0.05446981,  0.16292359,
        0.67750674, -2.26222467,  0.4487285 ,  0.17232047,  1.15028274,
       -0.35520375, -0.70215791,  0.35102201,  1.05945194,  1.34777164,
        0.01175747, -0.24335189, -0.55717039, -0.73544842,  2.03142333,
       -0.25668028,  0.24749246, -0.55242985,  0.78817302, -0.46409914,
       -0.58706325, -0.64598346, -0.41234589, -1.2525456 , -1.2924726 ,
        1.6067723 ,  0.18953478, -0.72138834, -0.50371122, -0.18776771,
       -1.26839828,  1.40365493, -0.82595783,  0.05365086,  0.45166883,
       -0.03532683,  0.56980222,  0.04882937, -0.33514336, -0.65949178], dtype=float32), array([ -7.03740001e-01,  -1.89665377e-01,   5.23035526e-01,
         1.59100056e+00,   1.05054450e+00,  -9.02677774e-01,
        -1.53078914e+00,  -5.15569329e-01,  -6.43784523e-01,
         3.48679692e-01,   1.93872964e+00,  -3.20949644e-01,
        -1.12150002e+00,  -1.27731502e+00,  -6.64180815e-01,
        -2.01284814e+00,   3.49832475e-01,  -1.70413196e+00,
         9.89673615e-01,  -2.43667912e+00,   8.56943965e-01,
         2.27682042e+00,   7.18654022e-02,   9.28715825e-01,
         3.20975572e-01,  -4.41086203e-01,  -1.26042768e-01,
         1.77232814e+00,  -6.19368672e-01,  -2.02132106e-01,
         9.01608706e-01,  -1.02071144e-01,   3.64005566e-02,
        -2.46872649e-01,  -5.63749671e-01,   1.11651826e+00,
        -2.35340744e-01,   3.63473773e-01,   1.00149333e+00,
         4.82908152e-02,   2.20043159e+00,   4.62050885e-01,
         6.79314286e-02,   1.41226292e+00,   2.13298902e-01,
        -1.41904211e+00,  -6.42109692e-01,  -1.30956185e+00,
        -1.01038504e+00,  -8.12361062e-01,  -8.41640651e-01,
        -1.26075074e-01,   2.06608152e+00,  -7.71490112e-02,
        -2.37260982e-01,   2.43897820e+00,   8.73894691e-01,
        -1.12062156e+00,   5.35635278e-02,   1.66196957e-01,
         6.82391346e-01,  -2.26914597e+00,   4.51434284e-01,
         1.74387097e-01,   1.15077937e+00,  -3.49003047e-01,
        -6.94873869e-01,   3.52636367e-01,   1.05981541e+00,
         1.34917045e+00,   1.89005292e-03,  -2.37951040e-01,
        -5.49483001e-01,  -7.50414848e-01,   2.03075075e+00,
        -2.54731268e-01,   2.43481398e-01,  -5.50468445e-01,
         7.92293012e-01,  -4.71005082e-01,  -5.82775772e-01,
        -6.53380930e-01,  -4.20287609e-01,  -1.24994040e+00,
        -1.29994130e+00,   1.60407710e+00,   2.02985764e-01,
        -7.30679870e-01,  -5.00214458e-01,  -1.93868458e-01,
        -1.27360368e+00,   1.39170003e+00,  -8.31308067e-01,
         6.51973486e-02,   4.51965213e-01,  -5.07572293e-02,
         5.62081635e-01,   5.55945523e-02,  -3.28364909e-01,
        -6.65335834e-01], dtype=float32), array([-0.71302742, -0.20753187,  0.47031558,  1.64635098,  1.04147696,
       -0.77184695, -1.55014002, -0.52054983, -0.67445624,  0.35377362,
        1.81797469, -0.36050981, -1.14804471, -1.24506783, -0.60060561,
       -1.97364032,  0.36537352, -1.67518544,  1.07705975, -2.36720562,
        0.8254106 ,  2.27200556,  0.07492132,  0.96115535,  0.33661541,
       -0.39694324, -0.08151818,  1.75999498, -0.59579599, -0.2242009 ,
        0.91574419, -0.08889779,  0.02181637, -0.19112778, -0.57565469,
        1.18591106, -0.23373227,  0.2931729 ,  1.02124763,  0.05172751,
        2.14075923,  0.39693969,  0.09989543,  1.46994948,  0.146834  ,
       -1.41571462, -0.63354474, -1.360232  , -1.10349333, -0.79425085,
       -0.86340636, -0.13490683,  2.08918953,  0.0024842 , -0.24153852,
        2.39309335,  0.8545835 , -1.12597382,  0.0711672 ,  0.2045051 ,
        0.72743309, -2.35165739,  0.44926089,  0.12995774,  1.17164052,
       -0.35017669, -0.64716512,  0.35494351,  1.13224626,  1.31690836,
       -0.05911979, -0.20507047, -0.47508743, -0.82120961,  2.01988506,
       -0.21466261,  0.2917231 , -0.56390452,  0.77916789, -0.52512693,
       -0.57661426, -0.70967489, -0.4300155 , -1.2403357 , -1.33789027,
        1.56835485,  0.28433454, -0.80032563, -0.50475127, -0.26335722,
       -1.31851017,  1.35277283, -0.89297688,  0.14998846,  0.46778259,
       -0.0759216 ,  0.5075447 ,  0.13226002, -0.30552348, -0.65982133], dtype=float32), array([-0.71799117, -0.20659715,  0.47614035,  1.64227152,  1.03898537,
       -0.77496111, -1.55377042, -0.51846814, -0.67322397,  0.36220828,
        1.81818676, -0.3609083 , -1.13955116, -1.250934  , -0.60113603,
       -1.96804285,  0.36598003, -1.68091249,  1.07459664, -2.36746407,
        0.83415008,  2.25911403,  0.06927735,  0.96360201,  0.33711702,
       -0.39028901, -0.07386552,  1.75736189, -0.60147607, -0.23255952,
        0.91628802, -0.08161435,  0.0307824 , -0.1851611 , -0.58202899,
        1.17778027, -0.24931964,  0.29147527,  1.02518964,  0.0480074 ,
        2.14406037,  0.39679796,  0.10762354,  1.47359002,  0.13853453,
       -1.41914439, -0.63331664, -1.35864806, -1.10239232, -0.79343116,
       -0.87433755, -0.12829724,  2.08194709, -0.0071756 , -0.23611818,
        2.38706684,  0.86033189, -1.13057041,  0.07148899,  0.19356096,
        0.73087931, -2.35803795,  0.45140767,  0.12432754,  1.17480564,
       -0.34026775, -0.64532131,  0.37040609,  1.12857807,  1.32436025,
       -0.04675782, -0.20923278, -0.47582921, -0.82775766,  2.02320933,
       -0.21788211,  0.28292856, -0.56166571,  0.78308207, -0.52760774,
       -0.57413071, -0.6999228 , -0.42965275, -1.23566997, -1.34110463,
        1.5709244 ,  0.28461868, -0.79944485, -0.50541312, -0.26271152,
       -1.31309283,  1.34954417, -0.88792515,  0.15286843,  0.46022263,
       -0.0867485 ,  0.51194483,  0.13991579, -0.3054437 , -0.66219097], dtype=float32), array([-0.71730685, -0.21242116,  0.43245289,  1.6169734 ,  1.04773223,
       -0.80100626, -1.55675483, -0.51414609, -0.66071457,  0.40602124,
        1.86112201, -0.3453553 , -1.10822845, -1.31276023, -0.62586671,
       -1.96436906,  0.34425503, -1.68996334,  1.03097594, -2.39846635,
        0.86651909,  2.25129271,  0.07940946,  0.97421503,  0.30598867,
       -0.42098597, -0.05888097,  1.70462227, -0.6064229 , -0.26471308,
        0.91894174, -0.11202456,  0.03716088, -0.20994328, -0.56504834,
        1.15924621, -0.27030903,  0.30661345,  1.03727674,  0.04165696,
        2.18680358,  0.41507596,  0.09702532,  1.45307827,  0.14478734,
       -1.38807738, -0.63339609, -1.31379867, -1.10725665, -0.74713475,
       -0.86009622, -0.13916688,  2.07052398, -0.041406  , -0.24927968,
        2.37179422,  0.90388715, -1.14183509,  0.0948531 ,  0.16643253,
        0.76105142, -2.34686255,  0.45154089,  0.1152052 ,  1.16998231,
       -0.33735919, -0.67625916,  0.36243442,  1.11357009,  1.30149305,
       -0.02614213, -0.23122387, -0.47358769, -0.8651123 ,  2.03726912,
       -0.25666362,  0.26512286, -0.5582127 ,  0.80958855, -0.49495015,
       -0.58203346, -0.65590787, -0.38961163, -1.22896492, -1.30288851,
        1.62014759,  0.25770932, -0.76882255, -0.49906924, -0.25620449,
       -1.31669235,  1.38930786, -0.8464092 ,  0.12766914,  0.45899642,
       -0.11594705,  0.53472197,  0.11974222, -0.29642561, -0.65981334], dtype=float32), array([-0.71946657, -0.20902947,  0.4357177 ,  1.62483788,  1.03143501,
       -0.80222839, -1.5570538 , -0.5100745 , -0.66874635,  0.38463819,
        1.8567301 , -0.34641477, -1.11946499, -1.2919364 , -0.61464101,
       -1.96435344,  0.34864908, -1.69073534,  1.0367887 , -2.39842939,
        0.85813141,  2.24712539,  0.0790764 ,  0.96939665,  0.31714627,
       -0.41930965, -0.06687438,  1.72349536, -0.60642618, -0.24903899,
        0.91271144, -0.10604656,  0.03985259, -0.19881515, -0.561364  ,
        1.17055392, -0.26549518,  0.29409009,  1.0405196 ,  0.05839135,
        2.18035555,  0.40205672,  0.10295828,  1.4584626 ,  0.14565811,
       -1.40143383, -0.6328336 , -1.32289076, -1.09917772, -0.75540853,
       -0.86098868, -0.14553916,  2.07315183, -0.03027577, -0.24068841,
        2.37341094,  0.88620657, -1.13943386,  0.07605167,  0.16806857,
        0.74949843, -2.34512424,  0.45850015,  0.12542599,  1.17374587,
       -0.33976784, -0.66380811,  0.36167032,  1.10940576,  1.31162226,
       -0.02620976, -0.22868322, -0.47540545, -0.84946263,  2.03009057,
       -0.24421628,  0.27580416, -0.56058776,  0.80918235, -0.49938625,
       -0.58219624, -0.66919482, -0.39895317, -1.22762489, -1.31773055,
        1.61183357,  0.25578019, -0.78445673, -0.49395037, -0.25785902,
       -1.31474459,  1.38496673, -0.85541219,  0.13577665,  0.4667255 ,
       -0.09881499,  0.52935469,  0.12279301, -0.30822384, -0.67136163], dtype=float32), array([-0.72099745, -0.20808674,  0.43649709,  1.62506616,  1.03131497,
       -0.80701482, -1.55576253, -0.51176667, -0.6686877 ,  0.38280424,
        1.85973823, -0.34206012, -1.11868072, -1.2917732 , -0.61642295,
       -1.96509326,  0.3512246 , -1.69020116,  1.03417408, -2.39936614,
        0.86059374,  2.24762821,  0.07880405,  0.96798009,  0.3179571 ,
       -0.41974762, -0.07020538,  1.7279104 , -0.60927814, -0.24639396,
        0.90975744, -0.10387609,  0.0408318 , -0.19836542, -0.56139255,
        1.16928637, -0.26562792,  0.29753792,  1.03509402,  0.06022049,
        2.18289709,  0.40075943,  0.09823548,  1.45637643,  0.14755808,
       -1.40336049, -0.63637149, -1.32399058, -1.09850347, -0.7552098 ,
       -0.85882568, -0.14622261,  2.07329655, -0.03180811, -0.23901615,
        2.37405276,  0.88576961, -1.14226747,  0.07572575,  0.16715237,
        0.74438405, -2.34267449,  0.45993978,  0.1308035 ,  1.17316353,
       -0.34158459, -0.66516691,  0.3616375 ,  1.10598099,  1.31246746,
       -0.02398137, -0.22648503, -0.47580329, -0.84702992,  2.03000593,
       -0.24338076,  0.27669522, -0.55948097,  0.80618036, -0.49790305,
       -0.58006793, -0.66780818, -0.39719319, -1.22841787, -1.31704509,
        1.61390185,  0.25349981, -0.78120857, -0.49384141, -0.25497985,
       -1.3115927 ,  1.38418508, -0.8580659 ,  0.13488106,  0.46657103,
       -0.09542749,  0.52975184,  0.11894771, -0.30810696, -0.67560476], dtype=float32), array([-0.71990186, -0.20205724,  0.42375353,  1.6452961 ,  1.0275526 ,
       -0.77857208, -1.56056499, -0.50681746, -0.67946869,  0.37292385,
        1.8394649 , -0.34800857, -1.13508618, -1.2855128 , -0.60255748,
       -1.95667875,  0.36642459, -1.67565858,  1.05172396, -2.36820126,
        0.8532052 ,  2.25414658,  0.07814844,  0.96520978,  0.32342124,
       -0.42438579, -0.066601  ,  1.74019635, -0.6082173 , -0.24058659,
        0.90138769, -0.09299076,  0.05163614, -0.18207099, -0.5664649 ,
        1.19846129, -0.26910272,  0.29933044,  1.03105533,  0.05610165,
        2.17050648,  0.3907994 ,  0.10475389,  1.4659493 ,  0.12982138,
       -1.41146827, -0.64239043, -1.34042144, -1.11222315, -0.75367635,
       -0.86757404, -0.14482504,  2.08265948, -0.02415038, -0.23982352,
        2.37361717,  0.87563407, -1.14436817,  0.07158209,  0.17900243,
        0.73237389, -2.35291171,  0.45377877,  0.14958094,  1.18535054,
       -0.34750935, -0.6595962 ,  0.36039782,  1.11783791,  1.30683649,
       -0.03806834, -0.22116318, -0.4676905 , -0.84521586,  2.02403307,
       -0.23275223,  0.2946744 , -0.55789059,  0.79658931, -0.51436466,
       -0.57019293, -0.67777675, -0.41329041, -1.22940063, -1.33134472,
        1.58607316,  0.26570582, -0.78329837, -0.49430799, -0.26737475,
       -1.30856681,  1.36376131, -0.89514345,  0.15919445,  0.47553039,
       -0.09952546,  0.50714809,  0.13675904, -0.29218692, -0.68939102], dtype=float32), array([-0.71998584, -0.20205888,  0.42372662,  1.64525914,  1.02737558,
       -0.77884376, -1.56047654, -0.50679767, -0.67937511,  0.37281802,
        1.83967638, -0.34788004, -1.13502848, -1.28528631, -0.6027348 ,
       -1.95663393,  0.36650926, -1.6757884 ,  1.05170691, -2.36839056,
        0.85339755,  2.25409126,  0.07811295,  0.96524346,  0.32350919,
       -0.42448789, -0.06673044,  1.74036598, -0.60837066, -0.24042569,
        0.90114135, -0.09281699,  0.05157758, -0.18198061, -0.56648093,
        1.19828773, -0.26896241,  0.29927102,  1.03084755,  0.0562226 ,
        2.17054033,  0.39070567,  0.10444995,  1.46579802,  0.12997814,
       -1.41150773, -0.6424706 , -1.34040141, -1.11214113, -0.7537654 ,
       -0.86749429, -0.1449386 ,  2.08263779, -0.02434204, -0.23980772,
        2.37355852,  0.87550145, -1.14463377,  0.07165138,  0.17895405,
        0.73207933, -2.35277796,  0.45389217,  0.14992191,  1.18536615,
       -0.34759048, -0.6597209 ,  0.36044931,  1.11779141,  1.30684865,
       -0.03800897, -0.22105952, -0.46782276, -0.84498972,  2.02408791,
       -0.232555  ,  0.29481563, -0.5577001 ,  0.79645479, -0.51418078,
       -0.5701465 , -0.67768705, -0.41314399, -1.22952163, -1.33136976,
        1.58628225,  0.26560631, -0.78328711, -0.49423572, -0.26720518,
       -1.30858624,  1.36382461, -0.89516056,  0.15906987,  0.47562355,
       -0.09933888,  0.50726599,  0.13662687, -0.29220361, -0.68958569], dtype=float32), array([-0.73328435, -0.20757508,  0.41895843,  1.62357283,  1.02637422,
       -0.8323223 , -1.5432359 , -0.52474791, -0.66743761,  0.37918311,
        1.89189124, -0.30939269, -1.10349321, -1.30061853, -0.63471705,
       -1.96349764,  0.3723166 , -1.6858629 ,  1.01620245, -2.41262507,
        0.90023136,  2.24927187,  0.07384586,  0.97050017,  0.31395563,
       -0.45061001, -0.08524115,  1.7487458 , -0.63714904, -0.23149501,
        0.87085372, -0.07884334,  0.05652248, -0.18411802, -0.56344229,
        1.16038871, -0.26908201,  0.32356513,  0.98857832,  0.06251193,
        2.20986295,  0.38887441,  0.04882084,  1.43338418,  0.15592584,
       -1.40760243, -0.65805972, -1.32130349, -1.09979665, -0.74998248,
       -0.83800524, -0.15250261,  2.07427168, -0.0591184 , -0.23528926,
        2.36411047,  0.88289994, -1.1857177 ,  0.08183382,  0.16272555,
        0.70468926, -2.32982159,  0.46869329,  0.19489744,  1.18330562,
       -0.35729846, -0.70315742,  0.35670796,  1.08772194,  1.30204761,
       -0.00670113, -0.20371136, -0.47996357, -0.83516431,  2.02771258,
       -0.23613824,  0.29222149, -0.53076756,  0.7811327 , -0.47420916,
       -0.55214894, -0.64330196, -0.36799619, -1.24012637, -1.31638789,
        1.63398123,  0.22928405, -0.74759549, -0.48606163, -0.22995925,
       -1.28736448,  1.37683928, -0.89224017,  0.12506171,  0.47343931,
       -0.07537105,  0.5375157 ,  0.09380304, -0.28237045, -0.71522242], dtype=float32), array([-0.74721175, -0.17240028,  0.46223906,  1.60663474,  1.0128454 ,
       -0.86914903, -1.54980361, -0.51020336, -0.6608156 ,  0.37878323,
        1.89804935, -0.31697953, -1.08320522, -1.31646144, -0.64457947,
       -1.94969261,  0.36943114, -1.72706079,  0.99900007, -2.40067196,
        0.9206146 ,  2.18307734,  0.04580712,  0.95873445,  0.35451123,
       -0.41896603, -0.08943693,  1.76314664, -0.66034609, -0.24928448,
        0.87010676, -0.04111722,  0.13181987, -0.1665224 , -0.57426941,
        1.13996458, -0.32794082,  0.32209247,  0.98663205,  0.09132795,
        2.2341454 ,  0.37557977,  0.07844727,  1.43377423,  0.1126719 ,
       -1.44994533, -0.67484033, -1.30936193, -1.06012607, -0.76062137,
       -0.86751729, -0.13514775,  2.05645323, -0.06332362, -0.19463451,
        2.34188581,  0.90286177, -1.19771528,  0.04538868,  0.10773193,
        0.70996726, -2.34142923,  0.49125832,  0.1981224 ,  1.21562636,
       -0.33672974, -0.69276011,  0.42767936,  1.02740443,  1.3638339 ,
        0.06972859, -0.22245015, -0.49949431, -0.84742939,  2.02658701,
       -0.24302402,  0.24740936, -0.54275417,  0.80260015, -0.48055378,
       -0.53505272, -0.6236254 , -0.38539773, -1.21202087, -1.33193064,
        1.64351749,  0.20977841, -0.75229543, -0.46538717, -0.21298721,
       -1.23623383,  1.34911203, -0.89211154,  0.13586707,  0.44520661,
       -0.09885365,  0.54832566,  0.09831012, -0.29312503, -0.75911582], dtype=float32), array([-0.7474466 , -0.17683326,  0.46377656,  1.62402928,  0.99354941,
       -0.88344443, -1.53957319, -0.51795572, -0.68312681,  0.34298068,
        1.90608501, -0.29931876, -1.09634864, -1.28153813, -0.64703172,
       -1.95179355,  0.38532677, -1.71630538,  0.99486697, -2.40468431,
        0.92665899,  2.19058704,  0.05339811,  0.95613766,  0.36550596,
       -0.42250609, -0.10483592,  1.823367  , -0.67621207, -0.21925759,
        0.84213221, -0.02951782,  0.12732801, -0.13997723, -0.57321519,
        1.15494835, -0.31246763,  0.32298449,  0.9689132 ,  0.11300683,
        2.22877812,  0.35788992,  0.04703147,  1.42413986,  0.13533612,
       -1.46722198, -0.69709975, -1.31985509, -1.0562042 , -0.77523661,
       -0.85860324, -0.14548847,  2.05788827, -0.06895529, -0.1892065 ,
        2.34727597,  0.87412846, -1.2115283 ,  0.02526754,  0.10701858,
        0.6567896 , -2.31742382,  0.50751632,  0.2371255 ,  1.21685791,
       -0.35510227, -0.68012762,  0.41550401,  1.01706219,  1.36817575,
        0.06607676, -0.2014299 , -0.5021323 , -0.81955099,  2.0147438 ,
       -0.22159295,  0.27683163, -0.53560942,  0.78222704, -0.47885302,
       -0.51572829, -0.63396925, -0.38807225, -1.21456993, -1.348562  ,
        1.63956451,  0.20150256, -0.75958675, -0.45824084, -0.19718221,
       -1.23165679,  1.34024012, -0.90552974,  0.14141561,  0.45045   ,
       -0.05061155,  0.5476988 ,  0.08146144, -0.31070107, -0.78255707], dtype=float32), array([-0.75566489, -0.17010482,  0.46605152,  1.63173461,  0.99712485,
       -0.88936049, -1.54599953, -0.52900308, -0.67887908,  0.34558541,
        1.90088189, -0.28574651, -1.08735311, -1.28340745, -0.64662224,
       -1.94531727,  0.40781286, -1.70794237,  0.99771369, -2.39395428,
        0.93715441,  2.1855545 ,  0.04859985,  0.95283353,  0.37075087,
       -0.41055849, -0.10567494,  1.83815181, -0.69207257, -0.2204574 ,
        0.83815175, -0.01677665,  0.13482533, -0.12854652, -0.58685553,
        1.14202392, -0.3263979 ,  0.33298418,  0.94307858,  0.10198525,
        2.23356342,  0.34686208,  0.0398984 ,  1.43415248,  0.13231419,
       -1.47453451, -0.7165876 , -1.33138859, -1.06727362, -0.7675153 ,
       -0.86385566, -0.13719821,  2.04682946, -0.0767447 , -0.17910209,
        2.34325743,  0.87845546, -1.22810125,  0.03340187,  0.10417473,
        0.64070642, -2.3232882 ,  0.50521374,  0.24392122,  1.21471965,
       -0.35465345, -0.67939663,  0.42697495,  1.00997949,  1.37208247,
        0.0772469 , -0.19163233, -0.49513668, -0.82145327,  2.02055955,
       -0.21888858,  0.27043241, -0.5296393 ,  0.7668466 , -0.47997922,
       -0.5042327 , -0.62590396, -0.38270792, -1.21374702, -1.34672177,
        1.64524961,  0.20633353, -0.74554902, -0.46167466, -0.1946487 ,
       -1.2206831 ,  1.32277012, -0.92307389,  0.14960219,  0.44713554,
       -0.05537552,  0.5409354 ,  0.08414014, -0.30099463, -0.79243737], dtype=float32), array([-0.76426911, -0.17904921,  0.46705854,  1.64676237,  0.96540898,
       -0.90795302, -1.52835381, -0.53795809, -0.69706219,  0.32342863,
        1.90927458, -0.2625435 , -1.08561671, -1.25092578, -0.6564036 ,
       -1.93109572,  0.43832818, -1.70017588,  1.00045407, -2.39958954,
        0.95401686,  2.1827116 ,  0.04896086,  0.95999652,  0.37931982,
       -0.41405243, -0.11754906,  1.8993969 , -0.72039443, -0.19077279,
        0.79560888,  0.00776358,  0.13739884, -0.09274913, -0.59757632,
        1.13821423, -0.32008186,  0.32572019,  0.91831183,  0.11541672,
        2.21924782,  0.31947041,  0.0092801 ,  1.43188107,  0.158618  ,
       -1.49406731, -0.737773  , -1.34610295, -1.06505454, -0.77909809,
       -0.85752261, -0.14068423,  2.03630161, -0.09128447, -0.16978104,
        2.34161758,  0.84267205, -1.25909495,  0.02389748,  0.09931402,
        0.58386213, -2.30919504,  0.51878232,  0.28521365,  1.22332728,
       -0.36939898, -0.66739637,  0.43052128,  1.00140095,  1.37062657,
        0.08057476, -0.16155232, -0.49630898, -0.79338849,  2.01616096,
       -0.19174685,  0.29974648, -0.5107398 ,  0.73315674, -0.47302324,
       -0.48340562, -0.62869012, -0.38799649, -1.21904194, -1.36856985,
        1.65398562,  0.20823121, -0.75714016, -0.45155329, -0.17526197,
       -1.21430671,  1.31118572, -0.94582331,  0.15812112,  0.45142201,
       -0.01689804,  0.54170334,  0.08073169, -0.31652081, -0.81201625], dtype=float32), array([-0.7686345 , -0.18068156,  0.4760536 ,  1.64056385,  0.96419621,
       -0.90424758, -1.53924918, -0.5324347 , -0.69673634,  0.33951786,
        1.90153956, -0.26808465, -1.07088459, -1.25964451, -0.65756333,
       -1.92042017,  0.43777227, -1.70850813,  0.99794143, -2.39893866,
        0.96793205,  2.16404748,  0.03883629,  0.96456635,  0.37289166,
       -0.40194729, -0.0999278 ,  1.8904326 , -0.72429645, -0.20994779,
        0.80228603,  0.02086565,  0.14638349, -0.08208397, -0.60811788,
        1.12672508, -0.34653851,  0.32427323,  0.92495525,  0.09797982,
        2.21692109,  0.32348731,  0.02477689,  1.4422437 ,  0.13969421,
       -1.49907136, -0.73539674, -1.34350014, -1.06307328, -0.77887678,
       -0.87918484, -0.12712523,  2.02492833, -0.10750145, -0.16318133,
        2.33668423,  0.85680467, -1.25815904,  0.03169906,  0.07863751,
        0.59158397, -2.32147646,  0.51893961,  0.26988885,  1.23102784,
       -0.349264  , -0.66113985,  0.45768127,  0.99870831,  1.37948871,
        0.09668319, -0.17032699, -0.507532  , -0.8099826 ,  2.02353406,
       -0.19807102,  0.28211534, -0.50369269,  0.74286783, -0.48084444,
       -0.48231849, -0.60953087, -0.39197367, -1.20768523, -1.3724376 ,
        1.65448534,  0.21278699, -0.7547577 , -0.45680261, -0.17105325,
       -1.21403039,  1.30477107, -0.93120241,  0.16686669,  0.43807092,
       -0.04144761,  0.549106  ,  0.09836498, -0.31493294, -0.80815661], dtype=float32), array([-0.76327002, -0.18310721,  0.47748998,  1.64099944,  0.96049118,
       -0.89792782, -1.54303694, -0.5267567 , -0.69760686,  0.33101454,
        1.89128888, -0.27985758, -1.08431637, -1.25421214, -0.64677751,
       -1.92350423,  0.43422729, -1.70610499,  1.00727713, -2.39755344,
        0.95473379,  2.16367245,  0.04067824,  0.96286815,  0.37655273,
       -0.40292203, -0.09989469,  1.888062  , -0.71892393, -0.20425282,
        0.8055926 ,  0.01553087,  0.14280899, -0.07962731, -0.60311413,
        1.1404072 , -0.33973709,  0.31481615,  0.93874496,  0.10657728,
        2.21250677,  0.32426074,  0.0371241 ,  1.45194125,  0.14037427,
       -1.49897754, -0.72877789, -1.34546256, -1.06182253, -0.77490211,
       -0.88028085, -0.13289706,  2.02903461, -0.09733307, -0.16311587,
        2.34078836,  0.84672123, -1.24298584,  0.02140453,  0.08440543,
        0.59554678, -2.32933402,  0.51881576,  0.26405886,  1.23194396,
       -0.34857216, -0.65113008,  0.45084476,  1.00423145,  1.37982345,
        0.0900246 , -0.17478842, -0.50796062, -0.80369985,  2.01666546,
       -0.19342984,  0.28546166, -0.51093978,  0.75137675, -0.49084058,
       -0.4891288 , -0.6219914 , -0.39639467, -1.20768785, -1.37794411,
        1.64366043,  0.21714656, -0.76237416, -0.45627514, -0.18121158,
       -1.22163832,  1.30325949, -0.93220782,  0.17184691,  0.4451609 ,
       -0.0389409 ,  0.54176527,  0.10727096, -0.32231694, -0.80343765], dtype=float32), array([-0.76327497, -0.18311046,  0.47748283,  1.64100254,  0.96048427,
       -0.89793181, -1.54303598, -0.52676141, -0.69760191,  0.33101356,
        1.89128184, -0.2798529 , -1.08430314, -1.25421357, -0.64678025,
       -1.92350435,  0.43423283, -1.70609975,  1.00728476, -2.3975718 ,
        0.95473695,  2.16367579,  0.04067895,  0.96286482,  0.37655687,
       -0.40292826, -0.09989589,  1.88806796, -0.71893084, -0.20425026,
        0.80557919,  0.01553056,  0.14280576, -0.07963079, -0.60311586,
        1.14040685, -0.33972925,  0.3148106 ,  0.93873745,  0.10657922,
        2.21251464,  0.32425395,  0.03711522,  1.45194137,  0.14037617,
       -1.4989742 , -0.72877657, -1.34545386, -1.06182206, -0.77489918,
       -0.88028431, -0.13290213,  2.0290246 , -0.0973363 , -0.16311516,
        2.34079409,  0.84671456, -1.24299228,  0.02141285,  0.08440693,
        0.5955354 , -2.3293252 ,  0.51881701,  0.26406196,  1.23194158,
       -0.3485778 , -0.65113479,  0.45084983,  1.00422895,  1.37981415,
        0.09002066, -0.17479032, -0.50796109, -0.803698  ,  2.01665854,
       -0.19341889,  0.28547081, -0.51093888,  0.7513656 , -0.49083233,
       -0.48912936, -0.6219849 , -0.39639094, -1.20769548, -1.37794816,
        1.64367115,  0.21715149, -0.76237512, -0.45627141, -0.18120737,
       -1.22163248,  1.30326378, -0.93220681,  0.17184465,  0.44516867,
       -0.03893534,  0.54176539,  0.10727036, -0.32231021, -0.80344391], dtype=float32), array([-0.76175028, -0.18481466,  0.47718927,  1.6403625 ,  0.96176052,
       -0.90047956, -1.54016566, -0.52688646, -0.69851106,  0.32933885,
        1.89452207, -0.27849498, -1.08584797, -1.25355053, -0.64829928,
       -1.92631531,  0.43133226, -1.70733488,  1.00533688, -2.39932632,
        0.95498478,  2.16539049,  0.04285712,  0.96272147,  0.37655181,
       -0.4053719 , -0.1018286 ,  1.88793468, -0.7170406 , -0.20281944,
        0.80574965,  0.01277925,  0.14244531, -0.08222192, -0.60050231,
        1.14089823, -0.33748296,  0.31629562,  0.93913347,  0.10895098,
        2.21554756,  0.32656524,  0.03463999,  1.44719911,  0.14194751,
       -1.49858987, -0.72824419, -1.34235609, -1.06024444, -0.77743447,
       -0.87863404, -0.13499317,  2.02971053, -0.09844858, -0.16444151,
        2.34041452,  0.84808904, -1.24287999,  0.0207259 ,  0.08485278,
        0.59489453, -2.32526612,  0.51903546,  0.26621976,  1.23115003,
       -0.3512623 , -0.65151107,  0.44759211,  1.00427771,  1.3794086 ,
        0.08796956, -0.1749385 , -0.50945222, -0.8026827 ,  2.01533532,
       -0.19344214,  0.28740746, -0.51193959,  0.75073755, -0.48852721,
       -0.489088  , -0.62203062, -0.39511093, -1.20767844, -1.37626183,
        1.64368367,  0.21490046, -0.76215434, -0.45602432, -0.18001197,
       -1.22182035,  1.30743778, -0.92992145,  0.16879517,  0.44484332,
       -0.03461487,  0.54437941,  0.102978  , -0.3227624 , -0.80543429], dtype=float32), array([-0.76743942, -0.18874139,  0.48253545,  1.65139949,  0.95461786,
       -0.92697787, -1.52107275, -0.54095358, -0.71425658,  0.2977061 ,
        1.91518354, -0.24596812, -1.09481549, -1.23384321, -0.6548264 ,
       -1.93575692,  0.44519898, -1.69589841,  0.98896092, -2.40175271,
        0.96602041,  2.17844152,  0.05569902,  0.95492351,  0.38473806,
       -0.41040775, -0.12700985,  1.93790972, -0.73001987, -0.174692  ,
        0.78082985,  0.02005717,  0.14685182, -0.07282716, -0.59516841,
        1.14586437, -0.32496923,  0.33581507,  0.90638679,  0.12196681,
        2.2285223 ,  0.32069939, -0.0036473 ,  1.42669976,  0.16593167,
       -1.51248491, -0.75005496, -1.34671855, -1.05740404, -0.78709531,
       -0.86233282, -0.14745134,  2.02476144, -0.10849398, -0.15818194,
        2.3444159 ,  0.83654326, -1.25551581,  0.00875703,  0.0850896 ,
        0.542952  , -2.29340339,  0.53228706,  0.31012309,  1.2245189 ,
       -0.3754299 , -0.64642346,  0.43092498,  0.98402685,  1.37873936,
        0.08915347, -0.15134393, -0.5148105 , -0.77850676,  2.00552058,
       -0.1857336 ,  0.3083038 , -0.5069896 ,  0.72574866, -0.4783147 ,
       -0.4692637 , -0.623546  , -0.39121443, -1.21087968, -1.37525845,
        1.64614689,  0.19706783, -0.74916959, -0.45410609, -0.15844499,
       -1.2077843 ,  1.3099072 , -0.94553161,  0.16116221,  0.43909946,
        0.01716269,  0.54685724,  0.06904445, -0.33297166, -0.8353464 ], dtype=float32), array([-0.75693953, -0.19096568,  0.4756619 ,  1.65580356,  0.94527066,
       -0.93741101, -1.51029134, -0.54187465, -0.7226944 ,  0.27483943,
        1.9216758 , -0.24056157, -1.10669625, -1.21330976, -0.65603822,
       -1.94601047,  0.44690171, -1.6885047 ,  0.98518169, -2.40889549,
        0.96527278,  2.19075561,  0.06292226,  0.95173258,  0.39014298,
       -0.41933256, -0.14124189,  1.96720886, -0.729716  , -0.15523021,
        0.76851553,  0.01826496,  0.13166495, -0.06572321, -0.5862956 ,
        1.1547544 , -0.30252528,  0.33540651,  0.90157956,  0.14270741,
        2.22570705,  0.31543049, -0.02835132,  1.41420186,  0.18286197,
       -1.51562238, -0.7621814 , -1.35036755, -1.04706764, -0.79960632,
       -0.84745616, -0.15443362,  2.03730226, -0.10906953, -0.16102386,
        2.34980607,  0.81799722, -1.26025236, -0.00516256,  0.09150385,
        0.51658517, -2.27066493,  0.53906405,  0.33450338,  1.22439837,
       -0.38732708, -0.6451354 ,  0.41421303,  0.98124343,  1.38053691,
        0.07882839, -0.14223668, -0.51829255, -0.75766379,  1.99280739,
       -0.17144981,  0.32594272, -0.50323045,  0.71816999, -0.47520167,
       -0.46378165, -0.63760507, -0.38592452, -1.21351695, -1.3827225 ,
        1.64144325,  0.18474033, -0.75439817, -0.44862109, -0.15119593,
       -1.20960701,  1.30421901, -0.94858819,  0.16061927,  0.44734418,
        0.04741186,  0.54863524,  0.05202446, -0.34135357, -0.84444523], dtype=float32), array([-0.75634646, -0.19093682,  0.47521767,  1.65635216,  0.94549215,
       -0.93811762, -1.50968742, -0.54240024, -0.72294068,  0.27349848,
        1.92230737, -0.24030834, -1.1073463 , -1.21207738, -0.6566627 ,
       -1.94673872,  0.44725785, -1.68799973,  0.98453587, -2.40891147,
        0.96561879,  2.19134474,  0.06292275,  0.951352  ,  0.38998866,
       -0.41989532, -0.14195141,  1.96920514, -0.73004746, -0.15424776,
        0.76767075,  0.01829209,  0.13104185, -0.06497474, -0.58584821,
        1.15490925, -0.30133498,  0.3356621 ,  0.90096366,  0.14363682,
        2.2256062 ,  0.31472689, -0.02997302,  1.41374719,  0.18363842,
       -1.51566207, -0.76296675, -1.35028017, -1.04662573, -0.7998178 ,
       -0.84645909, -0.15484175,  2.03815889, -0.10953259, -0.16118903,
        2.35006237,  0.81730276, -1.26081121, -0.00568478,  0.09176304,
        0.5148896 , -2.26897335,  0.53944457,  0.3357425 ,  1.22438049,
       -0.38818601, -0.6455878 ,  0.41384953,  0.9811455 ,  1.38051951,
        0.07834537, -0.1422561 , -0.51839161, -0.75661665,  1.99220002,
       -0.17056592,  0.32666516, -0.50262934,  0.71745777, -0.47517234,
       -0.46317184, -0.63816237, -0.38535088, -1.21370494, -1.38297868,
        1.64115071,  0.18399638, -0.75427103, -0.44834432, -0.15042798,
       -1.20981336,  1.30358589, -0.94859082,  0.16085595,  0.44767049,
        0.04891305,  0.54889798,  0.05086105, -0.34188324, -0.84516984], dtype=float32), array([-0.75655627, -0.19080557,  0.47532925,  1.6562773 ,  0.94554991,
       -0.93862271, -1.50960994, -0.54257947, -0.72279751,  0.27352992,
        1.9226265 , -0.23997708, -1.10707569, -1.21220005, -0.65683472,
       -1.94674945,  0.4475123 , -1.6879679 ,  0.98420942, -2.40902925,
        0.96586543,  2.19124055,  0.06278947,  0.95119065,  0.38998625,
       -0.41986129, -0.1421442 ,  1.96932268, -0.73029459, -0.15415022,
        0.7674973 ,  0.01854669,  0.13121556, -0.06502102, -0.58592284,
        1.15459991, -0.30149278,  0.33603317,  0.9004299 ,  0.14354867,
        2.22589111,  0.31468076, -0.03033636,  1.4136138 ,  0.1837313 ,
       -1.5158174 , -0.7632038 , -1.35036516, -1.04652786, -0.79967839,
       -0.84630424, -0.15476573,  2.03813481, -0.10972858, -0.16107063,
        2.35005832,  0.81743497, -1.26108575, -0.00555581,  0.09160485,
        0.51459289, -2.26879478,  0.5395273 ,  0.33610341,  1.22426116,
       -0.38821802, -0.64581418,  0.41400948,  0.9807831 ,  1.38060081,
        0.07865313, -0.14218122, -0.51837629, -0.75649649,  1.99230635,
       -0.17065053,  0.32653785, -0.50247568,  0.71719807, -0.47499269,
       -0.4630526 , -0.63792974, -0.38515839, -1.21371806, -1.38281906,
        1.641415  ,  0.18383265, -0.75383395, -0.44837233, -0.15012345,
       -1.20942628,  1.3035121 , -0.94873631,  0.16066623,  0.44757089,
        0.04899085,  0.54897749,  0.05055023, -0.34175608, -0.84545726], dtype=float32), array([-0.75641263, -0.1903951 ,  0.47523782,  1.65633833,  0.94562989,
       -0.93924695, -1.50947118, -0.54285914, -0.72258908,  0.27258158,
        1.92267478, -0.23957238, -1.10759676, -1.21157002, -0.65645295,
       -1.94736707,  0.44785023, -1.68792832,  0.98391628, -2.40922976,
        0.96507043,  2.19182801,  0.06293154,  0.95026368,  0.39046714,
       -0.420248  , -0.14309329,  1.96956217, -0.73011518, -0.15313508,
        0.76745653,  0.01800722,  0.13060184, -0.06561683, -0.58525997,
        1.155375  , -0.30062291,  0.33614624,  0.89992744,  0.14461993,
        2.22634411,  0.31435835, -0.03051498,  1.4132998 ,  0.18364039,
       -1.51613605, -0.76324791, -1.350456  , -1.04637206, -0.79948419,
       -0.84561813, -0.15529531,  2.039011  , -0.10857712, -0.1606082 ,
        2.35035086,  0.81688452, -1.26076555, -0.00588227,  0.09229922,
        0.51419383, -2.26819825,  0.53948706,  0.33662456,  1.22361624,
       -0.38895333, -0.64594555,  0.41357514,  0.98021483,  1.38093865,
        0.07831285, -0.14196983, -0.51834357, -0.75553375,  1.99210441,
       -0.17004237,  0.32694569, -0.502469  ,  0.71669549, -0.47496316,
       -0.46339712, -0.63883752, -0.38505292, -1.21363056, -1.38271058,
        1.64126074,  0.18363382, -0.7537446 , -0.44835609, -0.15048417,
       -1.20913053,  1.30327165, -0.94910073,  0.16018373,  0.4482967 ,
        0.05007276,  0.54879385,  0.04967986, -0.34183156, -0.84619075], dtype=float32), array([ -7.57744789e-01,  -1.92241967e-01,   4.74246860e-01,
         1.65483725e+00,   9.44064140e-01,  -9.40989554e-01,
        -1.51050651e+00,  -5.42785287e-01,  -7.19842851e-01,
         2.78878987e-01,   1.92122555e+00,  -2.39931732e-01,
        -1.10096335e+00,  -1.21419215e+00,  -6.56676769e-01,
        -1.94500041e+00,   4.47745502e-01,  -1.69102108e+00,
         9.83542860e-01,  -2.41106963e+00,   9.69422221e-01,
         2.18920016e+00,   6.14377968e-02,   9.51933265e-01,
         3.90401006e-01,  -4.21045512e-01,  -1.39348999e-01,
         1.96462619e+00,  -7.33005643e-01,  -1.58276081e-01,
         7.67210245e-01,   1.93314161e-02,   1.32302552e-01,
        -6.69143051e-02,  -5.86495042e-01,   1.15133905e+00,
        -3.04025948e-01,   3.33991706e-01,   9.02676642e-01,
         1.42130151e-01,   2.22758079e+00,   3.13811690e-01,
        -2.96418574e-02,   1.41562521e+00,   1.78587750e-01,
        -1.51541770e+00,  -7.59925783e-01,  -1.34602726e+00,
        -1.04955959e+00,  -7.98002124e-01,  -8.49850357e-01,
        -1.54122010e-01,   2.03645873e+00,  -1.12630911e-01,
        -1.60222262e-01,   2.34530783e+00,   8.18163514e-01,
        -1.26392329e+00,  -9.23917280e-04,   8.79052877e-02,
         5.18650711e-01,  -2.27098632e+00,   5.38585544e-01,
         3.32870811e-01,   1.22512877e+00,  -3.86527449e-01,
        -6.46824121e-01,   4.18859869e-01,   9.82110500e-01,
         1.38199496e+00,   8.01997110e-02,  -1.44035429e-01,
        -5.17923117e-01,  -7.59756744e-01,   1.99481547e+00,
        -1.68177068e-01,   3.25813860e-01,  -5.01006544e-01,
         7.16317594e-01,  -4.72694069e-01,  -4.63279277e-01,
        -6.34526849e-01,  -3.81375998e-01,  -1.21374738e+00,
        -1.38198912e+00,   1.64617145e+00,   1.86224863e-01,
        -7.55514562e-01,  -4.49445993e-01,  -1.51893303e-01,
        -1.20902157e+00,   1.30259418e+00,  -9.46643710e-01,
         1.61050484e-01,   4.47587490e-01,   4.51872349e-02,
         5.50548613e-01,   5.35339639e-02,  -3.38380247e-01,
        -8.46147537e-01], dtype=float32), array([-0.75448453, -0.18615592,  0.47206751,  1.65747976,  0.94592083,
       -0.95057625, -1.50663936, -0.54819638, -0.72005326,  0.25877085,
        1.92395973, -0.23286107, -1.11240315, -1.19998908, -0.65281034,
       -1.95561469,  0.45238578, -1.68801415,  0.97687316, -2.41397905,
        0.9570477 ,  2.20054245,  0.06483354,  0.93683052,  0.39754036,
       -0.42770931, -0.15658776,  1.97532523, -0.7304858 , -0.13889162,
        0.7644701 ,  0.01127131,  0.12051155, -0.07245385, -0.57457501,
        1.16562939, -0.28607592,  0.33752272,  0.89257991,  0.16241454,
        2.23322582,  0.30677512, -0.03802066,  1.40788364,  0.18208192,
       -1.52000916, -0.76418734, -1.34923518, -1.04530847, -0.79692507,
       -0.83576936, -0.16424207,  2.05275393, -0.09439478, -0.15421742,
        2.35199547,  0.80681139, -1.25959778, -0.00924418,  0.09961663,
        0.50654399, -2.2571609 ,  0.53996843,  0.34642538,  1.21443617,
       -0.40053579, -0.64931762,  0.40769619,  0.97279501,  1.38619649,
        0.07337678, -0.13901974, -0.51752162, -0.74143195,  1.9888761 ,
       -0.15778756,  0.335154  , -0.50025064,  0.70733541, -0.47181356,
       -0.46604782, -0.65029079, -0.37938079, -1.21311271, -1.38124299,
        1.64172721,  0.18082842, -0.7536034 , -0.44770035, -0.15425596,
       -1.20426917,  1.29859304, -0.95324725,  0.15357767,  0.46030891,
        0.0678435 ,  0.54723817,  0.03505832, -0.34186354, -0.85955745], dtype=float32), array([-0.75663471, -0.18550685,  0.47389418,  1.65778327,  0.94592309,
       -0.95430237, -1.5054487 , -0.54990947, -0.7184611 ,  0.25616419,
        1.92567825, -0.2298609 , -1.11067259, -1.20008683, -0.6531623 ,
       -1.95704257,  0.45374817, -1.68707824,  0.97528851, -2.41451478,
        0.95711875,  2.20203686,  0.06504288,  0.93592471,  0.39868885,
       -0.42891747, -0.16027749,  1.97639489, -0.73079902, -0.13740867,
        0.76232237,  0.01243575,  0.12309498, -0.07438436, -0.57473767,
        1.16467631, -0.28493267,  0.34014231,  0.88869596,  0.16223189,
        2.23529768,  0.30759555, -0.04081064,  1.40669298,  0.18402267,
       -1.52028835, -0.76418674, -1.34995103, -1.0444113 , -0.79727757,
       -0.83295524, -0.16593309,  2.05027676, -0.09403899, -0.15329732,
        2.35199785,  0.80713165, -1.25924921, -0.00994596,  0.09911007,
        0.50472134, -2.25597572,  0.54090381,  0.35063103,  1.21368921,
       -0.4029161 , -0.65101033,  0.40468806,  0.97151035,  1.38652956,
        0.07435234, -0.13653304, -0.51904863, -0.73922378,  1.98759735,
       -0.15832071,  0.33519372, -0.50106966,  0.70667922, -0.46986568,
       -0.46470714, -0.64968765, -0.37830785, -1.21487963, -1.37961173,
        1.64365911,  0.17909881, -0.75098264, -0.44847468, -0.15384401,
       -1.20257795,  1.30075753, -0.95569801,  0.1533733 ,  0.45892891,
        0.07131197,  0.54608196,  0.0326744 , -0.34171307, -0.86085033], dtype=float32), array([-0.75245279, -0.17832257,  0.47096425,  1.66057968,  0.94495749,
       -0.95869225, -1.5043819 , -0.5529654 , -0.71800864,  0.23425244,
        1.92209637, -0.22963938, -1.12614393, -1.18264258, -0.63979167,
       -1.96786356,  0.45635515, -1.68613732,  0.97336578, -2.41810536,
        0.93107462,  2.21519256,  0.0706779 ,  0.91891348,  0.41017589,
       -0.43574598, -0.1756631 ,  1.97629631, -0.72097331, -0.11651459,
        0.76421916, -0.00276779,  0.10927677, -0.08742728, -0.55956405,
        1.18735826, -0.26493034,  0.334609  ,  0.88781869,  0.1837153 ,
        2.23871756,  0.30117691, -0.03499211,  1.4020474 ,  0.18178375,
       -1.52618074, -0.75760937, -1.35367846, -1.04068565, -0.79684269,
       -0.81993693, -0.17875031,  2.07019091, -0.06256532, -0.1467181 ,
        2.35885191,  0.79196894, -1.24536574, -0.02110423,  0.11678719,
        0.50461584, -2.24527597,  0.53819412,  0.35464844,  1.2021383 ,
       -0.41656843, -0.65038729,  0.39143282,  0.96543843,  1.39080226,
        0.06091121, -0.13436449, -0.51558214, -0.72017503,  1.98257375,
       -0.14475319,  0.34626833, -0.50433862,  0.70241195, -0.4709985 ,
       -0.47686559, -0.67525923, -0.38207841, -1.21393526, -1.37964225,
        1.63589609,  0.17773938, -0.75795698, -0.44751561, -0.16638365,
       -1.20041001,  1.30050528, -0.96101296,  0.14512695,  0.47609609,
        0.09377086,  0.54097033,  0.02047921, -0.34654626, -0.87022364], dtype=float32), array([-0.75185698, -0.17784505,  0.47068489,  1.6609869 ,  0.94500655,
       -0.95948935, -1.50398147, -0.55334127, -0.7179966 ,  0.23232459,
        1.92208493, -0.22887598, -1.127478  , -1.18127811, -0.63911802,
       -1.96895587,  0.45665056, -1.68601906,  0.97296339, -2.41817641,
        0.92963308,  2.21631384,  0.07120243,  0.91731125,  0.41098145,
       -0.43652749, -0.17723575,  1.97707856, -0.72045779, -0.11462483,
        0.76416892, -0.0039076 ,  0.1079585 , -0.0882373 , -0.55822361,
        1.1891588 , -0.26317343,  0.33468372,  0.88714534,  0.18582892,
        2.23925614,  0.30071589, -0.03542306,  1.40128922,  0.18169336,
       -1.5267396 , -0.75769812, -1.35361636, -1.0404253 , -0.79675412,
       -0.81884891, -0.17993806,  2.07174993, -0.06058007, -0.1460892 ,
        2.35933757,  0.79089504, -1.24473786, -0.02191278,  0.11816017,
        0.50355589, -2.24391079,  0.53834921,  0.35559505,  1.20094979,
       -0.41804209, -0.65022999,  0.39040518,  0.964517  ,  1.39138818,
        0.05996828, -0.13409063, -0.51546413, -0.71844822,  1.98205471,
       -0.14370219,  0.34740698, -0.50443971,  0.70146048, -0.47100383,
       -0.47734314, -0.67704058, -0.38219616, -1.21358573, -1.37960064,
        1.63523138,  0.17745645, -0.75807792, -0.44741768, -0.16694374,
       -1.2001313 ,  1.30021286, -0.96133542,  0.14417237,  0.477449  ,
        0.09613404,  0.54076672,  0.01876493, -0.34686935, -0.87165433], dtype=float32), array([-0.75140768, -0.17334104,  0.47076237,  1.6624856 ,  0.94599384,
       -0.97060126, -1.50014865, -0.55857563, -0.71683019,  0.22035693,
        1.92654145, -0.21881063, -1.13267064, -1.17421353, -0.63749737,
       -1.97586536,  0.46201766, -1.68454051,  0.965855  , -2.42015052,
        0.92415774,  2.22219253,  0.07325432,  0.90583575,  0.41560066,
       -0.44046694, -0.19039226,  1.98502696, -0.7206319 , -0.10086211,
        0.76145476, -0.00735422,  0.10313166, -0.0934824 , -0.55098605,
        1.19642603, -0.25482386,  0.34059462,  0.87489057,  0.19791591,
        2.24670315,  0.29723197, -0.04337771,  1.39387965,  0.18350722,
       -1.53215849, -0.76232404, -1.35419858, -1.0384618 , -0.79448229,
       -0.80945081, -0.18637875,  2.07993984, -0.05113824, -0.14018551,
        2.36185741,  0.78603005, -1.24473155, -0.02539977,  0.1247151 ,
        0.49179941, -2.23259068,  0.54078221,  0.3670657 ,  1.19181311,
       -0.42810327, -0.6513927 ,  0.38525829,  0.95352328,  1.39531767,
        0.05860397, -0.13019001, -0.51438862, -0.70638341,  1.97991526,
       -0.1388475 ,  0.3533017 , -0.50353611,  0.6914373 , -0.46910486,
       -0.47748005, -0.68479168, -0.38030422, -1.2117306 , -1.37728429,
        1.63392246,  0.17289153, -0.75268108, -0.44714957, -0.1661354 ,
       -1.19264722,  1.298195  , -0.96600485,  0.13624439,  0.48356271,
        0.11321858,  0.54031098,  0.00332501, -0.34745565, -0.88472307], dtype=float32), array([-0.75137144, -0.17329541,  0.47071385,  1.66248965,  0.94600594,
       -0.97066581, -1.50011551, -0.5586096 , -0.71679878,  0.22025703,
        1.92652082, -0.21876648, -1.13272786, -1.1741401 , -0.63746786,
       -1.97592986,  0.46205342, -1.68453264,  0.96583694, -2.42020464,
        0.92407298,  2.22229457,  0.07325917,  0.90572792,  0.41564971,
       -0.44054246, -0.19050048,  1.98507094, -0.72063065, -0.10074605,
        0.76143664, -0.00743307,  0.10300507, -0.09353665, -0.55088776,
        1.1965214 , -0.25467813,  0.34058437,  0.87483209,  0.19807816,
        2.24674845,  0.29716745, -0.04342878,  1.39383054,  0.1834885 ,
       -1.5321846 , -0.76234812, -1.35419166, -1.03845251, -0.79444283,
       -0.80938035, -0.18644346,  2.08008051, -0.05098289, -0.14013238,
        2.36185455,  0.78593457, -1.24470711, -0.02541731,  0.12479436,
        0.49175623, -2.23249888,  0.54077339,  0.36713946,  1.19173872,
       -0.4281913 , -0.65142977,  0.38521495,  0.95346242,  1.39536262,
        0.05855593, -0.13015643, -0.51438576, -0.70626891,  1.97989082,
       -0.13873971,  0.35336092, -0.50351793,  0.69136995, -0.46908975,
       -0.47752866, -0.68491215, -0.3802599 , -1.21170032, -1.37728977,
        1.63391554,  0.17288379, -0.75269383, -0.44712394, -0.16618648,
       -1.19262147,  1.29813027, -0.96605229,  0.13618042,  0.48369697,
        0.1133468 ,  0.54029119,  0.0032131 , -0.3474347 , -0.88481319], dtype=float32), array([-0.75098836, -0.1736089 ,  0.47037748,  1.66228509,  0.94644099,
       -0.97042829, -1.4999994 , -0.55842489, -0.71682209,  0.22132736,
        1.92696989, -0.21859427, -1.1320833 , -1.17482996, -0.63899422,
       -1.97539997,  0.46204969, -1.6843785 ,  0.96586972, -2.41986704,
        0.92620248,  2.22173238,  0.07271819,  0.90655464,  0.41465536,
       -0.44050792, -0.18965557,  1.98598206, -0.72162175, -0.10171013,
        0.76088905, -0.00652005,  0.10262848, -0.0920361 , -0.55153966,
        1.19507551, -0.25504357,  0.34109032,  0.87458909,  0.19763476,
        2.24621081,  0.29694441, -0.04490282,  1.3939476 ,  0.18398646,
       -1.5316776 , -0.76369381, -1.35395908, -1.03836429, -0.79453647,
       -0.80984914, -0.18567428,  2.07963991, -0.0532781 , -0.14058541,
        2.36177444,  0.78635669, -1.24609149, -0.02482772,  0.1239268 ,
        0.49089587, -2.2326467 ,  0.54085582,  0.36747399,  1.19241166,
       -0.42755538, -0.65181404,  0.3861458 ,  0.95389193,  1.39515281,
        0.05930286, -0.13041306, -0.51483107, -0.70699298,  1.97993588,
       -0.13890506,  0.35286185, -0.50266922,  0.69123131, -0.4690403 ,
       -0.47659025, -0.68342465, -0.37955934, -1.211712  , -1.37751091,
        1.63444614,  0.17280342, -0.75212586, -0.4468978 , -0.16497897,
       -1.19303763,  1.29722571, -0.96577084,  0.13671885,  0.4833456 ,
        0.11202694,  0.54077721,  0.00332116, -0.34707934, -0.88461685], dtype=float32), array([-0.75068873, -0.17354378,  0.47017393,  1.66231704,  0.94650567,
       -0.97007489, -1.50008845, -0.55830753, -0.71684915,  0.22110666,
        1.92667365, -0.21878749, -1.13251114, -1.17459726, -0.63873106,
       -1.97560215,  0.46195167, -1.68433344,  0.96604842, -2.41976261,
        0.92587566,  2.22200322,  0.07282579,  0.90636343,  0.41466078,
       -0.44068226, -0.18976222,  1.98592687, -0.72137815, -0.10153496,
        0.76112813, -0.00691564,  0.10218103, -0.09205784, -0.55124605,
        1.19552422, -0.25456163,  0.34088251,  0.87486655,  0.19805524,
        2.24607372,  0.29679433, -0.04470246,  1.39404297,  0.18387717,
       -1.53156507, -0.76357901, -1.35398185, -1.03835046, -0.79453486,
       -0.80978912, -0.18582782,  2.08004951, -0.05277247, -0.14052203,
        2.36189318,  0.7861014 , -1.24583912, -0.02502918,  0.12426067,
        0.49103859, -2.23263001,  0.54069734,  0.36724323,  1.19237316,
       -0.42772242, -0.65172112,  0.38592607,  0.95400649,  1.39521754,
        0.05894481, -0.13042422, -0.51481676, -0.7067917 ,  1.97975576,
       -0.13858901,  0.3530443 , -0.50269228,  0.69122118, -0.46923825,
       -0.47683495, -0.68387771, -0.37961346, -1.21161675, -1.37765658,
        1.6341387 ,  0.17285927, -0.75242871, -0.44689095, -0.16531992,
       -1.19330478,  1.29703486, -0.96574587,  0.13675776,  0.48371428,
        0.11211027,  0.54065114,  0.00328347, -0.34717408, -0.88457543], dtype=float32), array([ -7.49305129e-01,  -1.72415435e-01,   4.68968779e-01,
         1.66154110e+00,   9.48400438e-01,  -9.70315456e-01,
        -1.50030887e+00,  -5.58092296e-01,  -7.14883029e-01,
         2.22106397e-01,   1.92670918e+00,  -2.18795478e-01,
        -1.13218808e+00,  -1.17587662e+00,  -6.39876604e-01,
        -1.97664368e+00,   4.61808532e-01,  -1.68478024e+00,
         9.65923429e-01,  -2.41932011e+00,   9.26497161e-01,
         2.22219372e+00,   7.20803738e-02,   9.05384243e-01,
         4.13944393e-01,  -4.41773504e-01,  -1.90193221e-01,
         1.98486137e+00,  -7.21680224e-01,  -1.01934381e-01,
         7.61751950e-01,  -7.85439555e-03,   9.97307375e-02,
        -9.27634835e-02,  -5.50395429e-01,   1.19515681e+00,
        -2.53136963e-01,   3.41285586e-01,   8.74603987e-01,
         1.99719742e-01,   2.24663830e+00,   2.96600312e-01,
        -4.56562676e-02,   1.39387393e+00,   1.82741329e-01,
        -1.53080034e+00,  -7.64859200e-01,  -1.35311890e+00,
        -1.03784633e+00,  -7.93269515e-01,  -8.09127331e-01,
        -1.85510948e-01,   2.08219624e+00,  -5.24256565e-02,
        -1.40499026e-01,   2.36231136e+00,   7.86426663e-01,
        -1.24624217e+00,  -2.39201710e-02,   1.25032246e-01,
         4.91581976e-01,  -2.23257804e+00,   5.39876401e-01,
         3.67101282e-01,   1.19178271e+00,  -4.27916855e-01,
        -6.53501391e-01,   3.86663169e-01,   9.53796089e-01,
         1.39585745e+00,   5.91369644e-02,  -1.31525382e-01,
        -5.15302718e-01,  -7.06739008e-01,   1.97981179e+00,
        -1.38183221e-01,   3.52043033e-01,  -5.01902223e-01,
         6.91343129e-01,  -4.69334543e-01,  -4.77369934e-01,
        -6.83919072e-01,  -3.78207028e-01,  -1.21109581e+00,
        -1.37705934e+00,   1.63450432e+00,   1.72643796e-01,
        -7.51353562e-01,  -4.46728200e-01,  -1.65589184e-01,
        -1.19369209e+00,   1.29506028e+00,  -9.65643883e-01,
         1.36122450e-01,   4.85307455e-01,   1.10192694e-01,
         5.40735722e-01,   2.29515694e-03,  -3.45941156e-01,
        -8.85007143e-01], dtype=float32), array([ -7.49511182e-01,  -1.72107264e-01,   4.69145894e-01,
         1.66161180e+00,   9.48293746e-01,  -9.71193969e-01,
        -1.49996042e+00,  -5.58575213e-01,  -7.14698255e-01,
         2.21416429e-01,   1.92706370e+00,  -2.17859328e-01,
        -1.13242018e+00,  -1.17545724e+00,  -6.39526904e-01,
        -1.97717035e+00,   4.62455988e-01,  -1.68457937e+00,
         9.65538025e-01,  -2.41945887e+00,   9.26314890e-01,
         2.22255945e+00,   7.21182153e-02,   9.04762328e-01,
         4.14386839e-01,  -4.42031622e-01,  -1.91270366e-01,
         1.98521483e+00,  -7.21842408e-01,  -1.00941800e-01,
         7.61505127e-01,  -8.09806306e-03,   9.96259451e-02,
        -9.32492688e-02,  -5.50130546e-01,   1.19541478e+00,
        -2.52654940e-01,   3.41543525e-01,   8.73703778e-01,
         2.00291082e-01,   2.24714398e+00,   2.96181738e-01,
        -4.59835790e-02,   1.39343107e+00,   1.82776317e-01,
        -1.53108752e+00,  -7.65007317e-01,  -1.35331869e+00,
        -1.03778219e+00,  -7.92984426e-01,  -8.08324397e-01,
        -1.85882658e-01,   2.08255219e+00,  -5.16278446e-02,
        -1.39870197e-01,   2.36249924e+00,   7.86099970e-01,
        -1.24626946e+00,  -2.41597947e-02,   1.25394359e-01,
         4.91013974e-01,  -2.23210454e+00,   5.39912045e-01,
         3.67767692e-01,   1.19130099e+00,  -4.28621829e-01,
        -6.53628588e-01,   3.86211127e-01,   9.52876151e-01,
         1.39599049e+00,   5.91845065e-02,  -1.30956024e-01,
        -5.15252233e-01,  -7.05848515e-01,   1.97962677e+00,
        -1.37730390e-01,   3.52583110e-01,  -5.01976132e-01,
         6.90528393e-01,  -4.69065160e-01,  -4.77425992e-01,
        -6.84329391e-01,  -3.78062904e-01,  -1.21111774e+00,
        -1.37687540e+00,   1.63467348e+00,   1.72294334e-01,
        -7.51096606e-01,  -4.46660846e-01,  -1.65578142e-01,
        -1.19313657e+00,   1.29471743e+00,  -9.66234803e-01,
         1.35725126e-01,   4.85643387e-01,   1.11261055e-01,
         5.40552080e-01,   1.52011053e-03,  -3.45975310e-01,
        -8.85751963e-01], dtype=float32), array([ -7.49436796e-01,  -1.72407001e-01,   4.69070107e-01,
         1.66159642e+00,   9.48288321e-01,  -9.71133947e-01,
        -1.49983275e+00,  -5.58564603e-01,  -7.14942634e-01,
         2.21781522e-01,   1.92736244e+00,  -2.17762083e-01,
        -1.13212800e+00,  -1.17554355e+00,  -6.40224099e-01,
        -1.97679126e+00,   4.62476850e-01,  -1.68445587e+00,
         9.65544343e-01,  -2.41943145e+00,   9.27365839e-01,
         2.22223568e+00,   7.18870014e-02,   9.05221403e-01,
         4.13937956e-01,  -4.41980422e-01,  -1.90831438e-01,
         1.98590612e+00,  -7.22362578e-01,  -1.01354107e-01,
         7.61065185e-01,  -7.44424760e-03,   9.96408537e-02,
        -9.23173130e-02,  -5.50512314e-01,   1.19471240e+00,
        -2.52909184e-01,   3.41725618e-01,   8.73569727e-01,
         1.99931279e-01,   2.24685717e+00,   2.96092510e-01,
        -4.67913635e-02,   1.39348745e+00,   1.83240578e-01,
        -1.53096116e+00,  -7.65599787e-01,  -1.35329115e+00,
        -1.03785062e+00,  -7.93205142e-01,  -8.08629036e-01,
        -1.85567752e-01,   2.08210468e+00,  -5.29179052e-02,
        -1.40058994e-01,   2.36235118e+00,   7.86187768e-01,
        -1.24697864e+00,  -2.39577163e-02,   1.24822415e-01,
         4.90348637e-01,  -2.23203087e+00,   5.40077388e-01,
         3.68126482e-01,   1.19166744e+00,  -4.28295851e-01,
        -6.53656006e-01,   3.86626959e-01,   9.53191340e-01,
         1.39579523e+00,   5.95813766e-02,  -1.30943283e-01,
        -5.15479803e-01,  -7.06090748e-01,   1.97964311e+00,
        -1.37779221e-01,   3.52483869e-01,  -5.01562357e-01,
         6.90342188e-01,  -4.68984842e-01,  -4.76853371e-01,
        -6.83589697e-01,  -3.77782792e-01,  -1.21116173e+00,
        -1.37714243e+00,   1.63494468e+00,   1.72303215e-01,
        -7.50909865e-01,  -4.46578920e-01,  -1.64877877e-01,
        -1.19327736e+00,   1.29447544e+00,  -9.66083705e-01,
         1.36034429e-01,   4.85355020e-01,   1.10947631e-01,
         5.40863693e-01,   1.57360290e-03,  -3.45928073e-01,
        -8.85668039e-01], dtype=float32), array([ -7.48855531e-01,  -1.71885639e-01,   4.68600929e-01,
         1.66179168e+00,   9.48273778e-01,  -9.72139180e-01,
        -1.49945915e+00,  -5.59154570e-01,  -7.14804232e-01,
         2.19527438e-01,   1.92706585e+00,  -2.16971070e-01,
        -1.13339376e+00,  -1.17365611e+00,  -6.39172554e-01,
        -1.97796571e+00,   4.62887257e-01,  -1.68430769e+00,
         9.65067863e-01,  -2.42012405e+00,   9.25294816e-01,
         2.22363830e+00,   7.24325925e-02,   9.03300405e-01,
         4.14985418e-01,  -4.43162739e-01,  -1.92808583e-01,
         1.98638272e+00,  -7.21896410e-01,  -9.90647078e-02,
         7.60808647e-01,  -8.97319708e-03,   9.79344770e-02,
        -9.33097973e-02,  -5.48786104e-01,   1.19701481e+00,
        -2.50467092e-01,   3.41401517e-01,   8.72875392e-01,
         2.02760279e-01,   2.24760413e+00,   2.95230031e-01,
        -4.72138040e-02,   1.39260209e+00,   1.83042616e-01,
        -1.53160810e+00,  -7.65463173e-01,  -1.35325456e+00,
        -1.03759706e+00,  -7.92989135e-01,  -8.07240546e-01,
        -1.87022224e-01,   2.08430123e+00,  -4.99710999e-02,
        -1.39099270e-01,   2.36257029e+00,   7.84480453e-01,
        -1.24619126e+00,  -2.48460583e-02,   1.26300171e-01,
         4.89617348e-01,  -2.23054838e+00,   5.40058672e-01,
         3.69366884e-01,   1.19025922e+00,  -4.30083483e-01,
        -6.53896391e-01,   3.85401517e-01,   9.52272058e-01,
         1.39641047e+00,   5.82961589e-02,  -1.30188212e-01,
        -5.15240490e-01,  -7.03780293e-01,   1.97887385e+00,
        -1.35917380e-01,   3.54026824e-01,  -5.01566529e-01,
         6.89148724e-01,  -4.68709677e-01,  -4.77831364e-01,
        -6.86012447e-01,  -3.77405852e-01,  -1.21083653e+00,
        -1.37720621e+00,   1.63443232e+00,   1.72113568e-01,
        -7.51368642e-01,  -4.46452141e-01,  -1.66045532e-01,
        -1.19275355e+00,   1.29394937e+00,  -9.66634750e-01,
         1.34879902e-01,   4.87344682e-01,   1.13930739e-01,
         5.40575087e-01,  -3.82065336e-04,  -3.46075565e-01,
        -8.87334943e-01], dtype=float32), array([ -7.48787701e-01,  -1.73194930e-01,   4.68591481e-01,
         1.66172659e+00,   9.48398292e-01,  -9.70508158e-01,
        -1.49964404e+00,  -5.58180213e-01,  -7.15472639e-01,
         2.22353399e-01,   1.92737234e+00,  -2.17919230e-01,
        -1.13200951e+00,  -1.17563403e+00,  -6.41454697e-01,
        -1.97608852e+00,   4.62041885e-01,  -1.68432844e+00,
         9.65813398e-01,  -2.41910148e+00,   9.28840101e-01,
         2.22178650e+00,   7.17171282e-02,   9.06105220e-01,
         4.13156956e-01,  -4.41932470e-01,  -1.89581200e-01,
         1.98719025e+00,  -7.23055065e-01,  -1.02219015e-01,
         7.60506809e-01,  -6.83127204e-03,   9.90077630e-02,
        -9.05160680e-02,  -5.50865650e-01,   1.19406056e+00,
        -2.53090620e-01,   3.41765851e-01,   8.74131501e-01,
         1.99941888e-01,   2.24600005e+00,   2.95855314e-01,
        -4.79992405e-02,   1.39367318e+00,   1.83648854e-01,
        -1.53062689e+00,  -7.66605616e-01,  -1.35290194e+00,
        -1.03774631e+00,  -7.93724179e-01,  -8.09550703e-01,
        -1.85168207e-01,   2.08177042e+00,  -5.49335964e-02,
        -1.40694022e-01,   2.36221790e+00,   7.86241412e-01,
        -1.24797809e+00,  -2.38019191e-02,   1.24023192e-01,
         4.89425600e-01,  -2.23198938e+00,   5.40347934e-01,
         3.68241847e-01,   1.19223011e+00,  -4.27714378e-01,
        -6.53425217e-01,   3.87465984e-01,   9.54043269e-01,
         1.39572501e+00,   5.97606003e-02,  -1.31472021e-01,
        -5.15730619e-01,  -7.06798792e-01,   1.97956705e+00,
        -1.37627870e-01,   3.52420181e-01,  -5.00880063e-01,
         6.90302014e-01,  -4.69094872e-01,  -4.76090491e-01,
        -6.82672381e-01,  -3.77491325e-01,  -1.21088815e+00,
        -1.37773740e+00,   1.63495052e+00,   1.72582909e-01,
        -7.51075387e-01,  -4.46280688e-01,  -1.64019659e-01,
        -1.19410288e+00,   1.29385030e+00,  -9.65333283e-01,
         1.36580661e-01,   4.85234767e-01,   1.10242680e-01,
         5.41404963e-01,   1.74788351e-03,  -3.46005917e-01,
        -8.85543227e-01], dtype=float32), array([ -7.47974515e-01,  -1.72446355e-01,   4.67967451e-01,
         1.66202188e+00,   9.48266089e-01,  -9.71691787e-01,
        -1.49925852e+00,  -5.59017420e-01,  -7.15457678e-01,
         2.18965426e-01,   1.92674696e+00,  -2.16981053e-01,
        -1.13406777e+00,  -1.17271852e+00,  -6.39531612e-01,
        -1.97785532e+00,   4.62575674e-01,  -1.68410432e+00,
         9.65254843e-01,  -2.42014027e+00,   9.25550818e-01,
         2.22395897e+00,   7.26196021e-02,   9.03304696e-01,
         4.14730340e-01,  -4.43609565e-01,  -1.92501560e-01,
         1.98774791e+00,  -7.22149670e-01,  -9.88094732e-02,
         7.60371745e-01,  -9.24361590e-03,   9.66202691e-02,
        -9.19907689e-02,  -5.48315048e-01,   1.19763124e+00,
        -2.49451190e-01,   3.41087967e-01,   8.73365402e-01,
         2.04016641e-01,   2.24701762e+00,   2.94562429e-01,
        -4.81371842e-02,   1.39250398e+00,   1.83349416e-01,
        -1.53151333e+00,  -7.66101897e-01,  -1.35303783e+00,
        -1.03744340e+00,  -7.93462455e-01,  -8.07541490e-01,
        -1.87301308e-01,   2.08501816e+00,  -5.02646752e-02,
        -1.39220908e-01,   2.36257148e+00,   7.83680022e-01,
        -1.24654961e+00,  -2.52821390e-02,   1.26275077e-01,
         4.88658935e-01,  -2.22999692e+00,   5.40225744e-01,
         3.69793653e-01,   1.19025528e+00,  -4.30332482e-01,
        -6.53654516e-01,   3.85452598e-01,   9.52750742e-01,
         1.39652240e+00,   5.76989911e-02,  -1.30170375e-01,
        -5.15328169e-01,  -7.03364313e-01,   1.97837770e+00,
        -1.34864733e-01,   3.54750276e-01,  -5.01007020e-01,
         6.88681841e-01,  -4.68827993e-01,  -4.77679133e-01,
        -6.86411381e-01,  -3.77054095e-01,  -1.21040928e+00,
        -1.37797487e+00,   1.63400114e+00,   1.72304258e-01,
        -7.52013326e-01,  -4.46173757e-01,  -1.66004464e-01,
        -1.19338715e+00,   1.29314482e+00,  -9.66193616e-01,
         1.35014921e-01,   4.88136202e-01,   1.14646792e-01,
         5.40867507e-01,  -8.85821413e-04,  -3.46368134e-01,
        -8.87751877e-01], dtype=float32), array([-0.7469998 , -0.17103854,  0.46719852,  1.66249096,  0.94796664,
       -0.97386104, -1.4985528 , -0.56050551, -0.71504635,  0.2134746 ,
        1.92573595, -0.21526922, -1.13730741, -1.16814351, -0.6360811 ,
       -1.9807514 ,  0.46368372, -1.68365157,  0.96431613, -2.42183208,
        0.91981453,  2.22756815,  0.07407747,  0.89860219,  0.41752112,
       -0.44632074, -0.19752942,  1.98811698, -0.72056937, -0.09306909,
        0.76020181, -0.0131532 ,  0.09311283, -0.09495709, -0.54420799,
        1.20337451, -0.2437202 ,  0.33998135,  0.87184334,  0.21039858,
        2.2488265 ,  0.29254901, -0.04805924,  1.39055276,  0.18276224,
       -1.53315294, -0.7649554 , -1.35333788, -1.03696668, -0.79284352,
       -0.80402523, -0.19090943,  2.09005809, -0.04220033, -0.13658199,
        2.36314583,  0.77958256, -1.24408281, -0.02770359,  0.13006553,
        0.48767743, -2.22691894,  0.53991902,  0.37218723,  1.18691432,
       -0.43471435, -0.65407276,  0.38207117,  0.95044452,  1.39785111,
        0.05445277, -0.1279806 , -0.51450777, -0.69768977,  1.9765166 ,
       -0.13044465,  0.35857266, -0.50152934,  0.68586981, -0.46832079,
       -0.48045623, -0.69266403, -0.37647972, -1.2097894 , -1.37812281,
        1.63260853,  0.17186666, -0.75349045, -0.44612584, -0.16940306,
       -1.19193959,  1.29236436, -0.96789163,  0.13235818,  0.49277389,
        0.12192994,  0.53985107, -0.00512876, -0.34686738, -0.89133865], dtype=float32), array([-0.74691308, -0.17095824,  0.46712419,  1.66249251,  0.94798225,
       -0.97401369, -1.49849617, -0.56058002, -0.71501559,  0.21317703,
        1.92569757, -0.21517009, -1.1374644 , -1.16790736, -0.6359489 ,
       -1.98092878,  0.46373737, -1.68365967,  0.96423942, -2.42191911,
        0.91954273,  2.22775674,  0.07414392,  0.89831722,  0.4176676 ,
       -0.44647896, -0.19779965,  1.98817694, -0.72050154, -0.09277   ,
        0.76017988, -0.01336806,  0.0928823 , -0.09510205, -0.54396921,
        1.20366943, -0.24339131,  0.33994749,  0.87175947,  0.21078242,
        2.24896455,  0.29243886, -0.04811316,  1.39044154,  0.1827172 ,
       -1.53322709, -0.76494426, -1.35333073, -1.03692544, -0.79279381,
       -0.80383706, -0.19108742,  2.09036136, -0.04180285, -0.13644743,
        2.36315966,  0.77936018, -1.24395823, -0.02781199,  0.13026606,
        0.48758495, -2.22671771,  0.53990597,  0.37235206,  1.18670762,
       -0.43494517, -0.65412265,  0.38191345,  0.95031041,  1.39795911,
        0.05428952, -0.12788627, -0.51448286, -0.69738108,  1.97642553,
       -0.13021231,  0.35875228, -0.5015161 ,  0.68572515, -0.46828246,
       -0.48060188, -0.6929844 , -0.37642714, -1.20974064, -1.37810671,
        1.63253939,  0.17183913, -0.75353533, -0.44611058, -0.1695711 ,
       -1.19186497,  1.29227018, -0.96795422,  0.13219024,  0.49304116,
        0.1223077 ,  0.53982162, -0.00540161, -0.34688032, -0.89156401], dtype=float32), array([-0.74700284, -0.17143302,  0.46718758,  1.66220582,  0.94828159,
       -0.97319752, -1.49881423, -0.56001133, -0.71517318,  0.21520446,
        1.92604244, -0.21586265, -1.13628626, -1.16956282, -0.63742852,
       -1.97994387,  0.46330562, -1.683792  ,  0.96453649, -2.42123175,
        0.92181796,  2.22648787,  0.07351226,  0.89993775,  0.41652012,
       -0.44552338, -0.19590591,  1.98821437, -0.72115779, -0.09495035,
        0.76026666, -0.01196764,  0.09380146, -0.09377801, -0.54538131,
        1.20158422, -0.24533913,  0.34047899,  0.87229204,  0.20868345,
        2.24827552,  0.29305276, -0.04837187,  1.39120638,  0.18288971,
       -1.53257155, -0.76569217, -1.35319352, -1.03702796, -0.79295623,
       -0.80517632, -0.18963206,  2.08885288, -0.04488143, -0.13748033,
        2.36303091,  0.78084475, -1.24495006, -0.02685829,  0.1288888 ,
        0.4877837 , -2.22774696,  0.53999346,  0.37159035,  1.18789327,
       -0.43327826, -0.65405494,  0.38333941,  0.95110589,  1.39753652,
        0.05550162, -0.12875986, -0.51492715, -0.69949573,  1.9770484 ,
       -0.13174686,  0.35711026, -0.50103951,  0.68678099, -0.4685531 ,
       -0.47950023, -0.69067246, -0.37647748, -1.20980787, -1.37810862,
        1.63300014,  0.17196973, -0.75281125, -0.44605613, -0.16822465,
       -1.19245565,  1.29207158, -0.96724474,  0.13318278,  0.49152008,
        0.1194628 ,  0.54021692, -0.00398965, -0.34662378, -0.89034432], dtype=float32), array([-0.74699861, -0.17138878,  0.46718478,  1.66222751,  0.94832861,
       -0.97328138, -1.49881041, -0.56003141, -0.71511245,  0.2151722 ,
        1.92606151, -0.21581154, -1.13628256, -1.16959214, -0.63745874,
       -1.97999036,  0.46334216, -1.6838063 ,  0.964504  , -2.42122459,
        0.92178077,  2.22648096,  0.07350766,  0.89989233,  0.41655418,
       -0.44554192, -0.19597405,  1.98820591, -0.72116315, -0.09490751,
        0.76024562, -0.0119819 ,  0.0937735 , -0.09385511, -0.54534739,
        1.20158076, -0.24530888,  0.340525  ,  0.87223214,  0.20873703,
        2.24835181,  0.2930713 , -0.04842334,  1.3911798 ,  0.18286295,
       -1.53259754, -0.7657302 , -1.35315514, -1.03702235, -0.79292619,
       -0.8051182 , -0.18965831,  2.08889866, -0.04484718, -0.1374581 ,
        2.36305308,  0.78085458, -1.24494374, -0.02683222,  0.12892205,
        0.4877426 , -2.22771525,  0.53999352,  0.37164879,  1.18782866,
       -0.43332043, -0.65409416,  0.38334677,  0.95104706,  1.39757895,
        0.05551331, -0.12878416, -0.51492715, -0.69946027,  1.97705698,
       -0.13174468,  0.35710242, -0.50103801,  0.68674237, -0.46853027,
       -0.4795087 , -0.69069231, -0.37646717, -1.20979929, -1.3780756 ,
        1.63303435,  0.17195605, -0.75275028, -0.44606042, -0.16822347,
       -1.19242311,  1.29208827, -0.96727467,  0.13312247,  0.4915528 ,
        0.11949679,  0.54022932, -0.00407028, -0.34659347, -0.89041942], dtype=float32), array([-0.74698001, -0.17136484,  0.46717113,  1.66220415,  0.94831485,
       -0.97332543, -1.49877393, -0.56005365, -0.71509755,  0.2150936 ,
        1.92602408, -0.21577936, -1.13633168, -1.16951561, -0.63739938,
       -1.9799943 ,  0.46335483, -1.68382692,  0.96448565, -2.42126083,
        0.92170173,  2.22651577,  0.07352502,  0.8998031 ,  0.4165993 ,
       -0.44558796, -0.19604614,  1.98818207, -0.72114509, -0.09482322,
        0.76023775, -0.01204945,  0.09371883, -0.09391002, -0.54528934,
        1.20166957, -0.24522367,  0.34049931,  0.87220883,  0.2088363 ,
        2.24838066,  0.29304719, -0.0484128 ,  1.39114106,  0.18283834,
       -1.53263593, -0.76570666, -1.35316849, -1.03700805, -0.79290217,
       -0.80507374, -0.18970737,  2.08896351, -0.04472182, -0.13741265,
        2.36304116,  0.78079236, -1.24491596, -0.02686169,  0.12897985,
        0.48773262, -2.22766972,  0.53999275,  0.37168097,  1.18776655,
       -0.43338332, -0.65410799,  0.38331077,  0.95100653,  1.39760172,
        0.05546356, -0.12875809, -0.51492298, -0.69936311,  1.97701442,
       -0.13167115,  0.35714871, -0.50103885,  0.68669778, -0.46851954,
       -0.47956452, -0.69079316, -0.37644804, -1.20978355, -1.37806332,
        1.6330061 ,  0.1719538 , -0.75276977, -0.44605744, -0.16828388,
       -1.19238722,  1.2920543 , -0.96728146,  0.13307349,  0.49161476,
        0.11960972,  0.54022211, -0.00412826, -0.3465983 , -0.89048743], dtype=float32), array([-0.74698424, -0.17136642,  0.46716765,  1.66222107,  0.94832063,
       -0.97333604, -1.49877906, -0.56005502, -0.71508992,  0.21509437,
        1.92602313, -0.215782  , -1.13632476, -1.16951215, -0.63739669,
       -1.97998917,  0.46336031, -1.68381572,  0.96448231, -2.42127895,
        0.92170465,  2.22650194,  0.07352291,  0.89980739,  0.41659388,
       -0.44558051, -0.19604647,  1.98818004, -0.72113919, -0.09482726,
        0.76024258, -0.01204618,  0.09371972, -0.09390686, -0.54528457,
        1.20166743, -0.24522774,  0.34050393,  0.87220609,  0.20883302,
        2.24836016,  0.2930443 , -0.0484149 ,  1.39114583,  0.18283838,
       -1.53263021, -0.76570809, -1.3531481 , -1.03700602, -0.79290819,
       -0.80507702, -0.18970254,  2.08896089, -0.04472838, -0.13741592,
        2.36304021,  0.78080201, -1.24491346, -0.02686008,  0.12897876,
        0.48773789, -2.22767377,  0.53998983,  0.37167642,  1.18777621,
       -0.43337855, -0.65411216,  0.38331217,  0.95101315,  1.39760768,
        0.05546691, -0.12875998, -0.51491588, -0.69936883,  1.97702777,
       -0.13167547,  0.35714757, -0.50103992,  0.68670893, -0.4685266 ,
       -0.47956023, -0.69078493, -0.37645   , -1.20978212, -1.37806237,
        1.63301861,  0.1719534 , -0.75276327, -0.44605505, -0.16828129,
       -1.19239712,  1.29205894, -0.96728915,  0.13307542,  0.49161586,
        0.11960395,  0.54022092, -0.00412652, -0.34659392, -0.89047605], dtype=float32), array([-0.74697137, -0.17136818,  0.46716616,  1.66222775,  0.94832808,
       -0.97332698, -1.4987787 , -0.56005436, -0.71511263,  0.21507426,
        1.92602313, -0.21578138, -1.1363461 , -1.16948843, -0.63738817,
       -1.98000085,  0.46334991, -1.68382037,  0.9644742 , -2.42128563,
        0.92168909,  2.22652459,  0.07353057,  0.89980572,  0.41660243,
       -0.44559184, -0.19605555,  1.98820662, -0.72114241, -0.09481408,
        0.76024425, -0.012057  ,  0.09371132, -0.09390133, -0.54528034,
        1.20168483, -0.24520397,  0.34049228,  0.87221515,  0.20885135,
        2.24837589,  0.29303733, -0.04841491,  1.39114261,  0.18284504,
       -1.5326215 , -0.76570171, -1.35315156, -1.03701246, -0.79290986,
       -0.80506778, -0.18971661,  2.08898711, -0.04471006, -0.1374114 ,
        2.3630228 ,  0.78077644, -1.24491525, -0.02687157,  0.12898399,
        0.48772636, -2.2276485 ,  0.53999138,  0.37168509,  1.18777728,
       -0.43339553, -0.6541155 ,  0.38329628,  0.95102769,  1.39759457,
        0.05545073, -0.12874739, -0.51491725, -0.69935119,  1.97701597,
       -0.13165908,  0.35716957, -0.50104469,  0.686701  , -0.46852502,
       -0.47956628, -0.69080371, -0.37644789, -1.2097789 , -1.37807786,
        1.63301647,  0.17195338, -0.7527827 , -0.44605759, -0.16829076,
       -1.1923877 ,  1.29205012, -0.96728963,  0.13307451,  0.49162918,
        0.11963021,  0.54022008, -0.00413419, -0.34659863, -0.89048749], dtype=float32), array([-0.74697608, -0.17138404,  0.46716481,  1.66221797,  0.948327  ,
       -0.97330582, -1.49879992, -0.56003815, -0.71510619,  0.21513997,
        1.92605495, -0.21579953, -1.13631332, -1.16956067, -0.6374414 ,
       -1.97997236,  0.46333933, -1.68381643,  0.96448928, -2.42124295,
        0.92176861,  2.22647047,  0.07351019,  0.89985639,  0.41656223,
       -0.44555932, -0.19600092,  1.98821986, -0.72115648, -0.09487722,
        0.76023877, -0.01200838,  0.09374183, -0.09386632, -0.54532766,
        1.20160949, -0.24527057,  0.34051821,  0.87222123,  0.20878172,
        2.24834514,  0.29305461, -0.0484293 ,  1.39116335,  0.18285453,
       -1.53260207, -0.76573002, -1.35316062, -1.03700995, -0.79291391,
       -0.80510545, -0.18967023,  2.08893704, -0.04480805, -0.13744406,
        2.36303616,  0.78083092, -1.2449429 , -0.02684109,  0.12894446,
        0.48773256, -2.22766948,  0.53999364,  0.37166607,  1.18781269,
       -0.43334112, -0.65410846,  0.38334098,  0.95104402,  1.39757681,
        0.05549389, -0.12877488, -0.5149309 , -0.69941789,  1.97705114,
       -0.13171226,  0.35711616, -0.5010277 ,  0.68673015, -0.46852869,
       -0.47953245, -0.69071954, -0.37645122, -1.20979249, -1.37806106,
        1.6330359 ,  0.17195566, -0.75274968, -0.44605479, -0.1682431 ,
       -1.19241905,  1.29206133, -0.96727848,  0.13310489,  0.49158081,
        0.11953674,  0.54022956, -0.00409607, -0.34659359, -0.89045084], dtype=float32), array([-0.74697876, -0.17138363,  0.46716419,  1.66221011,  0.94832194,
       -0.97330451, -1.4987818 , -0.56003636, -0.71510577,  0.21514226,
        1.92605925, -0.21579863, -1.13629174, -1.16954851, -0.63743711,
       -1.97996092,  0.46334723, -1.68381011,  0.96450078, -2.42125964,
        0.92176801,  2.22647142,  0.07351045,  0.89984632,  0.41656691,
       -0.44556275, -0.19599955,  1.98819923, -0.7211585 , -0.09487719,
        0.76024938, -0.01200845,  0.09374215, -0.09386688, -0.54532534,
        1.2016108 , -0.24526933,  0.34051749,  0.87221938,  0.20878454,
        2.24834657,  0.29305509, -0.04842911,  1.3911587 ,  0.18285528,
       -1.53260398, -0.76573354, -1.35315859, -1.03700531, -0.79291993,
       -0.80511159, -0.18967125,  2.088938  , -0.04480778, -0.13744436,
        2.36303878,  0.78082418, -1.24494934, -0.02684112,  0.1289449 ,
        0.48773044, -2.22767043,  0.53999579,  0.37166756,  1.18780839,
       -0.43334049, -0.65411252,  0.38333681,  0.9510408 ,  1.39758027,
        0.05549341, -0.12877451, -0.51492763, -0.69942474,  1.97704923,
       -0.13171291,  0.35711548, -0.50103623,  0.68672752, -0.46852788,
       -0.47953102, -0.69071943, -0.37645411, -1.20979595, -1.37806749,
        1.63302529,  0.17195234, -0.75275588, -0.44605073, -0.16824234,
       -1.19241607,  1.29205799, -0.9672792 ,  0.1331048 ,  0.49157825,
        0.11953829,  0.54023135, -0.0040962 , -0.34659174, -0.8904475 ], dtype=float32), array([-0.74698532, -0.17138147,  0.4671745 ,  1.66221952,  0.9483214 ,
       -0.9733187 , -1.4987886 , -0.56003582, -0.71510845,  0.21513845,
        1.92603803, -0.21580069, -1.13629198, -1.16955101, -0.63744235,
       -1.9799664 ,  0.46334571, -1.68380427,  0.96449006, -2.42127514,
        0.92176324,  2.22651005,  0.07351204,  0.89984733,  0.41656408,
       -0.44555572, -0.19600248,  1.98819995, -0.72115546, -0.09487283,
        0.76024657, -0.0120116 ,  0.09373867, -0.09386855, -0.54531962,
        1.20162773, -0.24526638,  0.34052002,  0.87222719,  0.20878778,
        2.24836969,  0.29305533, -0.04842813,  1.39115787,  0.1828548 ,
       -1.53261614, -0.76573217, -1.35315228, -1.03701472, -0.7929092 ,
       -0.80511415, -0.18967243,  2.08890057, -0.04480198, -0.13744009,
        2.36306143,  0.7808255 , -1.2449398 , -0.02684305,  0.12894864,
        0.48773536, -2.22770381,  0.5399878 ,  0.37166372,  1.18782294,
       -0.43334824, -0.65410393,  0.38333783,  0.95102704,  1.39756978,
        0.0554909 , -0.1287733 , -0.51493037, -0.69942278,  1.97707093,
       -0.13171114,  0.35711932, -0.50102836,  0.68672752, -0.46853331,
       -0.47953355, -0.69073206, -0.37644613, -1.20979333, -1.37806475,
        1.63303745,  0.17195334, -0.75275624, -0.44604871, -0.16824563,
       -1.19240415,  1.29206324, -0.96726608,  0.13310328,  0.49158326,
        0.11954344,  0.54022932, -0.0040992 , -0.34659293, -0.89044368], dtype=float32), array([-0.74697191, -0.17137316,  0.46716365,  1.66221452,  0.94831705,
       -0.97331291, -1.49877441, -0.56004471, -0.71511286,  0.21508326,
        1.9260397 , -0.21579416, -1.13634562, -1.16949737, -0.637398  ,
       -1.97999609,  0.4633477 , -1.68382466,  0.96449333, -2.42126775,
        0.92169499,  2.22650528,  0.07352881,  0.89980918,  0.41659138,
       -0.44558844, -0.19604202,  1.98819923, -0.72113597, -0.09482215,
        0.76024681, -0.01205441,  0.09370765, -0.0938921 , -0.54528517,
        1.20167053, -0.24521235,  0.3404986 ,  0.8722285 ,  0.20884456,
        2.24836683,  0.29304138, -0.04841163,  1.39115131,  0.18284288,
       -1.53261793, -0.76571298, -1.35316062, -1.03701973, -0.79291362,
       -0.80507964, -0.18970522,  2.08900189, -0.04472507, -0.13741894,
        2.36304641,  0.78078413, -1.24490166, -0.02686999,  0.1289869 ,
        0.48773271, -2.22765374,  0.53998482,  0.37167966,  1.1877805 ,
       -0.4333815 , -0.65410829,  0.38330966,  0.95102221,  1.39760506,
        0.0554531 , -0.12875512, -0.51492053, -0.69936585,  1.97704673,
       -0.13167085,  0.35715833, -0.50104403,  0.68671435, -0.46853149,
       -0.47956222, -0.69079322, -0.3764528 , -1.2097708 , -1.3780812 ,
        1.63300705,  0.17195369, -0.75278485, -0.44604909, -0.16828811,
       -1.1924032 ,  1.29205072, -0.96729171,  0.13308252,  0.49162304,
        0.11961126,  0.5402208 , -0.00412724, -0.34660456, -0.89046466], dtype=float32), array([-0.74696469, -0.17137088,  0.46715826,  1.66219878,  0.94831347,
       -0.97331864, -1.49876559, -0.56004858, -0.71510482,  0.21508197,
        1.92603803, -0.21579516, -1.13634884, -1.16950309, -0.63739592,
       -1.9800173 ,  0.46334755, -1.68380642,  0.96450233, -2.42125249,
        0.92170227,  2.22652197,  0.07352887,  0.89980048,  0.41659415,
       -0.44558659, -0.1960445 ,  1.98823345, -0.72113746, -0.09481995,
        0.76025194, -0.01205696,  0.09370437, -0.09389326, -0.5452823 ,
        1.20168245, -0.24521214,  0.34049693,  0.87221974,  0.20884764,
        2.24837351,  0.29304072, -0.04841175,  1.3911413 ,  0.18284437,
       -1.53261685, -0.76570147, -1.35317183, -1.03701103, -0.7929064 ,
       -0.80507535, -0.18971151,  2.08899808, -0.04472008, -0.13741623,
        2.36305857,  0.78078371, -1.24490988, -0.02687185,  0.12898934,
        0.48773336, -2.22765422,  0.53999561,  0.37168348,  1.18778217,
       -0.433393  , -0.65410894,  0.38330445,  0.95102698,  1.39759898,
        0.05545054, -0.12875427, -0.51492518, -0.69935328,  1.97704661,
       -0.13166656,  0.35716191, -0.50103813,  0.68670881, -0.46853462,
       -0.47956112, -0.69078934, -0.37645659, -1.20977378, -1.37806952,
        1.63299251,  0.17195147, -0.7527709 , -0.44605619, -0.16829015,
       -1.19240654,  1.29205441, -0.96727788,  0.13308081,  0.49163088,
        0.11961455,  0.54021877, -0.00413001, -0.34660316, -0.89046305], dtype=float32), array([-0.74697649, -0.17137386,  0.46716431,  1.66221094,  0.94832581,
       -0.9733125 , -1.49876559, -0.56004161, -0.7151227 ,  0.21509328,
        1.92602074, -0.21579808, -1.13632774, -1.16951215, -0.63740563,
       -1.98002255,  0.46334994, -1.68381274,  0.96449399, -2.42128277,
        0.9217214 ,  2.22651458,  0.0735264 ,  0.89981467,  0.41658458,
       -0.44558203, -0.19603196,  1.98823118, -0.72113454, -0.09483306,
        0.76024735, -0.01204593,  0.09371138, -0.09388475, -0.54528546,
        1.20167494, -0.2452247 ,  0.34050164,  0.8722384 ,  0.20883423,
        2.24837208,  0.29304647, -0.04841427,  1.39114916,  0.18284766,
       -1.53261614, -0.76572311, -1.35314536, -1.0370059 , -0.79290432,
       -0.805085  , -0.18970115,  2.0889883 , -0.04474195, -0.13742417,
        2.36307573,  0.78079599, -1.24490714, -0.02686595,  0.12897962,
        0.48772162, -2.22766113,  0.53999406,  0.37167695,  1.18778169,
       -0.43338287, -0.65410316,  0.38331261,  0.9510237 ,  1.3976047 ,
        0.05546045, -0.12876081, -0.51492912, -0.69937027,  1.97704399,
       -0.1316793 ,  0.35714671, -0.50104153,  0.68672198, -0.46854138,
       -0.47955337, -0.69077277, -0.37645274, -1.20978618, -1.37806547,
        1.63299024,  0.17195027, -0.75277478, -0.44605428, -0.16827738,
       -1.1924181 ,  1.29205215, -0.96727091,  0.13308804,  0.49162257,
        0.11959601,  0.54021037, -0.00412391, -0.34660864, -0.89047438], dtype=float32), array([-0.74695563, -0.17136241,  0.46715376,  1.66223371,  0.94832593,
       -0.97332555, -1.49877155, -0.56005943, -0.7151137 ,  0.21501498,
        1.92601728, -0.21577747, -1.13638031, -1.16943371, -0.63736457,
       -1.9800601 ,  0.46335849, -1.68383121,  0.96447688, -2.42129064,
        0.92164087,  2.22656107,  0.07354927,  0.89975226,  0.41662464,
       -0.44561329, -0.19609399,  1.98820186, -0.72110415, -0.09475898,
        0.76025307, -0.01210066,  0.09366293, -0.09391845, -0.54523683,
        1.20173454, -0.24514741,  0.34048411,  0.8722077 ,  0.20891733,
        2.24838114,  0.2930164 , -0.04840837,  1.39112282,  0.18284029,
       -1.53262937, -0.7657035 , -1.35317373, -1.03700435, -0.79290634,
       -0.8050397 , -0.18974964,  2.08902359, -0.04463935, -0.13739018,
        2.36305189,  0.78073096, -1.24489129, -0.0268996 ,  0.12903152,
        0.48771033, -2.2276473 ,  0.53998423,  0.3717016 ,  1.18773162,
       -0.43343028, -0.65409684,  0.38326547,  0.95100009,  1.39760983,
        0.05541223, -0.12873228, -0.51491767, -0.69929475,  1.97701955,
       -0.13162196,  0.3571988 , -0.50104827,  0.68668818, -0.46853423,
       -0.47958547, -0.69086915, -0.37645328, -1.20975173, -1.37808788,
        1.63298547,  0.17194739, -0.7527917 , -0.44604981, -0.16832671,
       -1.19239616,  1.29203975, -0.96729398,  0.13305281,  0.49167043,
        0.11969455,  0.54020387, -0.0041775 , -0.34661719, -0.89052123], dtype=float32), array([-0.74693716, -0.17135777,  0.46715036,  1.66224921,  0.94832122,
       -0.97333014, -1.49876094, -0.56006503, -0.71511358,  0.21499045,
        1.9260031 , -0.21577229, -1.13639152, -1.16942501, -0.63733649,
       -1.98005283,  0.46335572, -1.68381083,  0.96448785, -2.42128134,
        0.92159784,  2.22657967,  0.07355665,  0.89972925,  0.41663417,
       -0.44562593, -0.19611241,  1.98823524, -0.7211045 , -0.09473352,
        0.76025307, -0.01211874,  0.09364812, -0.09392769, -0.54521537,
        1.20177293, -0.24512473,  0.34047529,  0.87222028,  0.20894609,
        2.24837041,  0.29300994, -0.04840475,  1.39111531,  0.18283726,
       -1.53264761, -0.76569587, -1.35317099, -1.03701556, -0.79290801,
       -0.80503374, -0.18976098,  2.08906221, -0.04460533, -0.1373796 ,
        2.36306071,  0.78071314, -1.24486184, -0.02691199,  0.12904917,
        0.48770627, -2.22763896,  0.53998196,  0.37171444,  1.18772495,
       -0.43345079, -0.65410078,  0.38324639,  0.95098907,  1.39760661,
        0.05539607, -0.12871946, -0.51491439, -0.69927454,  1.9770056 ,
       -0.13160215,  0.35721451, -0.50104785,  0.68667012, -0.46852979,
       -0.47960177, -0.69089031, -0.37645131, -1.20975602, -1.37808371,
        1.63295949,  0.17194532, -0.75280279, -0.44605446, -0.16834232,
       -1.19238782,  1.29203808, -0.96729469,  0.13304314,  0.49169651,
        0.1197264 ,  0.54020977, -0.00419344, -0.346623  , -0.8905319 ], dtype=float32), array([-0.74694616, -0.17135821,  0.46714693,  1.66224802,  0.9483245 ,
       -0.9733457 , -1.49876285, -0.56006742, -0.71511489,  0.21498719,
        1.92598426, -0.21577217, -1.13640916, -1.16942143, -0.63733965,
       -1.98006427,  0.46335727, -1.68381035,  0.9644829 , -2.42128944,
        0.92159981,  2.22659397,  0.07355956,  0.89973164,  0.41663694,
       -0.44562861, -0.19611956,  1.98823547, -0.72110111, -0.09472858,
        0.7602461 , -0.01212331,  0.09364467, -0.09393007, -0.54521668,
        1.201792  , -0.24511749,  0.3404699 ,  0.8722192 ,  0.20895398,
        2.24838972,  0.29301244, -0.04840407,  1.39112687,  0.18283625,
       -1.53263617, -0.76568741, -1.35316491, -1.03700626, -0.7929076 ,
       -0.80501658, -0.18976639,  2.08905029, -0.04459736, -0.13737845,
        2.36305976,  0.78072071, -1.24486446, -0.02691515,  0.1290517 ,
        0.48770866, -2.22760391,  0.53998965,  0.37171289,  1.18773949,
       -0.43345955, -0.65410161,  0.38324225,  0.95097661,  1.39761806,
        0.05539136, -0.1287183 , -0.51490736, -0.69927222,  1.97698748,
       -0.13159879,  0.35722041, -0.50104642,  0.68667048, -0.46853757,
       -0.47960246, -0.69089663, -0.37645075, -1.20976591, -1.37808478,
        1.63298535,  0.17194559, -0.75280809, -0.44605267, -0.16834457,
       -1.19239593,  1.29203832, -0.96730798,  0.1330411 ,  0.49169627,
        0.1197335 ,  0.54020172, -0.00419669, -0.34662211, -0.89053464], dtype=float32), array([-0.74694014, -0.17135201,  0.46714413,  1.66222966,  0.94831282,
       -0.97334486, -1.49877739, -0.56007385, -0.71511459,  0.21497291,
        1.9260143 , -0.21577035, -1.13642538, -1.16940379, -0.63733274,
       -1.98006439,  0.46336612, -1.68381238,  0.96447462, -2.42126989,
        0.92158097,  2.22661519,  0.07356297,  0.89972347,  0.41664255,
       -0.44563553, -0.19612932,  1.98824072, -0.72109419, -0.09471384,
        0.76024759, -0.01213255,  0.09363415, -0.09393701, -0.54520309,
        1.20180428, -0.24510403,  0.34047282,  0.87220472,  0.208969  ,
        2.24839759,  0.29300362, -0.04840756,  1.39111292,  0.18283641,
       -1.53264284, -0.76568913, -1.35316634, -1.03701305, -0.79290754,
       -0.8050226 , -0.18977392,  2.08908796, -0.04457967, -0.13737288,
        2.36308718,  0.78070897, -1.24485445, -0.02691998,  0.12906162,
        0.48770389, -2.22762346,  0.53998536,  0.37172377,  1.18772376,
       -0.43346664, -0.65409499,  0.38323569,  0.95098954,  1.39761484,
        0.05538327, -0.128712  , -0.51491088, -0.69925231,  1.97698951,
       -0.13158636,  0.35723382, -0.50104702,  0.68666005, -0.46852791,
       -0.4796083 , -0.69091338, -0.37644815, -1.20977163, -1.3780812 ,
        1.63295519,  0.17194264, -0.75281453, -0.44605076, -0.16835104,
       -1.19240057,  1.29202676, -0.96730763,  0.13303535,  0.49170923,
        0.11975249,  0.54020214, -0.00420925, -0.34662351, -0.89053237], dtype=float32), array([-0.74693698, -0.17135347,  0.46714953,  1.66222703,  0.94832546,
       -0.97333843, -1.49876356, -0.56007034, -0.71511716,  0.21497667,
        1.92598951, -0.21577021, -1.13641572, -1.16940713, -0.63733894,
       -1.98007441,  0.46336162, -1.68381488,  0.96447414, -2.42128682,
        0.92159945,  2.22660446,  0.0735613 ,  0.89972502,  0.41663355,
       -0.44563553, -0.19612624,  1.98823273, -0.72110009, -0.09471911,
        0.76024884, -0.01212863,  0.09363727, -0.09393239, -0.54520822,
        1.20179701, -0.24510992,  0.34047812,  0.87220222,  0.2089622 ,
        2.24841952,  0.29300752, -0.04840666,  1.39112937,  0.18283615,
       -1.53264856, -0.76569676, -1.3531667 , -1.03701246, -0.79291052,
       -0.80501366, -0.18977223,  2.08905435, -0.04458768, -0.13737479,
        2.3630569 ,  0.78070283, -1.24487066, -0.0269178 ,  0.12905841,
        0.48770577, -2.22762179,  0.53998852,  0.37172022,  1.18772876,
       -0.43346459, -0.65410155,  0.38323715,  0.95098531,  1.39761007,
        0.05538708, -0.12871525, -0.51491684, -0.69925952,  1.9769907 ,
       -0.1315916 ,  0.35722512, -0.50104797,  0.6866647 , -0.46853095,
       -0.47960651, -0.69090486, -0.37644425, -1.20975769, -1.37807572,
        1.63296759,  0.17194486, -0.75280559, -0.4460547 , -0.16834912,
       -1.19239306,  1.29203522, -0.96729851,  0.13303785,  0.49170315,
        0.1197444 ,  0.54019821, -0.00420522, -0.3466236 , -0.89053363], dtype=float32), array([-0.74693698, -0.17135347,  0.46714953,  1.66222703,  0.94832546,
       -0.97333843, -1.49876356, -0.56007034, -0.71511716,  0.21497667,
        1.92598951, -0.21577021, -1.13641572, -1.16940713, -0.63733894,
       -1.98007441,  0.46336162, -1.68381488,  0.96447414, -2.42128682,
        0.92159945,  2.22660446,  0.0735613 ,  0.89972502,  0.41663355,
       -0.44563553, -0.19612624,  1.98823273, -0.72110009, -0.09471911,
        0.76024884, -0.01212863,  0.09363727, -0.09393239, -0.54520822,
        1.20179701, -0.24510992,  0.34047812,  0.87220222,  0.2089622 ,
        2.24841952,  0.29300752, -0.04840666,  1.39112937,  0.18283615,
       -1.53264856, -0.76569676, -1.3531667 , -1.03701246, -0.79291052,
       -0.80501366, -0.18977223,  2.08905435, -0.04458768, -0.13737479,
        2.3630569 ,  0.78070283, -1.24487066, -0.0269178 ,  0.12905841,
        0.48770577, -2.22762179,  0.53998852,  0.37172022,  1.18772876,
       -0.43346459, -0.65410155,  0.38323715,  0.95098531,  1.39761007,
        0.05538708, -0.12871525, -0.51491684, -0.69925952,  1.9769907 ,
       -0.1315916 ,  0.35722512, -0.50104797,  0.6866647 , -0.46853095,
       -0.47960651, -0.69090486, -0.37644425, -1.20975769, -1.37807572,
        1.63296759,  0.17194486, -0.75280559, -0.4460547 , -0.16834912,
       -1.19239306,  1.29203522, -0.96729851,  0.13303785,  0.49170315,
        0.1197444 ,  0.54019821, -0.00420522, -0.3466236 , -0.89053363], dtype=float32)]
