[array([ 1.51539063,  0.82413161, -0.47431144, -2.39729285, -0.37134159,
        2.51043701,  1.5300138 ,  2.13128543,  0.82429302, -0.08661661,
       -3.57471657,  0.216848  ,  0.55177557,  2.41706014,  1.34178185,
        1.95656717, -0.59065163,  2.46869063, -0.9937939 ,  2.86501145,
       -1.29084766, -2.96694803, -0.81258577, -2.72576952, -0.41136312,
        0.35690859,  0.75562084, -0.72813302,  0.18924543,  0.28579283,
       -0.53151792, -0.10373475, -0.05851231,  1.68801928,  0.78338689,
       -0.78513074, -0.1322816 , -1.20816171, -1.43350971,  1.13269949,
       -2.39222646, -0.78167748, -0.01985072, -1.84155726, -0.55134952,
        0.73888743, -0.97560966,  1.53529048,  2.57039952,  1.07676721,
        0.9278689 ,  0.43713257, -2.1308701 , -0.19526578,  0.43874913,
       -4.07682037, -1.27852762,  1.58335865,  0.75261998, -0.37165835,
       -1.46889985,  2.34529757,  0.75352544,  0.21787356, -1.96864855,
       -0.16406941,  0.78987348,  1.04459941, -1.33659124,  0.49131918,
       -0.66621488, -0.28760254,  0.31813675,  1.88952136, -3.14842844,
        1.34646225, -0.47048691,  1.03480113, -1.07540238, -1.40927088,
        0.17998359,  0.57333887,  0.64505178,  1.74478805, -0.08392292,
       -4.09039116, -0.48201418,  0.32684794,  1.52187335, -0.30280262,
        1.00017822, -3.24814367,  0.89799261, -0.26461625,  0.03045657,
       -0.26073515, -0.31544456,  0.11652012,  0.92638046, -0.30038688]), array([-0.10976271,  0.19898869,  0.26441843, -0.76352259, -0.51158387,
        1.02496482,  0.41269811,  0.4964066 ,  0.51602142,  0.2326574 ,
       -1.42603781, -0.08171155, -0.0605573 ,  0.19888974,  0.41204752,
        0.30542436, -0.50128351,  0.08406319, -0.15146605,  1.06797809,
       -0.58718637, -1.139992  , -0.08417255, -0.36481423, -0.11475786,
        0.67712476,  0.06140306, -1.08597999,  0.40661464, -0.34561662,
        0.37139764, -0.72794806, -0.44399919, -0.2437176 , -0.12332816,
       -0.45715317,  0.03653251, -0.47138501, -0.54313927,  0.047273  ,
       -0.74473978,  0.21467675,  0.28518986, -0.58041151, -0.63772642,
        1.03933436,  0.11105967,  0.36015312,  0.4949348 ,  0.51698677,
        0.27406003,  0.23692726, -0.57769881,  0.58883831, -0.37183108,
       -0.62806658, -0.0587067 ,  1.04844762,  0.20308898, -0.06773154,
       -0.17498907,  0.22344956,  0.13964348, -0.64962464, -0.35528191,
        0.59412266,  0.45514574, -0.04676458, -0.86887299, -0.34877063,
       -0.2843426 , -0.28792987,  0.18038559, -0.3996826 , -1.10741727,
       -0.62427332, -0.26340919, -0.15409624,  0.35747955,  0.06456542,
        0.3172366 ,  0.56260521, -0.23679712,  0.29364874,  0.79397085,
       -1.14152596,  0.13739512, -0.14961246,  0.49790965,  0.0181055 ,
        0.00310476, -0.97312472,  0.63279145, -0.18772194,  0.25247459,
       -0.48735231, -0.46748557, -0.16548288,  0.04479768,  0.61127067]), array([-2.11583864, -0.864401  ,  0.91685606,  2.31003818, -0.07744761,
       -2.16961088, -1.55688586, -2.25556516, -0.51375904,  0.3714716 ,
        3.12642131, -0.37581672, -0.79319516, -2.96092235, -1.30987869,
       -2.23697959,  0.22257987, -3.15594838,  1.14028159, -2.58865507,
        1.04902252,  2.64311467,  0.97627078,  3.18358112,  0.41438387,
        0.27964361, -0.92649929, -0.24355747,  0.20093207, -0.75861218,
        1.11053597, -0.66908434, -0.41435935, -2.49127617, -1.16748017,
        0.52736702,  0.21452224,  1.06835696,  1.28552246, -1.43840019,
        2.32415702,  1.2663243 ,  0.34173948,  1.78129473,  0.01985648,
        0.177782  ,  1.40688224, -1.62198096, -2.83510062, -0.84496543,
       -0.91784687, -0.3130957 ,  2.16505394,  0.90864094, -0.98892507,
        4.67032742,  1.61766733, -0.92351914, -0.76574869,  0.41417263,
        1.73952367, -2.8392976 , -0.83715433, -1.00566557,  2.19770313,
        0.87343229, -0.5358304 , -1.42652365,  0.79748697, -1.03259056,
        0.56211128,  0.05985946, -0.21906204, -2.92907147,  2.91800618,
       -2.46291597,  0.3276854 , -1.5324104 ,  1.81092528,  1.92615817,
        0.11420829, -0.13193137, -1.11099497, -1.97129446,  0.98912196,
        4.11995137,  0.78641903, -0.59572949, -1.45187036,  0.41854769,
       -1.31287257,  3.19785795, -0.48152588,  0.14050609,  0.23932597,
       -0.19619723, -0.10220944, -0.33648601, -1.16960846,  1.07181356]), array([ -9.30174962e-01,  -1.08610132e-01,   5.77479418e-02,
         1.81037135e+00,   1.30908752e+00,  -1.19487217e+00,
        -2.19830241e+00,  -2.21789715e+00,  -1.38578020e+00,
         6.68256533e-01,   2.68211400e+00,  -3.21363019e-01,
        -5.49616442e-01,  -1.72364089e+00,  -9.34021367e-01,
        -2.58394725e+00,   5.29239452e-01,  -2.71721086e+00,
         2.35071991e+00,  -3.64021488e+00,   1.19574689e+00,
         3.56245462e+00,   1.07457639e+00,   1.83997664e+00,
        -2.77331911e-01,  -4.06640002e-01,  -4.25209355e-01,
         1.38695458e+00,  -2.28917447e-01,  -5.40289850e-01,
         1.73258529e+00,  -2.64950979e-01,   1.10442554e+00,
        -1.56853223e+00,  -1.27008887e+00,   1.18071901e+00,
        -5.07762640e-01,   1.23313207e+00,   1.46399219e+00,
        -1.03259939e+00,   3.73762703e+00,   1.48834060e+00,
        -3.60862076e-01,   2.77643916e+00,   1.29141391e+00,
        -2.38207497e+00,  -2.90480358e-01,  -1.48882512e+00,
        -1.75657039e+00,  -8.57500561e-01,  -5.54422362e-01,
        -7.77625118e-01,   2.36415177e+00,  -3.62990449e-01,
         3.49180887e-01,   2.58703307e+00,   1.23868222e+00,
        -1.69233421e+00,   1.27836129e+00,   5.33224057e-01,
         1.96504708e+00,  -2.55344473e+00,   2.73405258e-01,
         4.41248844e-01,   1.23573852e+00,  -7.74785010e-01,
        -1.17666027e+00,  -4.42944791e-01,   2.67303321e+00,
         1.29070517e+00,   5.76972107e-01,   4.79835464e-01,
        -1.48008976e+00,  -3.14218348e-01,   4.32668555e+00,
        -1.66143602e+00,  -1.44843967e-01,  -9.93211980e-01,
         2.17309341e-01,  -3.05927325e-02,  -1.20619518e+00,
        -5.41729965e-01,   2.09067798e-01,  -7.72349428e-01,
        -1.18877243e+00,   3.00943806e+00,  -5.72085179e-01,
        -7.98217057e-01,  -2.17709007e+00,  -1.66250446e-01,
        -1.98953625e+00,   2.80631891e+00,  -8.43881650e-01,
        -2.11936481e-03,   8.96110109e-01,   6.85342612e-01,
         1.86913940e+00,   1.34541697e-03,  -9.90775892e-02,
        -1.85572119e+00]), array([ 0.31163355, -0.60981554,  0.73942087, -0.80769783,  0.3355107 ,
        1.2918633 , -0.01115459,  1.84936237,  0.97037546, -0.91275079,
       -1.46755537,  0.13919511,  0.1522043 ,  0.02617009,  0.20683865,
       -0.00508628, -1.43797379, -0.089139  , -1.29935401,  1.31336102,
       -0.3342857 , -0.69030942,  0.84239898, -0.32509054, -0.00880308,
       -1.17414096, -0.33582622, -0.82760148,  0.49548154, -0.36774451,
        0.34592675, -0.08526957, -0.18578977,  0.30524438,  1.23496952,
        1.69578693,  0.7871061 , -1.18994927,  0.63033278,  0.95839903,
       -1.78221835,  0.20472012,  1.02655366, -0.92007269, -1.33712596,
        1.01800933,  0.392597  ,  1.13643952,  0.22521461, -0.46355429,
       -0.28476544, -0.29275436, -0.7987755 ,  0.953784  , -0.62029989,
       -0.40771327, -0.5766577 ,  1.79191885, -0.3191512 , -0.37430486,
        0.15042621,  0.34428695,  0.30840028, -0.15864137,  0.29787103,
       -0.54595901,  0.06622669, -0.85479028, -0.52137222, -0.32663311,
       -0.9450586 ,  0.26727993, -0.07436646, -1.10020679, -2.52873299,
        1.40182264,  0.46233179, -0.48233366,  2.31215948, -0.23324632,
        1.43318998,  0.74767679, -1.28151403, -1.26868242, -0.2896055 ,
       -1.22870774,  0.04669707, -0.09301499,  0.44547272,  0.22660193,
       -0.47990978, -0.00369461,  0.08276801,  0.11907398, -1.16915887,
       -0.75350742, -1.5889235 ,  0.18147412, -0.03135395,  1.62422864]), array([ -3.25666648,  -1.67191639,   0.4582519 ,   6.76032356,
         2.70320672,  -6.60031925,  -5.37056379,  -6.44345646,
        -3.50282857,   0.56891538,  10.43975216,  -0.58749365,
        -1.39212814,  -5.95217938,  -3.67595168,  -6.32376186,
         2.16984569,  -6.98143116,   4.35621127,  -9.91808345,
         4.11637795,  10.08634257,   2.57175703,   6.78245126,
         0.48792971,  -1.89975957,  -1.733993  ,   4.10373737,
        -1.08465887,  -0.5903619 ,   2.26050455,   0.82717073,
         1.89816028,  -4.05700879,  -2.46934214,   3.13712379,
        -0.40297932,   3.8759378 ,   4.57854911,  -2.97774435,
         8.86053368,   2.58798052,  -0.74362244,   6.7186924 ,
         3.13138823,  -5.16046156,   1.05927953,  -4.52450346,
        -6.61822817,  -3.31460496,  -2.4264458 ,  -1.85654691,
         6.71165035,  -0.8710623 ,   0.18910989,  10.07017353,
         3.44909344,  -5.73080054,  -0.03045474,   1.26092591,
         4.70393315,  -6.79051635,  -1.06053954,   1.00228568,
         4.91624826,  -1.38256744,  -3.13741294,  -2.06353978,
         6.19357704,   1.11845197,   2.05542315,   1.36008455,
        -2.37330029,  -2.77898862,  11.17326456,  -3.12441862,
         0.9227216 ,  -2.51591897,   1.45311846,   2.08679884,
        -2.03407078,  -2.23727667,  -0.4665465 ,  -3.97194949,
        -2.22917089,  11.23463147,  -0.05954551,  -1.19801599,
        -5.44649269,   0.26609717,  -3.7712334 ,   9.47002613,
        -3.17214334,   0.65885732,   0.6117665 ,   1.80792055,
         3.1774858 ,   0.03691282,  -1.61846821,  -2.38803967]), array([ -1.92065312e+00,   7.35636635e-01,  -3.61847304e-01,
         2.74376568e+00,   1.86721886e-01,  -5.30242369e+00,
        -2.42727709e+00,  -2.96719336e+00,   4.10475374e-01,
         5.00433682e-02,   5.24409618e+00,  -4.41989780e-01,
         3.03793153e-01,  -3.13503988e+00,  -3.07670863e+00,
        -2.67219466e+00,   1.47308840e+00,  -2.54087496e+00,
         1.54248217e-01,  -4.52537150e+00,   1.52454284e+00,
         3.64373026e+00,  -4.62778682e-02,   3.34835961e+00,
        -1.23518512e-01,  -1.22107667e+00,  -2.17718065e+00,
        -8.43924282e-01,  -6.77792087e-01,   5.73172528e-03,
        -6.34524612e-01,   6.16222868e-01,  -9.34326422e-01,
        -2.89405132e+00,  -9.27945715e-01,   1.58026127e-03,
         2.39710651e+00,   2.56170992e+00,   2.32386288e+00,
         7.49791229e-02,   3.28902577e+00,  -8.90662815e-02,
        -1.67956506e+00,   1.43294208e+00,   1.73943380e+00,
         4.65325016e-01,  -2.39816246e-01,  -3.65511247e+00,
        -2.71878418e+00,  -4.86539948e-01,   1.05745750e+00,
         4.09418747e-02,   5.51394245e+00,   1.05655619e+00,
         1.04182405e-01,   6.11588529e+00,   9.36748404e-01,
        -3.06318884e+00,  -4.88833069e-01,  -4.15761231e-01,
         2.02265221e+00,  -2.72062328e+00,  -1.71371393e+00,
         5.61627250e-01,   2.97184088e+00,   9.16218024e-02,
        -4.68289920e+00,  -1.61498930e+00,   2.49348853e+00,
        -6.47856076e-01,   2.40790354e+00,  -2.62961118e-01,
         1.24409352e-01,  -9.36732528e-01,   3.89533119e+00,
        -3.89947538e-01,   1.19077031e+00,  -1.07410129e+00,
         4.63416865e-01,   2.58414901e+00,  -1.24884710e+00,
        -7.39025212e-01,   1.36207859e+00,  -2.51098491e+00,
         1.17867461e+00,   7.05408436e+00,   3.83747900e-01,
         1.47049870e+00,  -1.18016446e+00,   1.06450164e-01,
         4.47511173e-01,   2.91169327e+00,  -2.00536016e+00,
         5.21234388e-01,   1.68719095e+00,  -5.06924295e-01,
        -2.76539808e-01,  -6.50232673e-01,  -3.30190209e-03,
         2.87840817e-01]), array([-1.51849608, -3.51288759,  0.86022533,  5.47844003,  0.85626522,
       -0.13865554, -3.15024155, -3.04161525, -4.12254954, -0.45231387,
        3.92192537, -1.06576627, -3.01451885, -2.64647891, -0.19369033,
       -2.27732949,  1.17204991, -3.96763863,  4.65105092, -4.02894624,
        1.6339975 ,  7.41715   ,  2.90341038,  4.50624538,  1.9614041 ,
       -0.97221513,  0.71033248,  5.82846416, -0.52529532, -0.79502442,
        2.08360603,  0.47078913,  3.51673199, -0.86416013, -1.06977117,
        4.94009583, -2.53986575,  0.40193785,  3.43444314, -1.90531806,
        4.60338142,  1.76394641,  2.01966103,  4.82539196, -0.71193403,
       -5.16190157,  2.39093294, -1.24189569, -5.28665136, -3.61575711,
       -4.56377414, -2.46205276,  0.76313297, -0.03907289, -0.94461745,
        3.82880645,  2.2963797 , -1.80037108, -1.97307175,  1.93009406,
        2.58288161, -4.82825529,  0.67828943,  0.16924771,  3.4089788 ,
       -1.94044391,  2.35104804, -1.26161037,  3.4897184 ,  1.26606024,
       -1.55584198,  1.53885907, -1.38044494, -3.77158253,  5.96858897,
       -1.55273441,  0.09506118, -2.36373696,  2.61267042, -0.93176323,
        0.35308714, -3.22613051, -4.10957312, -2.21870758, -3.48850246,
        4.28209015,  0.98433725, -3.70206344, -2.56801061, -1.75624614,
       -5.17603719,  7.30723031, -2.35446489,  2.27722413, -1.99148968,
        2.60699804,  1.39410148,  3.03200202, -1.93720199, -1.32607206]), array([ 1.9051769 ,  3.79501654, -1.57252866, -4.27759154, -0.2293463 ,
        3.07957557,  0.62417607,  2.2300361 ,  2.34687241,  0.91054319,
       -5.59111893, -0.23206537,  1.47355895,  3.21327019,  0.82805215,
        1.21244308, -0.55939121,  2.64070484, -0.61992714,  2.20302391,
       -2.23896425, -3.69507619, -1.67067173, -4.15470186, -2.06333448,
        0.42429632, -0.13215201, -3.3040123 ,  0.24568107, -0.16898051,
        0.14600442, -1.08790204, -0.4916391 ,  0.48973573, -0.0095452 ,
       -1.93784268,  1.52563734, -0.63366114, -1.48932312,  2.80780838,
       -1.29167071, -0.66714306, -1.88383222, -2.29840668,  0.59511522,
        1.65141057, -3.82898663,  0.12739969,  4.57855299,  2.91470077,
        4.06039551,  0.95055468,  0.54401842,  0.86170511,  1.51690434,
       -5.35636232, -1.99989353,  1.67745645,  3.9480815 , -1.17576918,
       -0.78279455,  2.42543931,  1.32368911,  0.94703673, -2.65904569,
       -0.55437915, -3.02855668,  1.28828052,  0.03338086,  2.08492243,
        0.54871199, -1.10798381, -0.31547056,  4.58105453, -3.07239475,
        1.30497472, -0.92287535,  1.00003694, -2.44502767, -2.07357151,
       -1.72158038,  1.3550969 ,  3.59609211,  2.85207623,  0.66484343,
       -4.63483953, -1.76166011,  1.50256756,  2.07404576, -1.11283037,
        1.5090964 , -6.13170715,  0.86344669, -0.63763216,  3.36732961,
       -1.31345528,  0.22113385, -0.52813296,  3.14946197, -2.11654937]), array([ 0.63678606,  2.03645232, -1.11414252, -3.53468426, -2.11426888,
        0.74013931,  0.96734886,  3.01072512,  0.18209312, -0.90105806,
       -0.23753366, -0.28778787,  1.1210337 ,  0.49964646,  0.56301751,
        2.99116991, -1.95753746,  1.42990489, -2.84613469,  2.41809392,
       -1.13033804, -3.85497055, -2.86953344, -2.21717436,  0.41312976,
       -0.58782931,  0.87450245, -0.48546011,  0.79547163,  0.60683436,
       -0.8902183 , -0.50851814,  0.01942069,  0.37115349,  1.88928302,
       -0.10875966, -0.77608289, -0.78710661, -2.1535669 ,  1.27395454,
       -2.13065593,  0.39084212,  0.82023213, -1.68674822,  1.01382583,
        1.65765221,  0.7061458 ,  2.79486468,  4.37462593,  0.69839448,
       -0.51173574,  0.93202116, -2.01856822, -1.83996627, -1.3692519 ,
       -2.28989474, -1.12421828,  2.3765482 , -1.24551145, -0.78115994,
       -2.58702458,  3.90892305,  1.13714941,  0.72267732, -2.80808189,
        2.01752905,  0.54961466,  1.00564407, -4.15782087,  0.28861696,
        0.94061142, -2.93398376, -1.27249109,  1.77591713, -3.12704792,
       -0.33000263, -2.10543134,  0.47822884,  0.17528726,  0.04023929,
        0.63884515,  1.60869498, -2.00348468,  1.28579446,  0.24020709,
       -3.49534067,  0.5065289 ,  0.66726588,  3.05309377,  1.35891836,
        1.88417858, -2.65243712,  2.33725294, -1.68470127,  0.26301261,
       -2.08676288, -0.60702292, -0.39233475,  1.19898837,  0.78887622]), array([ 1.56249385,  1.46675006,  0.79303806, -3.03068954,  1.5492758 ,
        5.62300206,  0.28403694,  2.27394894,  4.25317174,  1.12484343,
       -9.60666156,  0.09511272,  0.49393294,  3.20334304,  1.17697717,
       -1.3269434 , -1.10238291,  1.33235109,  0.448527  ,  3.07499037,
       -2.50290081, -2.52375829,  2.07914624, -3.05241324, -2.7790416 ,
        0.65511637, -1.34950486, -5.64782828,  0.6697986 , -1.77629114,
        2.05526012, -1.84172462, -1.44303543,  0.13334913, -0.62969378,
       -0.56097441,  3.413474  , -2.03127641,  0.57545683,  2.88720085,
       -2.48712366, -0.52364987, -1.13379707, -2.69861923, -3.01762273,
        2.87020762, -4.10093666, -0.79271334,  1.36622506,  2.57658135,
        4.86625422,  0.05125406,  0.78174266,  4.85372103,  1.67233706,
       -4.74519342, -1.7436611 ,  3.11784985,  5.34906829, -0.99584704,
        1.74156205, -0.69146621,  0.81666575, -0.93239094, -0.10136064,
       -2.40415029, -2.96956606, -0.78798508,  2.32761066,  0.9646988 ,
       -1.97276662,  1.72432415,  1.15714896,  1.04599649, -4.80361721,
        2.46131219,  1.34552562, -0.26168467,  0.6130551 , -2.40665179,
       -0.23312472,  1.54948724,  3.9095304 ,  0.58659703,  1.31623547,
       -4.53822731, -2.10375664,  0.55411562,  0.35907104, -2.25806788,
       -0.92259705, -5.22552003, -0.41588084,  0.91242846,  2.23395744,
       -0.90796559, -1.79686303, -0.18591599,  2.11401118, -0.11911404]), array([ -2.33526915,  -4.46099293,   2.29026035,   7.71318709,
         3.99710076,  -2.73236951,  -7.43535173,  -3.33119901,
        -5.09886432,  -2.24041325,   6.99685733,  -1.37175084,
        -1.41333569,  -5.20217657,  -1.11819767,  -5.99458772,
        -1.56724471,  -7.56183766,   3.40894387,  -8.83876239,
         3.44204745,  10.39217989,   5.03681418,   5.9818914 ,
         1.8027549 ,  -3.77303313,   0.06696771,   7.40837363,
        -1.11264645,  -1.72679183,   3.59220843,   3.55691574,
         5.09081405,  -0.7705124 ,  -1.28300522,   7.33839435,
        -3.31827943,   0.54428823,   6.51049062,  -4.81611746,
         8.34895958,   4.8401126 ,   4.03976731,   8.33769418,
         0.02321749,  -8.45234952,   2.92581443,  -0.26292707,
        -5.68092656,  -6.46991343,  -6.69402495,  -3.82406426,
         1.80484071,  -1.90630354,  -0.53296297,   7.55923518,
         3.2744418 ,  -3.19108726,  -1.17822653,   0.54563082,
         6.00617989,  -8.29602037,   1.34365532,   0.47326774,
         5.7690612 ,  -2.39404578,   1.72870088,  -1.67512465,
         6.9435865 ,   2.81087345,   0.23411129,   2.26262498,
        -4.18633438,  -3.9200807 ,  10.21683981,  -1.02900847,
        -0.13356735,  -2.27352305,   5.45264675,  -0.57943415,
         0.67582272,  -2.46653935,  -4.9060428 ,  -5.27847187,
        -6.83458228,   8.14277732,   1.04435377,  -3.306483  ,
        -6.76176517,  -0.21835323,  -6.61011727,  12.77899259,
        -3.480347  ,   3.25266177,  -4.36163621,   2.116242  ,
         3.17584419,   4.12473223,  -1.55413676,  -2.16439241]), array([ 1.3285122 , -2.06903195,  1.34118939,  2.67495464,  2.72971116,
        1.56005584, -2.96375769, -2.12547727, -3.66470565, -0.96187055,
        0.739447  ,  0.65029178, -1.63646255,  0.84870366,  1.11386596,
       -4.59624354, -0.31381069, -2.09231694,  4.22035558, -4.12983873,
        1.38638056,  3.83343939,  4.87015155,  0.84516673, -0.38781921,
       -0.28291205,  1.15254328,  4.92394509, -0.78765074, -0.82684098,
        4.57260231, -0.49768194,  3.73574766,  0.66247397, -0.71328114,
        3.35975796, -3.06839786, -1.22651228,  2.77216224, -1.8764176 ,
        4.64091559,  2.02701714,  1.50878585,  4.9365023 , -0.08818116,
       -6.34110536, -0.5385806 ,  0.62606686, -0.663839  , -2.22790225,
       -1.51345423, -2.50135457, -0.77145918, -0.88823795,  2.25817654,
        0.31560027,  0.54883598, -0.36489709,  1.18677376,  1.16995871,
        3.25501309, -2.62807145,  2.51148312,  0.53885959,  2.4596668 ,
       -2.85712873,  3.04007311,  0.02414952,  2.99935006,  4.20050041,
       -1.0755692 ,  2.63771818, -1.92731816, -0.01788797,  4.84580663,
       -1.3386056 , -1.04687647, -0.22765085,  1.6464992 , -2.44315763,
       -0.2818604 , -1.7411337 ,  0.38495822,  1.30787351, -4.85551128,
        0.64376127, -2.60906326, -3.51041426, -4.29888609, -0.67001909,
       -4.22824928,  4.29687478,  1.1165409 ,  0.75427706, -1.33571779,
        3.67077199,  3.79954686,  1.18610222, -1.45633156, -5.30170758]), array([-3.64804181, -1.38163394,  2.23343308,  4.88394115,  0.89200464,
        2.19875798, -5.85493095, -1.46968014, -0.90463981, -1.6401487 ,
        0.57498041,  0.53587278, -2.47231386, -3.83879025, -0.57064911,
       -5.07933481,  0.09702336, -4.43367373,  3.10845798, -3.11767539,
        0.430381  ,  6.75888889,  4.67847892,  4.32610552,  1.31401542,
       -1.55167329, -2.01486134,  1.45676716, -0.65790504, -1.47070171,
        3.27302157, -0.64382186,  3.5263061 , -3.63767564,  0.19247583,
        7.747652  ,  1.0166157 ,  1.12309168,  2.85618414,  0.86523048,
        4.86613735,  2.42151616,  1.56911072,  2.73667205, -2.55680122,
       -1.6122577 ,  0.09449646, -3.53686088, -5.24348916, -2.33775134,
       -2.63707994, -3.01445989,  3.53471298,  5.53261276, -2.65718115,
        5.63123209,  2.25969331,  2.20144951, -0.70527405,  1.79982546,
        3.43508366, -6.64584261,  1.81481629,  1.01448523,  5.80348359,
       -2.76151366, -1.48848736, -4.24270651,  1.28152329,  0.5724804 ,
       -1.34623767,  1.19227551, -0.33925474, -6.00585904,  2.30053259,
       -1.83491763,  1.56088217, -4.09543089,  6.72755676, -1.24569783,
        4.00625202, -1.55693378, -4.50689222, -5.54241445, -1.1442914 ,
        5.10681657,  1.95207073, -0.74670117, -0.60670205, -2.3299064 ,
       -5.87131642,  6.27878844, -3.72872367,  3.81992628, -1.21846395,
        0.89655826, -2.33843345,  2.68129921, -0.06829364,  0.29608242]), array([-3.48112521,  2.70662641, -2.08308444, -4.88101888, -1.98605935,
        6.16150877,  2.95515774,  2.55099955,  1.32209561,  1.7552743 ,
       -5.35149526,  0.66879245,  0.13037505, -0.08399924,  2.0688752 ,
        6.27740904,  0.42612158,  1.24531756, -0.27651782,  6.62604665,
       -1.92065049, -4.32090505, -5.11937235, -2.37117216,  1.38241518,
        2.76369963,  0.86882881, -3.88374143,  0.95827065,  1.48401558,
       -2.49452693, -0.73365111, -0.60564657,  0.31707088,  2.31590251,
       -0.06858104, -0.96172147,  1.53127359, -7.6063592 ,  1.52689126,
       -3.52840838,  0.30838807,  0.282349  , -4.97185491,  0.72582672,
        3.39635172,  0.08789189,  0.2270366 ,  1.95261475,  2.54096453,
       -0.83592376,  1.28437256, -3.16657602,  0.21269716, -3.61919233,
       -5.56498601,  1.06345953,  2.00510369,  1.46421107,  1.37952209,
       -5.20668853,  1.64706169,  1.42519609, -0.20485492, -5.98033616,
        2.19265209,  1.14928542,  0.36748957, -5.53198469, -3.72393479,
       -0.99118048, -1.26099063,  0.89207604, -0.43986056, -5.70459993,
       -3.85545521, -1.55917907,  1.0369598 , -3.04006713, -0.87085404,
        2.33953762,  3.14040522, -2.98268839, -0.35831907,  3.05119797,
       -6.6289949 ,  2.54065993,  2.10829772,  6.25536637,  1.07222961,
        1.40582037, -5.656558  , -1.69250016, -0.9123839 , -0.11113371,
       -2.97862692, -1.47039886, -0.93470216,  3.15140348,  1.07150637]), array([-2.00259787, -0.98085468,  0.66513891,  3.73556423,  4.16482115,
       -0.51729843, -2.20773336, -3.43933737, -1.19341549,  4.78828788,
        1.44914001,  0.52630451, -1.38731163, -4.72783315, -0.2319932 ,
       -2.98294902,  3.34442009, -2.6274606 ,  3.90835166, -2.17208612,
        1.55694437,  6.78132522,  1.12300336,  2.02775455, -1.69381335,
        1.1623162 , -1.85808462,  1.55361271, -0.13381463, -0.23062104,
        1.33201474, -0.27504814,  0.99991501, -1.29969898, -4.05999523,
        1.12487676, -1.45266229,  4.41696558,  0.37951958, -3.16739339,
        5.26939273,  2.05589299, -1.30484401,  3.13383198,  0.30719858,
       -3.62752712, -2.59722939, -4.65998787, -6.16853344, -0.09357709,
       -1.04364362, -0.22685879,  3.84932888, -0.40187427,  1.26857677,
        2.52631271,  3.95479965, -3.49864006,  4.34480888,  0.99562109,
        1.75498159, -5.76970589, -1.08285415,  0.86145973,  0.52698052,
       -1.55056584, -1.41039342,  0.21718363,  6.66433674,  0.23710504,
       -0.92331856,  3.22875652, -0.79826672, -0.92100468,  6.28907084,
       -2.288221  ,  1.16876125, -1.81717964, -3.31705955, -1.71832469,
       -2.1937324 , -0.39615291,  0.62635335, -1.99138236, -0.32844913,
        2.44352281, -0.88916004, -0.15117776, -4.54279625, -2.07589929,
       -2.19024548,  2.66548562, -4.76301555,  0.51931597,  0.77623905,
        0.70455216,  1.50573073, -1.43687811,  0.77238956, -2.02654006]), array([  9.90364475e-01,   3.41952743e+00,  -1.11943856e+00,
        -5.33883191e+00,  -5.15503000e+00,  -1.71303014e-01,
         4.26592272e+00,   2.28712540e+00,   3.10304647e+00,
        -5.52939915e-01,  -5.60927519e+00,   6.11282575e-01,
         1.20315210e+00,   4.86556301e+00,   1.46049843e+00,
         4.39945738e+00,   1.82546502e-01,   4.44042004e+00,
        -4.37991930e+00,   5.41965864e+00,  -2.16948734e+00,
        -7.53901580e+00,  -3.14746892e+00,  -4.70018135e+00,
        -1.03254845e+00,   2.53848752e+00,   2.96680362e-01,
        -4.56103841e+00,  -7.87202664e-01,   1.14864759e-01,
        -2.87066964e+00,  -1.31119322e+00,  -5.18674731e+00,
         7.28833136e-01,   2.05675212e-01,  -5.60891331e+00,
         2.30738933e+00,  -1.27525777e+00,  -2.98950971e+00,
         3.00026563e+00,  -6.23853323e+00,  -9.55964386e-01,
        -9.02243310e-01,  -5.27604891e+00,   5.58966322e-03,
         6.35434726e+00,  -1.64959313e+00,   8.86976065e-01,
         5.68724477e+00,   4.11013273e+00,   3.83535547e+00,
         2.69438586e+00,  -2.86043730e+00,  -1.01540049e+00,
         8.90869746e-01,  -4.18118884e+00,  -4.25984503e+00,
         2.96738710e+00,   5.61208732e-01,  -1.74969985e+00,
        -5.46750771e+00,   6.83387533e+00,  -5.33213449e-02,
        -2.40184704e+00,  -4.90121313e+00,   2.82193923e+00,
        -1.60481588e+00,   1.40041179e+00,  -4.26183439e+00,
        -1.50709811e+00,   7.22210204e-01,  -2.12740406e+00,
         2.32381680e+00,   4.57804146e+00,  -6.88473157e+00,
         1.57507665e+00,  -4.17083838e-02,   2.02470325e+00,
        -2.99425433e+00,   7.48785626e-01,  -2.57952155e-01,
         3.51684317e+00,   2.38219373e+00,   2.08287986e+00,
         4.85966402e+00,  -6.51423538e+00,  -3.53574393e-01,
         3.27053057e+00,   3.32110221e+00,   1.45992744e+00,
         4.70053089e+00,  -8.31085651e+00,   3.79659761e+00,
        -1.29823601e+00,   2.46484412e+00,  -2.06351842e+00,
        -2.04391740e+00,  -3.38459487e-01,   7.57370512e-01,
         2.29859062e+00]), array([ -6.87544791,  -2.65759547,   2.79902112,  15.02583303,
         5.70199568, -11.46845643, -13.30851099, -13.1923125 ,
        -6.40943966,  -1.42779018,  18.29861712,   1.77933128,
        -2.98871185, -10.608     ,  -6.40195839, -16.71651901,
         4.47788711, -12.46975642,   8.60018763, -20.17646314,
         7.77317015,  19.39375507,   9.18753893,  12.94487844,
         0.68059597,  -2.96707221,  -4.62818961,   7.6556235 ,
        -3.78228119,  -0.9628203 ,   6.3200836 ,   1.26444906,
         5.5352621 ,  -8.62660895,  -3.75965862,   8.32634316,
         0.19894779,   7.6222632 ,   8.7608266 ,  -4.93069098,
        19.46760322,   4.8114671 ,  -1.48622204,  13.22347515,
         4.3759628 , -10.31983483,  -0.31833468, -10.70374731,
       -12.44237932,  -6.06584443,  -3.23985964,  -5.12617319,
        13.87210302,   2.42652286,   1.11205316,  21.18131602,
         6.45371681,  -8.46953498,  -0.41148703,   3.10305576,
        10.47551388, -14.92404818,  -0.18660572,   3.02886366,
        13.60316256,  -4.29350337,  -6.08850796,  -5.91031032,
         9.57833435,   3.24961339,   4.33650225,   4.06020248,
        -2.5942449 ,  -6.6794104 ,  20.68569727,  -6.81945014,
         2.62388924,  -4.77767085,   5.75692572,   3.06763023,
        -0.28669183,  -4.93610911,   0.57982297,  -8.22313097,
        -4.21876991,  23.38917209,  -0.51170865,  -0.76904732,
       -10.77196552,  -0.18428792,  -7.9693064 ,  19.15443376,
        -5.8810903 ,   3.67318043,   0.30305628,   5.54394511,
         5.03166096,   0.27163893,  -3.20816042,  -6.92902277]), array([ -1.84180567,  -0.66918036,   0.93803716,  15.94405223,
         4.78464255,  -7.53461965, -16.51796737,  -8.8992039 ,
        -3.39348525,  -0.74418148,   9.66384082,  -2.3451692 ,
        -2.99723844,  -8.45758619,  -6.14931856, -13.42308641,
         2.68636419,  -8.7490916 ,   7.02528853, -15.33923449,
         4.75897303,  17.84757898,   7.68601944,   9.58676628,
         1.24661025,  -5.66831348,  -2.70239076,   8.02174037,
        -4.86391985,  -6.20892854,   5.72954865,   1.05297355,
         4.58870364,  -5.06269645,  -6.93234154,   5.87514892,
         1.59491101,   4.11815064,  11.98205196,  -2.16859639,
        17.07345233,   2.00762886,   0.34107441,  13.35388073,
        -1.23521272,  -6.84339544,  -4.58800568,  -7.59757123,
       -11.47285242,  -4.82122228,  -3.75452007,  -4.96288332,
        11.67094786,   5.93637725,  -0.30525247,  15.43879404,
         5.33771115,  -6.62008648,  -1.15896232,  -0.12510901,
        11.2107797 , -16.56951957,  -0.8110196 ,   1.84540504,
        13.69182626,  -4.21683194,  -8.80966122,  -2.55626174,
        11.56303785,   6.09386387,   3.3139647 ,   0.46546215,
        -4.25582019,  -6.25742637,  16.64615546,   0.2530779 ,
         0.86804428,  -5.79510679,   7.99498182,  -0.33621315,
        -0.38010541,  -8.03214276,  -0.14833622,  -6.69777999,
        -4.75650188,  21.61275189,   1.81348827,  -2.28882399,
        -7.74951297,  -7.01711805, -10.32315887,  12.55661351,
        -7.57521157,   8.83235193,   3.57117919,   1.09148146,
         0.53844458,   6.35042202,  -1.0940186 ,  -2.61060572]), array([  8.85836397e-01,  -2.82657496e+00,   1.05554230e+00,
         8.27015554e+00,   5.79675568e+00,  -5.81782948e+00,
        -8.17296031e+00,  -4.71048403e+00,  -3.49256835e+00,
         3.93478567e-01,   8.47131706e+00,   8.85818656e-01,
         2.22285071e-02,  -5.08952629e+00,  -3.59465123e+00,
        -8.75930657e+00,   6.44834041e-01,  -3.05909305e+00,
         2.06993141e+00,  -9.17805171e+00,   5.02470359e+00,
         1.07601535e+01,   4.68215179e+00,   5.56324029e+00,
        -1.53150872e+00,  -3.78722343e+00,  -5.62642839e-01,
         7.06015470e+00,  -2.03912617e+00,  -2.44944579e+00,
         2.96413922e+00,   1.57645950e+00,   1.79379342e+00,
        -9.14240193e-01,  -3.15484313e+00,   4.84935844e+00,
        -1.75862835e-03,   2.51328128e+00,   6.07757707e+00,
        -2.47670409e+00,   9.07915130e+00,   2.97801502e-01,
        -1.97962442e+00,   8.14496570e+00,  -3.70645389e-02,
        -6.15880472e+00,  -2.35914851e+00,  -3.81516661e+00,
        -6.28151619e+00,  -3.00166360e+00,  -2.27894771e+00,
        -2.03299505e+00,   7.13928138e+00,   5.39756422e-01,
         7.13627865e-01,   8.90918199e+00,   2.93958498e+00,
        -3.41638313e+00,  -1.03362146e-01,  -1.31886570e-01,
         7.17543863e+00,  -6.48075094e+00,  -6.32035520e-01,
         2.85057333e+00,   5.70632107e+00,  -2.26295391e+00,
        -3.15573593e+00,  -1.64918733e+00,   5.63459961e+00,
         4.62992682e+00,  -2.56340502e-01,   2.45714417e+00,
        -9.43864657e-01,  -3.44892192e+00,   1.04867195e+01,
         1.65165252e+00,   1.65367510e+00,  -1.96482352e+00,
         3.36317624e+00,  -3.98690073e-02,   1.04256775e-01,
        -4.09454285e+00,   1.37051419e+00,  -3.64863703e+00,
        -4.24781465e+00,   1.22807146e+01,   1.00560955e+00,
        -1.08652697e+00,  -7.26116975e+00,  -1.96417415e+00,
        -4.78326215e+00,   7.91404779e+00,  -2.35099002e+00,
         3.19560381e+00,   3.73016708e-01,   1.10191743e+00,
         1.66233337e+00,   2.74365434e-01,  -1.05329782e+00,
        -2.38100361e+00]), array([  9.07510611e-02,   3.67747730e-01,   1.47318326e+00,
         1.10605463e+01,   6.24522676e+00,  -6.00936291e+00,
        -8.87849370e+00,  -7.68535261e+00,   1.17251529e+00,
         6.30022253e-02,   5.05041634e+00,   1.54696631e-03,
        -1.60107535e+00,  -2.49237358e+00,  -4.48363846e+00,
        -1.17995560e+01,   4.71445339e+00,  -2.56338110e+00,
         5.89421712e+00,  -9.93908564e+00,   3.08058576e+00,
         1.11765524e+01,   7.16421725e+00,   5.30104881e+00,
        -1.39976032e+00,  -1.76044910e+00,  -4.35332087e+00,
         2.73928919e+00,  -3.40785532e+00,  -2.56270625e+00,
         3.97078181e+00,   9.64169975e-02,   1.39175433e+00,
        -3.11478279e+00,  -6.32895918e+00,  -1.71249906e-01,
         4.88919216e+00,   3.04671046e+00,   6.37947955e+00,
        -2.61535772e+00,   1.02459972e+01,  -1.43386236e+00,
        -4.00240456e+00,   7.45805460e+00,   2.50529915e-01,
        -3.02201910e+00,  -6.56947084e+00,  -8.03141276e+00,
        -9.45042586e+00,  -1.37435580e+00,   2.60222362e+00,
        -2.28397161e+00,   9.06264872e+00,   6.21724350e+00,
         3.08576789e+00,   1.02714061e+01,   2.87978956e+00,
        -5.53126901e+00,   2.84394631e+00,   1.34581137e+00,
         7.66392278e+00,  -1.01867826e+01,  -3.36819852e+00,
         1.46991660e+00,   9.65790940e+00,  -5.66301640e+00,
        -8.42512386e+00,  -2.80940610e+00,   9.96028396e+00,
         2.22061505e+00,   1.32683210e+00,   3.63482730e+00,
        -8.97713838e-02,  -2.16078363e+00,   1.07450468e+01,
         2.43401113e+00,   3.89241976e+00,  -2.61628961e+00,
         2.02797854e+00,  -9.18627677e-03,  -1.35118537e+00,
        -5.42604098e+00,   5.94541849e+00,  -4.78674631e+00,
        -4.46654751e-01,   1.50605778e+01,  -9.76870084e-01,
         1.45141154e+00,  -6.39878888e+00,  -4.86477225e+00,
        -5.37009883e+00,   6.02871795e+00,  -5.96709567e+00,
         4.37200533e+00,   4.33220680e+00,   2.76620588e+00,
         1.73856320e-01,   1.71703860e+00,  -1.13967231e+00,
        -4.60659651e-01]), array([  0.04481947,   8.97557301,  -2.77098773, -12.36917516,
        -3.65218708,   5.40381219,   9.27992917,   7.05359276,
        10.13727756,  -1.15222461,  -8.34861187,   0.66875985,
         4.27791118,   9.4856983 ,   0.96968263,   6.43906935,
         1.39987743,   9.53142642,  -3.79205861,   9.56676929,
        -8.44854203, -12.51070579,  -6.10860963,  -6.9559524 ,
        -4.63806977,   3.55515846,  -4.56952467, -14.1624142 ,
         5.07015559,   5.86991958,  -3.23358521,  -2.60646966,
        -2.76245953,  -3.4306435 ,   3.82472025,  -8.10484686,
         7.53244837,  -2.93445402, -10.347374  ,   4.35117901,
       -11.60906621,  -7.08646882,  -5.16009094, -12.18678044,
         2.4066654 ,  10.63076979,  -2.27897929,  -1.12424824,
         8.90143349,   5.4129491 ,  12.13766909,   4.839294  ,
         0.54452456,   5.53919744,   1.6743394 ,  -9.57231117,
        -4.71844242,   4.84690107,   5.78304047,   2.87049216,
        -4.12566852,  10.95983646,  -1.82694909,   3.34662898,
        -5.90405425,  -0.93092991,  -5.23044472,  -0.65197306,
        -5.61021627,  -4.01457793,   0.43960563,  -2.0310171 ,
         5.05681924,   8.64590257, -11.04429252,   3.36261949,
         1.5388719 ,   2.01029568,  -6.18285393,   1.45367219,
        -2.74514745,   2.77136551,   6.14879854,   4.867852  ,
         8.17082114,  -9.44612638,  -2.70851721,   5.25313077,
        10.54965504,  -0.11574679,   8.40359334, -10.80495348,
         0.77207841,  -5.71133407,   5.54256395,  -2.3811326 ,
        -4.25867987,  -4.25652485,   5.91164236,   2.99451401]), array([ 0.64281881,  2.30879865, -0.71953207, -3.13031502, -0.02739744,
        1.26684241,  4.75555886,  2.01853777,  2.84203259, -0.10244084,
       -0.85005703,  1.43870669,  0.33597447,  2.86197547,  1.01304044,
        2.14312746,  2.17757002,  4.61854893, -0.40179924,  4.53575343,
       -1.38217004, -3.8435745 , -2.17715582, -2.85858194, -1.92198513,
        0.95657633, -1.8816544 , -1.45097724,  1.25654244,  4.56028018,
       -1.85709032, -0.78525404,  0.20684891,  0.88392859,  1.22762517,
       -0.9695072 ,  1.48916551,  0.01886492, -4.50052076,  0.39216902,
       -3.72852411, -1.97977683, -3.43151641, -3.57285342,  2.09558033,
        1.35017844, -1.44262874, -1.06158571,  2.22613286,  1.67061546,
        2.99993448,  1.98273306, -0.86347034, -0.88860632,  1.68998195,
       -3.28271684, -1.33358997,  1.41697261,  2.05644997,  1.83465731,
       -4.56000376,  6.12403298, -0.7597445 ,  3.52731145, -2.93374937,
       -1.30504027, -1.07751716, -0.51852761, -2.04785284, -2.45476512,
       -1.15854502,  1.19550076,  1.55944837,  4.51593485, -3.76065498,
        1.19285969,  1.58892823,  1.64832571, -4.31501105, -0.88762332,
        0.36070174,  1.77312248,  1.48720697,  0.23494149,  1.7135168 ,
       -5.78690881, -1.70051459,  2.77783439,  3.43141812,  0.96994278,
        3.45045146, -3.9236521 ,  0.18752693, -3.72616425,  1.16598054,
        0.43745872, -1.10428233, -2.71726908,  1.52768249,  0.94103119]), array([-1.83313078, -3.62743911,  1.13337494,  3.54505345,  1.27212085,
        1.32510258, -2.69337146, -2.74350944, -1.55474324,  3.32403572,
       -2.64530203, -1.75542964, -1.10092616, -2.93540951, -0.29821122,
       -0.93937015, -0.57479054, -4.80397319,  2.49832242, -2.31940248,
        0.98474148,  4.83173968,  1.8399538 ,  2.98707408,  1.61442563,
        1.11977202,  1.76696977, -0.34977611, -0.77792688, -5.25396044,
        1.23001207,  0.75351436, -1.58789211, -0.64436215, -3.4859436 ,
       -0.95526912, -1.01901645,  0.83440774,  3.1268464 , -1.51290485,
        2.38485465,  1.60227588,  2.40928421,  2.35177758, -3.62284486,
       -0.39769482,  1.07864283, -0.49194798, -5.97068733, -0.64080801,
       -2.93758383, -1.52106158,  0.48139971,  2.21780711, -2.23130278,
        1.52684215,  2.7713445 , -2.44520943,  0.75436252, -0.84546976,
        4.3577078 , -8.28570958, -0.81516377, -5.16629633,  1.48325526,
        0.80097469,  1.39198654,  0.74858382,  4.53918232,  0.12712433,
       -1.11961985,  0.47770068, -0.23148644, -5.97093264,  3.5155702 ,
       -1.30420184,  0.38788877, -2.08870962,  1.93326993,  0.13063171,
       -1.01958814, -1.60705478, -0.98441081, -1.15432753,  0.16457706,
        4.56012371,  2.71194484, -2.79642618, -4.05864356, -2.29575986,
       -4.62663093,  2.68842236, -2.99207693,  4.27110502, -0.84219713,
       -0.36122266,  0.74436843,  2.73899408, -1.4893672 ,  0.95089396]), array([  1.87475259,   4.6457489 ,  -5.05015249, -15.19045393,
        -8.1523106 ,   8.63706276,  10.48941404,   8.57755615,
         6.68614555,   1.18473803, -13.37034815,  -4.23149152,
         3.62659209,   8.18511401,   3.90248481,  17.07688865,
        -0.76072807,   8.69545581,  -6.10878669,  14.5630832 ,
        -7.2525416 , -15.1597566 , -10.47591331,  -8.42545591,
        -0.53332477,   4.09002069,   3.87265817,  -9.86588778,
         2.73989331,   1.95071988,  -7.05801338,  -1.43301683,
        -7.62003411,   4.26107727,   4.26330281,  -8.4721639 ,
         2.35446868,  -6.51820271,  -8.5277075 ,   3.32596042,
       -19.14125569,  -7.18106085,   1.76079563, -10.07863324,
         0.66193887,  11.07037346,   3.40152627,   6.3009511 ,
         9.64478806,   7.4084919 ,   6.74826758,   5.44961948,
        -9.21022463,  -0.32752056,  -0.66199375, -15.44457658,
        -7.78895936,   4.0423894 ,  -0.05170509,  -1.64237718,
        -6.55992029,  10.66738767,  -0.45933769,  -5.13809592,
       -12.25040772,   5.93141535,   2.46722887,   3.37559291,
        -8.90551408,  -5.61942211,  -1.14636932,  -2.0107056 ,
         5.10959212,   5.887629  , -14.14850258,   1.36731271,
        -4.79401418,   4.82981919,  -4.55027644,   1.50440792,
        -3.48658019,   4.45863375,   1.68659707,   5.9987345 ,
         4.88444228, -17.18264849,  -3.33117337,  -0.5675062 ,
        10.66198863,   1.49928462,   9.00145051, -17.864748  ,
         4.02176462,  -4.67182224,   2.61533542,  -7.25543551,
        -5.24856055,  -1.38196707,   3.0597583 ,   5.97112754]), array([  4.72408658,   2.1982299 ,  -2.1883567 ,  -7.2036816 ,
        -4.02154248,   1.14827025,   4.92409931,   4.34064698,
         0.52323324,   1.2078328 ,  -6.71120848,  -1.55494226,
         2.93771695,   6.67257876,   0.15309651,  12.34546161,
        -2.02989368,   7.11005996,  -8.22463315,   9.50085355,
        -2.53212757,  -9.89654493,  -7.58341351,  -5.81514834,
        -2.60543903,   1.68974657,   4.97370046,  -3.12288899,
        -0.56261111,  -0.67637881,  -6.47715424,   0.74525077,
        -7.68284694,   6.27624221,   0.92064013,  -5.37623828,
        -0.32908067,  -3.82475718,  -2.28149333,   3.99036881,
       -12.64798785,  -5.56634021,   1.11327223,  -7.65927804,
        -0.45582606,   6.86545052,  -0.11522028,   5.15423225,
         5.69484511,   4.76768191,   2.68850419,   3.64859928,
        -6.34556513,  -3.3847148 ,   1.91031898,  -9.69525621,
        -6.18420152,   1.77962411,  -1.47658332,  -6.36548858,
        -5.10754345,   9.68833041,  -0.22636397,  -4.70298833,
       -10.63132038,   4.56912618,  -0.41362217,   4.56790177,
        -3.61118252,  -0.6388294 ,  -1.02618902,  -0.07369602,
         4.96211991,   5.00243988,  -7.82399049,   5.50822925,
        -1.09579468,   3.75292374,  -6.1927485 ,   1.8435429 ,
        -3.50468496,   3.91224041,   2.12413115,   4.54738992,
         4.15790481,  -9.80863088,   0.3674757 ,  -0.7989748 ,
         3.36839162,   1.44019566,   8.73227376, -11.40382461,
         6.34367507,  -2.45900229,   2.19711028,  -5.97638364,
        -3.29208933,  -0.94209367,   0.99853659,   2.3867802 ]), array([ -5.52526467e+00,  -1.40330270e+00,   1.84671047e+00,
         1.96624390e+01,   1.19365472e+01,  -5.16843615e+00,
        -1.97335419e+01,  -1.18768802e+01,  -8.58334166e+00,
         4.41994563e+00,   1.69767236e+01,  -1.74843430e+00,
        -1.81108948e+00,  -1.70232590e+01,  -1.06655424e+01,
        -1.30229036e+01,   3.37832547e+00,  -1.62689513e+01,
         1.20933152e+01,  -2.00076943e+01,   8.47795138e+00,
         2.37694908e+01,   7.15014131e+00,   1.44412179e+01,
         2.67956124e-01,  -8.88876422e+00,  -1.59045323e+00,
         1.10364387e+01,  -5.33164913e+00,  -3.48641717e+00,
         5.71022532e+00,   2.86264459e+00,   1.13167261e+01,
        -4.48641814e+00,  -7.01996751e+00,   1.17243968e+01,
        -3.86496553e+00,   6.28606804e+00,   1.06526639e+01,
        -6.11085032e+00,   2.18200962e+01,   1.60987935e+00,
         3.29782391e+00,   1.83562618e+01,   3.69767841e+00,
        -1.51772637e+01,  -2.40356838e+00,  -8.34795939e+00,
        -1.73761388e+01,  -7.31755014e+00,  -7.59090252e+00,
        -7.80399154e+00,   1.30908181e+01,   5.77183488e+00,
        -1.21655727e+00,   1.82153349e+01,   9.46640979e+00,
        -1.30444554e+01,   1.63084383e+00,   1.10565715e+00,
         1.51909573e+01,  -2.57427172e+01,   7.22985873e-01,
         4.69734038e+00,   1.63503185e+01,  -6.80451766e+00,
        -9.03973740e+00,  -5.26860184e-01,   1.61411572e+01,
         4.55063098e+00,   4.57643625e+00,   6.37845363e+00,
        -6.88227676e+00,  -8.67447698e+00,   2.61660979e+01,
        -6.27904476e+00,   3.73810160e-05,  -5.56464485e+00,
         4.67480778e+00,   2.62606800e-01,  -1.97292427e+00,
        -8.32903726e+00,  -4.55527158e+00,  -9.80467371e+00,
        -9.92964118e+00,   2.69967398e+01,   2.93456917e+00,
        -8.30516236e+00,  -1.01478002e+01,  -4.60025560e+00,
        -1.19891667e+01,   2.02051335e+01,  -1.34407178e+01,
         6.97776135e+00,   1.64647084e+00,  -1.30220871e-01,
         3.88325361e+00,   3.82542824e+00,  -1.05449231e+00,
        -7.24669934e+00]), array([  0.07319883,   1.50612492,   1.78858614,  -8.22852756,
        -5.19135002,   1.25177069,  11.26401802,   4.73637518,
         7.92759809,  -2.9657555 , -10.83604229,   2.42142919,
        -0.48224497,  10.98246681,   1.29295014,   5.58023846,
         2.62634115,   5.205453  ,  -2.01383017,  11.07618352,
        -4.38556939, -12.46119733,  -0.89837831,  -7.76831271,
        -2.54836675,   5.03535189,  -3.28708264, -10.0751761 ,
        -1.73799613,   3.54121358,  -2.60839032,  -0.5435285 ,
        -6.30486981,  -1.07828745,   0.50268678,  -8.99576081,
         2.5359264 ,  -2.1271817 ,  -4.21462128,   5.05639938,
       -14.8287695 ,  -1.25734493,   0.73556489, -11.25686159,
        -3.51851379,   7.51724918,  -1.01593383,   2.21096533,
         5.23048603,   2.88328722,   3.31383065,   3.74751743,
        -7.99023755,  -0.77867491,   3.63240381,  -4.94770909,
        -4.96551565,   5.23384917,   2.24445752,   0.85717243,
        -7.84508284,  12.42115198,  -3.90594084,  -3.30221262,
        -5.26830128,  -0.55083599,   3.81308258,   1.11521039,
        -4.75497599,  -5.55776652,  -2.63268144,  -0.58032588,
         3.99987782,   6.02707321, -11.2398552 ,   5.3567278 ,
         5.90137277,   1.22422035,  -3.51277399,  -1.37460657,
         0.49918682,   6.37875392,   2.075601  ,   1.46231514,
         7.75891843, -12.21031016,  -0.91894971,   3.96393168,
         3.47284274,   1.84778636,   4.50936615,  -6.07247775,
         3.79283498,  -1.17385396,   0.33944024,  -1.88612862,
        -2.35776667,   2.54291493,  -3.36231767,   3.80238987]), array([ -3.98739516,  -2.35781482,   0.18073065,  11.50824004,
        12.74535576,  -8.38028529, -13.14868137,  -7.9852431 ,
        -1.60450377,   0.82005019,  15.18974655,   3.1651363 ,
        -0.21465217, -12.02713764,  -9.32036044, -17.82001471,
         2.54546761, -13.0938076 ,   4.76142869, -15.39515101,
         8.85328403,  16.01012269,   7.47059471,   6.3200356 ,
        -0.83538118,  -8.15504934,  -6.3981105 ,   6.48589326,
        -3.07830992,  -1.60394161,   5.51751725,   1.41159579,
         4.64877167,  -5.65014952,  -0.95591539,   7.7026522 ,
         1.862186  ,  10.17444039,   7.91398617,  -2.26964196,
        17.69320091,   3.46189767,  -2.61350843,  11.32418985,
         0.69965399,  -9.2150709 ,  -4.23116702,  -4.09098721,
       -10.6481476 ,  -4.30212355,  -5.62578233,  -4.50983208,
        14.26136901,   1.77409448,  -1.40591628,  16.70917183,
        10.61729668,  -9.10614587,   2.85018662,   0.2952409 ,
         8.08593874, -14.33880359,  -0.12552509,   4.52115763,
        11.90011788,  -5.11262663,  -5.31720388,  -0.42988611,
         6.80202732,   4.43830439,   4.3569453 ,   0.04188122,
        -7.98688698,  -7.07655336,  15.7886545 ,  -3.9293223 ,
         0.83539055,  -2.40583376,   6.23868646,  -0.50763685,
         2.86951492,  -4.09240402,   1.1296815 ,  -4.35949608,
        -8.70697838,  21.09828345,   0.40185412,   1.3547066 ,
        -8.60429455,  -0.6375904 , -10.76800137,  13.19803873,
        -6.41997457,   4.77297059,  -1.61871983,   0.69528163,
         5.8233473 ,  -3.01389948,  -2.87143222, -10.01493201]), array([ -1.86266169,  -4.0802271 ,   0.42153814,   4.95691261,
         2.33074347,   4.68741575,  -6.66290996,  -1.99508239,
        -3.90858144,  -0.38832948,  -1.47416052,  -5.86507972,
        -4.65621206,  -6.78601884,   0.50751034,  -1.15795078,
        -2.75946371,  -7.92900984,   6.9680833 ,  -2.69940334,
         0.54785543,   8.41733961,   2.06234151,   6.66035269,
         4.44658086,  -2.17660888,   0.95139554,   4.26720019,
         1.27187184,  -1.68833878,   3.36209694,   0.03101717,
         5.66853137,   1.29802166,   0.38310837,  12.56070987,
        -2.04888133,  -0.6877322 ,   6.47229414,  -0.40330011,
         6.51412677,   5.82107365,   3.4748505 ,   5.39373545,
        -1.24308333,  -5.49598906,   2.7773566 ,  -1.20024528,
        -5.48398853,  -4.21213446,  -5.56748814,  -3.51304627,
         1.73465253,   1.96197082,  -2.99026182,   2.32268579,
         3.33130537,   0.43771316,  -2.07973146,  -1.12591091,
         4.26944077,  -9.27609276,   2.66450285,  -1.58955286,
         4.27149205,  -1.93136325,   1.60205149,  -5.1126984 ,
         5.78496766,   0.43348304,  -3.26974243,   2.33401619,
        -3.82765523,  -7.95106074,   2.8153222 ,  -4.0585423 ,
        -2.967179  ,  -3.33560267,   6.08480795,  -2.56227166,
         1.67761145,  -1.33984716,  -8.29516217,  -6.64804189,
        -5.32592596,   0.86158323,   2.67610353,  -4.25921104,
         0.73516328,  -2.45284195,  -7.56385382,   5.4367411 ,
        -4.36701004,   3.51001979,  -2.46739448,  -0.92192044,
        -0.16081986,   4.41931189,   1.20025044,   0.14733048]), array([ -0.87335167,   6.38224185,  -2.64617002,  -9.88928168,
        -8.19287354,   6.43256869,   6.67839503,   6.63420096,
         4.2135178 ,  -0.92625505,  -8.34854406,  -0.33658222,
         6.22149599,   7.777146  ,   3.31785222,  12.44200579,
         0.72764563,   9.07812431,  -8.65071293,   7.97167843,
        -7.69091322, -11.00974018,  -5.48086248,  -6.22993304,
        -1.43223439,   3.85902642,   3.16160018,  -7.78614861,
         1.29996878,   2.13755723,  -5.20010741,   0.83697665,
        -3.29331118,   0.23327186,   1.81989024,  -7.40914466,
         0.81469154,  -4.97803931,  -8.11166498,   0.48254199,
       -13.66214627,  -7.71402135,   0.5955038 ,  -9.52044604,
         1.88159107,   8.02016376,   1.29911548,   2.17972653,
         6.08811759,   6.29427356,   7.72001369,   4.24280834,
        -6.68657304,   3.57401861,   0.81964906, -11.00691042,
        -6.93035998,   4.57850498,   0.7666389 ,  -0.64618443,
        -1.99688197,   8.52616358,  -0.94226482,  -2.25183756,
        -8.61242195,   2.93229994,   1.19278182,   0.24332654,
        -9.15683757,  -3.40631556,   0.45297923,  -0.12418953,
         7.66297631,   5.95747513,  -6.81357916,   1.10955235,
         0.55348221,   2.34649752,  -3.53289832,   2.33837691,
        -2.44711575,   3.19058437,   2.88341994,   3.69222374,
         6.43850934,  -9.09537131,  -2.63853918,   0.57751089,
         6.06383924,  -0.93871375,  10.3205339 ,  -9.0858119 ,
         2.49676241,  -3.64801409,   3.19774237,  -3.19969527,
        -5.29598567,   0.25326164,   4.21512796,   5.65151858]), array([ -3.21392657,  -3.71150349,   0.63131379,  14.09280282,
         5.04584715,  -5.2193345 ,  -9.63134672,  -7.20629125,
        -4.43778427,   0.81923637,  11.29581192,  -0.82680756,
        -3.28222437,  -9.13433057,  -2.95521398, -11.19530576,
         4.51118414,  -8.08876827,   8.57018509, -10.99533164,
         6.78898746,  19.17649238,   4.51155118,   9.43004618,
         1.61800121,  -6.74354707,  -1.79744326,   9.54254371,
        -2.8441539 ,  -2.80198362,   2.78900884,   1.06716375,
         7.65939381,  -3.91989824,  -3.78255049,  11.23616882,
        -0.84244415,   4.90939888,  11.06519051,  -3.37395538,
        13.52133537,   3.11094265,  -0.38819785,  10.86161423,
         0.30891127,  -9.71917991,   0.56600409,  -5.83714317,
       -11.78496549,  -6.22338584,  -6.48243667,  -4.88040273,
         7.10126712,  -0.28864686,   0.33809615,  11.10016283,
         5.23853368,  -7.05824598,  -1.72296262,   1.62621513,
         7.04202806, -11.69450671,   0.46037273,   5.47337613,
         8.92179799,  -6.14631108,  -4.96402449,  -4.00557213,
        10.94096303,   4.81356727,   0.31641578,   4.62742338,
        -4.62163349,  -4.14081045,  13.54218057,  -0.74070989,
         2.63280286,  -5.43374345,   3.64342986,  -1.7638683 ,
         1.22980319,  -6.40239181,  -1.96976013,  -7.01016997,
        -7.4782383 ,  15.10393836,  -0.07973447,  -5.23012747,
        -7.38283693,  -5.3339957 ,  -9.04975976,  12.27796253,
        -9.35841441,   5.35543602,  -1.69173155,   2.52419315,
         0.52235443,   3.53893784,  -1.47709924,  -4.29782282]), array([-0.82443192, -1.20090515,  1.25536984,  0.46393194,  3.71509935,
       -1.06989295, -2.22073547, -2.16033069, -1.79668585,  1.65803938,
        1.46223946, -0.23313934,  1.322344  , -1.75809516, -0.74232571,
       -2.87444409, -1.6200473 , -1.44555462, -1.98575952, -5.44839273,
        0.961869  ,  0.40153327,  2.62277232,  1.58109542,  2.00334329,
        0.20238043,  2.69332976, -1.25992395, -0.36752661, -2.30888439,
       -0.20158629, -1.6856701 , -2.72868155,  0.33888539, -0.68469867,
        0.63270873, -0.54240278, -0.74383457, -1.75612723, -3.33487096,
        5.06407658,  0.17645128,  1.85189559,  2.59933682, -0.37200616,
       -0.03812744,  1.09336781, -0.66734511,  0.82596646, -1.24053679,
        1.17838395, -0.94729885,  2.96601206,  2.6223876 , -1.65937108,
        2.29714978, -0.46088603,  0.18289822,  0.99643437,  0.68000765,
        3.50063465, -5.22931636, -0.22539657, -0.39354151,  1.58016091,
        1.96551286, -4.85552947,  1.4107905 ,  0.55330809, -1.0301569 ,
       -0.71273741,  1.70606326,  0.20682075, -1.75244111,  1.02343848,
        0.83456624, -0.24149458,  3.08379203,  2.37924139,  4.59579351,
        0.39838287,  0.4747221 ,  0.81644093, -1.88235584, -0.23733527,
        3.8147098 ,  0.91345802, -0.52573999, -2.35701933,  3.71467636,
        0.99237853,  0.99717627,  0.42770881, -2.03104636,  1.25516015,
        0.50007083,  1.75501373, -2.84466933,  2.42669665,  0.45616039]), array([ -1.72201182e+00,  -2.86203501e+00,  -1.66401291e-01,
         2.70503833e+00,   2.23618343e-01,  -5.40930245e+00,
         1.09706872e+00,  -3.78991403e+00,   1.09265655e+00,
        -6.13135915e-01,   5.44607760e+00,  -3.98484478e+00,
        -1.84737957e+00,  -1.20667137e+00,  -2.22620188e+00,
        -2.57302799e+00,   7.99351946e-01,  -3.63568119e+00,
         3.30296223e+00,  -3.03355743e+00,   2.21499766e+00,
         3.54335746e+00,  -1.10134689e+00,   4.25224824e+00,
        -2.55284741e-01,  -9.55722861e-02,  -2.95458064e+00,
         4.96254542e-02,   1.37681675e+00,   7.08477141e-01,
        -2.23437028e-01,  -7.92274230e-01,  -2.43759390e+00,
        -1.96574604e+00,  -1.08182902e+00,  -2.37334674e+00,
         4.40665745e+00,  -4.51315792e-01,   3.01491645e+00,
        -3.90321974e+00,   8.88601768e-01,   3.71397999e-01,
         6.38321420e-02,   3.68846150e+00,   7.80764313e-01,
         9.00906518e-01,   5.25679026e+00,  -2.85694851e-01,
        -2.34366689e+00,  -2.63841271e+00,  -1.48914979e+00,
         1.16016458e+00,   3.26898547e+00,  -2.56470815e+00,
         2.11131991e-02,   6.77983577e+00,   8.15180233e-01,
        -3.90315805e+00,  -1.13138364e+00,   1.19513927e+00,
         7.36895968e-01,  -1.31365741e+00,  -3.46171816e+00,
        -3.20380415e+00,   3.47038578e+00,   1.35122229e+00,
        -1.71643995e+00,   2.61468313e-01,   5.12518659e+00,
        -3.74487581e+00,  -1.93162410e-01,  -1.65192017e+00,
        -1.20158720e+00,  -1.03839345e+00,   3.50455220e+00,
         5.29975390e-01,   3.70233825e-02,  -9.57624350e-02,
        -7.73666430e-01,   4.14148624e+00,  -1.66851103e+00,
        -7.95653965e-01,  -1.52191896e+00,  -3.08014237e+00,
        -7.79485500e-01,   3.73117885e+00,   1.40842581e+00,
        -9.58183336e-02,  -1.33710511e-03,   3.32095795e+00,
        -2.28908868e+00,   3.09595238e+00,  -5.67401200e-01,
        -1.72021954e-01,   8.33858410e-01,  -4.97666954e-01,
         1.64413430e+00,   8.92090629e-01,  -1.69263621e+00,
         3.37383045e+00]), array([ 5.83151583,  1.76888163, -2.62167875, -3.93670348,  0.10270794,
        2.14181555,  0.80531248,  4.61517489,  4.72936304, -0.92260692,
       -7.75878157,  3.31464241,  4.48291669,  1.67453516,  1.98108012,
        2.7738275 , -6.07648488,  6.18444789, -7.1381903 ,  7.58528317,
       -1.2195979 , -6.40855839, -2.142786  , -4.05968179, -6.62549377,
        0.95586284, -3.73410417,  1.17953978, -1.65014505, -1.534941  ,
        1.28550748,  2.04746438, -6.2254975 ,  3.32345725,  1.23767163,
       -3.05639514,  3.16701194,  0.47356705,  1.12387851,  8.65407423,
       -8.18190094, -4.62946543, -6.49712962, -2.41679225, -3.1789415 ,
        6.53508359, -7.88933779,  0.11652083,  3.26738196,  5.58236389,
        3.53742843,  3.03012036,  1.43923824,  0.27976765,  4.16750896,
       -3.61072071, -4.56852575,  3.00727832,  0.15897155, -4.47600439,
       -0.65520141,  5.94739259,  1.16029707,  2.18232409, -3.60468107,
        1.90923845,  1.38364761, -4.56147807, -2.74889421,  4.23575954,
        4.31408449, -1.90616465,  4.2437253 ,  1.9605191 , -6.73400272,
        2.55693855,  0.12585823, -1.91382632,  4.39771054, -1.48018645,
        2.74996628,  4.73092219,  6.76794992,  5.40872888,  1.71968529,
       -5.03808898, -1.86467276,  4.21036606,  0.3069718 , -2.48180983,
        4.39605708, -8.44845523,  5.57536331,  2.71824411,  3.88974104,
       -3.13987473, -4.08381938, -2.32881474, -1.19551132,  0.94409118]), array([ -6.04662504,  -5.08485715,   0.30518741,  16.94564461,
         5.34597225, -14.34880631, -13.5470623 , -11.34670597,
        -4.38806659,   0.67270139,  18.24688537,   0.30747847,
        -3.04650615, -16.0292053 ,  -6.47293523, -17.54796079,
         3.39678518, -14.54211991,   7.67653756, -19.44443566,
        11.02450973,  21.15054499,   7.67011187,  14.25454575,
         1.57652482,  -7.19583215,  -4.27713093,   9.32231921,
        -3.8854912 ,  -4.40733627,   5.47713791,   2.14622688,
         2.34960743,  -6.58911258,  -5.86886259,   7.19697801,
        -0.76712061,   7.69314429,  12.61988302,  -6.09964361,
        21.26161114,   7.11241388,  -0.30835596,  17.19429958,
        -0.15840484, -10.49090671,  -0.66595775,  -9.44831286,
       -12.1847263 ,  -8.04296195,  -7.33175219,  -3.95758262,
        14.67585738,  -1.00917327,  -1.46923418,  22.45451918,
         9.20987978, -11.22633957,  -1.61894266,   2.13509422,
        10.44103309, -17.59826469,  -1.91288798,   3.98760207,
        15.14211643,  -0.77180819,  -5.92506026,  -3.98179041,
        11.44419622,   3.04474273,   3.90520566,   1.12711651,
        -6.62070537,  -8.7603139 ,  20.04968836,  -4.47430466,
         0.68469723,  -3.94921868,   8.37944775,   2.67037424,
         1.97347115,  -5.98717918,  -0.99297673,  -9.6784271 ,
        -7.29385874,  25.10958354,   1.57116932,  -1.69962309,
       -11.64380947,  -1.72679664, -11.33803421,  18.16163424,
        -8.77916335,   7.59891111,  -1.10452199,   1.71184583,
         4.27767082,   2.50732839,  -2.83909847,  -4.05802465]), array([ -1.34585472,   4.54658641,   1.17794985,  -7.28997113,
         1.37778262,   5.94508803,   2.95423472,   3.038661  ,
         5.10910231,   1.96814742,  -2.34550135,  -2.26438219,
         3.14346428,  -1.61194361,  -2.69170326,   3.80105425,
         1.51183594,  -2.77891646,   3.57585554,   3.55635914,
        -5.20100412,  -1.55228486,  -3.15153221,   0.23509307,
        -0.80785254,  -3.09664471,   2.52771404, -12.37785729,
         4.75338286,   1.03458744,  -2.43319289,   0.60883159,
         0.31458361,  -4.00168606,  -0.52758769,   0.57179467,
         1.7198414 ,  -2.38167459,  -2.59434103,   0.17697938,
        -6.60449208,  -1.04955203,  -0.45902498,  -6.59058972,
        -0.45544014,  -0.72525808,   0.66691998,  -1.38107184,
         0.85450963,  -3.29481394,   5.31151631,   0.69261703,
        -0.76797369,   6.71034592,  -2.10936779,  -4.15490753,
        -0.73612164,   0.3972716 ,   1.91679251,   1.70244019,
         6.88648024,  -3.0954844 ,  -4.04743925,   0.17399432,
         0.83522272,  -3.43479961,  -2.22441303,  -2.13070922,
         2.76465364,  -2.21163976,  -1.585015  ,   1.93111468,
         0.86093961,  -2.11251404,  -0.96149698,  -1.40164166,
        -0.93399177,  -0.26321457,   1.76761568,  -0.83728883,
        -5.29878853,  -0.16808522,  -0.03011579,  -2.75163449,
         0.67772235,   0.8112471 ,  -3.09682673,  -2.32991351,
         2.58870973,  -4.57767507,   0.55933436,  -0.91858285,
        -5.15372131,  -4.00842245,   1.19882559,  -5.1708857 ,
         1.17731055,  -0.05778371,   4.29081357,   3.26617526]), array([ -2.11439921e+00,  -1.64440925e+00,  -1.35443731e+00,
         1.26139768e+01,   3.26125351e+00,  -6.03961206e+00,
        -1.17159831e+01,  -7.99492948e+00,  -3.17319901e+00,
         3.65335189e-01,   7.25917527e+00,  -7.40282077e-01,
        -3.89909007e+00,  -7.35433093e+00,  -3.05693389e+00,
        -1.08368705e+01,   2.86229967e+00,  -6.47174697e+00,
         9.76990432e+00,  -1.15709614e+01,   8.40020288e+00,
         1.37862037e+01,   5.20170849e+00,   8.68310822e+00,
         3.05544602e+00,  -3.08926468e+00,  -4.54384165e-01,
         7.07920993e+00,  -5.68945313e+00,  -6.65402876e+00,
         5.16142106e+00,   8.91115084e-01,   2.24039028e+00,
        -1.57582340e+00,  -5.23980223e+00,   8.88138864e-01,
        -4.83802629e-01,   3.59916829e+00,   7.53461163e+00,
        -3.49647163e+00,   1.32956283e+01,   2.74149132e+00,
         2.15813354e+00,   1.41043720e+01,   6.88618822e-03,
        -6.77909135e+00,  -3.93207313e+00,  -6.01576500e+00,
        -6.71014475e+00,  -5.45392082e+00,  -5.96257686e+00,
        -3.41274010e+00,   5.28283742e+00,   2.32788649e-02,
        -7.60718160e-01,   1.22338100e+01,   5.32344554e+00,
        -8.35834067e+00,  -1.24364666e+00,   2.62783023e+00,
         8.37970657e+00,  -1.36543931e+01,  -1.51506241e+00,
         1.34942379e+00,   1.09111136e+01,  -5.65796026e-01,
        -4.70122286e+00,  -2.24317438e-01,   8.83397138e+00,
         2.54300567e+00,   1.96219791e+00,  -3.57984745e-01,
        -4.72195093e+00,  -5.78501766e+00,   1.20953134e+01,
        -3.57921295e-01,  -1.58347953e+00,  -2.33759606e+00,
         5.20522731e+00,  -3.17643743e-01,   1.59645964e+00,
        -6.21211660e+00,   6.41852208e-01,  -6.96410226e+00,
        -5.05202469e+00,   1.65422947e+01,   6.90768198e-01,
        -2.12495866e+00,  -6.22068814e+00,  -2.13702975e+00,
        -1.03977567e+01,   8.13421910e+00,  -7.86703706e+00,
         9.77074985e+00,   1.36539666e+00,  -2.06898118e-01,
         1.92493036e+00,   6.20186429e+00,  -1.20045778e+00,
        -1.46447799e+00]), array([ -5.75805699e+00,  -1.02709542e+00,   1.43114581e-01,
        -5.03701051e-01,  -3.75593806e+00,  -2.83064268e-01,
         4.08325521e+00,   6.99360041e-01,   3.45940537e+00,
         1.83356213e+00,  -1.49857823e+00,  -5.03407094e-01,
        -1.82896115e-01,  -2.11977237e+00,   6.19021306e-01,
         2.49086617e+00,  -3.80968295e-01,  -2.77899410e+00,
         3.46419834e-01,   5.98172052e-01,  -9.47083406e-01,
        -2.62947879e+00,  -2.80595087e+00,   1.44523644e+00,
         7.96196883e-01,   2.51839391e+00,  -2.13123966e+00,
        -5.21924282e+00,   7.82932710e-01,   5.42562918e-01,
        -1.17483924e+00,  -6.73677389e-01,  -1.33717762e+00,
        -3.70928023e+00,  -5.84910634e-01,  -3.02530775e+00,
         3.85100427e-02,  -1.04363301e-01,  -3.27619846e+00,
        -1.24892236e+00,  -1.19875742e+00,   1.74193088e+00,
         7.55555598e-01,  -2.86732649e+00,   8.43485019e-01,
         4.82713435e+00,   5.85770958e+00,   3.54414087e-02,
        -2.79378339e+00,   4.43249541e+00,  -2.27889318e+00,
        -5.74231076e-02,  -2.37516282e-01,  -3.15609212e-01,
        -2.61742247e+00,   8.77765031e-01,   2.32399476e+00,
         1.07314682e-01,   2.21362194e+00,   1.24342324e+00,
        -3.19231817e+00,   6.41451983e-01,  -4.73736048e-01,
        -2.74610338e+00,  -1.52368081e+00,   3.47709274e+00,
        -1.91990124e+00,  -1.08076907e+00,  -3.34974760e+00,
        -7.02695493e+00,   7.98903899e-04,  -6.71096665e-01,
         3.11097178e-02,  -4.05363258e-01,  -1.30933937e+00,
        -3.30092141e+00,   3.92774306e+00,  -1.44872332e+00,
        -7.41007013e-01,   2.59936949e+00,   1.33119731e+00,
         3.69217325e+00,  -1.10429398e+00,  -2.62456383e+00,
         5.45785107e+00,  -1.85997042e+00,   3.07975777e+00,
         1.36522428e+00,   1.23122314e+00,   1.65766009e+00,
         7.36628271e-01,   3.60405382e-01,  -6.30045893e-01,
        -1.93911676e+00,   1.40050201e+00,  -8.07533692e-01,
        -1.13640978e+00,   1.90534070e+00,  -1.43339781e+00,
         5.58967798e+00]), array([  0.54394504,   5.43775577,   0.03573915, -17.4202571 ,
        -7.62736789,   8.28367973,  13.37184787,  14.6479668 ,
        14.30540657,  -4.67017317, -20.32797598,  -1.29510397,
         5.35885796,  11.78504007,   7.5230593 ,  14.17486718,
        -2.5078953 ,  14.19288429,  -9.71933461,  17.17384754,
       -15.98891816, -22.95139129,  -7.19786123, -13.08948233,
        -2.15713342,   7.19470162,  -4.3370644 , -17.52264843,
         5.57207866,   8.52765027,  -6.65979106,   1.20181979,
        -1.36260116,   0.86414619,   8.36045473,  -9.86343266,
         3.91703874,  -5.71137603, -14.69717538,   4.28090716,
       -18.25988924,  -4.77113399,   1.02142505, -17.4759654 ,
        -1.29512149,  14.51939515,   3.19421693,   5.2960539 ,
        13.18791674,   9.97252071,   8.33832409,   5.25329215,
        -8.51439447,   4.30329283,   1.72846843, -16.4633042 ,
        -6.15594644,  11.88682139,   2.95353585,   1.30473652,
        -8.82311038,  15.79717421,  -0.50822374,   0.419299  ,
        -7.82594456,   3.69807265,   3.67917223,   1.04932634,
       -13.03346225,  -7.829222  ,  -0.42533995,  -2.10502585,
         6.50381837,  10.37611582, -20.54943491,   5.30568134,
        -0.41559965,   4.37098904,  -3.58347601,  -1.86367691,
         0.12482566,   5.79643895,   4.46227817,   6.99300813,
        11.1576519 , -22.23525181,  -1.30715267,   9.71705677,
        13.27652542,  -0.91719695,  14.65918949, -13.47991709,
         3.20973982,  -6.22639484,   0.45022833,  -2.38991266,
        -7.6133901 ,  -0.06366286,   4.43613853,   6.98740148]), array([ -5.43496362,   1.51037702,  -0.58308695,   3.01912511,
         3.14081164,  -3.25011638,  -5.97474707,  -3.69299525,
         3.22131063,   2.71379161,  10.34682137,  -2.34308473,
         0.07472453,  -7.62498492,  -4.87822568,  -7.01791695,
         0.17430397, -10.18769909,   2.3121066 ,  -7.53225516,
         4.96831025,   8.24328971,  -1.87119439,   4.64268954,
        -2.82856901,  -5.50758835,  -4.03200438,  -2.80965034,
        -0.63271923,  -3.15443563,   3.25749859,   1.24041303,
        -2.60269208,  -8.65864583,  -2.22568104,   3.13325782,
         4.11718041,   3.24553301,   2.8878533 ,  -2.17674718,
         5.10396612,   4.84949675,  -1.83362229,   4.49993866,
         2.76509812,   1.09108306,   1.47929496,  -4.96203545,
        -9.13680586,  -0.96895718,  -0.39895994,  -0.99876242,
         9.41786278,   0.18702331,  -4.26415685,  11.43577643,
         2.30584322,  -3.62303482,   2.64232215,   0.94251466,
         4.14151949,  -5.89096688,  -1.89921574,   1.54276006,
         3.28415934,   0.28042692,  -7.8337226 ,  -4.83036783,
         5.86060893,  -2.2689096 ,   3.02844593,  -2.37873042,
        -3.3486505 ,  -2.5542439 ,   8.79333988,  -5.56985504,
         2.84926078,  -6.02243596,   5.81020411,   4.10018229,
         0.85293417,   3.57710015,  -2.14648708,  -8.57394891,
        -0.45972458,  10.45646113,   2.03819718,  -0.74096317,
        -4.83007494,   2.81096405,  -5.3844318 ,   6.79361102,
        -3.38263622,  -0.0425033 ,   5.49162759,  -5.23478339,
         0.50173813,  -0.98499569,  -0.13360362,   3.44786658]), array([ -1.42270639,   0.54103499,  -0.10611662,  -6.65283111,
        -3.75909143,   7.00515949,   7.27933875,   4.44492692,
         2.16460534,  -2.40064659,  -9.26732502,   0.6979336 ,
        -0.30611151,   3.2883958 ,   6.01701613,   9.12684418,
        -1.09937133,   3.60090398,  -4.12254352,  12.22658056,
        -6.3547536 ,  -9.83871074,  -3.02131291,  -3.62863215,
         4.15991938,   3.95025762,   2.13590519,  -4.88818685,
         3.02018634,   2.28486154,  -4.05082533,  -0.30902907,
         1.75607667,   3.13657259,   6.54017271,  -0.95528874,
        -1.74534791,  -1.19357678,  -7.78516186,   2.35202764,
        -6.53637939,   1.37232679,   4.0306899 ,  -8.34651131,
        -1.55736195,   6.02927324,   2.62468554,   2.92719657,
         3.39476563,   1.92588148,  -2.6756436 ,   2.24869968,
       -10.22037639,   1.1554272 ,  -3.31082748, -11.61792557,
        -0.46326597,   4.34227533,  -2.66639267,   2.05642877,
        -6.25268233,   6.01957541,   0.96553234,  -1.65589256,
        -5.94682571,   2.13058522,   7.19543605,  -0.2476378 ,
        -7.81005431,  -4.68251017,  -3.28232708,  -0.15618202,
         5.29377993,  -1.95309788, -11.78726109,  -1.28030706,
        -3.70202436,   2.81447851,  -2.3512768 ,  -1.31126007,
         4.47268317,   1.73049445,  -3.43726206,   1.09943472,
         4.74541022, -11.79630372,   3.3637264 ,   3.70603205,
         7.82192153,  -0.83015054,   5.92201696,  -4.77316404,
         0.73662251,  -2.80690942,  -5.30997015,   0.05367617,
        -4.06315416,  -0.88185356,   2.74937846,   1.7781849 ]), array([ -1.54550407,  -6.13777168,   1.00145684,  11.78434331,
         3.0997587 ,  -4.53906876,  -2.67770828,  -7.71442207,
        -4.64947213,   2.92886332,   6.50945387,   1.14794059,
        -4.82623333,  -4.33370207,   0.77697579,  -8.96035152,
        -0.17278366,  -5.1582687 ,   4.93222154,  -8.99218335,
         6.30135569,   7.47192662,   3.9461682 ,   3.62592728,
        -0.59429899,  -1.02957102,  -1.90105637,   5.01891058,
        -1.86396929,  -4.35247442,   4.12158507,   1.782802  ,
         4.43151569,  -1.29344049,  -3.31845107,   1.39742292,
        -4.96025671,   1.12553443,   5.5619037 ,  -6.16385225,
        13.3040965 ,   7.71816161,   0.41552012,   6.66021074,
        -0.24707372,  -4.991053  ,   2.41811496,  -3.37348705,
        -9.72835282,  -0.72632178,  -5.17953095,  -5.95519826,
         2.27741204,  -4.68663705,   2.23291236,   5.29851513,
         6.36785312,  -5.44773663,   1.25307692,  -1.80036014,
         0.34897804,  -5.35176589,   2.76487643,  -1.04583925,
         5.07520391,  -1.4839981 ,   0.0371413 ,  -0.76028809,
         7.40221932,   1.17340593,   1.4600605 ,   1.47205223,
        -3.56974095,  -0.90736591,   9.8515151 ,  -5.82028988,
         3.90809469,  -2.84808957,  -2.72089791,   0.5378312 ,
         1.35118576,  -0.90814985,   1.35934067,   0.12310275,
        -3.14452278,   6.00818057,   3.2845779 ,  -3.38211766,
        -8.94373838,   0.16037759,  -5.24946147,   9.78626742,
         0.74678168,   2.36662639,  -0.08367661,   5.83825928,
         5.19066877,   2.10208305,  -2.59606012,  -5.93365841]), array([ 1.93983553, -5.71276898,  1.49706188,  1.67920694,  2.17154068,
       -2.16644612,  0.2676286 , -0.84495629, -5.05052061, -1.62915077,
       -0.81972577,  0.07955757, -2.35611489, -1.46280866, -0.94703085,
        0.74490286, -4.14957377,  0.32559935,  1.07891469,  0.06953602,
       -1.63321418,  0.18669663,  3.20993725,  4.0124546 ,  2.95246015,
        3.04131635, -0.35479886,  4.89090141,  4.77473615,  0.4600066 ,
       -0.04554864, -0.45460321,  1.75948549,  4.15741629,  1.52695514,
        1.85409372, -3.82586381,  1.06228229, -0.79721964, -0.43355324,
        0.68825351,  1.87692904,  0.62651544,  2.30225831, -2.02186694,
       -0.94672476,  1.5222075 ,  0.98716586,  3.31317195, -5.50030273,
       -3.69198267, -0.84749585, -0.53379635, -1.88120112, -2.20381534,
        1.15319893,  3.7281534 ,  1.19585524, -1.71264315, -0.67140202,
       -1.49322007, -1.18984785,  3.69286168, -1.56340871,  0.59332693,
        0.63026691,  3.23332597,  0.94534369,  1.94940764,  1.00007047,
       -3.22462662,  0.13430499, -0.81210007, -6.04497539, -1.86153646,
       -0.27032397, -3.1657153 ,  2.42514853,  2.0531887 , -0.91287552,
       -0.33586733, -1.9752156 , -4.60188487,  2.00278998, -1.24912863,
       -1.48624485,  0.56299516,  2.09909871,  1.3885866 ,  0.53595456,
       -4.34786473,  4.13310371,  3.72434012,  0.84122656, -6.31870043,
        3.84564358,  2.50381064, -0.01706904, -1.77925216, -1.28635936]), array([-1.67611121,  1.54208528,  0.32958346, -1.14363266, -2.17593619,
       -5.21316767, -2.07358838, -1.13384685,  1.45584764, -1.26078898,
        4.17499422,  0.98322986,  3.06615795, -1.63831573, -1.10012893,
        3.23109357,  3.23330651,  4.17655373, -7.97814139, -0.30977797,
       -1.96213655, -0.17401293, -0.77188493,  0.04780491, -0.39669544,
        1.79129021, -1.53815582, -2.54652752, -1.38853932,  0.9628105 ,
       -4.36361239,  1.1525636 , -2.36811444, -1.50955962,  1.44308828,
       -1.79932913,  4.79232146,  1.74660109, -0.58139096,  0.13447428,
       -4.27076012, -5.51948369,  0.46306701, -1.27956289,  1.68212069,
        6.03549667,  2.19957208, -2.84949532, -2.1784476 ,  2.68390017,
        4.95165882,  1.42797274,  2.67802651,  3.77708252,  0.39881299,
        4.74705431, -3.46453544, -0.56393013, -5.8074883 , -0.49364928,
        1.55345719,  0.39001013, -2.17569035, -1.59179064,  1.35744836,
        2.28357039, -3.630358  , -1.05482223, -3.06643212, -3.69308471,
        2.30380202,  2.23417597,  7.91950545, -0.59052311, -0.04461378,
        2.13843068,  0.81974006,  0.38450035,  1.59064578,  5.99446996,
       -2.02633108, -0.34856212,  2.94122798, -1.76669567,  3.32871694,
        5.03736593, -2.11586095,  3.41163254, -0.53149038, -0.44623469,
        8.01872748, -0.47425672, -0.35294459, -0.58836536, -0.6802728 ,
       -2.02965293, -6.01085444, -3.06987285, -0.74300331,  4.67454153]), array([-3.41255177, -0.07495028,  2.9700093 ,  2.77529105, -2.98524273,
       -2.36433204, -3.10598995, -1.07949121, -3.69217121, -2.08245825,
        2.03882693, -3.29182874,  0.06013118, -0.5438118 , -1.45081443,
        2.45202772,  0.34955738, -4.36621005, -2.0428119 , -5.24548679,
       -3.43404735,  0.84314226,  4.08557716,  2.21211412,  6.55872359,
        1.02436304,  3.86909117, -0.24507291, -1.59009868, -1.3503587 ,
       -2.07547591,  2.81813859,  3.12398439, -1.8341516 , -4.0002675 ,
        0.4225337 , -5.45113851, -0.77977522,  2.24148974, -3.7160294 ,
        3.73208321,  2.62590467,  7.48076949,  1.2090903 , -1.1211552 ,
       -2.82566271,  3.85310837, -0.29876644, -1.06635413, -4.13236236,
       -1.75485487, -2.11295823, -1.35269792,  3.12040865, -0.42007617,
        3.72202647,  0.25346984,  0.8383122 , -2.46901773, -0.4543296 ,
        4.51154194, -5.49425195, -1.54000214, -1.70887033,  4.2759729 ,
        1.02183116,  0.23944551,  1.46819972,  1.26639133, -0.72207215,
        0.63379131,  0.19282478, -1.51359255, -1.04965751,  6.4330026 ,
        1.16172773,  1.3024943 ,  0.24524946,  4.46818572,  2.81687205,
       -3.43929859, -0.88025328, -4.98369934, -2.62445245,  1.00643937,
        5.14248133,  1.48680895, -3.26518928, -3.6074667 , -1.0436779 ,
        1.93988255,  9.90105645, -1.28522054,  0.63492075, -1.0034561 ,
        0.10270313,  0.69726482,  4.66837909,  0.35172183, -0.07428707]), array([  1.3789329 ,   1.33446957,  -0.04649781, -17.99409025,
        -9.0629915 ,   5.07555607,  14.15958829,  10.80741273,
         2.3763308 ,  -1.17610953, -14.01738552,   1.69036044,
         7.2422328 ,   8.9142696 ,   4.97915587,  16.08576609,
        -4.19889235,   9.40037294, -12.67882074,  12.86345366,
       -12.02139945, -18.29280379,  -5.45830395,  -8.39680956,
        -1.78057849,   7.74552493,   3.21523471,  -9.580914  ,
         7.1252127 ,   5.33552433,  -6.79288856,  -0.69984227,
        -4.27980235,   2.47089875,   7.18416075,  -8.39716605,
        -2.6776085 ,  -1.33397183, -10.64006842,   6.07684289,
       -17.74608993,  -4.94936051,   0.36875898, -15.51100555,
        -1.51272996,   9.33108475,   3.28068975,   6.871336  ,
        15.42270791,   4.35990406,   4.5020957 ,   7.81393681,
        -7.23352064,  -1.02099362,   0.51055281, -15.25675437,
        -6.31855912,   9.15617784,   1.1473879 ,  -1.9541393 ,
        -6.16295859,  16.18956407,   0.66112686,  -2.95258183,
       -11.64755546,   6.43960208,   7.6833952 ,   3.94146471,
       -11.40729188,  -2.08805755,  -3.05477923,  -2.40241772,
         8.02955103,   4.38690676, -15.99430128,   4.10612728,
        -1.41065675,   5.72348402,  -5.03783642,   0.02669972,
        -2.43083871,   6.37022694,   2.17482271,   9.62162315,
         9.22551825, -19.37334336,  -3.08878847,   5.71620989,
         8.12198146,   1.60745696,  13.32841569,  -9.68315071,
         8.71868453,  -6.3523335 ,  -2.56943875,   0.05364676,
        -1.30398388,  -2.94782932,   2.63793062,   2.54804828]), array([-4.16693896,  3.02234672, -0.32927539, -0.31463624,  3.25737389,
       -3.45113006, -3.25537937,  0.49777425,  8.25920587, -0.20746937,
       -0.52472247,  3.63157147,  5.22965315, -6.13319149,  0.37249804,
       -8.51876893,  3.03304968, -1.86487114, -1.70650344, -4.63797871,
       -1.87209977, -0.31419005,  2.24378584, -1.83359704, -1.66038979,
       -2.38081195, -5.94957906, -5.69174279, -2.09380424,  3.44571886,
        0.24943992, -2.00852718,  0.16988193, -7.26110935,  1.52751785,
        3.57575679,  4.359422  ,  2.23467949, -2.12552769,  2.9732754 ,
        8.43712962,  2.15843686, -3.31798965, -3.34762041, -1.72695665,
       -0.33709386, -2.02067737, -3.63754665,  0.04645963,  6.34443791,
        1.96348976, -1.53370637,  8.59054404,  5.72756877, -1.46759335,
        3.7358294 ,  1.8714286 ,  2.32860017,  5.91425233,  1.85827666,
       -0.4679341 , -3.04895052,  1.1904279 ,  2.61508655,  1.8539045 ,
       -3.75143695, -8.64346912, -4.9511104 , -3.41824122,  1.0450982 ,
        0.73940372,  0.87503738, -0.70743013,  2.47683023,  0.86416934,
       -3.13344677,  3.45748209,  0.95394017,  3.6299354 , -2.37988657,
        3.59209634,  1.14735992,  4.77152191, -1.09645196,  0.69845958,
        2.84402247, -0.80058159,  7.7838386 , -0.37367408, -5.20552566,
       -1.03853227, -0.23067467, -3.0409704 , -2.86073722,  2.75583248,
        0.21850491,  2.05596721,  1.28876985,  1.11375212, -1.89011807]), array([ 3.08143303, -2.14279186,  3.49607376,  1.72123974,  1.30625102,
       -3.77825423, -2.20833952, -1.84773994,  1.03143416,  0.18910748,
        1.47534061, -2.16336327, -0.08476144, -1.96403464,  0.17080433,
       -4.37256351, -0.96777351, -1.31957391,  0.93629137, -3.49862556,
       -1.27545965,  2.01187045,  3.60479697,  1.26856217,  1.82528746,
       -0.59142638, -0.18698773,  0.01750128, -1.78237044, -2.73462608,
        1.70128902, -0.45905958,  2.29452462, -2.6836404 , -3.08321753,
       -0.66549495,  1.68603015, -0.83690469,  5.47735492,  0.51254018,
        3.02170147,  1.75886355,  0.8789641 ,  3.50185129, -0.71028304,
       -0.37956746,  1.32197444, -0.12729713, -3.41464181,  0.96160503,
       -0.12208455, -0.87210793,  0.75571822,  2.51228579, -0.32213729,
        2.63660682, -1.82971265,  0.72472627, -2.64681334,  0.1036584 ,
        6.16556987, -2.96999447, -2.42965823, -1.88536276,  3.71441544,
       -1.37636899, -0.16077917, -1.75249272,  2.39183247,  2.79117268,
        0.41114429, -0.85736068,  1.80164372, -1.90812102,  2.7430529 ,
        1.57544961,  0.77206635, -4.01796391,  4.76300732, -1.23569527,
       -2.27029191, -3.43281978,  1.4847642 , -1.32495657, -0.2437698 ,
        5.04560357,  0.60835983,  0.34033653, -5.00024136, -3.8705044 ,
       -0.46752274,  2.23272752,  0.3004213 , -0.28264155,  0.57118739,
        1.30773889, -0.56333511,  1.89568358, -2.50927669,  2.145847  ]), array([  1.88196827,   1.77262532,   0.72951367,  -8.58264605,
         0.74171588,   8.16312202,   6.27153328,   1.43873616,
         3.57202094,   7.59825918, -11.05724212,  -2.04272469,
         2.40768498,   2.74430386,   2.11362055,  11.39834117,
         0.55437467,   3.86194558,  -3.97448076,   8.03566983,
        -6.67764824,  -5.76176021,  -2.66772088,  -4.03376253,
        -3.67224341,   0.10388145,   3.5920965 , -10.19843129,
        -2.36162749,   0.26860108,  -3.02737021,  -1.51346192,
        -0.55144122,   2.20820663,   3.79654867,  -6.56491573,
        -2.01477521,  -1.24390012,  -3.94138916,   6.03389299,
        -9.85140466,  -4.00279861,   2.30968268,  -9.76576692,
        -1.93828145,   5.68058916,  -1.92186219,   2.93707552,
         2.04603481,   5.05303702,   0.73240467,   3.1095684 ,
        -4.00680677,   5.18774042,   3.22239176, -13.32905704,
        -4.52018963,  -2.96896227,  -0.60724015,  -2.5258732 ,
         2.87064504,   5.27602206,  -4.19739467,  -7.59274096,
        -1.89400965,  -2.65018753,  -0.89304837,   4.36576367,
        -2.62374661,  -2.34802689,  -1.82339445,   2.37321081,
        11.08282636,  -0.30512914,  -5.58989907,   6.34388402,
         3.89113797,   2.72143563, -11.81375062,  -2.61352682,
        -1.36509481,   2.34154217,   7.32736751,   1.99240653,
         3.49141345,  -9.66144137,   1.5022631 ,   0.13931837,
         1.50149066,  -4.22680809,   8.04646763,  -6.33844482,
         0.28133001,  -3.75669012,   5.64929668,  -2.63151922,
        -1.39138503,   2.04179508,   4.46533836,   0.26222969]), array([  5.96500032e+00,   4.71291688e+00,  -5.79898270e+00,
        -1.60367824e+00,   6.61024399e+00,   4.70668691e+00,
        -8.49924464e-03,   1.16433551e-01,   4.95648128e+00,
        -1.68646707e-01,   2.83073014e+00,  -6.32666296e-01,
         6.32424682e-01,   3.85961548e+00,  -8.59564890e-01,
        -4.13502468e+00,   7.14073574e-01,   2.45127572e+00,
         7.66638365e+00,   2.71854135e-01,  -1.16804747e+00,
         2.49234921e+00,  -1.07421586e+00,   1.29729336e+00,
        -9.83939066e-01,  -5.41076402e+00,  -1.19467289e+00,
         3.37986021e+00,   4.69799762e+00,   3.20402699e+00,
         2.75314266e+00,  -8.63441001e-01,   2.93542386e+00,
        -7.03984593e-01,   3.35397142e+00,   2.40727868e+00,
         7.89742562e+00,   7.87288428e-01,  -1.89524395e+00,
         2.70073185e+00,  -6.53772366e-02,  -7.29919662e-01,
        -8.40838625e+00,   3.33110340e+00,   2.15137986e+00,
        -5.05335612e+00,  -7.40011227e+00,  -4.76489685e+00,
         7.10363849e+00,  -6.27809681e+00,   7.41802815e+00,
         4.51086958e-01,   2.90878242e+00,   3.17874299e+00,
        -3.24225584e+00,  -1.53557374e+00,   4.70148845e-01,
         1.46504979e+00,   4.07006546e+00,   7.10664438e+00,
         2.39664315e+00,   1.49265414e+00,  -1.18306359e+00,
         9.71531139e+00,   2.79337314e+00,  -6.83219854e+00,
        -3.58214968e+00,  -4.82394135e+00,   5.40460379e+00,
         4.19515892e+00,  -9.99992224e-01,  -3.51563372e+00,
        -5.21514300e+00,   1.43155623e+00,   1.39380397e+00,
         3.35791704e+00,  -5.46427640e+00,  -7.34564190e-02,
         4.33335642e-01,  -3.70092861e+00,  -3.51654825e+00,
        -5.91636570e+00,   1.60877418e+00,  -1.89567828e-01,
        -7.01827002e+00,   8.26893246e-01,  -3.15573795e+00,
         2.53285040e+00,   6.84887041e+00,  -4.29393906e-01,
        -6.71715570e+00,  -1.85607066e+00,  -4.48473700e+00,
        -1.23133036e+00,   3.29659436e+00,   2.26588976e-01,
        -9.77386374e-01,  -2.21095323e+00,   5.85758020e+00,
        -1.03751305e+00]), array([  0.53568276,  -1.9354712 ,  -0.72646139,   6.79562115,
         6.27466731,  -4.09957814,  -6.73342162,  -6.69711617,
        -4.79804319,   1.52258155,  11.72919777,   0.04047196,
        -1.64094253,  -5.49597333,  -4.59407541,  -5.44514537,
         1.6903646 ,  -6.40495703,   4.66858754,  -7.63345513,
         5.7141617 ,  10.99805868,   2.0152285 ,   7.2445968 ,
         1.35356064,  -5.42258197,   1.40052368,   8.33045997,
        -1.8665705 ,  -2.49188273,   2.2294554 ,   0.66857022,
         0.49694813,  -1.75148353,  -0.24192933,   4.14343295,
         0.90540876,   5.37950329,   6.67487977,  -0.0631402 ,
         6.4104874 ,   0.96546803,  -2.44228447,   8.28150022,
         0.43460336,  -7.19322208,  -3.35657626,  -4.48001591,
        -4.17292403,  -7.40468988,  -3.17317454,  -0.86308289,
         4.85445121,   1.22351499,  -3.43503173,  10.23835157,
         3.48425653,  -5.17506746,  -2.1064449 ,   0.2684558 ,
         5.84620087,  -8.39625074,  -2.20472328,   2.54356304,
         4.53445352,  -3.01214455,  -2.58563186,  -0.8485197 ,
         7.30592897,   4.46744357,   2.01520105,  -1.24697671,
        -3.33832661,  -6.06120021,  10.90840466,  -0.1291665 ,
        -3.60661979,  -1.91218888,   1.29871604,   0.85343848,
        -1.84220703,  -5.56303034,  -2.26278873,  -2.54458157,
        -6.48466097,  13.01913239,   1.45520314,  -3.15673709,
        -3.34596464,   0.43820818,  -7.4213138 ,   6.4616073 ,
        -3.42314941,   2.01675691,   0.93772779,  -1.02631966,
         1.39564119,  -1.40634183,  -0.90444034,  -3.65377262]), array([ 1.70190023,  0.13760849, -0.25529867,  1.92910119,  1.09607421,
       -0.1245817 , -2.76021428, -1.09064598, -5.73546253, -2.24706668,
       -5.0814012 ,  2.09898447, -1.10594426, -0.66555733, -2.52710576,
        4.7629775 ,  4.02972993,  4.07221079,  0.70254662, -4.35396267,
       -2.15956505, -0.70762735,  5.56201013,  1.44068726,  3.14432418,
        3.57545155,  2.22241582,  1.57693571, -4.60528071,  1.60562376,
        1.81335969, -1.96466156,  2.32271876,  3.53014415,  0.47085306,
        0.03693983, -4.53470976,  1.42691782,  0.98505927,  3.66187349,
        4.63232905, -7.49717325,  3.1267211 , -0.27674408, -0.35014696,
       -3.95654657, -5.91741237, -2.22212836, -0.90722182,  0.65249265,
       -0.236429  ,  0.64007898, -0.14594923,  8.69503122,  5.87263337,
       -0.3616288 ,  0.71979649, -1.6265444 , -2.94742877, -1.13847977,
        4.89781694, -5.16893236, -3.96028611, -2.46698726,  2.53329501,
       -2.92941189,  0.84901278,  1.75689887, -3.640749  ,  1.33295748,
       -1.8716025 ,  5.11771587,  6.61400654, -3.90941717,  1.97131297,
        3.19192437, -0.40554023,  2.28369035, -3.38243491, -1.9644552 ,
       -2.08429785, -4.85827534,  2.90506559,  2.31371987,  1.73913184,
        3.2029124 , -0.19724862, -0.39803969,  2.78802027, -6.02853646,
        4.93835881, -1.08980061, -2.31860938,  1.22639206,  2.20449057,
        1.13019108,  1.55281683,  2.66826463,  1.77443206, -3.16727062]), array([ -0.44696157,   6.83578606,   1.84701202,  -9.9970125 ,
        -7.48739201,   3.49556103,   9.19445492,   6.44361345,
         9.65774637,  -1.96340774,  -3.33484291,  -0.9309801 ,
         3.46193216,   6.54500795,   2.3558088 ,   6.88609606,
         0.8329972 ,   4.43682727,   0.08551981,  10.90504552,
       -10.80126211, -12.40256228,  -4.30739728,  -5.78397233,
        -0.77173365,   1.89956199,  -1.41715405, -10.32483605,
         7.81792068,   8.95959339,  -6.5826713 ,   0.79211715,
         3.93746726,  -4.61974777,  -0.10126984,  -7.94044351,
         1.69227836,  -5.56505246, -11.75206124,  -1.0003607 ,
       -12.21855236,   0.30382391,   1.39132884, -10.24526465,
         1.74977843,   4.53767055,   5.49708879,   4.89004155,
         8.84312689,   0.93815592,   7.48532177,   2.28178581,
        -6.93996684,  -0.15396338,  -1.4919072 ,  -8.7084182 ,
        -2.08852295,   5.50593159,   2.39696928,   6.24321521,
        -4.30766719,   9.59807738,  -1.24222997,   0.16834358,
         0.63789132,   0.25378947,   2.38377451,   1.46541116,
        -4.68604031,  -5.98765179,  -0.02150339,  -5.11413493,
        -0.63356489,   6.292353  ,  -6.50616428,   0.7972362 ,
         0.61176996,   1.28996205,  -0.30886601,  -1.03693765,
        -5.35545871,   2.26160997,  -2.19613365,   0.98095391,
         4.76087833, -11.28285886,  -3.92491594,   5.45173968,
         7.03398545,  -0.21176059,   5.9894894 ,  -0.55432307,
         1.38295045,  -6.04888279,  -1.24640305,   0.45666005,
        -0.97048288,   2.69164989,   2.45120967,   5.74922011]), array([-2.31440202,  0.89076636, -2.23677035, -3.94278131,  2.61218182,
       -3.42420073, -2.56369771,  1.65053721,  4.74779386,  1.72551382,
        4.13146608, -5.01469372,  4.34426158, -7.8360925 , -5.23991482,
       -0.14337035, -0.45469249, -3.50834867, -0.11458023, -2.4786064 ,
       -1.61395575,  2.87328358, -6.30826553,  4.26214337, -1.65075225,
       -2.98657311, -0.54987202, -6.22141192,  3.37331508,  0.99060862,
       -2.40035995,  1.97375914, -5.14594405, -3.597016  ,  2.5019098 ,
        0.48925574,  2.51725224,  4.29399849, -3.4063039 , -0.94936467,
       -1.06795862, -2.9465073 , -4.46347252, -0.0322873 ,  1.48523063,
        1.57233345,  0.4470682 , -4.26201943, -0.81342634,  0.54177836,
       -0.98306397,  3.31565551,  9.7256475 ,  2.92871614, -4.62491283,
        6.34807983,  2.76573179, -0.94086844,  0.64759316, -0.84386364,
        6.21364258, -4.09623333, -4.28818015,  2.50658532,  0.54721095,
        4.65396251, -3.18176016, -2.55393914, -1.01926877, -1.24024741,
        1.36215321, -2.3519113 , -0.82975701, -4.85489639,  3.57625343,
       -3.65550898, -5.00858545,  0.36444137,  4.36498228,  1.27093704,
       -1.02212746, -0.49654145,  0.93438042, -2.89425591,  2.81688322,
        8.38421082,  0.51006048,  2.95007397,  2.69948798, -0.79220718,
       -0.71892342, -1.20910925, -3.21746997, -2.51498302,  5.44408517,
       -7.63759292,  0.19502809, -3.07139582,  2.06125249,  3.48046873]), array([ -3.57074088,  -9.67461178,   4.64750055,  15.09589697,
        10.30564422,  -3.13037912,  -6.48622924,  -8.6837884 ,
       -10.89666304,  -1.07218077,  13.06176389,  -2.9351957 ,
       -11.19351034,  -7.13962068,  -2.00257359, -15.20293498,
        -1.91155194, -16.44229048,   5.44059062,  -9.92546398,
         8.08449073,  16.68618389,  12.00914868,  11.6110586 ,
         5.90173937,  -4.13429546,  -1.19373763,  12.30293398,
         2.39937748,  -6.90185539,   8.3881672 ,   0.67605865,
         6.53263264,   0.72263442,  -5.25078222,  11.40517759,
        -5.09453867,  -0.46521675,  11.40683632,  -9.22404802,
        20.8194212 ,  15.83332128,   6.48635923,  12.44243132,
        -2.85638965, -12.47745953,   1.04146521,  -1.16972958,
       -11.08262707, -12.77452122, -14.00158836,  -7.31402182,
         4.40323197,  -4.18160671,  -1.55451513,  12.50915202,
        10.26649322,  -2.81818315,   3.45317431,  -0.28355865,
         4.92181106, -11.23909962,   1.00331747,   1.88807448,
        10.83967554,  -5.45946467,  -1.02075617,  -1.17104054,
        14.92762097,   1.39165135,  -3.35565393,   3.22495597,
       -12.1489128 ,  -7.71129463,  14.22451919,  -0.78242554,
         2.68736954,  -3.85504382,   4.70729227,   1.83029703,
         3.73758324,  -2.99842313, -12.85006888,  -9.07651152,
        -9.84861055,  11.80182987,   8.6308898 ,  -7.58093137,
       -11.86222072,   6.07069353, -15.55974117,  21.74508715,
        -2.94335215,   2.2357501 ,  -3.92231314,   4.42309307,
         5.03526967,   0.95879931,  -1.75636363,  -3.55820835]), array([  3.58366757e+00,   3.82946348e+00,  -4.11557383e-02,
        -1.40867466e+01,  -1.01077974e+01,   1.11391888e+01,
         1.76799937e+01,   1.20226044e+01,   9.62593913e+00,
        -3.73963423e+00,  -2.05938234e+01,   2.21072119e+00,
         2.27847201e+00,   1.20080238e+01,   7.70395100e+00,
         1.71035346e+01,  -4.57872931e+00,   1.18562105e+01,
        -8.43279079e+00,   2.51617308e+01,  -1.10154859e+01,
        -2.37500514e+01,  -5.31092417e+00,  -1.11787738e+01,
         4.22724802e-01,   7.58848974e+00,  -4.10936971e-01,
        -1.06358348e+01,   3.96691901e+00,   3.48405760e+00,
        -7.34515807e+00,  -2.47242659e+00,  -6.47025873e+00,
         4.34987469e+00,   3.84711081e+00,  -1.06125977e+01,
         2.74460842e+00,  -8.55810104e+00,  -1.11906553e+01,
         6.91230354e+00,  -2.26605622e+01,  -2.55412752e+00,
         3.16397216e+00,  -1.68812953e+01,  -6.72043207e+00,
         1.51159247e+01,   2.12753272e+00,   8.77399075e+00,
         1.22863537e+01,   6.20326707e+00,   5.17812647e+00,
         4.69360424e+00,  -1.66265728e+01,   1.06830661e+00,
         2.44402969e+00,  -1.75598736e+01,  -7.58665329e+00,
         1.26072705e+01,  -1.33520209e+00,   1.76349051e-01,
        -1.18474367e+01,   1.71999431e+01,  -1.27978013e+00,
        -5.55850259e+00,  -7.49535932e+00,   4.34594792e+00,
         7.53661297e+00,   1.19342577e+00,  -1.25840559e+01,
        -7.38558334e+00,  -1.96898094e+00,  -4.85755940e+00,
         5.25946154e+00,   4.81603278e+00,  -2.34552697e+01,
         5.22644445e+00,  -7.28460946e-03,   2.50648837e+00,
         1.88952452e-01,  -2.72964184e-01,   1.62754455e+00,
         7.99476302e+00,  -2.26358157e+00,   7.05219412e+00,
         9.44585540e+00,  -2.49904915e+01,   7.07903851e-01,
         4.15088525e+00,   1.15451420e+01,   4.88137410e-01,
         1.22588816e+01,  -1.44137789e+01,   9.27429439e+00,
        -3.18975656e+00,  -9.50929242e-01,  -3.23412391e+00,
        -6.31691651e+00,   6.61201775e-01,   9.18243126e-01,
         8.35254876e+00]), array([ -0.63408357,   2.06366908,   4.76243921,   5.21123336,
        10.86853054,  -4.57401422, -10.62014708,  -4.62125408,
        -0.19331529,   0.73380533,   9.60461668,  -4.16413943,
         0.86711591,  -5.7322218 ,  -6.73837657,  -4.41729962,
        -2.73103949, -11.29492879,   8.45806743, -13.32065283,
        -2.38318655,   9.48844305,   4.23091751,   1.94369485,
        -2.62473109,  -3.9186553 ,  -3.96301558,  -1.06859228,
        -0.31291684,   3.01674113,   4.15190332,   1.64604699,
        11.8103842 ,  -5.60437347,  -0.88769023,   8.35241509,
        -0.72020093,   8.13408132,   5.52044308,   0.4566305 ,
         9.29079427,   6.30247612,  -2.2438477 ,   5.1944836 ,
         5.57315406,  -5.6264438 ,   1.37562887,  -2.94573472,
        -9.41454172,  -3.46093878,  -0.91155862,  -3.0420055 ,
         6.35937989,   3.84976561,   0.43385542,   8.61337884,
         5.5721513 ,  -4.91201724,  -1.18085436,   2.50241072,
         7.84452854,  -4.98023228,  -0.47263352,   4.47388477,
         4.47181788,  -5.28095938,  -4.5680432 ,  -2.20176981,
        10.84541324,   1.71182145,   2.2054045 ,   1.77463138,
        -5.10031302,  -1.31350984,  11.9554988 ,  -3.44919796,
         1.23169084,  -5.47116797,   4.26904984,   0.32824238,
        -6.75351705,  -0.52675197,   2.75405437,  -3.67453893,
        -2.37394054,   7.45726332,  -2.83158658,  -0.62649798,
        -5.13535142,  -5.89880829,   0.63965449,  16.20106392,
        -4.81496409,  -4.80769186,   1.05434925,   0.77821664,
         5.71745374,  -0.4647393 ,  -2.6989644 ,  -5.86281283]), array([  1.52324558,   2.60416279,  -2.50739157, -11.88538261,
        -4.94857006,   5.06827807,   6.72907694,   5.66025897,
         1.9673906 ,   3.72363365, -10.42608155,   0.4894122 ,
         1.09604036,   3.42997538,   1.09470289,  10.61785401,
        -2.54466767,   3.17971399,  -5.56272605,  13.40730029,
        -2.93177515, -13.67885933,  -9.17909556,  -4.90821509,
        -0.808679  ,   3.94450474,   2.29233436,  -5.65260241,
         3.09575846,   0.99339625,  -4.13941332,  -2.75617415,
        -6.46197403,   4.81791525,   4.04011452,  -3.34763671,
        -2.98266232,   0.70978352,  -8.73415179,   9.32089748,
       -11.34271302,  -2.25352707,  -1.15531522, -10.66357876,
        -1.14350456,   8.12371699,  -4.57123283,   4.34052206,
         7.46365325,   3.28429048,   3.28855681,   2.48974477,
        -3.21995638,  -1.37409954,  -2.3419792 , -14.36641012,
        -2.77567723,   0.09919506,   1.52135945,  -2.69480296,
        -7.15746617,   6.54429808,   2.42711126,  -2.05842256,
        -7.00718257,   4.95972682,   3.26935025,   2.72233815,
        -7.26361967,  -0.77026345,  -1.46620852,  -2.39169558,
         0.56692659,  -0.44419449, -14.8887125 ,  -0.35320064,
        -2.87833016,   3.01872378,  -4.09345102,  -1.60185013,
         0.76797149,   5.46894815,   1.01194491,   6.43858378,
         5.75548265, -14.35199797,  -2.83027923,   0.25589011,
         7.58575731,   3.05294878,   6.23594299, -13.77151264,
         6.40321502,  -1.30055785,   0.88919868,  -6.14923831,
        -1.07417421,  -3.29791488,   1.74612469,  -0.41155035]), array([ -7.56564144,  -0.86355276,   0.98001821,   8.40422393,
        -3.76244934,  -8.16878851,  -7.12063074,  -4.52563383,
        -9.82588738,  -4.04509044,  13.99721982,   1.53226089,
        -0.61010988,  -8.8261888 ,  -4.81928611, -10.3376261 ,
         3.90382922,  -3.59410584,   0.51955678, -12.90110917,
         7.90333996,   5.7103763 ,   4.37749911,  -2.3237054 ,
         6.33548485,   1.67328935,  -0.24642168,  12.53068663,
        -8.9189029 ,   2.73047881,  -3.04279926,  -0.811928  ,
         4.79525579,  -1.50071767,  -0.53439982,   6.60248117,
        -4.93234594,   9.56507787,   2.95965353,  -4.50087451,
        18.48362942,   1.74420475,   4.71110268,   9.8972404 ,
         6.72007884,  -3.97775646,  -0.64353945,  -0.64692135,
        -3.72067842,   2.89134103,  -7.26846076,   2.40161852,
         3.66609612,  -3.85456446,   3.90859301,  15.05680816,
         1.01560939,   6.0909238 ,  -3.08708682,   2.95991288,
        -6.48115375,  -1.9104495 ,   0.59401611,   4.34891053,
        -0.36075294,   2.59333192,  -2.43771208,   4.72421802,
        -8.33419736,  -2.38620417,   5.35736549,   0.37393582,
        -3.76204129,   4.43330065,   9.23201398, -12.03294013,
         2.83612557,   2.75332748,   6.92868404,   0.68520766,
         1.7351139 ,   0.13653889,  -9.98617093,  -6.04009334,
        -0.65649468,   9.0892415 ,   1.67947053,   6.40485667,
        -0.46530954,   7.67252936,  -3.47367863,   5.24147203,
        -6.97670405,   2.27759291,  -0.69218125,   0.93984941,
         3.39557556,   0.34221606,  -2.76094733,  -1.38516305]), array([ 3.30350822,  1.08249151,  1.20057344, -4.52169775,  0.22486268,
        2.83009952,  1.48935106,  3.54893376,  4.98869315, -3.99444719,
       -7.51434712, -2.27580707,  3.23299117,  1.6470262 , -0.63822398,
       -2.28739568,  0.8056342 ,  2.30676915, -5.4200907 ,  6.34592639,
       -5.72687332, -1.43187907,  3.77610369,  0.44717258, -4.6188048 ,
       -1.93992766, -1.6421828 , -6.31630667,  2.1733381 , -0.65663492,
        2.71117282,  2.42323304, -1.56164698,  2.66031249,  4.42499215,
        0.80080221,  2.16214544, -6.74775577,  2.99299276,  2.22739507,
       -5.46812091, -2.37973322,  3.46749354, -4.14563216, -1.6189911 ,
        4.134901  , -1.75307822,  2.24468665,  8.21884938,  2.65583792,
        4.34043635,  2.48656967,  2.26355178,  1.68337447,  6.70082254,
       -2.72344581, -5.6909185 ,  4.59763644,  3.11042105, -5.65704526,
        5.4189574 ,  4.68530425,  1.08469298,  1.13954547,  0.94102784,
       -1.57758473, -3.24514993, -3.60456054, -1.19396283,  1.17882007,
        2.26744035,  7.08962291,  8.05609652,  4.15664009, -3.06140263,
        1.63749897,  1.56071249,  1.86361761,  0.87557345, -2.42832373,
        0.74572823, -0.94518452,  5.94045013, -0.08355355, -4.83569294,
       -3.1395841 , -3.82415264,  2.51022214, -1.53554418, -3.45523214,
        1.71255239, -3.07071423, -0.84793846, -1.7535687 ,  3.03898641,
       -3.89287995, -6.80887289, -3.20423893,  0.5138817 , -0.59573493]), array([ 3.07499432,  3.77482532,  1.22866463, -0.58033376, -0.11759252,
       -4.34992508, -2.0476984 ,  1.62141711,  3.17927396, -1.54541248,
       -1.05617523,  0.04568739,  2.39970554,  1.44321379, -1.14681846,
       -1.88479708, -0.27433245,  5.07712425, -5.78799127, -0.67989406,
       -4.12922145, -2.64225796,  1.4960723 , -3.00330374, -2.29197167,
        0.79180122, -4.01219024, -2.4497088 ,  0.58928172,  0.72519476,
       -0.71387944,  0.32366547, -1.8466101 , -1.14714784, -1.96665465,
       -3.63994681,  5.0162629 ,  0.64735686, -0.22091629,  1.27346319,
        0.45166782, -0.42645355, -2.50718916, -1.54386099, -0.14554541,
        3.48710903, -4.90699732, -2.90809474,  3.63672912,  3.04867966,
        6.39721893,  1.54583242,  4.57902204,  3.5500688 ,  2.43165199,
        2.2751487 , -1.9398503 ,  3.59099553,  1.20464492, -2.42044439,
        0.86906635,  1.49753047, -1.38316789,  1.17451641,  2.45424625,
       -0.37142016, -5.28998021,  0.10926223,  1.14188149,  1.9533064 ,
        2.38440349, -2.70464476,  0.96899835,  4.1628019 , -0.95967017,
        4.02971473,  0.66393507, -1.13993381,  0.76576273,  0.3152281 ,
       -3.58407755, -0.08077573,  2.72995435,  1.35552681,  3.20885628,
        1.25698208, -0.90196169,  6.46336009, -0.50515283, -1.87027817,
        4.7782072 , -1.03815918,  2.00946593, -0.01391688,  3.56187634,
        0.23508018, -2.76436643, -1.21316305,  2.47741895,  2.08790734])]
