[array([ 0.15870483,  0.44515705, -0.8770892 , -0.07333419, -1.53400087,
        0.9110387 , -0.55128723,  0.90012902, -0.55764407, -0.21453488,
        0.72038192,  0.20510612, -0.02308804, -1.28806067, -0.64829254,
       -1.15541601,  0.71480072,  1.80862939,  0.47374707,  0.00909783,
       -1.02758312,  0.99178767,  0.63872504, -0.31184053,  0.03117399,
        0.90985864,  0.73842269,  0.01118453,  0.33356157, -0.15067211,
       -0.75808811,  0.51276517, -1.48439717, -0.90945685, -1.15514064,
        1.18277419, -0.47709507, -1.31808162, -0.33356118,  1.1935966 ,
        1.21143234,  0.97112566, -0.7333616 ,  1.17145026,  2.56739831,
       -0.07134424,  1.87678993,  0.82117265,  0.03302252, -0.60218769,
       -0.16032754, -0.36970371, -0.50533485, -0.62333041,  0.25612247,
        0.84464085, -0.40066111, -0.04781949,  0.98975384, -2.19957423,
       -0.17793533, -0.71758085,  0.49748996,  0.97940451, -1.26864231,
        1.73387527,  0.16850756, -0.56405121, -1.23775649, -0.12662524,
        0.28477895,  1.28396881, -1.60718179,  1.15772069, -0.42963544,
        0.40961915, -1.04148173,  0.7997489 , -0.13679287, -2.45043802,
       -0.1751865 ,  0.11925548, -0.61488652,  3.31759143,  0.38254726,
       -0.01469128,  0.52028179,  0.42243057, -1.52538693, -0.50511885,
       -1.0500102 , -1.17527854, -1.11582291,  1.90289164, -0.12154187,
       -2.14409328,  0.14983049,  0.18292955, -0.60945576,  1.42548037], dtype=float32), array([  1.33209884e-01,   4.39444155e-01,  -8.01419914e-01,
        -5.62426783e-02,  -1.52601326e+00,   9.19381022e-01,
        -5.84923863e-01,   8.79510522e-01,  -5.75323939e-01,
        -2.85924494e-01,   7.23466992e-01,   2.18744546e-01,
         1.07564137e-03,  -1.28769195e+00,  -5.90350747e-01,
        -1.17053938e+00,   6.88170016e-01,   1.78613365e+00,
         5.13946772e-01,  -4.57060244e-03,  -9.13685203e-01,
         9.83673751e-01,   5.43846250e-01,  -3.25907409e-01,
         7.49912560e-02,   9.92194355e-01,   7.65920341e-01,
         5.77551685e-02,   2.81537712e-01,  -1.09106019e-01,
        -7.89195538e-01,   4.39730197e-01,  -1.46013403e+00,
        -9.36780632e-01,  -1.14144158e+00,   1.17588186e+00,
        -4.99287069e-01,  -1.29183984e+00,  -3.07240814e-01,
         1.23206604e+00,   1.27167654e+00,   1.02521384e+00,
        -6.73787177e-01,   1.13098574e+00,   2.55801487e+00,
        -1.06690913e-01,   1.86910701e+00,   8.17945063e-01,
         5.45130856e-03,  -5.65171182e-01,  -1.28969938e-01,
        -4.13456768e-01,  -4.89198804e-01,  -6.38243914e-01,
         2.32614845e-01,   8.84159505e-01,  -3.96143615e-01,
        -8.29342008e-02,   1.03079295e+00,  -2.16731286e+00,
        -2.33526275e-01,  -7.08483100e-01,   5.62926352e-01,
         9.35302496e-01,  -1.24115300e+00,   1.61815596e+00,
         1.60843119e-01,  -5.57956159e-01,  -1.24928844e+00,
        -9.97497737e-02,   3.06150049e-01,   1.31285775e+00,
        -1.62659061e+00,   1.13711989e+00,  -4.63488549e-01,
         3.73209864e-01,  -1.04681528e+00,   7.81373322e-01,
        -8.52696225e-02,  -2.42652965e+00,  -1.37658089e-01,
         9.99943614e-02,  -5.96904457e-01,   3.23919940e+00,
         4.31071490e-01,  -5.35941087e-02,   5.17394602e-01,
         3.65616262e-01,  -1.54250097e+00,  -4.44113255e-01,
        -1.05444741e+00,  -1.15875018e+00,  -1.12424135e+00,
         1.95987177e+00,  -1.41937628e-01,  -2.11232018e+00,
         6.59856647e-02,   1.73948005e-01,  -6.36244595e-01,
         1.34342861e+00], dtype=float32), array([ 0.2002559 ,  0.61242199, -0.94536674, -0.02616925, -1.6051482 ,
        0.75961536, -0.5055778 ,  0.75055289, -0.47598442, -0.43531182,
        0.64125925,  0.01642614, -0.0510134 , -1.31929934, -0.51412594,
       -0.96503347,  0.65418375,  1.81977952,  0.34188962, -0.01262717,
       -0.88123727,  0.84176183,  0.46004337, -0.31030595,  0.09011932,
        0.84551591,  0.91132438,  0.04090369,  0.29282486, -0.14052433,
       -0.90534425,  0.34494117, -1.59122562, -0.85207838, -1.12524545,
        1.21449602, -0.70264959, -1.36868405, -0.3461301 ,  1.17099106,
        1.33253419,  1.10192811, -0.60356569,  1.22956026,  2.50805759,
       -0.14607064,  1.87045813,  0.94064754,  0.05337883, -0.53082418,
       -0.05594156, -0.43113887, -0.44519377, -0.58370864,  0.37769046,
        0.90554494, -0.27031976, -0.11433171,  1.08118367, -2.22701931,
       -0.06197483, -0.72637248,  0.48413765,  0.93437237, -1.18721092,
        1.5526036 ,  0.07001006, -0.52979213, -1.31480336, -0.30517244,
        0.27890116,  1.37194753, -1.40953386,  1.09154689, -0.51508385,
        0.40416074, -1.07942343,  0.78459924, -0.13809325, -2.44812226,
       -0.17062499,  0.03960767, -0.5586744 ,  3.34546041,  0.31356126,
        0.04651018,  0.48769245,  0.28280035, -1.58812094, -0.41702956,
       -1.08798516, -1.01052999, -0.8352285 ,  1.90556467, -0.07770194,
       -2.11209321,  0.26877403,  0.07090718, -0.57325822,  1.49057972], dtype=float32), array([ 0.2762278 ,  0.73513716, -0.97487289, -0.01796124, -1.57370615,
        0.75339687, -0.60202837,  0.72673362, -0.5673033 , -0.47087744,
        0.59152502, -0.09078909, -0.06557   , -1.34177995, -0.50887859,
       -0.94857937,  0.60396254,  1.85280037,  0.20312199,  0.0196366 ,
       -0.79584467,  0.83485132,  0.29898995, -0.27857113,  0.12003633,
        0.87432152,  0.91633809,  0.05902279,  0.24214877, -0.16106625,
       -0.96979564,  0.29421604, -1.62390625, -0.93994498, -1.12844646,
        1.14842045, -0.7992146 , -1.33250344, -0.30387178,  1.22177029,
        1.40242136,  1.15653074, -0.54914254,  1.23990405,  2.44586849,
       -0.20110123,  1.82793045,  0.90775788, -0.0261337 , -0.53144944,
       -0.08679942, -0.36006537, -0.40447813, -0.52648187,  0.41717571,
        0.94324249, -0.27853858, -0.14894958,  1.21136796, -2.20890117,
       -0.0334085 , -0.66079271,  0.63046384,  0.93203998, -1.14019704,
        1.42677081,  0.03778774, -0.52915525, -1.38914514, -0.30323786,
        0.31031799,  1.41088808, -1.3019917 ,  1.24406755, -0.56082219,
        0.45350361, -1.04851902,  0.83525592, -0.16450192, -2.36262417,
       -0.13449016,  0.05550702, -0.63417786,  3.34886551,  0.29052588,
        0.25239182,  0.41608059,  0.20516659, -1.62414658, -0.39885747,
       -1.09656608, -0.96372527, -0.66179007,  1.86430526, -0.14912654,
       -2.21244693,  0.19790064,  0.06042291, -0.55595106,  1.44610822], dtype=float32), array([ 0.33702248,  0.70233035, -1.00575721, -0.01702937, -1.67084682,
        0.6973871 , -0.60853785,  0.61300647, -0.64223719, -0.52279168,
        0.57619458, -0.15670598, -0.13031209, -1.39228332, -0.46881863,
       -0.86180848,  0.52892154,  2.00018096,  0.25209239,  0.02095198,
       -0.80821031,  0.77069449,  0.23753923, -0.21544054,  0.13309772,
        0.91807562,  0.94954151,  0.01330109,  0.25616771, -0.11350431,
       -0.92003566,  0.26469991, -1.66684616, -0.96291184, -1.13355088,
        1.13883376, -0.91271287, -1.36909437, -0.38659701,  1.27030659,
        1.38020527,  1.22281063, -0.49940053,  1.23976028,  2.44079804,
       -0.14217146,  1.77795935,  0.80773908, -0.09582303, -0.45015386,
       -0.05543488, -0.38305378, -0.28668508, -0.40751281,  0.44471732,
        0.95511353, -0.28162667, -0.03366603,  1.25989652, -2.13529587,
        0.04643924, -0.66561019,  0.55566287,  0.94181645, -1.1356864 ,
        1.3119967 , -0.03964289, -0.48047346, -1.36740792, -0.4021526 ,
        0.41884375,  1.45824981, -1.25898612,  1.17548656, -0.59643817,
        0.46286747, -1.02683794,  0.78356409, -0.20615181, -2.2847023 ,
       -0.16619763,  0.06395856, -0.64783198,  3.40712857,  0.30060184,
        0.1949365 ,  0.36172029,  0.26065463, -1.66461909, -0.37039009,
       -1.04099071, -0.82959181, -0.62650746,  1.86540139, -0.17833893,
       -2.2411716 ,  0.2635015 ,  0.03473764, -0.6256308 ,  1.47530293], dtype=float32), array([  2.69424796e-01,   6.52910590e-01,  -8.15408528e-01,
         1.97861921e-02,  -1.67432034e+00,   7.19627619e-01,
        -6.36636078e-01,   5.74965715e-01,  -6.22241914e-01,
        -6.22611761e-01,   6.55005336e-01,  -1.50153309e-01,
        -2.72772252e-03,  -1.40192533e+00,  -3.68206203e-01,
        -9.69982147e-01,   4.52670187e-01,   1.89966905e+00,
         3.18672985e-01,  -3.16537060e-02,  -6.48201942e-01,
         7.50775516e-01,   1.83891281e-01,  -2.78773338e-01,
         1.58416852e-01,   9.65499163e-01,   9.89009380e-01,
         3.64494286e-02,   2.15300798e-01,  -9.50300172e-02,
        -1.04042983e+00,   1.67163908e-01,  -1.68981075e+00,
        -9.55478072e-01,  -1.14236701e+00,   1.19333065e+00,
        -9.54391956e-01,  -1.43199325e+00,  -2.75339276e-01,
         1.25870371e+00,   1.43647528e+00,   1.20815599e+00,
        -5.14247715e-01,   1.33549511e+00,   2.43245649e+00,
        -2.04180732e-01,   1.72195554e+00,   8.50559592e-01,
        -1.38113961e-01,  -3.78581077e-01,   4.71530184e-02,
        -4.82138962e-01,  -3.59496146e-01,  -4.35785204e-01,
         4.26113814e-01,   1.10813856e+00,  -2.73516059e-01,
        -6.54123947e-02,   1.24200177e+00,  -2.18173003e+00,
        -1.58018306e-01,  -6.62399530e-01,   6.39078557e-01,
         8.74169648e-01,  -9.71910298e-01,   1.35888660e+00,
        -2.14656931e-03,  -5.45907974e-01,  -1.40187347e+00,
        -3.29603732e-01,   3.62716407e-01,   1.51023960e+00,
        -1.33573580e+00,   1.19391882e+00,  -5.32978296e-01,
         2.94687539e-01,  -1.06513834e+00,   8.71456146e-01,
        -1.51165530e-01,  -2.27181602e+00,  -2.26805478e-01,
        -2.88409684e-02,  -6.17783070e-01,   3.24255466e+00,
         4.56448317e-01,   1.99495420e-01,   4.32695717e-01,
         2.57333517e-01,  -1.53619778e+00,  -3.75672311e-01,
        -1.14457929e+00,  -8.88553083e-01,  -7.04592407e-01,
         1.95237005e+00,  -2.24011704e-01,  -2.12890959e+00,
         1.77875429e-01,   1.38131365e-01,  -6.23433828e-01,
         1.51712227e+00], dtype=float32), array([  2.20159605e-01,   6.42319381e-01,  -8.47464621e-01,
         6.24615848e-02,  -1.70283949e+00,   7.13938475e-01,
        -6.50921285e-01,   5.89832067e-01,  -6.39990032e-01,
        -6.19931042e-01,   6.27899110e-01,  -1.62069008e-01,
        -3.79784033e-02,  -1.37991083e+00,  -3.54672134e-01,
        -9.51952755e-01,   4.27351564e-01,   1.93554580e+00,
         3.55968267e-01,  -3.85373011e-02,  -6.69826746e-01,
         7.53884852e-01,   1.80355415e-01,  -2.55542189e-01,
         1.65270984e-01,   9.51958835e-01,   1.00810385e+00,
         5.31836995e-04,   2.03832954e-01,  -1.21359855e-01,
        -1.02769041e+00,   1.73537374e-01,  -1.68002212e+00,
        -9.52234745e-01,  -1.14758623e+00,   1.13757336e+00,
        -9.24124002e-01,  -1.44182026e+00,  -2.54231125e-01,
         1.30428016e+00,   1.44465554e+00,   1.22650075e+00,
        -4.59108859e-01,   1.30060565e+00,   2.41656637e+00,
        -1.94879338e-01,   1.76344025e+00,   8.25186193e-01,
        -1.55843318e-01,  -3.75772268e-01,   6.81824982e-02,
        -4.75669712e-01,  -3.53697509e-01,  -3.94527853e-01,
         4.28151429e-01,   1.09816492e+00,  -2.63237834e-01,
        -6.45742118e-02,   1.25053132e+00,  -2.17241788e+00,
        -1.43818960e-01,  -6.49462163e-01,   6.35956645e-01,
         8.45406890e-01,  -9.68789339e-01,   1.35830379e+00,
        -4.23574267e-04,  -5.28896689e-01,  -1.37242889e+00,
        -3.45160007e-01,   3.83820742e-01,   1.52270496e+00,
        -1.32130063e+00,   1.17353630e+00,  -5.33542275e-01,
         3.16396236e-01,  -1.07980812e+00,   8.53769124e-01,
        -1.50613174e-01,  -2.27077365e+00,  -2.03500018e-01,
        -2.37501245e-02,  -5.89757502e-01,   3.25782490e+00,
         4.27213937e-01,   1.75925672e-01,   4.25050467e-01,
         2.49290138e-01,  -1.54389989e+00,  -3.93844426e-01,
        -1.15510654e+00,  -9.10433054e-01,  -7.29074717e-01,
         1.96112454e+00,  -1.87831700e-01,  -2.14306307e+00,
         1.68117985e-01,   1.27166927e-01,  -6.62406385e-01,
         1.51971829e+00], dtype=float32), array([ 0.1791123 ,  0.6498059 , -0.85308588,  0.0794377 , -1.68491101,
        0.69466668, -0.64581239,  0.59116513, -0.66806608, -0.64677978,
        0.63895458, -0.16473345, -0.02588142, -1.35030007, -0.32221398,
       -0.91144776,  0.42515492,  1.94526696,  0.34807473, -0.03430689,
       -0.66640145,  0.73807305,  0.1732136 , -0.21855406,  0.18192641,
        0.98435038,  1.01422358,  0.04460301,  0.21762235, -0.1006074 ,
       -1.04859853,  0.19048005, -1.71553957, -0.92629313, -1.14604855,
        1.13654077, -0.95747656, -1.44000554, -0.29992303,  1.3509078 ,
        1.43086481,  1.21872914, -0.45088562,  1.32222998,  2.37545443,
       -0.19756186,  1.80899012,  0.80029809, -0.12169004, -0.40050355,
        0.06041377, -0.48648164, -0.33937296, -0.43311229,  0.39759669,
        1.11042631, -0.26455492, -0.05341216,  1.21114671, -2.18852711,
       -0.13271928, -0.63380939,  0.58526009,  0.83124566, -0.97363025,
        1.34300113, -0.01243971, -0.53880978, -1.38287568, -0.33732307,
        0.40853894,  1.54718792, -1.34476924,  1.22088397, -0.50910813,
        0.33442703, -1.08733499,  0.79817152, -0.17929149, -2.31160665,
       -0.21150826,  0.00684229, -0.60406154,  3.24845338,  0.43628055,
        0.18731886,  0.39220324,  0.26238254, -1.56248283, -0.3932395 ,
       -1.12905633, -0.88081121, -0.7176162 ,  1.98350906, -0.15220059,
       -2.08254337,  0.11306312,  0.11069097, -0.66437596,  1.47551167], dtype=float32), array([ 0.22995339,  0.62591821, -0.85778481,  0.09103961, -1.71483123,
        0.65416819, -0.66837847,  0.55688739, -0.63691878, -0.61217576,
        0.68788284, -0.13412103,  0.01270786, -1.38112116, -0.29352233,
       -0.9597652 ,  0.43480149,  1.89571285,  0.36659941, -0.02725109,
       -0.71377939,  0.73754728,  0.12710784, -0.21707869,  0.16525188,
        1.02427757,  1.01252294,  0.06831061,  0.23716313, -0.1141754 ,
       -1.04884934,  0.23406422, -1.73428977, -0.93875885, -1.13605297,
        1.15665233, -1.02294683, -1.42084312, -0.26871094,  1.36903322,
        1.35110307,  1.28190482, -0.48913053,  1.33372688,  2.38792992,
       -0.19919112,  1.78479671,  0.73391718, -0.11259853, -0.39238688,
        0.07876536, -0.54541183, -0.33817753, -0.43981081,  0.35222626,
        1.05821979, -0.25009122, -0.03699571,  1.1960113 , -2.17585588,
       -0.10486566, -0.60386157,  0.52871412,  0.87221444, -0.9265613 ,
        1.3395164 , -0.01615465, -0.53879851, -1.39030206, -0.2763685 ,
        0.40268984,  1.53556049, -1.32990468,  1.22082484, -0.4993504 ,
        0.3131963 , -1.10963082,  0.80847228, -0.19724993, -2.32196069,
       -0.14906543,  0.01533832, -0.62389827,  3.24253559,  0.48178655,
        0.19784094,  0.43796372,  0.25643983, -1.50099349, -0.38399297,
       -1.14987862, -0.92696822, -0.75264561,  2.00235581, -0.17831683,
       -2.03900194,  0.06262539,  0.10983491, -0.6894682 ,  1.51613057], dtype=float32), array([  1.99891254e-01,   6.03881598e-01,  -8.88957202e-01,
         7.93590844e-02,  -1.71911585e+00,   6.71056986e-01,
        -6.87589109e-01,   5.68110108e-01,  -6.90478206e-01,
        -5.97592354e-01,   6.41553819e-01,  -1.90583155e-01,
         1.10997535e-01,  -1.38566184e+00,  -2.25901231e-01,
        -8.46894801e-01,   3.83626789e-01,   1.95752335e+00,
         3.86404604e-01,  -5.69069982e-02,  -7.29182184e-01,
         6.99734092e-01,   1.77951798e-01,  -1.89932510e-01,
         1.68434396e-01,   9.75591898e-01,   9.98811245e-01,
         8.54382589e-02,   2.96794921e-01,  -1.33643225e-01,
        -1.03489006e+00,   2.86986321e-01,  -1.74601245e+00,
        -9.28679407e-01,  -1.18222487e+00,   1.04060745e+00,
        -9.81301248e-01,  -1.41848302e+00,  -2.93102741e-01,
         1.48260248e+00,   1.32222235e+00,   1.24013507e+00,
        -4.35423106e-01,   1.29890621e+00,   2.34637833e+00,
        -2.05766246e-01,   1.82305562e+00,   6.78870976e-01,
        -4.76723202e-02,  -4.65588450e-01,   8.07850733e-02,
        -5.03437519e-01,  -3.14823240e-01,  -4.36248451e-01,
         3.36154044e-01,   1.05653811e+00,  -2.54296243e-01,
         2.44070264e-03,   1.20249569e+00,  -2.12263250e+00,
        -1.99213326e-01,  -6.32396579e-01,   4.90659416e-01,
         8.87205780e-01,  -9.52467382e-01,   1.35607433e+00,
         7.37608504e-03,  -5.35692990e-01,  -1.37018287e+00,
        -2.51619369e-01,   3.88397723e-01,   1.49407339e+00,
        -1.37954819e+00,   1.23366725e+00,  -4.92278188e-01,
         3.04720551e-01,  -1.13298059e+00,   7.83966660e-01,
        -2.44646922e-01,  -2.38611650e+00,  -1.83116108e-01,
         4.64001559e-02,  -5.79994023e-01,   3.30457592e+00,
         5.49856782e-01,   1.25511676e-01,   4.57654595e-01,
         3.17325622e-01,  -1.52470660e+00,  -3.98187011e-01,
        -1.08524370e+00,  -9.45670009e-01,  -7.34858632e-01,
         1.98342824e+00,  -9.68626216e-02,  -2.00697279e+00,
         4.57240827e-03,   5.01476601e-02,  -6.66446686e-01,
         1.52326608e+00], dtype=float32), array([ 0.21787624,  0.61101967, -0.90393704,  0.0839169 , -1.68556905,
        0.65180767, -0.67223328,  0.56780469, -0.68888271, -0.61137187,
        0.62170285, -0.20952845,  0.12377602, -1.38079047, -0.22444569,
       -0.84527028,  0.37147442,  1.97941756,  0.36693659, -0.05222647,
       -0.74419522,  0.68999857,  0.18106483, -0.18690781,  0.1702279 ,
        0.9597742 ,  1.00633955,  0.10841997,  0.30273521, -0.12346413,
       -1.0424329 ,  0.29864606, -1.77273881, -0.91328973, -1.20042253,
        1.03928638, -0.99260604, -1.42430377, -0.32944834,  1.4831171 ,
        1.31920362,  1.23574817, -0.4410997 ,  1.30128217,  2.33596826,
       -0.21205805,  1.8151989 ,  0.66250104, -0.01917201, -0.48811135,
        0.05760799, -0.49954784, -0.3123849 , -0.44333056,  0.3417508 ,
        1.04819584, -0.25769639, -0.00766201,  1.19514942, -2.11895037,
       -0.21515007, -0.62496096,  0.49582526,  0.9030239 , -0.95661378,
        1.35168457, -0.00338232, -0.51139188, -1.37396562, -0.24986951,
        0.40372515,  1.50671327, -1.38158607,  1.26056099, -0.47019067,
        0.33257899, -1.14286339,  0.77173227, -0.2610507 , -2.37974238,
       -0.17559612,  0.04230312, -0.59638304,  3.30518675,  0.54759091,
        0.13923568,  0.46098098,  0.32470623, -1.52181745, -0.4043259 ,
       -1.08083868, -0.93933439, -0.70419788,  1.96958828, -0.07714892,
       -2.00214314,  0.02687059,  0.03559441, -0.67705047,  1.52783144], dtype=float32), array([ 0.20770624,  0.59326941, -0.90173   ,  0.10522211, -1.71318293,
        0.66080666, -0.68189931,  0.54837567, -0.69321871, -0.633434  ,
        0.63787353, -0.23043108,  0.15350719, -1.37637913, -0.19745982,
       -0.86053461,  0.37329382,  1.94174218,  0.40769541, -0.07859907,
       -0.71940911,  0.71812892,  0.16984279, -0.19028373,  0.1626154 ,
        0.98342484,  1.0074023 ,  0.11114694,  0.28022707, -0.10979041,
       -1.04910564,  0.28327876, -1.77136886, -0.90960079, -1.18786037,
        1.05445755, -0.97104818, -1.42394233, -0.28632951,  1.45460284,
        1.33061481,  1.24475753, -0.42949876,  1.29190612,  2.37222409,
       -0.21285148,  1.81400788,  0.68829364, -0.03223075, -0.46009299,
        0.07609293, -0.51437205, -0.33352074, -0.4546096 ,  0.35211569,
        1.08951545, -0.23537382, -0.04224498,  1.17952347, -2.13765883,
       -0.24870704, -0.62621021,  0.51440829,  0.88405836, -0.92080832,
        1.32584429, -0.01698448, -0.52141917, -1.4030931 , -0.21108192,
        0.42025784,  1.47505736, -1.40359187,  1.24423575, -0.47747716,
        0.28645343, -1.13903582,  0.7863754 , -0.23643166, -2.378088  ,
       -0.15216717,  0.02165147, -0.60519409,  3.27109981,  0.59721166,
        0.14757015,  0.48406875,  0.30186731, -1.49162364, -0.38291997,
       -1.1056416 , -0.92580014, -0.72491336,  1.98880613, -0.11309861,
       -1.99930429, -0.00328495,  0.03399633, -0.68012303,  1.52842748], dtype=float32), array([ 0.20226686,  0.59778941, -0.92975396,  0.0937497 , -1.69542861,
        0.6665383 , -0.67720264,  0.56589574, -0.67962545, -0.64717865,
        0.66771603, -0.2170244 ,  0.14212918, -1.37516797, -0.23190127,
       -0.8776083 ,  0.3893494 ,  1.96194386,  0.39421001, -0.07958088,
       -0.70489365,  0.74068695,  0.14850949, -0.19680858,  0.15638889,
        0.98313922,  1.03592169,  0.11377268,  0.25922424, -0.10849713,
       -1.03464448,  0.26106477, -1.74598658, -0.93574739, -1.19573116,
        1.05843997, -0.96930879, -1.40834212, -0.27551478,  1.45678651,
        1.35716355,  1.24336815, -0.43885794,  1.3262161 ,  2.37617779,
       -0.20014144,  1.78529274,  0.71383446, -0.03362843, -0.46685591,
        0.07071   , -0.52949399, -0.30334091, -0.48596895,  0.3366735 ,
        1.10127735, -0.22071044, -0.05724321,  1.19256949, -2.15872216,
       -0.21785598, -0.59635103,  0.52318478,  0.87513423, -0.91542697,
        1.28561342, -0.0485313 , -0.50896406, -1.4105041 , -0.24064936,
        0.42696279,  1.46780336, -1.40035808,  1.25028777, -0.48832962,
        0.28176856, -1.13893902,  0.79737538, -0.22169775, -2.35535836,
       -0.16221486,  0.03210501, -0.62330633,  3.2684989 ,  0.55882037,
        0.15651499,  0.48109487,  0.30823046, -1.48910832, -0.40631372,
       -1.08758116, -0.91144729, -0.71589124,  1.98956299, -0.13608024,
       -2.00079608,  0.00330501,  0.01910523, -0.68063557,  1.51307726], dtype=float32), array([ 0.19743194,  0.59477532, -0.92721224,  0.08613762, -1.69665921,
        0.67179382, -0.67451835,  0.56770468, -0.67631704, -0.65734345,
        0.67392564, -0.20862836,  0.1396217 , -1.36957443, -0.2266487 ,
       -0.88109493,  0.39465731,  1.96308494,  0.39253163, -0.0794031 ,
       -0.6888994 ,  0.74064422,  0.13911045, -0.1954803 ,  0.1646264 ,
        0.99070758,  1.04193556,  0.12259986,  0.25438058, -0.10868943,
       -1.03804159,  0.25890753, -1.73643494, -0.94038415, -1.19868851,
        1.05722189, -0.96944648, -1.40222001, -0.27512625,  1.46127677,
        1.3688606 ,  1.24766922, -0.43787837,  1.33654869,  2.3709209 ,
       -0.20287322,  1.77933133,  0.72347152, -0.03557654, -0.47241831,
        0.07465949, -0.53757656, -0.29576761, -0.49522889,  0.3317641 ,
        1.10491824, -0.22483151, -0.06058852,  1.19251621, -2.15288901,
       -0.22098954, -0.59569442,  0.53096294,  0.87032431, -0.92138863,
        1.27771246, -0.04927253, -0.51483744, -1.40771282, -0.24452414,
        0.42678681,  1.46578026, -1.40083015,  1.25280225, -0.49235728,
        0.28004792, -1.14667559,  0.79546529, -0.22104101, -2.35774851,
       -0.16252007,  0.03179305, -0.62333453,  3.26123071,  0.55470729,
        0.15313865,  0.47843885,  0.29504532, -1.4904474 , -0.40083501,
       -1.08612072, -0.91067255, -0.71430546,  1.99732602, -0.13388218,
       -1.99929619, -0.00773996,  0.02284292, -0.67889661,  1.50942123], dtype=float32), array([ 0.2037762 ,  0.60161507, -0.93314719,  0.08964827, -1.69737017,
        0.67476881, -0.67690283,  0.56721979, -0.67525393, -0.65589446,
        0.67374521, -0.20767486,  0.13776723, -1.36477518, -0.23591989,
       -0.88105518,  0.3954182 ,  1.96196878,  0.39095041, -0.07749618,
       -0.68551594,  0.73876196,  0.13595548, -0.19930246,  0.16433614,
        0.99421149,  1.04282331,  0.12622197,  0.25224501, -0.10912753,
       -1.0353533 ,  0.25863257, -1.7375927 , -0.93849325, -1.19360495,
        1.05897737, -0.97237009, -1.40410936, -0.28048345,  1.45699787,
        1.36893427,  1.2444272 , -0.44039536,  1.33506644,  2.37159705,
       -0.19841683,  1.78066611,  0.72594488, -0.03709341, -0.47242773,
        0.0697543 , -0.53729641, -0.29261371, -0.48967656,  0.3334443 ,
        1.10140765, -0.22115053, -0.06290578,  1.19589436, -2.15771723,
       -0.21985094, -0.59771043,  0.53341258,  0.87287098, -0.92541736,
        1.27257693, -0.05509883, -0.51132083, -1.41058767, -0.24793482,
        0.43122682,  1.4657228 , -1.40219963,  1.24843097, -0.49255031,
        0.28099114, -1.14513016,  0.79740149, -0.21947135, -2.35493374,
       -0.15993944,  0.03191153, -0.62176001,  3.26242208,  0.55263716,
        0.15590402,  0.48186129,  0.29704088, -1.48782372, -0.3983694 ,
       -1.08464253, -0.90927774, -0.7157535 ,  1.99941444, -0.13753746,
       -2.00303864, -0.00881029,  0.01977072, -0.68073875,  1.5042603 ], dtype=float32), array([ 0.22287239,  0.61135405, -0.97281379,  0.12678219, -1.69678926,
        0.65664518, -0.66774881,  0.54563171, -0.67814481, -0.65451092,
        0.66464889, -0.22474617,  0.16613087, -1.35803688, -0.2229442 ,
       -0.86403394,  0.39949214,  1.98333693,  0.37099034, -0.0672342 ,
       -0.69979101,  0.72590214,  0.14617546, -0.17472084,  0.19362293,
        0.98696035,  1.04967618,  0.1710436 ,  0.2542263 , -0.09059964,
       -1.0431577 ,  0.27094308, -1.76081407, -0.92190021, -1.21161008,
        1.04329813, -0.99180025, -1.41377592, -0.30647072,  1.46819949,
        1.33848441,  1.23822427, -0.43662244,  1.35137129,  2.3510468 ,
       -0.20848866,  1.77537227,  0.71433562, -0.03012264, -0.50476307,
        0.07325713, -0.53799224, -0.28923813, -0.50342703,  0.33691326,
        1.09609318, -0.21600379, -0.05727569,  1.17771041, -2.14598942,
       -0.20844281, -0.58658606,  0.48265174,  0.89514786, -0.8985635 ,
        1.24313939, -0.06759975, -0.51429266, -1.39802063, -0.24063599,
        0.44945604,  1.44465148, -1.39653265,  1.27009499, -0.4732202 ,
        0.30144602, -1.14973283,  0.78001016, -0.2367153 , -2.3573184 ,
       -0.16340514,  0.02733816, -0.64866811,  3.29548073,  0.54931277,
        0.15728287,  0.46155313,  0.31587562, -1.51951849, -0.40754879,
       -1.08276463, -0.89918816, -0.69381952,  1.97950649, -0.12004655,
       -1.97972405, -0.01993649,  0.01897452, -0.68496585,  1.51614916], dtype=float32), array([ 0.22104101,  0.65298229, -0.98543596,  0.08171247, -1.70073736,
        0.66796017, -0.65823841,  0.50191206, -0.71178424, -0.68550187,
        0.66094881, -0.22115056,  0.15414543, -1.38598037, -0.23545052,
       -0.85169548,  0.4134216 ,  1.96851599,  0.32770965, -0.07409851,
       -0.71936566,  0.69289953,  0.12690161, -0.16960163,  0.21845964,
        0.99735492,  1.06901181,  0.1885383 ,  0.28563341, -0.09434617,
       -1.05350339,  0.26614675, -1.78413701, -0.91402495, -1.20648766,
        1.06264639, -1.00293839, -1.39525223, -0.33303466,  1.46678221,
        1.33507681,  1.24239051, -0.45683342,  1.38793731,  2.35699177,
       -0.23424031,  1.76379824,  0.74031281, -0.04710379, -0.49567518,
        0.07342046, -0.54526484, -0.27685925, -0.500368  ,  0.34844297,
        1.11395121, -0.21264304, -0.04822171,  1.17553234, -2.13906002,
       -0.16907091, -0.56918132,  0.47023627,  0.9142949 , -0.91206193,
        1.18255615, -0.06713364, -0.5187521 , -1.42589545, -0.23917632,
        0.46522903,  1.41139233, -1.36283159,  1.32162058, -0.46531016,
        0.33198375, -1.12983155,  0.78977823, -0.24486801, -2.3495791 ,
       -0.18199211,  0.02590342, -0.64748937,  3.26442361,  0.54659468,
        0.16289073,  0.45612976,  0.31438366, -1.53573895, -0.40008995,
       -1.06318688, -0.85777122, -0.66534865,  1.99466157, -0.13726652,
       -2.00539708, -0.02612197,  0.04299687, -0.6459831 ,  1.50145757], dtype=float32), array([ 0.17350382,  0.66767144, -0.99832588,  0.11756929, -1.69466317,
        0.66640043, -0.64668655,  0.51118511, -0.72599274, -0.68387443,
        0.63334417, -0.24264725,  0.16215123, -1.38313603, -0.22532701,
       -0.82152593,  0.38919091,  1.99033105,  0.34020051, -0.07462646,
       -0.73882073,  0.6737802 ,  0.12035327, -0.14408574,  0.2301984 ,
        0.99248791,  1.0864135 ,  0.19070478,  0.28062129, -0.1122255 ,
       -1.06941128,  0.26761857, -1.77746165, -0.9039467 , -1.22491133,
        1.043378  , -0.97487062, -1.42364991, -0.35676643,  1.52091599,
        1.32099271,  1.25161493, -0.41937071,  1.37031019,  2.33752489,
       -0.22579618,  1.78682911,  0.71541166, -0.04423951, -0.5069657 ,
        0.09757013, -0.54468155, -0.26708609, -0.49185345,  0.35120529,
        1.12578285, -0.211601  , -0.02886302,  1.16549742, -2.12595963,
       -0.16070473, -0.57486469,  0.46651796,  0.89365327, -0.91419554,
        1.18435419, -0.06110026, -0.51572365, -1.40576029, -0.23595044,
        0.46903229,  1.40063226, -1.3490659 ,  1.3305459 , -0.44223809,
        0.33720705, -1.16073143,  0.76385063, -0.27210984, -2.36211467,
       -0.18437347,  0.05244359, -0.63899213,  3.26724672,  0.52668357,
        0.13018386,  0.44459367,  0.31294173, -1.55091083, -0.40384227,
       -1.08383441, -0.85284817, -0.65918392,  1.99080801, -0.10718936,
       -1.99168766, -0.03990537,  0.04331418, -0.6407845 ,  1.50271523], dtype=float32), array([ 0.18576832,  0.67390692, -1.00130486,  0.10976734, -1.69095337,
        0.66764975, -0.65378642,  0.50067699, -0.73949814, -0.66721195,
        0.63710403, -0.25492114,  0.14055136, -1.40125036, -0.23407796,
       -0.8301416 ,  0.38257807,  1.99697936,  0.32431322, -0.06649212,
       -0.74509335,  0.66207767,  0.11035135, -0.14214922,  0.25073871,
        1.011325  ,  1.08416104,  0.17429906,  0.27091739, -0.10362935,
       -1.06583679,  0.25785464, -1.76723111, -0.90562785, -1.22171235,
        1.04977119, -0.97283405, -1.4187324 , -0.36845469,  1.52528834,
        1.32223034,  1.24613607, -0.42974526,  1.37642825,  2.3268559 ,
       -0.21791509,  1.78010774,  0.70109904, -0.06521742, -0.48614752,
        0.09557075, -0.55227202, -0.24073613, -0.49558294,  0.34191063,
        1.12194014, -0.21256317, -0.02064894,  1.15958738, -2.13647676,
       -0.14658684, -0.57120353,  0.47797737,  0.90051532, -0.90494561,
        1.1883198 , -0.07791205, -0.50567532, -1.40277863, -0.23816046,
        0.48963585,  1.40844584, -1.35218763,  1.34233999, -0.44887024,
        0.34377378, -1.16553831,  0.77420461, -0.26475385, -2.33980918,
       -0.19647439,  0.06464259, -0.63286519,  3.27670026,  0.53136319,
        0.14695075,  0.41445765,  0.32054108, -1.56838727, -0.40831235,
       -1.05251408, -0.85805994, -0.64611101,  1.99983943, -0.12233721,
       -1.99975431, -0.04733461,  0.03546251, -0.63500208,  1.49070168], dtype=float32), array([ 0.19564873,  0.6715467 , -1.00658095,  0.10835108, -1.70001328,
        0.67076147, -0.64827818,  0.49326962, -0.7297911 , -0.653018  ,
        0.64113384, -0.24598359,  0.12777962, -1.39098346, -0.24351446,
       -0.82820892,  0.38183892,  1.99728274,  0.30920056, -0.05890173,
       -0.75323927,  0.66968983,  0.10707808, -0.13917364,  0.25663674,
        1.02615905,  1.0746901 ,  0.16916507,  0.27660608, -0.10653162,
       -1.06237626,  0.25914669, -1.75628233, -0.88717157, -1.21578074,
        1.04417562, -0.97421205, -1.42573011, -0.38165477,  1.50541234,
        1.31846905,  1.24050093, -0.43468329,  1.38346887,  2.3302176 ,
       -0.20396838,  1.7773422 ,  0.69798046, -0.05574795, -0.4946028 ,
        0.09655225, -0.53878081, -0.24188738, -0.48789039,  0.32812241,
        1.10847282, -0.21363395, -0.02514605,  1.16028941, -2.1389575 ,
       -0.14182229, -0.57491082,  0.48201174,  0.91395611, -0.91689724,
        1.17200792, -0.08498193, -0.49348086, -1.39967895, -0.23868893,
        0.51236063,  1.39872575, -1.35151947,  1.3323983 , -0.43821123,
        0.34925783, -1.16112483,  0.77485991, -0.25783581, -2.33953977,
       -0.18759272,  0.06809597, -0.63953245,  3.29209208,  0.53009582,
        0.14656952,  0.41166788,  0.32519498, -1.57853675, -0.42077821,
       -1.04325736, -0.86362976, -0.64204484,  2.00531006, -0.13342768,
       -2.01268983, -0.0517303 ,  0.02720988, -0.6390112 ,  1.48484492], dtype=float32), array([ 0.18661661,  0.67486948, -1.00978255,  0.09223028, -1.69738078,
        0.67661077, -0.6475901 ,  0.50184435, -0.73220652, -0.65652418,
        0.63618195, -0.24121788,  0.11834603, -1.39432061, -0.24891013,
       -0.81886387,  0.36854544,  2.00442195,  0.3037782 , -0.06540268,
       -0.74098533,  0.65684825,  0.11232461, -0.14292984,  0.2678434 ,
        1.03546143,  1.08926928,  0.1725571 ,  0.26900485, -0.11129557,
       -1.06485629,  0.24808846, -1.7509799 , -0.87627584, -1.2150166 ,
        1.04277945, -0.9765349 , -1.43075156, -0.38725471,  1.51068032,
        1.32976079,  1.24273431, -0.4314971 ,  1.38116121,  2.33419776,
       -0.20284835,  1.78409696,  0.7123192 , -0.05426326, -0.4915863 ,
        0.0930723 , -0.53931761, -0.23791322, -0.4892422 ,  0.32174149,
        1.11554408, -0.21695912, -0.03208698,  1.16187036, -2.13809228,
       -0.14278565, -0.58028227,  0.48756558,  0.91092634, -0.91537797,
        1.1767714 , -0.09045607, -0.49783072, -1.39716578, -0.24622685,
        0.51564461,  1.3956567 , -1.35985887,  1.32798231, -0.43289325,
        0.34347317, -1.15980315,  0.76789844, -0.24325572, -2.33569551,
       -0.19129282,  0.07508378, -0.63893425,  3.28359437,  0.52363974,
        0.15385851,  0.41199329,  0.31002462, -1.57906234, -0.42521581,
       -1.03904998, -0.85792619, -0.6356678 ,  2.00949264, -0.12360261,
       -2.01487184, -0.05977416,  0.03355772, -0.63365316,  1.47160649], dtype=float32), array([ 0.18502575,  0.67528862, -1.00959027,  0.08982572, -1.69318688,
        0.67817283, -0.63881272,  0.50136691, -0.73495263, -0.66126895,
        0.63243991, -0.24593639,  0.12375396, -1.39311445, -0.24647334,
       -0.81362134,  0.36237913,  2.01403594,  0.29492122, -0.05955328,
       -0.74337977,  0.64578629,  0.11427195, -0.14163643,  0.27121171,
        1.03335881,  1.09087408,  0.17339717,  0.27556804, -0.11077756,
       -1.06335545,  0.24829872, -1.74910724, -0.87763429, -1.21996284,
        1.04325521, -0.97833812, -1.43058228, -0.39037266,  1.51254141,
        1.32375908,  1.24301338, -0.4317348 ,  1.37843549,  2.33022761,
       -0.20045087,  1.77817476,  0.71726465, -0.05403912, -0.49450836,
        0.09440113, -0.53214115, -0.23854843, -0.49237138,  0.32231784,
        1.11784065, -0.21808665, -0.02746497,  1.15993834, -2.13551974,
       -0.13745654, -0.58170134,  0.4873825 ,  0.91415131, -0.92313701,
        1.17668271, -0.09431717, -0.50162917, -1.39837396, -0.25038067,
        0.51337594,  1.40013742, -1.35315359,  1.32316089, -0.44087932,
        0.33858204, -1.16254187,  0.76845491, -0.24622481, -2.3391614 ,
       -0.19417134,  0.07472136, -0.63594276,  3.2871654 ,  0.52399218,
        0.14938705,  0.408777  ,  0.31370151, -1.57883775, -0.42451495,
       -1.04108071, -0.85502094, -0.62891942,  2.00925326, -0.11668827,
       -2.0167954 , -0.05044401,  0.02841593, -0.62721485,  1.47662163], dtype=float32), array([ 0.18861464,  0.67413199, -1.01110125,  0.08879215, -1.69368827,
        0.6767841 , -0.639777  ,  0.49963769, -0.73576474, -0.66055119,
        0.63315278, -0.24625222,  0.12374296, -1.39147246, -0.24760985,
       -0.81496674,  0.36185241,  2.01676297,  0.29471377, -0.05934494,
       -0.74408633,  0.64460546,  0.11274908, -0.14035262,  0.27270973,
        1.03310156,  1.08826149,  0.175108  ,  0.27552941, -0.10925994,
       -1.06188118,  0.24899909, -1.74856985, -0.87800038, -1.21971226,
        1.04340649, -0.97888994, -1.43026221, -0.39205739,  1.51307142,
        1.32341945,  1.24457705, -0.4336271 ,  1.37837982,  2.32838559,
       -0.20035514,  1.77813411,  0.71443099, -0.05304841, -0.49648342,
        0.09403091, -0.53182071, -0.2375586 , -0.49202135,  0.32104084,
        1.11514866, -0.21832153, -0.02604429,  1.16283154, -2.13532162,
       -0.13830134, -0.58122826,  0.48763955,  0.91704822, -0.92278653,
        1.17387974, -0.09548666, -0.49945   , -1.39695275, -0.25014329,
        0.51352894,  1.40085065, -1.35389388,  1.32376218, -0.44057494,
        0.3394945 , -1.16363096,  0.76912242, -0.24627824, -2.33786178,
       -0.19369586,  0.07430323, -0.63746333,  3.28858304,  0.52135968,
        0.148918  ,  0.40902978,  0.31492996, -1.5790199 , -0.42480996,
       -1.03835022, -0.85606158, -0.62754637,  2.011096  , -0.11727102,
       -2.01564789, -0.05128787,  0.02796934, -0.62833101,  1.47665501], dtype=float32), array([ 0.15834005,  0.68359226, -1.0287683 ,  0.10915183, -1.70046771,
        0.66115654, -0.63450831,  0.49924856, -0.72543257, -0.68062711,
        0.62222087, -0.26008788,  0.1175479 , -1.38101256, -0.23990896,
       -0.8175258 ,  0.36040789,  2.01940966,  0.31304002, -0.06588053,
       -0.75631797,  0.62711447,  0.11540096, -0.11728595,  0.26276296,
        1.01620424,  1.11692286,  0.1487333 ,  0.26733857, -0.14658441,
       -1.04871535,  0.24899258, -1.74759412, -0.87592661, -1.22544193,
        1.01184976, -0.96576101, -1.4492147 , -0.38731527,  1.54969358,
        1.32997608,  1.23327827, -0.3995645 ,  1.37450039,  2.31397629,
       -0.19687051,  1.79955041,  0.7136206 , -0.05694732, -0.47684383,
        0.11431128, -0.5298788 , -0.24764951, -0.46374592,  0.33539063,
        1.12031436, -0.21913221, -0.04606354,  1.17379498, -2.13254881,
       -0.14674398, -0.58400798,  0.49174705,  0.91631055, -0.92112869,
        1.18883896, -0.09711166, -0.50616223, -1.38737595, -0.27274117,
        0.50091797,  1.40144718, -1.33638394,  1.30962765, -0.42868242,
        0.34623486, -1.1700381 ,  0.76379567, -0.26191714, -2.32753634,
       -0.18845378,  0.07346934, -0.61425376,  3.29105139,  0.48527467,
        0.13728005,  0.41271588,  0.30598572, -1.56233346, -0.43041736,
       -1.05353022, -0.86892503, -0.63843638,  2.01987362, -0.08143256,
       -2.01009607, -0.05033121,  0.02330453, -0.62811309,  1.5040561 ], dtype=float32), array([ 0.13373174,  0.68923271, -1.04590535,  0.12237193, -1.71227562,
        0.64655489, -0.63327998,  0.50745207, -0.71913934, -0.67815512,
        0.61170888, -0.27425745,  0.0989509 , -1.3814559 , -0.23432335,
       -0.82249331,  0.35247335,  2.02189398,  0.32442135, -0.06637494,
       -0.76551026,  0.62794054,  0.11489088, -0.1079296 ,  0.25312895,
        1.00970733,  1.13360274,  0.12406325,  0.26337379, -0.15756598,
       -1.032884  ,  0.24584056, -1.73214555, -0.87627429, -1.23067343,
        0.99025297, -0.94704098, -1.46230376, -0.37788126,  1.57333136,
        1.33444595,  1.23702657, -0.37949255,  1.35608554,  2.30469298,
       -0.18973896,  1.82118356,  0.69961661, -0.07376917, -0.45804384,
        0.12957327, -0.53194159, -0.24804883, -0.43878263,  0.3448104 ,
        1.1175375 , -0.22028016, -0.04865102,  1.18058312, -2.12703848,
       -0.14313667, -0.58409131,  0.4949744 ,  0.90437406, -0.91846257,
        1.19241631, -0.09495226, -0.50071013, -1.37138212, -0.28472206,
        0.49987289,  1.40806186, -1.32198143,  1.29588652, -0.4374311 ,
        0.35467699, -1.17951882,  0.76112515, -0.25834435, -2.31400371,
       -0.18520431,  0.07232331, -0.59422284,  3.30350256,  0.46140641,
        0.13004066,  0.41902745,  0.30518577, -1.5620141 , -0.44488239,
       -1.0621525 , -0.88172299, -0.64470506,  2.02297068, -0.06516062,
       -2.01897717, -0.05387627,  0.02499181, -0.63749164,  1.51148617], dtype=float32), array([ 0.13031091,  0.70510751, -1.03837502,  0.10688417, -1.72019374,
        0.65198892, -0.63659781,  0.51348209, -0.70301151, -0.69043946,
        0.62601745, -0.25354126,  0.09724579, -1.37902224, -0.25320637,
       -0.83159697,  0.37201855,  2.01902652,  0.31374702, -0.05725922,
       -0.74874002,  0.62017882,  0.12018062, -0.11419032,  0.26659575,
        1.02618647,  1.14917433,  0.12280222,  0.24415328, -0.15064281,
       -1.0247345 ,  0.23717648, -1.74047208, -0.87168807, -1.22547364,
        1.01254332, -0.96440649, -1.48270035, -0.36928168,  1.56111217,
        1.33437896,  1.22670949, -0.39070293,  1.36578321,  2.3048625 ,
       -0.18449032,  1.81310117,  0.70939279, -0.07547402, -0.44966444,
        0.12812251, -0.52908003, -0.25204825, -0.44808802,  0.34196943,
        1.11527836, -0.22525269, -0.05820101,  1.17415226, -2.14836717,
       -0.14393447, -0.59015137,  0.5129571 ,  0.91301125, -0.90970999,
        1.19792283, -0.10496339, -0.5250113 , -1.3744067 , -0.30101964,
        0.51811582,  1.41532481, -1.32538211,  1.28891516, -0.44424191,
        0.34199849, -1.16974759,  0.76520753, -0.25368589, -2.29717326,
       -0.19351991,  0.06391138, -0.58832175,  3.28853607,  0.46240994,
        0.133725  ,  0.40581191,  0.2976619 , -1.54885578, -0.4341467 ,
       -1.05713093, -0.866548  , -0.64327776,  2.02494454, -0.07762792,
       -2.01151967, -0.06035745,  0.00887273, -0.62191468,  1.51057994], dtype=float32), array([  1.29018530e-01,   7.14004159e-01,  -1.02691948e+00,
         9.31835547e-02,  -1.70498204e+00,   6.61984921e-01,
        -6.45756364e-01,   5.18156350e-01,  -7.17239857e-01,
        -6.99537754e-01,   6.36320114e-01,  -2.32491910e-01,
         1.03092842e-01,  -1.37518883e+00,  -2.71126777e-01,
        -8.35101902e-01,   3.82510245e-01,   2.01693201e+00,
         3.13685417e-01,  -5.12598343e-02,  -7.31764138e-01,
         6.13307476e-01,   1.17269315e-01,  -1.26471117e-01,
         2.88507968e-01,   1.03441560e+00,   1.15051448e+00,
         1.36065587e-01,   2.25202769e-01,  -1.48774847e-01,
        -1.01468098e+00,   2.35419840e-01,  -1.74164009e+00,
        -8.78538251e-01,  -1.22346961e+00,   1.03309023e+00,
        -9.86166537e-01,  -1.48721147e+00,  -3.72700781e-01,
         1.55680275e+00,   1.34720504e+00,   1.22094846e+00,
        -3.97854775e-01,   1.37259018e+00,   2.30846167e+00,
        -1.90683171e-01,   1.80229449e+00,   7.21185386e-01,
        -8.07552338e-02,  -4.45428222e-01,   1.08695164e-01,
        -5.35695374e-01,  -2.53795147e-01,  -4.59916323e-01,
         3.26722592e-01,   1.11276972e+00,  -2.18674272e-01,
        -5.57119511e-02,   1.15621412e+00,  -2.15065217e+00,
        -1.35843679e-01,  -5.94906688e-01,   5.43721616e-01,
         9.04372692e-01,  -9.02803659e-01,   1.20780218e+00,
        -1.13013141e-01,  -5.44254780e-01,  -1.38117301e+00,
        -3.03250939e-01,   5.15305161e-01,   1.43406630e+00,
        -1.32545066e+00,   1.31195903e+00,  -4.38604593e-01,
         3.50843728e-01,  -1.17853236e+00,   7.71160781e-01,
        -2.58713037e-01,  -2.29038167e+00,  -2.12001070e-01,
         6.16704896e-02,  -5.84559083e-01,   3.26729465e+00,
         4.62185055e-01,   1.37994215e-01,   4.07899618e-01,
         2.82405049e-01,  -1.53945589e+00,  -4.39861119e-01,
        -1.05969000e+00,  -8.60880375e-01,  -6.33853137e-01,
         2.01123405e+00,  -7.31502622e-02,  -2.01400352e+00,
        -6.81499615e-02,  -3.60118662e-04,  -6.00821435e-01,
         1.50741768e+00], dtype=float32), array([ 0.13257669,  0.72726238, -1.02267277,  0.07159548, -1.69590008,
        0.68051469, -0.6523633 ,  0.54108417, -0.71851522, -0.6687752 ,
        0.63192904, -0.23846593,  0.07767028, -1.38124752, -0.29386309,
       -0.83084583,  0.36128628,  2.01168966,  0.31396738, -0.04263913,
       -0.71514308,  0.6464898 ,  0.13443467, -0.14315215,  0.31783849,
        1.06180537,  1.13076246,  0.1288885 ,  0.23475964, -0.1310558 ,
       -1.01163995,  0.2269454 , -1.71477759, -0.898785  , -1.22341752,
        1.03177011, -0.98138732, -1.47074616, -0.36791128,  1.54407895,
        1.35139287,  1.20662928, -0.40675625,  1.37631488,  2.33199668,
       -0.18693677,  1.79663014,  0.7272836 , -0.10907254, -0.42767271,
        0.08144801, -0.53317523, -0.25062221, -0.46833181,  0.29700407,
        1.09749687, -0.22250257, -0.04021553,  1.17116237, -2.14162564,
       -0.14729421, -0.58111727,  0.56021273,  0.90151733, -0.90536845,
        1.19021118, -0.10611288, -0.54053199, -1.38726342, -0.29093176,
        0.52027041,  1.41969573, -1.34987056,  1.32680166, -0.44577676,
        0.35859939, -1.16253471,  0.78067523, -0.2359322 , -2.27859259,
       -0.20681623,  0.04963577, -0.59953731,  3.26539993,  0.46392483,
        0.16382368,  0.39035374,  0.28841522, -1.56682718, -0.43595991,
       -1.05510938, -0.87754691, -0.63054609,  2.018435  , -0.10608924,
       -2.05864573, -0.0845421 ,  0.04023686, -0.59658092,  1.45682454], dtype=float32), array([ 0.12960355,  0.74115896, -1.02515709,  0.05723541, -1.68878639,
        0.67768496, -0.64447975,  0.53260732, -0.73321545, -0.68186665,
        0.62751293, -0.24394916,  0.07897948, -1.37973547, -0.29977405,
       -0.82852668,  0.3630929 ,  2.00369906,  0.31034231, -0.03666174,
       -0.70833737,  0.6399892 ,  0.11898275, -0.14413799,  0.3369095 ,
        1.0739522 ,  1.13518465,  0.14034677,  0.23151006, -0.11678909,
       -1.00841892,  0.21812929, -1.7174145 , -0.9171648 , -1.22819829,
        1.04717577, -0.97387242, -1.46980631, -0.36048958,  1.54100275,
        1.34942627,  1.22153842, -0.41262397,  1.37482536,  2.3354888 ,
       -0.21762757,  1.800789  ,  0.73511791, -0.11828342, -0.43045983,
        0.08397851, -0.52791882, -0.25744823, -0.47264659,  0.31227311,
        1.10488188, -0.21849601, -0.03233334,  1.18270469, -2.13669395,
       -0.14133021, -0.56748289,  0.56414622,  0.89695352, -0.9031446 ,
        1.18009079, -0.11683032, -0.53828365, -1.39775848, -0.27934927,
        0.51375854,  1.41548693, -1.34894443,  1.34178019, -0.45531452,
        0.37112918, -1.15319085,  0.78424799, -0.25220585, -2.26673293,
       -0.21156159,  0.04386839, -0.5985831 ,  3.24555898,  0.4472456 ,
        0.18276682,  0.37832361,  0.29808736, -1.5765413 , -0.43772143,
       -1.06369007, -0.87498456, -0.62224597,  2.01900244, -0.11780004,
       -2.06491852, -0.0791342 ,  0.04542214, -0.58396822,  1.44903803], dtype=float32), array([ 0.13286164,  0.74091649, -1.02660739,  0.05453374, -1.68896139,
        0.67527241, -0.64548522,  0.53174764, -0.73346674, -0.68335259,
        0.62506974, -0.24199998,  0.08170023, -1.37804079, -0.29800576,
       -0.83019501,  0.36255515,  2.00589156,  0.30849889, -0.03480555,
       -0.71024948,  0.6386565 ,  0.11729359, -0.14163977,  0.33570135,
        1.07254565,  1.13674998,  0.14387943,  0.23165387, -0.11296908,
       -1.01044941,  0.22151299, -1.71776128, -0.91664308, -1.22733259,
        1.04751134, -0.97634858, -1.47124469, -0.36400807,  1.54138768,
        1.3492775 ,  1.22029483, -0.41236773,  1.37274957,  2.33267927,
       -0.22021841,  1.80051601,  0.7343834 , -0.11456279, -0.43278763,
        0.08307729, -0.52785808, -0.25809875, -0.47071278,  0.31269184,
        1.10656941, -0.21557638, -0.03738751,  1.18071449, -2.13905644,
       -0.13894035, -0.56655651,  0.5621711 ,  0.9000842 , -0.90162814,
        1.17876768, -0.11742656, -0.53698236, -1.39784932, -0.28137365,
        0.51552325,  1.41622174, -1.34865403,  1.34500599, -0.44993395,
        0.37369546, -1.15575826,  0.78422743, -0.25444847, -2.26773882,
       -0.21075016,  0.045343  , -0.59929806,  3.24444056,  0.4453938 ,
        0.18659462,  0.37476954,  0.29880637, -1.57632589, -0.43769103,
       -1.06404495, -0.87421578, -0.61817271,  2.01767755, -0.11737692,
       -2.0641098 , -0.07785667,  0.04106787, -0.58358389,  1.45022523], dtype=float32), array([ 0.11776216,  0.74197882, -1.00571334,  0.06909169, -1.67576933,
        0.6646626 , -0.64155632,  0.53896266, -0.76007098, -0.68404168,
        0.6262396 , -0.25893715,  0.10904574, -1.38632762, -0.28155237,
       -0.80426604,  0.35982737,  2.00896025,  0.31926453, -0.03687487,
       -0.70720023,  0.6309256 ,  0.12101009, -0.13996868,  0.33983126,
        1.0635879 ,  1.14497674,  0.1573583 ,  0.23333855, -0.10534196,
       -1.01516771,  0.22588629, -1.72331107, -0.9220612 , -1.2338227 ,
        1.06823802, -0.98712879, -1.47000051, -0.38975874,  1.57073033,
        1.35092711,  1.24045932, -0.4099063 ,  1.37446737,  2.32956648,
       -0.19730832,  1.80070925,  0.72525537, -0.0938138 , -0.43591025,
        0.08117676, -0.54059625, -0.24709891, -0.49496007,  0.31854683,
        1.11889505, -0.22591679, -0.03421124,  1.16630483, -2.13033366,
       -0.13920924, -0.55879056,  0.5387848 ,  0.88001925, -0.89113724,
        1.1956985 , -0.1256973 , -0.53867751, -1.3944391 , -0.2585904 ,
        0.51560324,  1.42006969, -1.36582613,  1.34951389, -0.45085582,
        0.35024065, -1.15959561,  0.76275784, -0.26158935, -2.28799868,
       -0.2104027 ,  0.05995556, -0.61586386,  3.22422338,  0.47128084,
        0.16768144,  0.38167977,  0.29588422, -1.58661997, -0.42750916,
       -1.06759918, -0.86072707, -0.62023002,  2.01114416, -0.11696126,
       -2.0464282 , -0.10782104,  0.03525827, -0.57646978,  1.43018258], dtype=float32), array([ 0.1213804 ,  0.75605983, -1.01194072,  0.07098909, -1.68313158,
        0.66089112, -0.63781279,  0.53541017, -0.75846142, -0.68609351,
        0.62417418, -0.26305234,  0.10483588, -1.38689363, -0.2803787 ,
       -0.80660391,  0.35682896,  2.00251389,  0.3161777 , -0.03358318,
       -0.70989114,  0.63101208,  0.12307115, -0.14265643,  0.33356151,
        1.05981708,  1.14699423,  0.15333022,  0.23753834, -0.1030244 ,
       -1.01328528,  0.22608821, -1.7200315 , -0.9211725 , -1.22959507,
        1.0661577 , -0.98681468, -1.47386861, -0.38985988,  1.56861675,
        1.34731603,  1.23852515, -0.40982637,  1.36918521,  2.32859755,
       -0.19751023,  1.8065449 ,  0.73004735, -0.10263184, -0.43330896,
        0.08433177, -0.54022479, -0.24695903, -0.48877805,  0.3233923 ,
        1.12241459, -0.2215261 , -0.03874315,  1.16379333, -2.13317895,
       -0.13293381, -0.5582307 ,  0.53648698,  0.88278854, -0.89718729,
        1.19121957, -0.1240189 , -0.53810316, -1.39434683, -0.26557824,
        0.51256371,  1.41997123, -1.35808277,  1.34604144, -0.45241922,
        0.35581458, -1.16100895,  0.76802099, -0.26271829, -2.28312635,
       -0.21152811,  0.05928887, -0.60857832,  3.22770596,  0.46869123,
        0.17245695,  0.3822296 ,  0.29815388, -1.58880794, -0.43298277,
       -1.06869686, -0.8638283 , -0.61476505,  2.00728321, -0.1166149 ,
       -2.05239773, -0.09877042,  0.03587876, -0.57303447,  1.43440509], dtype=float32), array([ 0.13703935,  0.75427312, -1.0099088 ,  0.07122655, -1.69408059,
        0.65543485, -0.63080788,  0.53461486, -0.76859522, -0.67305225,
        0.63641757, -0.25733733,  0.09779362, -1.37725353, -0.28322744,
       -0.79797345,  0.36178815,  2.00168753,  0.32239518, -0.03562351,
       -0.72171223,  0.64146578,  0.12952621, -0.14104028,  0.32499307,
        1.05435169,  1.12432349,  0.1646506 ,  0.26121107, -0.11596362,
       -1.02265811,  0.24603426, -1.71988952, -0.91645426, -1.22233021,
        1.06384408, -0.98876244, -1.4580189 , -0.40226397,  1.55594993,
        1.33054066,  1.21942639, -0.40863433,  1.37837422,  2.34334493,
       -0.19344284,  1.81645775,  0.73996216, -0.1128999 , -0.44314256,
        0.07669356, -0.52457368, -0.25478008, -0.4835498 ,  0.34046495,
        1.11417294, -0.22884268, -0.04272246,  1.16905582, -2.14083338,
       -0.13214347, -0.55447471,  0.53281397,  0.8805666 , -0.91244024,
        1.1797626 , -0.12175279, -0.53108066, -1.38797104, -0.28154799,
        0.52789515,  1.40849662, -1.36474931,  1.34878731, -0.44823131,
        0.3631171 , -1.15930152,  0.77064079, -0.26617166, -2.29097247,
       -0.20638992,  0.05072415, -0.62135959,  3.23729348,  0.46619508,
        0.17028147,  0.39095849,  0.29904529, -1.58179164, -0.43896684,
       -1.06227481, -0.88023543, -0.60904807,  1.98943734, -0.11111118,
       -2.05326438, -0.09483471,  0.05354163, -0.58551174,  1.4289279 ], dtype=float32), array([ 0.10455739,  0.7542401 , -1.03036809,  0.10014511, -1.69874644,
        0.6446054 , -0.63145995,  0.54085493, -0.76901126, -0.68795532,
        0.6276077 , -0.26668903,  0.08212225, -1.3529278 , -0.26147786,
       -0.79579079,  0.34965339,  2.02871561,  0.33963257, -0.04196903,
       -0.7439428 ,  0.63462669,  0.13816999, -0.12444734,  0.31444702,
        1.0239172 ,  1.14747643,  0.14918981,  0.26921615, -0.1411317 ,
       -1.02380311,  0.25502443, -1.72626007, -0.90545732, -1.23328912,
        1.02384782, -0.9778707 , -1.47903883, -0.41045195,  1.60119534,
        1.32476127,  1.21809828, -0.37120524,  1.37164438,  2.31517625,
       -0.18840696,  1.84229863,  0.72674495, -0.11195286, -0.43347868,
        0.08350125, -0.53071094, -0.2569328 , -0.45185977,  0.35629761,
        1.11681175, -0.23562665, -0.05010698,  1.16703737, -2.13273358,
       -0.13382934, -0.55385309,  0.52477562,  0.87003326, -0.91808331,
        1.18528593, -0.10884144, -0.52468175, -1.36001277, -0.29432744,
        0.51920164,  1.41130531, -1.34393632,  1.34418416, -0.42952719,
        0.37827078, -1.1822021 ,  0.75899047, -0.29064721, -2.29148483,
       -0.1970042 ,  0.05798552, -0.60895038,  3.24665833,  0.43553883,
        0.15756953,  0.40177169,  0.29519844, -1.56859124, -0.45724863,
       -1.07988763, -0.8938446 , -0.6108619 ,  1.97960615, -0.07403975,
       -2.04413056, -0.087595  ,  0.04741727, -0.59471577,  1.44798827], dtype=float32), array([ 0.08509222,  0.75099933, -1.04192364,  0.12203065, -1.70827842,
        0.62861139, -0.63232577,  0.53660071, -0.75881678, -0.67987007,
        0.62514424, -0.28023946,  0.06626467, -1.36229372, -0.25347483,
       -0.79524767,  0.35903427,  2.0323503 ,  0.35633856, -0.04220077,
       -0.7649647 ,  0.63590723,  0.12798382, -0.11517097,  0.3029134 ,
        1.01825941,  1.16028035,  0.13608064,  0.27115011, -0.15487316,
       -1.01622093,  0.25468117, -1.71836519, -0.90684503, -1.24011123,
        1.00123346, -0.96875602, -1.48300683, -0.40571585,  1.62889087,
        1.31248152,  1.2332989 , -0.35994539,  1.35893738,  2.30302405,
       -0.18540975,  1.84799886,  0.7073279 , -0.10976644, -0.42294794,
        0.10272318, -0.53915125, -0.25244394, -0.4316135 ,  0.36261943,
        1.10978472, -0.22752571, -0.05338306,  1.17465138, -2.11978149,
       -0.12818317, -0.5501681 ,  0.51174235,  0.86350083, -0.91820443,
        1.19054139, -0.11627251, -0.52349055, -1.34716356, -0.30483127,
        0.50933725,  1.41912007, -1.3253305 ,  1.33680964, -0.42995909,
        0.39056101, -1.18590701,  0.7480455 , -0.28663841, -2.2932148 ,
       -0.19398552,  0.06390655, -0.60221022,  3.26238894,  0.42623812,
        0.14522584,  0.40399405,  0.29329455, -1.56053782, -0.46468204,
       -1.0794003 , -0.90492731, -0.61502647,  1.97888756, -0.05721129,
       -2.04653788, -0.08936632,  0.04475399, -0.61064392,  1.46351969], dtype=float32), array([ 0.08477754,  0.75268328, -1.04316354,  0.12721051, -1.70842505,
        0.62537843, -0.63087738,  0.53601635, -0.76182044, -0.67926043,
        0.62271971, -0.28317523,  0.0727854 , -1.36275482, -0.24873833,
       -0.78881228,  0.35787359,  2.03413725,  0.35497192, -0.03993881,
       -0.76743692,  0.63508064,  0.12770905, -0.11101267,  0.30430776,
        1.01605332,  1.16116321,  0.14165448,  0.27420905, -0.15168358,
       -1.0198108 ,  0.25937638, -1.72278345, -0.90522587, -1.24091613,
        1.00220692, -0.97141296, -1.48542953, -0.41171277,  1.6325388 ,
        1.30710042,  1.23406279, -0.35836735,  1.36012697,  2.29834557,
       -0.18568629,  1.84856856,  0.70355111, -0.10518532, -0.4281792 ,
        0.10400299, -0.53926396, -0.25092924, -0.43623316,  0.36097109,
        1.10993099, -0.22880577, -0.05177069,  1.17092776, -2.11860776,
       -0.12944934, -0.54962438,  0.5015949 ,  0.86330718, -0.91778988,
        1.1910851 , -0.1162716 , -0.52318811, -1.3485539 , -0.3008875 ,
        0.51114386,  1.41710043, -1.32685184,  1.34144759, -0.42708468,
        0.39242843, -1.18974805,  0.74243504, -0.29154679, -2.29691982,
       -0.19748823,  0.06763546, -0.60684079,  3.26369548,  0.43158245,
        0.14471161,  0.40278175,  0.29568622, -1.56280696, -0.4630042 ,
       -1.07763779, -0.9016695 , -0.61193979,  1.97683501, -0.05449054,
       -2.03904033, -0.09021781,  0.04513761, -0.60924679,  1.46066737], dtype=float32), array([ 0.0802238 ,  0.75191236, -1.02514458,  0.12423464, -1.71029663,
        0.63708884, -0.63908166,  0.54398495, -0.76899385, -0.6725865 ,
        0.62502301, -0.27879056,  0.06561384, -1.35844755, -0.25256422,
       -0.78145218,  0.35219279,  2.01859546,  0.34761247, -0.0478792 ,
       -0.75238639,  0.63187903,  0.13494597, -0.12545438,  0.32384044,
        1.02118552,  1.14578331,  0.1308791 ,  0.27289274, -0.1472021 ,
       -1.02292395,  0.24439681, -1.73528123, -0.89105111, -1.23656952,
        1.00826335, -0.97060311, -1.49170864, -0.4191148 ,  1.62165606,
        1.32457125,  1.23520911, -0.36322343,  1.36276805,  2.29004908,
       -0.18230453,  1.84855831,  0.71670604, -0.11572366, -0.41773042,
        0.09607503, -0.55246282, -0.25658724, -0.447047  ,  0.35894969,
        1.11350226, -0.23186994, -0.03897138,  1.16003406, -2.12349653,
       -0.13045248, -0.55089897,  0.51179433,  0.85248893, -0.92972934,
        1.1905818 , -0.10770372, -0.5199576 , -1.3476001 , -0.30372915,
        0.50038546,  1.42700422, -1.34528852,  1.3551234 , -0.41952148,
        0.39815557, -1.16844881,  0.73748398, -0.2879945 , -2.30046344,
       -0.18845415,  0.0778961 , -0.60288501,  3.2602663 ,  0.46177548,
        0.14346652,  0.39907238,  0.3013632 , -1.58697343, -0.44970345,
       -1.07551599, -0.89958704, -0.61747438,  1.98185325, -0.04942191,
       -2.04371309, -0.08901265,  0.05086423, -0.59752303,  1.43080056], dtype=float32), array([ 0.10196273,  0.74554884, -1.03733921,  0.11665322, -1.7127471 ,
        0.62638211, -0.63284832,  0.51687169, -0.75663441, -0.66493326,
        0.62970334, -0.27237743,  0.05084572, -1.35874403, -0.24220476,
       -0.77862829,  0.37155187,  2.01942325,  0.33016238, -0.05889845,
       -0.76893401,  0.63651901,  0.12577581, -0.11921444,  0.3141655 ,
        1.03361022,  1.13886917,  0.14734808,  0.28061768, -0.14070848,
       -1.04422641,  0.25892839, -1.74091244, -0.87181616, -1.22953129,
        1.00740576, -0.98404431, -1.47972143, -0.41637391,  1.6169852 ,
        1.30638134,  1.24266016, -0.37633526,  1.37815547,  2.27939963,
       -0.18055357,  1.84573495,  0.71017754, -0.10064015, -0.42359298,
        0.10669227, -0.54566884, -0.26954556, -0.45087621,  0.36617661,
        1.11975229, -0.22969495, -0.04591114,  1.15307069, -2.12368703,
       -0.11134029, -0.54758531,  0.49439245,  0.86109287, -0.92422479,
        1.17519701, -0.10881529, -0.51804304, -1.3488754 , -0.31528667,
        0.50840461,  1.42441905, -1.34898317,  1.37561083, -0.41024747,
        0.40504667, -1.1765002 ,  0.73392147, -0.29168168, -2.30288172,
       -0.1888196 ,  0.06574755, -0.61813241,  3.2766757 ,  0.44277823,
        0.14650144,  0.40002418,  0.28903478, -1.59427214, -0.45200437,
       -1.06601799, -0.91699046, -0.59577638,  1.96852505, -0.0375087 ,
       -2.03160858, -0.07997008,  0.05735566, -0.59522688,  1.43587708], dtype=float32), array([ 0.10347021,  0.7519173 , -1.04304051,  0.10710134, -1.71664166,
        0.62478054, -0.63699234,  0.50911075, -0.75445724, -0.68120706,
        0.62596768, -0.26973137,  0.05160796, -1.35669589, -0.24881983,
       -0.7757749 ,  0.3738054 ,  2.03030968,  0.3097837 , -0.05087826,
       -0.7603367 ,  0.62653035,  0.11172339, -0.11867746,  0.32035598,
        1.02904642,  1.14499998,  0.15339129,  0.28672853, -0.12990621,
       -1.04831469,  0.26261246, -1.74033952, -0.87061238, -1.23614883,
        1.01248062, -0.98789597, -1.47445774, -0.41662711,  1.61113048,
        1.3198657 ,  1.232445  , -0.37198001,  1.39548981,  2.27679825,
       -0.19126886,  1.82652748,  0.72661918, -0.09500753, -0.4441835 ,
        0.09598298, -0.5480814 , -0.25410876, -0.45333874,  0.36293826,
        1.11399126, -0.22822258, -0.04419328,  1.1497184 , -2.13212061,
       -0.10381627, -0.54088265,  0.50431722,  0.86920053, -0.92788446,
        1.1690892 , -0.11428259, -0.51622742, -1.34984982, -0.32571611,
        0.49745095,  1.42038274, -1.33448946,  1.38559663, -0.40649632,
        0.41565499, -1.18527806,  0.73998672, -0.31403318, -2.30229616,
       -0.20033839,  0.06891111, -0.61716712,  3.26860118,  0.4377718 ,
        0.1573285 ,  0.39308658,  0.28979826, -1.58500051, -0.44334203,
       -1.06152296, -0.90152985, -0.58696264,  1.96739912, -0.04215639,
       -2.03233719, -0.07159941,  0.04657944, -0.58740252,  1.45228612], dtype=float32), array([ 0.11246841,  0.75128603, -1.04979551,  0.11048108, -1.72393084,
        0.62373257, -0.64168406,  0.50721687, -0.75291681, -0.6782068 ,
        0.62080389, -0.27026632,  0.0544934 , -1.35482717, -0.24702251,
       -0.78045243,  0.37275597,  2.03101468,  0.30848745, -0.05254059,
       -0.7622354 ,  0.62738788,  0.10896383, -0.11638251,  0.32217363,
        1.03296852,  1.14499199,  0.152199  ,  0.28368452, -0.12473506,
       -1.04643977,  0.26362446, -1.7344451 , -0.86872029, -1.23621213,
        1.01144958, -0.98347235, -1.47692752, -0.4196167 ,  1.6109966 ,
        1.3211261 ,  1.23156619, -0.37092617,  1.39584839,  2.27616978,
       -0.18799205,  1.82835436,  0.71942073, -0.09192806, -0.44220605,
        0.10045503, -0.54680127, -0.2527644 , -0.45202321,  0.35618639,
        1.11446714, -0.2279457 , -0.04174184,  1.14658511, -2.13344359,
       -0.09995007, -0.54337674,  0.50360227,  0.87175632, -0.92732012,
        1.16657209, -0.11319187, -0.51302165, -1.34984076, -0.32066491,
        0.50156492,  1.41645813, -1.33526897,  1.38138223, -0.40852907,
        0.41572046, -1.18616652,  0.74021316, -0.31427839, -2.30056882,
       -0.2004306 ,  0.07031045, -0.61856133,  3.27332902,  0.43569142,
        0.15324983,  0.39158282,  0.29194829, -1.58557653, -0.44415441,
       -1.05716717, -0.90077376, -0.58833057,  1.96581876, -0.04416157,
       -2.03486609, -0.07516864,  0.04414534, -0.58782363,  1.45308864], dtype=float32), array([ 0.13087896,  0.75012153, -1.05914474,  0.10663613, -1.72643673,
        0.63156438, -0.64961755,  0.5106011 , -0.7488277 , -0.6617614 ,
        0.6166172 , -0.27824324,  0.0650201 , -1.34611917, -0.2458311 ,
       -0.78171623,  0.37988722,  2.02462173,  0.31008703, -0.04697122,
       -0.74341482,  0.62172061,  0.10845198, -0.12458219,  0.32271665,
        1.02795708,  1.14766288,  0.16034833,  0.27755609, -0.12743315,
       -1.03915119,  0.2622405 , -1.72740424, -0.8691085 , -1.23263514,
        1.01337457, -0.98564684, -1.48018801, -0.42224118,  1.60012341,
        1.31807613,  1.23300231, -0.38074237,  1.38877726,  2.2753458 ,
       -0.18830387,  1.82069254,  0.71776575, -0.08792593, -0.44161597,
        0.09648121, -0.54716301, -0.25027892, -0.446558  ,  0.34800932,
        1.11050999, -0.22001387, -0.05550568,  1.15037549, -2.13166618,
       -0.10263801, -0.54787219,  0.50150275,  0.86936688, -0.93560123,
        1.17101312, -0.11126506, -0.51225269, -1.34792435, -0.32403234,
        0.49569029,  1.42221332, -1.34016609,  1.38149285, -0.40254566,
        0.42046046, -1.1911478 ,  0.75142759, -0.32336918, -2.3039906 ,
       -0.19684982,  0.06123083, -0.61230987,  3.28164864,  0.43209055,
        0.15846303,  0.39406267,  0.27958575, -1.5809418 , -0.440063  ,
       -1.06492054, -0.90490907, -0.5968439 ,  1.97112203, -0.04075869,
       -2.03766918, -0.07436494,  0.04462085, -0.5835548 ,  1.45902336], dtype=float32), array([ 0.12859537,  0.74312037, -1.04896331,  0.1126515 , -1.71862793,
        0.62888491, -0.6506446 ,  0.49869788, -0.75051183, -0.66994333,
        0.63077271, -0.27979732,  0.07710908, -1.34092951, -0.23702465,
       -0.79300916,  0.38775715,  2.00501299,  0.32772273, -0.05421612,
       -0.72959256,  0.63377798,  0.10576274, -0.13324355,  0.30794606,
        1.03445256,  1.14541113,  0.1721157 ,  0.27368766, -0.12461985,
       -1.04299951,  0.26195621, -1.72995365, -0.87157577, -1.23223436,
        1.01524842, -0.98165613, -1.47023296, -0.40586245,  1.59006596,
        1.32500958,  1.22972727, -0.38683167,  1.39112854,  2.28797889,
       -0.19346128,  1.81775749,  0.72143078, -0.09385741, -0.44061643,
        0.10064118, -0.55365914, -0.25672871, -0.45172921,  0.35482195,
        1.125898  , -0.21320969, -0.07349902,  1.15427637, -2.13523698,
       -0.11906769, -0.54635692,  0.50098151,  0.86690277, -0.92999649,
        1.16893375, -0.09922547, -0.51326162, -1.35509336, -0.31536809,
        0.49451172,  1.4201498 , -1.34985805,  1.38051581, -0.4029592 ,
        0.41184503, -1.18877113,  0.75711936, -0.31580693, -2.3123982 ,
       -0.18550485,  0.05191948, -0.61957294,  3.26713109,  0.4445554 ,
        0.15661462,  0.40597159,  0.26739496, -1.57406521, -0.43836156,
       -1.07978261, -0.9162457 , -0.60807323,  1.97442043, -0.04549968,
       -2.02955151, -0.07705615,  0.05030866, -0.58724481,  1.46489406], dtype=float32), array([ 0.13109276,  0.73741937, -1.04881799,  0.10839508, -1.71537447,
        0.62842232, -0.65038621,  0.49862754, -0.75057471, -0.66702199,
        0.62940234, -0.28495279,  0.08305821, -1.34134245, -0.23853944,
       -0.79376298,  0.38522562,  2.00774574,  0.32386246, -0.05424958,
       -0.73190838,  0.63074893,  0.10389252, -0.13006988,  0.31324697,
        1.03151691,  1.14330292,  0.17364697,  0.27863017, -0.12103746,
       -1.040622  ,  0.26193017, -1.72807503, -0.87195963, -1.23297846,
        1.01417983, -0.97838765, -1.47160506, -0.40842754,  1.59118974,
        1.32651687,  1.2271415 , -0.38483435,  1.39218938,  2.28657246,
       -0.19602463,  1.81903017,  0.71811181, -0.0908928 , -0.4423134 ,
        0.09710371, -0.55475014, -0.25617218, -0.45402279,  0.35181153,
        1.12627518, -0.21394783, -0.07311702,  1.15592182, -2.13224268,
       -0.12387817, -0.54617876,  0.50234604,  0.87155718, -0.92917365,
        1.16550601, -0.09790164, -0.51174587, -1.35463488, -0.31230208,
        0.49122742,  1.42277551, -1.35232222,  1.38688278, -0.40297303,
        0.41742429, -1.1933763 ,  0.75638515, -0.31675223, -2.31024313,
       -0.1851515 ,  0.04922402, -0.62197644,  3.2643888 ,  0.44241306,
        0.15894267,  0.40617329,  0.27319968, -1.57336974, -0.43617904,
       -1.08147609, -0.91759604, -0.60692483,  1.97731662, -0.04592661,
       -2.03232145, -0.07588267,  0.04497516, -0.58628732,  1.46603727], dtype=float32), array([ 0.13058099,  0.73660707, -1.05273461,  0.10770197, -1.71525371,
        0.62825388, -0.65381461,  0.50327879, -0.74440879, -0.66753054,
        0.62330556, -0.28323868,  0.08698849, -1.3373425 , -0.23869303,
       -0.80147719,  0.38418788,  2.00863004,  0.32078433, -0.06022689,
       -0.73350823,  0.63628042,  0.10628644, -0.12504141,  0.31453395,
        1.03696728,  1.14130974,  0.16925614,  0.27942616, -0.12113422,
       -1.03877747,  0.25736758, -1.72166193, -0.86864877, -1.23635864,
        1.00610781, -0.97082669, -1.47367692, -0.40643203,  1.58547616,
        1.33015335,  1.22348177, -0.3837063 ,  1.39102256,  2.28866148,
       -0.19607595,  1.82616544,  0.72090763, -0.09137083, -0.4418318 ,
        0.0964198 , -0.55190706, -0.25603554, -0.45706069,  0.35442811,
        1.12775528, -0.21617946, -0.07468794,  1.15403283, -2.12871194,
       -0.13145362, -0.54883069,  0.50722492,  0.87076128, -0.92717224,
        1.16651523, -0.09435635, -0.51175708, -1.35533988, -0.30674213,
        0.49802515,  1.42247009, -1.35906935,  1.38171291, -0.40374914,
        0.41621891, -1.19449186,  0.7617889 , -0.3137072 , -2.30997849,
       -0.18306206,  0.04898939, -0.62008166,  3.26295757,  0.44405773,
        0.15913866,  0.4067876 ,  0.27441168, -1.5729388 , -0.43741682,
       -1.08123362, -0.9212299 , -0.61304677,  1.97881913, -0.04376896,
       -2.0308454 , -0.08425096,  0.0417868 , -0.59097439,  1.46582592], dtype=float32), array([ 0.16933353,  0.72905439, -1.06527829,  0.11505763, -1.72464979,
        0.62122196, -0.65509421,  0.46757859, -0.73363447, -0.65705281,
        0.62857902, -0.26957181,  0.08234071, -1.34118116, -0.22173524,
       -0.80406046,  0.39595878,  2.00011754,  0.30167484, -0.064372  ,
       -0.76217347,  0.63374096,  0.09041809, -0.11938727,  0.31376866,
        1.05191791,  1.12634587,  0.18822382,  0.29015571, -0.10785019,
       -1.05916822,  0.27353722, -1.73309517, -0.84944177, -1.22680926,
        0.99461579, -0.99127299, -1.46587932, -0.41005397,  1.57905185,
        1.30789757,  1.2383759 , -0.39580584,  1.4010489 ,  2.27291989,
       -0.19952482,  1.82458436,  0.70084882, -0.06855942, -0.44455066,
        0.11110703, -0.56256205, -0.25646311, -0.45967492,  0.34658638,
        1.12110209, -0.22805974, -0.06701676,  1.14964497, -2.12433338,
       -0.11025807, -0.54853791,  0.49241808,  0.88748658, -0.92474675,
        1.14322746, -0.09498641, -0.50106061, -1.35532439, -0.30935279,
        0.49949637,  1.42387676, -1.34666169,  1.4068476 , -0.39564812,
        0.42421174, -1.21030402,  0.76585782, -0.32205334, -2.30656314,
       -0.17735617,  0.04054094, -0.63518971,  3.28379226,  0.43816623,
        0.15300475,  0.41598907,  0.26536095, -1.57586133, -0.43087128,
       -1.08269119, -0.9382686 , -0.60491991,  1.97930825, -0.04207163,
       -2.00755763, -0.07548211,  0.0304256 , -0.58384466,  1.47110403], dtype=float32), array([ 0.1700815 ,  0.72590911, -1.07499957,  0.10799774, -1.72435212,
        0.61276364, -0.64375591,  0.45628396, -0.72660822, -0.64118546,
        0.64120781, -0.28020307,  0.08647402, -1.34374571, -0.21044821,
       -0.80726975,  0.38752782,  1.99455035,  0.29004019, -0.07134699,
       -0.78428996,  0.65344518,  0.09121695, -0.12208337,  0.31410357,
        1.04970229,  1.13210368,  0.18947795,  0.31073532, -0.10093405,
       -1.0695051 ,  0.28033757, -1.71897709, -0.85453945, -1.22500634,
        0.9977721 , -0.98498684, -1.45506728, -0.40650031,  1.57501912,
        1.29324508,  1.22783542, -0.40710419,  1.4033823 ,  2.27700567,
       -0.19910201,  1.82552564,  0.68051791, -0.07079021, -0.45172486,
        0.12117782, -0.55120498, -0.2489274 , -0.46385473,  0.35162964,
        1.12610972, -0.23649843, -0.0717572 ,  1.14795852, -2.11761165,
       -0.1037414 , -0.54857135,  0.49234474,  0.89775562, -0.92561799,
        1.13694036, -0.10290812, -0.49653161, -1.34748578, -0.30388218,
        0.50964993,  1.42283964, -1.35119426,  1.42483485, -0.39146701,
        0.42342201, -1.22151709,  0.76165742, -0.3239578 , -2.31032181,
       -0.17134672,  0.03166799, -0.63498312,  3.29130936,  0.42723453,
        0.15628451,  0.41202205,  0.27007774, -1.5875535 , -0.44506666,
       -1.08084071, -0.95265651, -0.59293813,  1.97733736, -0.03185993,
       -2.0069437 , -0.07052688,  0.02380088, -0.5736717 ,  1.45964825], dtype=float32), array([ 0.16481628,  0.71867383, -1.06136239,  0.10895766, -1.72281659,
        0.61784154, -0.64236677,  0.46117902, -0.73860484, -0.64518648,
        0.6450367 , -0.27902648,  0.09130889, -1.34039748, -0.2010272 ,
       -0.79687345,  0.38924798,  1.99563003,  0.29792127, -0.0672507 ,
       -0.77803856,  0.65371329,  0.09590479, -0.11834577,  0.31846035,
        1.04807127,  1.13132024,  0.19878595,  0.31857219, -0.09476522,
       -1.07765007,  0.28498229, -1.72502589, -0.84800857, -1.22351241,
        0.99624991, -0.98690999, -1.45947075, -0.41718462,  1.58134723,
        1.29569173,  1.22430813, -0.3999075 ,  1.40688682,  2.26944995,
       -0.20201278,  1.82526505,  0.67911541, -0.06531985, -0.46162447,
        0.1212808 , -0.55294651, -0.24569616, -0.47207883,  0.34776247,
        1.12947607, -0.24646509, -0.06721191,  1.14483345, -2.11712074,
       -0.11002206, -0.54786313,  0.48880255,  0.88964283, -0.93036181,
        1.14023101, -0.09849075, -0.50175339, -1.34363329, -0.30231258,
        0.51324844,  1.42024636, -1.35704529,  1.43008971, -0.39090937,
        0.42391449, -1.22974658,  0.75275022, -0.32532313, -2.31755233,
       -0.17164257,  0.03482001, -0.64604515,  3.28564239,  0.43615654,
        0.14545305,  0.41268688,  0.26143759, -1.59047699, -0.44290674,
       -1.07817602, -0.94744998, -0.59071457,  1.9796536 , -0.02585053,
       -2.00053239, -0.0809459 ,  0.02792913, -0.57162499,  1.45079219], dtype=float32), array([ 0.15991598,  0.71935529, -1.06404221,  0.10775854, -1.71998584,
        0.61275893, -0.63902676,  0.46298823, -0.7390843 , -0.64815193,
        0.65056306, -0.28332305,  0.09155867, -1.34446383, -0.19928589,
       -0.79772049,  0.38998616,  1.99717164,  0.29542124, -0.07109543,
       -0.78287095,  0.65186709,  0.09170531, -0.11655442,  0.32036334,
        1.0512507 ,  1.13542545,  0.19984435,  0.32046315, -0.09457552,
       -1.07863867,  0.28594962, -1.72383833, -0.85249239, -1.2252357 ,
        1.00057387, -0.98501045, -1.45945215, -0.41528279,  1.58528805,
        1.29779458,  1.22271562, -0.40180492,  1.41078258,  2.27103591,
       -0.2035289 ,  1.82634568,  0.67508048, -0.06646366, -0.46033096,
        0.12414163, -0.55340534, -0.24264114, -0.47371492,  0.34790519,
        1.13341224, -0.25224084, -0.06686956,  1.14711022, -2.11338377,
       -0.11206895, -0.55051011,  0.49116907,  0.88808686, -0.92899805,
        1.13847315, -0.09944394, -0.49811161, -1.34332955, -0.29452634,
        0.51166469,  1.41746819, -1.35544443,  1.43390119, -0.39391696,
        0.42161891, -1.23015773,  0.75216246, -0.32940331, -2.31557322,
       -0.17309326,  0.03570232, -0.64633489,  3.27991343,  0.43373722,
        0.14530151,  0.41586745,  0.25809979, -1.59001684, -0.44689801,
       -1.07793188, -0.94658464, -0.59088141,  1.98106229, -0.02703652,
       -1.99426723, -0.08123571,  0.03013534, -0.56901574,  1.44839787], dtype=float32), array([ 0.16418679,  0.70902598, -1.06748378,  0.10788963, -1.70182383,
        0.62844986, -0.64368922,  0.48039162, -0.74147469, -0.62645817,
        0.65777647, -0.28190514,  0.0824645 , -1.35022736, -0.22217949,
       -0.80024606,  0.38868597,  2.02706861,  0.31754529, -0.0642866 ,
       -0.75903428,  0.65480816,  0.12058046, -0.10807229,  0.32421064,
        1.02418137,  1.1256175 ,  0.18376489,  0.32496426, -0.10900487,
       -1.05737531,  0.28012502, -1.71311164, -0.84246248, -1.22352242,
        1.00115371, -0.97919577, -1.48307204, -0.41858461,  1.56558263,
        1.29252791,  1.19303226, -0.43338066,  1.41646302,  2.279989  ,
       -0.18203425,  1.82348585,  0.65620476, -0.07873973, -0.45235026,
        0.09424318, -0.53002584, -0.26099923, -0.47333074,  0.35484692,
        1.11319184, -0.25939676, -0.06959391,  1.15002191, -2.13119555,
       -0.14881656, -0.56366795,  0.50972438,  0.8793844 , -0.92546165,
        1.17106366, -0.0883958 , -0.48436549, -1.32628179, -0.31484681,
        0.52977616,  1.39770436, -1.37771201,  1.40297151, -0.37480405,
        0.41826299, -1.21897614,  0.7560752 , -0.30135906, -2.32297134,
       -0.17923521,  0.04704648, -0.63516551,  3.29411292,  0.43047994,
        0.14209208,  0.43251356,  0.26901737, -1.56868613, -0.46479911,
       -1.06481755, -0.97436416, -0.59763247,  1.97408175, -0.01853688,
       -2.01707244, -0.07047439,  0.0426852 , -0.58500254,  1.44822967], dtype=float32), array([ 0.16049957,  0.70311576, -1.06802642,  0.11183039, -1.70518625,
        0.63429397, -0.64308012,  0.48532563, -0.73379946, -0.62606841,
        0.66256201, -0.27809253,  0.08116738, -1.34508502, -0.23153265,
       -0.79319692,  0.39449069,  2.02887487,  0.31917769, -0.06633549,
       -0.75671989,  0.66123092,  0.13128679, -0.10652737,  0.32638583,
        1.02488375,  1.12659097,  0.17813668,  0.32565635, -0.10358381,
       -1.05295599,  0.27375472, -1.70955646, -0.84126025, -1.22420442,
        1.00591934, -0.97782987, -1.49047995, -0.41574147,  1.56511629,
        1.28752983,  1.18847704, -0.44293845,  1.41963387,  2.27901649,
       -0.18036325,  1.81953096,  0.66107166, -0.07577518, -0.45252392,
        0.09576371, -0.52459723, -0.26478881, -0.48221931,  0.34840032,
        1.11086488, -0.26333079, -0.06941931,  1.14021015, -2.13452387,
       -0.14907973, -0.56686884,  0.51651138,  0.88075113, -0.92471951,
        1.16987431, -0.08806513, -0.49445969, -1.32019019, -0.32009301,
        0.53435922,  1.39809525, -1.3878777 ,  1.39757943, -0.37063691,
        0.41927278, -1.21236539,  0.75681329, -0.29163334, -2.32261324,
       -0.18032658,  0.04334804, -0.63265783,  3.29694033,  0.43127578,
        0.13626191,  0.4287639 ,  0.2631796 , -1.57032847, -0.46899819,
       -1.0559448 , -0.97010058, -0.61288112,  1.97540557, -0.01102866,
       -2.01851773, -0.06564754,  0.03412668, -0.58701837,  1.44843888], dtype=float32), array([ 0.16426575,  0.70487666, -1.07384682,  0.10870574, -1.70564604,
        0.63241529, -0.64661551,  0.48603237, -0.73116779, -0.62671971,
        0.66210943, -0.27942455,  0.07895766, -1.34469771, -0.2316364 ,
       -0.79489189,  0.39753175,  2.02929807,  0.31338617, -0.06634887,
       -0.75439179,  0.65639722,  0.12876327, -0.10709547,  0.32571656,
        1.02453184,  1.13022864,  0.17973284,  0.32468328, -0.10375984,
       -1.05316651,  0.2724258 , -1.71039653, -0.84097928, -1.22312093,
        1.00790143, -0.98204792, -1.49014473, -0.41646442,  1.5643295 ,
        1.28817368,  1.18509126, -0.44521663,  1.4244343 ,  2.27806449,
       -0.17764242,  1.81638634,  0.66260988, -0.07707448, -0.45341048,
        0.0948491 , -0.52544683, -0.26039326, -0.48032811,  0.34766546,
        1.11340821, -0.25994051, -0.07177978,  1.14228749, -2.13639116,
       -0.145198  , -0.56882387,  0.51750785,  0.88323677, -0.92624104,
        1.16690493, -0.08943824, -0.49266288, -1.32130539, -0.32266364,
        0.53472286,  1.39739323, -1.38285494,  1.40030074, -0.36961585,
        0.42274565, -1.21414483,  0.75956887, -0.29383004, -2.31755662,
       -0.18336989,  0.04386451, -0.63169736,  3.29805851,  0.42803162,
        0.13829853,  0.42817742,  0.25686389, -1.5703727 , -0.47052845,
       -1.05424213, -0.9665966 , -0.60918218,  1.97422993, -0.01098605,
       -2.01722598, -0.06147536,  0.03266795, -0.58723307,  1.44960046], dtype=float32), array([ 0.16615263,  0.70252353, -1.07075524,  0.10841793, -1.70434654,
        0.62938374, -0.64094901,  0.48718265, -0.72861826, -0.62210822,
        0.66030914, -0.27459094,  0.08202258, -1.34386218, -0.23623955,
       -0.79879779,  0.39900935,  2.03053761,  0.31156108, -0.06739264,
       -0.76075035,  0.6608333 ,  0.12676671, -0.10860089,  0.32758403,
        1.02548873,  1.12578213,  0.17849323,  0.32929507, -0.10142437,
       -1.05385971,  0.27612337, -1.70865071, -0.84015375, -1.22644866,
        1.00960326, -0.98069364, -1.48543704, -0.4145267 ,  1.56223714,
        1.29024398,  1.18770838, -0.45015416,  1.42499018,  2.27353001,
       -0.17638916,  1.81447077,  0.66136676, -0.07352071, -0.461546  ,
        0.09663679, -0.52405173, -0.25841755, -0.47949168,  0.34743866,
        1.10801768, -0.2641201 , -0.0702854 ,  1.14698541, -2.1341126 ,
       -0.14755213, -0.56571746,  0.52259159,  0.88981926, -0.92851192,
        1.16061437, -0.09197637, -0.49169987, -1.3225373 , -0.32254359,
        0.53866172,  1.39772284, -1.38789821,  1.39836144, -0.37431172,
        0.42285016, -1.21530354,  0.75631249, -0.28990149, -2.31769776,
       -0.1805505 ,  0.04060068, -0.63365543,  3.30266428,  0.42745671,
        0.13122895,  0.42481968,  0.26406801, -1.56837654, -0.47055364,
       -1.05130541, -0.96819782, -0.61331886,  1.9755373 , -0.01530927,
       -2.01715565, -0.06248054,  0.03360423, -0.58934087,  1.44858265], dtype=float32), array([ 0.1611554 ,  0.69487721, -1.07309783,  0.10311616, -1.71025419,
        0.627451  , -0.63472807,  0.48639324, -0.73524231, -0.61791056,
        0.6645577 , -0.28418374,  0.08026331, -1.34811687, -0.23206301,
       -0.79592061,  0.39308485,  2.03668094,  0.3049807 , -0.07064112,
       -0.75968105,  0.66393071,  0.12790059, -0.10811359,  0.32484159,
        1.02976561,  1.11023974,  0.17399845,  0.3313123 , -0.1010949 ,
       -1.05109084,  0.28035441, -1.70126009, -0.84345835, -1.22837281,
        1.00474775, -0.97159064, -1.48382378, -0.41653374,  1.5592916 ,
        1.27819407,  1.18940079, -0.44645545,  1.42867446,  2.27658439,
       -0.17729583,  1.81654453,  0.6673156 , -0.0711581 , -0.4695513 ,
        0.10246836, -0.51894003, -0.25516969, -0.48172605,  0.34059376,
        1.09839749, -0.26696858, -0.06367745,  1.14990377, -2.13188267,
       -0.14513505, -0.55893874,  0.52259612,  0.89308125, -0.93227947,
        1.16551626, -0.08713197, -0.48714286, -1.31899905, -0.31711596,
        0.54101145,  1.39385104, -1.38530982,  1.39607394, -0.37481266,
        0.42455775, -1.21415579,  0.75915462, -0.29081276, -2.31806755,
       -0.18561997,  0.04036644, -0.64060688,  3.30749512,  0.43236512,
        0.13518803,  0.42835352,  0.26431841, -1.56953895, -0.47900224,
       -1.04706907, -0.97228122, -0.60970622,  1.97470379, -0.01100621,
       -2.02239895, -0.06252237,  0.02901777, -0.5864017 ,  1.45138574], dtype=float32), array([ 0.14370465,  0.70052809, -1.08351254,  0.12154802, -1.71583724,
        0.62166464, -0.63504946,  0.48825896, -0.73360205, -0.62413758,
        0.64962435, -0.28643063,  0.07683012, -1.33938587, -0.21697271,
       -0.7880317 ,  0.38873148,  2.04262209,  0.3121191 , -0.06938505,
       -0.76620996,  0.65477997,  0.12455709, -0.09442925,  0.32231092,
        1.025213  ,  1.12399697,  0.1702823 ,  0.33003426, -0.11290509,
       -1.0543443 ,  0.28066254, -1.70251787, -0.83921635, -1.23485959,
        0.98775548, -0.96576828, -1.49315119, -0.42235231,  1.58405209,
        1.27386212,  1.19868493, -0.42180142,  1.42088163,  2.26277447,
       -0.17912272,  1.83015275,  0.65913999, -0.07151641, -0.469605  ,
        0.11337976, -0.51851416, -0.25926068, -0.46747181,  0.3448723 ,
        1.09925735, -0.26455745, -0.06110581,  1.14680636, -2.12118936,
       -0.14015159, -0.55881238,  0.50945759,  0.88582194, -0.92943072,
        1.16565049, -0.08390616, -0.48692033, -1.30974174, -0.32519943,
        0.54309899,  1.39325619, -1.37680638,  1.39228046, -0.36962166,
        0.42999306, -1.22454822,  0.74938482, -0.30270851, -2.32003736,
       -0.18508546,  0.04731525, -0.63232791,  3.31439328,  0.41964406,
        0.12727074,  0.42263374,  0.2618323 , -1.5758971 , -0.48201922,
       -1.05475891, -0.9738307 , -0.60378999,  1.97322869,  0.0036769 ,
       -2.01943898, -0.06763196,  0.02999667, -0.59169668,  1.458583  ], dtype=float32), array([ 0.15612192,  0.70821476, -1.0915848 ,  0.1228928 , -1.71663117,
        0.62884969, -0.6425429 ,  0.48524871, -0.73080403, -0.6228503 ,
        0.64161444, -0.28355029,  0.06672052, -1.34122407, -0.22099987,
       -0.78432304,  0.38659126,  2.05184746,  0.30370009, -0.06641342,
       -0.7692349 ,  0.64945912,  0.12379756, -0.09265893,  0.33148956,
        1.01913142,  1.12320292,  0.17554881,  0.33428302, -0.11407353,
       -1.05904603,  0.28245056, -1.69701362, -0.84310997, -1.23831487,
        0.9918167 , -0.97028142, -1.48821616, -0.41705927,  1.57787323,
        1.27161074,  1.18975508, -0.43045121,  1.42563498,  2.25873876,
       -0.18215278,  1.82196999,  0.66667992, -0.07815243, -0.47516745,
        0.10914448, -0.51352572, -0.25754511, -0.46385217,  0.34823433,
        1.09123445, -0.26291516, -0.06489391,  1.14777696, -2.11942172,
       -0.13515404, -0.56372565,  0.5086633 ,  0.88875693, -0.93763763,
        1.16352761, -0.08176251, -0.48687682, -1.31361687, -0.33209214,
        0.53978664,  1.39224684, -1.37215745,  1.39704382, -0.36283237,
        0.44140738, -1.21849871,  0.74983174, -0.30889642, -2.31385875,
       -0.18475589,  0.04911813, -0.62914771,  3.31776667,  0.41922274,
        0.13201854,  0.42501   ,  0.25912571, -1.58128989, -0.48350444,
       -1.05067503, -0.97503597, -0.59893519,  1.96740496,  0.00562003,
       -2.02583647, -0.05625163,  0.03198402, -0.59032047,  1.46070194], dtype=float32), array([ 0.15461016,  0.70908421, -1.09088004,  0.12541902, -1.7157644 ,
        0.6274209 , -0.64146656,  0.48547378, -0.73297763, -0.62352312,
        0.63998622, -0.28504622,  0.07121347, -1.34100389, -0.21850015,
       -0.78031206,  0.38571709,  2.05255699,  0.30391318, -0.06523382,
       -0.77047431,  0.64820784,  0.12401488, -0.09107385,  0.33197513,
        1.01788127,  1.12438345,  0.17906533,  0.3357957 , -0.11296298,
       -1.06104124,  0.28498268, -1.69915068, -0.84161747, -1.23896217,
        0.99247646, -0.97093362, -1.49021673, -0.42128071,  1.58084738,
        1.26972342,  1.19045341, -0.42876402,  1.42588902,  2.25616169,
       -0.18210647,  1.82301104,  0.6643551 , -0.07495345, -0.47800359,
        0.11022835, -0.51411372, -0.25663635, -0.46681195,  0.34755859,
        1.09247267, -0.26358432, -0.06310167,  1.14559722, -2.11881328,
       -0.13557018, -0.5635075 ,  0.50291961,  0.88796538, -0.93645173,
        1.16373086, -0.08144595, -0.48742342, -1.314677  , -0.32978073,
        0.54060042,  1.39104915, -1.37348962,  1.39948297, -0.36180735,
        0.44130832, -1.22079372,  0.74624914, -0.31234387, -2.31653523,
       -0.185837  ,  0.05132164, -0.63208538,  3.31769252,  0.42241269,
        0.13124339,  0.42340323,  0.26053822, -1.58235908, -0.48232064,
       -1.05051458, -0.97222245, -0.59659231,  1.9663291 ,  0.0066943 ,
       -2.02150774, -0.05784158,  0.03142532, -0.58964765,  1.45922339], dtype=float32), array([ 0.15507585,  0.70628583, -1.08962965,  0.12313413, -1.71683478,
        0.62859136, -0.64150423,  0.49188074, -0.72876483, -0.62533534,
        0.64360201, -0.28856289,  0.07587353, -1.34062839, -0.22061001,
       -0.78127444,  0.3825984 ,  2.05340457,  0.30186832, -0.06600591,
       -0.76268882,  0.6418497 ,  0.1313349 , -0.09458873,  0.33072725,
        1.01607776,  1.12626064,  0.17684133,  0.33750197, -0.11134936,
       -1.05840814,  0.28163645, -1.70217526, -0.84197319, -1.24001741,
        0.99870503, -0.97749794, -1.49215484, -0.41991928,  1.5817759 ,
        1.2753967 ,  1.19167137, -0.42733461,  1.42659402,  2.25790429,
       -0.18436629,  1.81748414,  0.66712523, -0.07600428, -0.47700253,
        0.10896057, -0.51483899, -0.26203445, -0.46774068,  0.34693807,
        1.09149075, -0.26628613, -0.06818298,  1.14499128, -2.1225574 ,
       -0.13985534, -0.56580198,  0.50812918,  0.88542533, -0.93634218,
        1.16066778, -0.08464063, -0.490284  , -1.31660986, -0.33262825,
        0.54270405,  1.39605403, -1.37462986,  1.39554656, -0.36469671,
        0.43361926, -1.21391439,  0.75065738, -0.30926406, -2.3131578 ,
       -0.18661304,  0.05162943, -0.62839931,  3.31220031,  0.42504543,
        0.13567355,  0.42423099,  0.26314688, -1.57751858, -0.48040745,
       -1.04706693, -0.97115755, -0.59522212,  1.96995449,  0.00528468,
       -2.02431846, -0.05952683,  0.02681027, -0.58276361,  1.4607302 ], dtype=float32), array([  1.55356795e-01,   7.11121857e-01,  -1.10243893e+00,
         1.31485373e-01,  -1.72275043e+00,   6.26856863e-01,
        -6.40368998e-01,   4.93765831e-01,  -7.22780943e-01,
        -6.19976342e-01,   6.42298758e-01,  -2.91197866e-01,
         6.80121407e-02,  -1.33313346e+00,  -2.22585246e-01,
        -7.81291246e-01,   3.73217791e-01,   2.04707909e+00,
         2.99601287e-01,  -6.58067986e-02,  -7.63961256e-01,
         6.53369069e-01,   1.32737041e-01,  -9.51245874e-02,
         3.28854203e-01,   1.01487100e+00,   1.12687552e+00,
         1.70222670e-01,   3.45328927e-01,  -1.13689676e-01,
        -1.05964446e+00,   2.76419997e-01,  -1.69973862e+00,
        -8.44161510e-01,  -1.23735940e+00,   9.91894186e-01,
        -9.73189056e-01,  -1.48946953e+00,  -4.12224293e-01,
         1.57455289e+00,   1.27106857e+00,   1.19210982e+00,
        -4.28703815e-01,   1.42373812e+00,   2.26011300e+00,
        -1.84689924e-01,   1.81943727e+00,   6.67925656e-01,
        -7.86197260e-02,  -4.74189192e-01,   1.04214475e-01,
        -5.12280285e-01,  -2.61352032e-01,  -4.61819321e-01,
         3.54432464e-01,   1.08643234e+00,  -2.65207380e-01,
        -6.69997483e-02,   1.14640200e+00,  -2.11627173e+00,
        -1.41879648e-01,  -5.71096599e-01,   5.07243276e-01,
         8.76019299e-01,  -9.40835476e-01,   1.16991138e+00,
        -8.31710845e-02,  -4.84912962e-01,  -1.31909776e+00,
        -3.38186949e-01,   5.45732796e-01,   1.40010095e+00,
        -1.36946833e+00,   1.39224279e+00,  -3.66929382e-01,
         4.38617796e-01,  -1.20912933e+00,   7.49210775e-01,
        -3.08013231e-01,  -2.31275654e+00,  -1.84563324e-01,
         4.94663008e-02,  -6.21840179e-01,   3.32171512e+00,
         4.17212397e-01,   1.36079520e-01,   4.23574656e-01,
         2.67845333e-01,  -1.58378208e+00,  -4.80953455e-01,
        -1.05004156e+00,  -9.75985944e-01,  -5.92027664e-01,
         1.96372318e+00,   3.24995141e-03,  -2.03317547e+00,
        -5.17659225e-02,   2.90410984e-02,  -5.83857894e-01,
         1.46371508e+00], dtype=float32), array([  1.52308375e-01,   7.10818470e-01,  -1.09875405e+00,
         1.32282287e-01,  -1.72329009e+00,   6.24594390e-01,
        -6.37855530e-01,   4.94276166e-01,  -7.25570083e-01,
        -6.24275327e-01,   6.40755713e-01,  -2.91300029e-01,
         7.17863962e-02,  -1.33064604e+00,  -2.21370354e-01,
        -7.78279901e-01,   3.73496830e-01,   2.04865885e+00,
         2.98693568e-01,  -6.23586476e-02,  -7.64327526e-01,
         6.49444878e-01,   1.33908838e-01,  -9.31387767e-02,
         3.32201093e-01,   1.01394129e+00,   1.12669551e+00,
         1.73230618e-01,   3.47595304e-01,  -1.12093978e-01,
        -1.05895531e+00,   2.78405726e-01,  -1.70178711e+00,
        -8.42348218e-01,  -1.23551488e+00,   9.93807197e-01,
        -9.72908139e-01,  -1.48922944e+00,  -4.15116817e-01,
         1.57667661e+00,   1.27161407e+00,   1.19183910e+00,
        -4.25578415e-01,   1.42705452e+00,   2.25788903e+00,
        -1.90719217e-01,   1.81829238e+00,   6.66803896e-01,
        -7.43464455e-02,  -4.76595402e-01,   1.06274448e-01,
        -5.11967182e-01,  -2.59827197e-01,  -4.64733124e-01,
         3.54694635e-01,   1.08643663e+00,  -2.69503623e-01,
        -6.59805909e-02,   1.14393795e+00,  -2.11843252e+00,
        -1.41739562e-01,  -5.69039822e-01,   5.01195490e-01,
         8.76372695e-01,  -9.39480662e-01,   1.16978085e+00,
        -8.31423253e-02,  -4.88281697e-01,  -1.32124996e+00,
        -3.35329831e-01,   5.43161273e-01,   1.40189290e+00,
        -1.37137663e+00,   1.39604616e+00,  -3.67426127e-01,
         4.40299302e-01,  -1.21428180e+00,   7.45139062e-01,
        -3.12701672e-01,  -2.31459498e+00,  -1.86069399e-01,
         5.25615811e-02,  -6.23488605e-01,   3.32134032e+00,
         4.19695199e-01,   1.39409885e-01,   4.19330776e-01,
         2.69208819e-01,  -1.58674192e+00,  -4.80824232e-01,
        -1.05185175e+00,  -9.70891953e-01,  -5.88934660e-01,
         1.96245611e+00,   1.81926147e-03,  -2.02904081e+00,
        -5.31905107e-02,   2.83486973e-02,  -5.80534816e-01,
         1.46054411e+00], dtype=float32), array([ 0.16306452,  0.71764821, -1.11218596,  0.1293982 , -1.72215509,
        0.62426013, -0.63989854,  0.49546331, -0.73050755, -0.62282366,
        0.63605177, -0.29881075,  0.07880015, -1.3282882 , -0.21968608,
       -0.77579039,  0.37592274,  2.04716992,  0.29372922, -0.05402677,
       -0.763668  ,  0.64592922,  0.13941786, -0.08992885,  0.33301875,
        1.00759375,  1.13630295,  0.1801209 ,  0.34368604, -0.11323939,
       -1.05744672,  0.28181711, -1.70666134, -0.83844459, -1.22988868,
        0.99325752, -0.97830117, -1.49871159, -0.41924718,  1.57525456,
        1.26585412,  1.18980682, -0.43082854,  1.42013788,  2.25251245,
       -0.19417685,  1.81857169,  0.65999103, -0.07021993, -0.47631776,
        0.10432944, -0.50780857, -0.26377031, -0.45872679,  0.35141778,
        1.08382785, -0.26500708, -0.06922223,  1.14081311, -2.12093258,
       -0.13415167, -0.57103711,  0.48997432,  0.87949324, -0.94500059,
        1.17245853, -0.08001307, -0.48861662, -1.31962705, -0.33881354,
        0.54706991,  1.40530038, -1.37180305,  1.40086055, -0.35805979,
        0.45332757, -1.21877658,  0.73688275, -0.32337648, -2.31426811,
       -0.1953553 ,  0.05864812, -0.6207478 ,  3.32117629,  0.4224925 ,
        0.14564635,  0.42098445,  0.274867  , -1.58913147, -0.48825979,
       -1.05407774, -0.96982318, -0.58621752,  1.95767295,  0.00514058,
       -2.0197804 , -0.04689609,  0.02615937, -0.5767011 ,  1.46393275], dtype=float32), array([ 0.19312617,  0.71720517, -1.10272801,  0.12724343, -1.73700726,
        0.61307192, -0.64857519,  0.48046675, -0.69956255, -0.60569489,
        0.64510041, -0.27296054,  0.08373664, -1.33117366, -0.22758068,
       -0.79375184,  0.39610791,  2.03599262,  0.29048362, -0.05486963,
       -0.77537715,  0.64159471,  0.12487229, -0.09714008,  0.33714134,
        1.03297913,  1.14078176,  0.1965744 ,  0.34904367, -0.12339981,
       -1.06422615,  0.28713652, -1.71043432, -0.85605294, -1.21864283,
        1.01586008, -0.99790043, -1.49663413, -0.41868332,  1.57584333,
        1.2418555 ,  1.21422625, -0.44654137,  1.42514718,  2.24147177,
       -0.1998705 ,  1.81624246,  0.65219152, -0.07349481, -0.46853128,
        0.12801734, -0.51420987, -0.26327714, -0.45986465,  0.32628524,
        1.07160425, -0.26210186, -0.06534417,  1.13574266, -2.11533284,
       -0.1240707 , -0.56687951,  0.48557213,  0.89054555, -0.93963003,
        1.15490496, -0.08070411, -0.49635163, -1.32281137, -0.33057374,
        0.54545039,  1.42522621, -1.36709559,  1.40832937, -0.36116168,
        0.44452047, -1.23007166,  0.7408241 , -0.33075231, -2.30682921,
       -0.19662946,  0.05232038, -0.62535071,  3.30873013,  0.42776254,
        0.13600957,  0.42487654,  0.27083811, -1.57806587, -0.48037133,
       -1.0569582 , -0.98189867, -0.58647555,  1.96792734, -0.00447331,
       -2.00805497, -0.06167473,  0.01844079, -0.57276869,  1.4711926 ], dtype=float32), array([  1.85040966e-01,   7.18420565e-01,  -1.10818088e+00,
         1.33107364e-01,  -1.73937094e+00,   6.09066308e-01,
        -6.49372041e-01,   4.81784672e-01,  -6.97488666e-01,
        -6.07323587e-01,   6.41861320e-01,  -2.75186092e-01,
         7.75937065e-02,  -1.32906449e+00,  -2.25967884e-01,
        -7.94879317e-01,   3.94153655e-01,   2.03701377e+00,
         2.94645369e-01,  -5.47739007e-02,  -7.78181314e-01,
         6.39849365e-01,   1.26202673e-01,  -9.19030085e-02,
         3.33721340e-01,   1.03068411e+00,   1.14491391e+00,
         1.88899919e-01,   3.46684933e-01,  -1.30089462e-01,
        -1.06020653e+00,   2.86679476e-01,  -1.70904160e+00,
        -8.55247796e-01,  -1.22079742e+00,   1.00673723e+00,
        -9.93098855e-01,  -1.49992871e+00,  -4.16227847e-01,
         1.58354568e+00,   1.24191928e+00,   1.21465456e+00,
        -4.38747346e-01,   1.42105269e+00,   2.23734117e+00,
        -1.98831946e-01,   1.82159495e+00,   6.49806440e-01,
        -7.68845379e-02,  -4.64296430e-01,   1.32041112e-01,
        -5.14358282e-01,  -2.64721274e-01,  -4.50978190e-01,
         3.31042945e-01,   1.07167697e+00,  -2.60974497e-01,
        -6.56983480e-02,   1.13831902e+00,  -2.11326003e+00,
        -1.23383693e-01,  -5.67945778e-01,   4.86220032e-01,
         8.87879074e-01,  -9.40074205e-01,   1.15814018e+00,
        -8.02731067e-02,  -4.95614588e-01,  -1.31799686e+00,
        -3.35976124e-01,   5.45361519e-01,   1.42501795e+00,
        -1.36167574e+00,   1.40267694e+00,  -3.61380458e-01,
         4.47628170e-01,  -1.23065364e+00,   7.39461839e-01,
        -3.30091864e-01,  -2.30454040e+00,  -1.95790708e-01,
         5.20987697e-02,  -6.18216515e-01,   3.31354761e+00,
         4.20058340e-01,   1.32591382e-01,   4.25495416e-01,
         2.68845648e-01,  -1.57784998e+00,  -4.83788937e-01,
        -1.05978215e+00,  -9.85291660e-01,  -5.88398337e-01,
         1.96915579e+00,   2.84376880e-03,  -2.01081562e+00,
        -6.21903837e-02,   1.99653376e-02,  -5.75993359e-01,
         1.47576189e+00], dtype=float32)]
