[array([-0.97161114, -0.22203386,  0.95903945,  1.35933769,  0.99760449,
       -1.57275927, -1.23114729, -0.9006961 , -0.5036    ,  0.62665153,
        2.50197172, -0.14532998, -0.96449518, -1.63975906, -0.98903126,
       -2.08644009,  0.46127886, -1.9446274 ,  0.84045488, -2.53067303,
        1.11313522,  1.91602719, -0.31856689,  1.19170427,  0.21016461,
       -0.14472882, -0.242377  ,  1.30816364, -0.56358051, -0.16467549,
        0.85586363, -0.08829328, -0.15898024, -0.44545969, -0.50350016,
        0.36764777, -0.34855929,  0.59640706,  0.82618982, -0.24548055,
        2.23913813,  0.52409947,  0.0149772 ,  1.07743704,  0.43245855,
       -1.0868336 , -0.30945852, -1.45780623, -1.08515716, -0.9028241 ,
       -0.84893036,  0.28313226,  1.95289969, -0.20387854, -0.20399213,
        2.70288968,  1.14149177, -1.31238711, -0.05956959,  0.01984779,
        0.62363338, -2.21863985,  0.17164607, -0.07438716,  1.133551  ,
       -0.02229055, -0.98755974,  0.57313883,  0.87753254,  0.93192995,
        0.32142413, -0.09739091, -0.33775312, -1.09580112,  2.06602836,
       -0.64738119,  0.06515094, -0.25790223,  0.57577276, -0.03893878,
       -0.55840546, -0.3558009 , -0.12574391, -1.41954064, -0.83301514,
        2.04472208,  0.16541439, -0.32628673, -0.52765489,  0.11180336,
       -0.86163902,  1.50740385, -0.4151465 , -0.23342773,  0.23713729,
       -0.18348204,  0.78317416, -0.13095523, -0.47365367, -0.08943959], dtype=float32), array([-0.95095491, -0.22971518,  0.93622434,  1.34849083,  0.98283714,
       -1.58874846, -1.20154166, -0.85686362, -0.51152724,  0.59814131,
        2.48986673, -0.09966935, -0.97092509, -1.57136345, -0.97729248,
       -2.05273581,  0.48958623, -1.90924168,  0.80408049, -2.52653694,
        1.13842821,  1.92275774, -0.33316571,  1.144485  ,  0.20859782,
       -0.1761526 , -0.27506983,  1.42619252, -0.6120832 , -0.10766406,
        0.78366005, -0.03327416, -0.15495053, -0.35907441, -0.50531995,
        0.37237057, -0.3477222 ,  0.59293634,  0.77868247, -0.16048342,
        2.2338903 ,  0.47959173, -0.03541299,  1.05036151,  0.46343896,
       -1.1470747 , -0.40357214, -1.44093442, -1.04233658, -0.89473277,
       -0.82997519,  0.24117422,  1.95256829, -0.255146  , -0.15807326,
        2.62842441,  1.07662201, -1.35488236, -0.06582679, -0.01170366,
        0.52163303, -2.1702528 ,  0.22345909,  0.03427409,  1.09302819,
       -0.0706976 , -0.96454251,  0.60181069,  0.86945027,  0.99877429,
        0.32323253, -0.06197474, -0.37030381, -0.98188198,  2.04419327,
       -0.54534817,  0.11017855, -0.2347157 ,  0.50844944, -0.05703679,
       -0.55115008, -0.36398837, -0.08665059, -1.40082729, -0.89046532,
        2.01474285,  0.12082157, -0.35177174, -0.53308713,  0.12795821,
       -0.84190446,  1.47331798, -0.47590566, -0.21459001,  0.26874462,
       -0.11346325,  0.79274046, -0.17507376, -0.46267405, -0.20016602], dtype=float32), array([-0.84867913, -0.23670797,  0.84817094,  1.32856417,  1.13386679,
       -1.2647624 , -1.3742944 , -0.6773808 , -0.42570204,  0.53460234,
        2.28110433, -0.14408809, -0.94790131, -1.61915267, -0.89564306,
       -2.16081619,  0.3187395 , -1.86623108,  0.81794226, -2.55721831,
        1.10886014,  2.05868745, -0.08909082,  1.10385156,  0.14682654,
       -0.3478334 , -0.23533294,  1.37087858, -0.56234777, -0.17907107,
        0.93406552, -0.11600058, -0.07646368, -0.40741754, -0.4468677 ,
        0.67208493, -0.28959221,  0.55106544,  0.8743037 , -0.14206086,
        2.221977  ,  0.62336177,  0.03347968,  1.10358453,  0.39047799,
       -1.16678989, -0.45266774, -1.31065249, -0.99786341, -0.91491866,
       -0.78947276,  0.1063261 ,  1.95336199, -0.22962584, -0.23384158,
        2.60629654,  1.08070576, -1.15264153,  0.04591617,  0.03671228,
        0.66888851, -2.2371006 ,  0.30759898,  0.05273586,  1.15584826,
       -0.17173421, -0.93045986,  0.37933847,  0.94727868,  1.07884824,
        0.2125804 , -0.0890406 , -0.52584624, -0.96842462,  1.96823144,
       -0.52639174,  0.09624645, -0.33578643,  0.77871299, -0.21496931,
       -0.51834178, -0.33885768, -0.19030082, -1.43588185, -1.00225866,
        1.85985684,  0.07565417, -0.40274036, -0.62313974,  0.0860047 ,
       -1.05229437,  1.55764222, -0.53934646, -0.16355699,  0.20602027,
       -0.23012953,  0.73042935, -0.13742042, -0.36975181, -0.28482595], dtype=float32), array([-0.76249802, -0.17311014,  0.64199394,  1.36011255,  1.1389997 ,
       -1.15143609, -1.41452372, -0.68191606, -0.473643  ,  0.51062131,
        2.21515822, -0.25338882, -0.97673833, -1.54218173, -0.88105732,
       -2.12653136,  0.30768508, -1.86620009,  0.8780973 , -2.52532029,
        1.04896843,  2.1718328 ,  0.00277138,  1.02158153,  0.18401833,
       -0.44549546, -0.22783285,  1.44733417, -0.62667143, -0.22099683,
        0.94317049, -0.16974844, -0.00381308, -0.47180888, -0.54706466,
        0.78781193, -0.27527046,  0.55750358,  0.89265943, -0.15105319,
        2.28775144,  0.67518169, -0.04656985,  1.21026051,  0.35159969,
       -1.23989213, -0.55374104, -1.19308507, -0.93264842, -0.78745657,
       -0.72626954,  0.04645866,  2.00195861, -0.20892704, -0.23547184,
        2.52852678,  1.06208587, -1.21857822,  0.14901908,  0.11346012,
        0.75080794, -2.16910386,  0.35921451,  0.09379239,  1.11379218,
       -0.26665819, -0.92548102,  0.33884493,  0.95611173,  1.15764427,
        0.15886515, -0.11324728, -0.54416728, -0.85186267,  2.08143044,
       -0.57194108,  0.06751011, -0.41067183,  0.75444573, -0.22153632,
       -0.56994903, -0.35797086, -0.19470069, -1.31854117, -1.03065205,
        1.79364383,  0.01051131, -0.51115352, -0.56697255,  0.07075737,
       -1.13048601,  1.50319874, -0.57941979, -0.21288575,  0.32834616,
       -0.15334867,  0.75927359, -0.20350391, -0.30387807, -0.51574111], dtype=float32), array([-0.76313001, -0.15504949,  0.57987905,  1.46756113,  1.0889492 ,
       -1.01520896, -1.47554123, -0.61353064, -0.54379958,  0.45059022,
        2.10402727, -0.30941722, -1.05139589, -1.46802616, -0.80067134,
       -2.08141708,  0.31257695, -1.83149743,  0.95538676, -2.46935463,
        0.9702552 ,  2.21669531,  0.01333656,  1.00522161,  0.25566977,
       -0.42609474, -0.16989018,  1.52920878, -0.5999434 , -0.22651982,
        0.94756287, -0.15367125,  0.00428148, -0.42063117, -0.54010719,
        0.94231993, -0.26590729,  0.47397283,  0.94687593, -0.09541346,
        2.23860836,  0.60357457,  0.02738883,  1.30242038,  0.30183524,
       -1.29276729, -0.54437906, -1.23732972, -0.98551112, -0.79208404,
       -0.78757542, -0.02263515,  2.03115702, -0.13359979, -0.26855874,
        2.51819944,  0.9960236 , -1.17469478,  0.10606056,  0.16729043,
        0.73985767, -2.24394917,  0.39967331,  0.08566166,  1.12494791,
       -0.27400562, -0.83314252,  0.34739274,  1.00382316,  1.19970095,
        0.10109919, -0.17206541, -0.53670365, -0.85816008,  2.07529187,
       -0.49791336,  0.13196103, -0.47124311,  0.79090095, -0.313835  ,
       -0.57220066, -0.46218398, -0.31637895, -1.3108567 , -1.11680615,
        1.7232337 ,  0.10700627, -0.61356455, -0.54037189, -0.01632649,
       -1.19992197,  1.4791013 , -0.67704582, -0.09670877,  0.38614646,
       -0.15671599,  0.66477174, -0.07534064, -0.30898985, -0.5377143 ], dtype=float32), array([-0.64987302, -0.22396439,  0.76221311,  1.45459843,  1.18470883,
       -1.16764283, -1.43529499, -0.63717449, -0.5356127 ,  0.4683136 ,
        2.11001444, -0.14925955, -0.99204969, -1.36326265, -0.80969203,
       -2.20578098,  0.33388561, -1.74734259,  0.80672014, -2.54802442,
        0.96197331,  2.16580558,  0.04234819,  0.83569437,  0.15478091,
       -0.45114315, -0.2546899 ,  1.65245402, -0.67268771, -0.20551342,
        0.96149433, -0.1656471 , -0.0468554 , -0.33703211, -0.59171444,
        0.73226184, -0.22489446,  0.52604604,  0.91654676, -0.01770312,
        2.32321668,  0.59799129, -0.04003501,  1.27531147,  0.28531241,
       -1.37047029, -0.73091352, -1.32695937, -0.84528255, -0.846017  ,
       -0.72588813, -0.01168005,  2.02562928, -0.18700886, -0.19154081,
        2.48790884,  0.97723526, -1.131001  ,  0.11309433,  0.03569684,
        0.69497383, -2.16803741,  0.36124605,  0.15564211,  1.17944276,
       -0.36669427, -0.91228795,  0.38196382,  0.98139054,  1.38226283,
        0.08656833, -0.19004129, -0.58859956, -0.67239028,  2.03677607,
       -0.31784442,  0.09156678, -0.38926056,  0.73552328, -0.36649385,
       -0.55145901, -0.5094102 , -0.11915632, -1.28332448, -1.17978895,
        1.74385929,  0.07874618, -0.48075861, -0.63990021, -0.08864915,
       -1.17716682,  1.38737869, -0.59523392, -0.09952661,  0.38053969,
       -0.02064262,  0.73107147, -0.11464309, -0.34484679, -0.58439916], dtype=float32), array([ -6.63654506e-01,  -2.60316700e-01,   7.68440485e-01,
         1.47104120e+00,   1.17487335e+00,  -1.13876164e+00,
        -1.41465521e+00,  -6.29672945e-01,  -5.79248905e-01,
         4.68651772e-01,   2.12593842e+00,  -1.47341132e-01,
        -9.95930731e-01,  -1.35575569e+00,  -7.91418433e-01,
        -2.18552566e+00,   3.36587369e-01,  -1.75992143e+00,
         8.21985960e-01,  -2.52639270e+00,   9.71856534e-01,
         2.16057444e+00,   5.50012626e-02,   8.40703368e-01,
         1.66249871e-01,  -4.29001480e-01,  -2.26051316e-01,
         1.70117152e+00,  -6.77830279e-01,  -1.90607816e-01,
         9.60300803e-01,  -1.53680623e-01,  -1.64533537e-02,
        -3.05152833e-01,  -6.02901936e-01,   7.55140424e-01,
        -2.79283047e-01,   5.06636262e-01,   9.12816525e-01,
        -5.21632582e-02,   2.31850076e+00,   6.06108129e-01,
        -6.62684953e-03,   1.29202282e+00,   2.73909211e-01,
        -1.40349424e+00,  -7.02375174e-01,  -1.29670501e+00,
        -8.74265909e-01,  -8.69263172e-01,  -7.71989763e-01,
        -2.16747914e-02,   1.96967828e+00,  -2.23506063e-01,
        -2.00417086e-01,   2.46824837e+00,   9.92373347e-01,
        -1.13374949e+00,   8.73963162e-02,   4.82611842e-02,
         6.72634959e-01,  -2.16259837e+00,   3.77218753e-01,
         1.51278436e-01,   1.17237282e+00,  -3.73011798e-01,
        -8.34864795e-01,   4.05545503e-01,   9.67780232e-01,
         1.37581909e+00,   7.34672546e-02,  -1.70391306e-01,
        -5.89490891e-01,  -6.92806721e-01,   2.05882645e+00,
        -3.44964087e-01,   9.82078984e-02,  -3.86502087e-01,
         7.41714954e-01,  -3.73312324e-01,  -5.33693790e-01,
        -5.04325092e-01,  -1.53640136e-01,  -1.27877414e+00,
        -1.19718254e+00,   1.72335434e+00,   8.02425668e-02,
        -5.11145055e-01,  -6.53605521e-01,  -6.91454634e-02,
        -1.19862986e+00,   1.42913997e+00,  -5.90632677e-01,
        -9.83741060e-02,   3.41392934e-01,   9.40006285e-05,
         7.50693917e-01,  -1.01748891e-01,  -3.74956816e-01,
        -5.94666302e-01], dtype=float32), array([-0.64681047, -0.27026233,  0.71543521,  1.46663606,  1.20982516,
       -1.10181153, -1.45073318, -0.62500834, -0.60038495,  0.49716154,
        2.10606909, -0.14368837, -0.95692998, -1.3705951 , -0.80687815,
       -2.15823817,  0.33890578, -1.72341931,  0.82518911, -2.49226356,
        1.02315807,  2.17614365,  0.03005315,  0.86842334,  0.14033796,
       -0.42203099, -0.18566762,  1.71722722, -0.68889612, -0.20071077,
        0.94383091, -0.13557456, -0.03705323, -0.2413851 , -0.60680622,
        0.78977114, -0.29029831,  0.50483775,  0.8907311 , -0.05006994,
        2.31293154,  0.56488699, -0.02473193,  1.3072871 ,  0.25238556,
       -1.40940225, -0.74114293, -1.31001604, -0.89650315, -0.88965404,
       -0.78242171,  0.00776746,  1.98648918, -0.23958026, -0.21726441,
        2.43529558,  1.01654553, -1.16202927,  0.09480191,  0.02697179,
        0.68320405, -2.17391443,  0.38820568,  0.18856554,  1.16620147,
       -0.34987444, -0.8341943 ,  0.42324102,  0.9541679 ,  1.39525771,
        0.04239979, -0.11219597, -0.56066096, -0.74677616,  2.05974126,
       -0.33695245,  0.05878558, -0.34376746,  0.73816866, -0.38355175,
       -0.50669867, -0.50723231, -0.13148001, -1.27491486, -1.22039044,
        1.73742127,  0.10389999, -0.52382958, -0.64854676, -0.07625593,
       -1.2010982 ,  1.37597632, -0.59691721, -0.07401259,  0.33048216,
       -0.06955775,  0.74471241, -0.11589763, -0.33745822, -0.63508856], dtype=float32), array([-0.6705808 , -0.31042552,  0.7476244 ,  1.4825213 ,  1.23448193,
       -1.0697819 , -1.40484607, -0.66934472, -0.57590514,  0.53476667,
        2.04703283, -0.12693112, -0.96689934, -1.34626484, -0.78345138,
       -2.18447709,  0.37150463, -1.73052335,  0.85942918, -2.49142766,
        1.02052081,  2.14325833,  0.03280731,  0.87146753,  0.11036886,
       -0.38537014, -0.22546215,  1.68831515, -0.69439536, -0.18924586,
        0.9581272 , -0.11472838, -0.06064371, -0.20223236, -0.64020395,
        0.72370267, -0.28361943,  0.4785594 ,  0.88348049, -0.04273101,
        2.30177093,  0.53040391, -0.04964229,  1.30429149,  0.22406431,
       -1.40252876, -0.76710224, -1.36301851, -0.95692307, -0.86707228,
       -0.739375  ,  0.00980069,  1.99935901, -0.18969077, -0.16540396,
        2.38990641,  1.01787925, -1.2076335 ,  0.14513172,  0.02188991,
        0.70570427, -2.2382021 ,  0.36873221,  0.14915504,  1.18637526,
       -0.38956892, -0.8502509 ,  0.43578035,  1.04209828,  1.36195087,
        0.02023121, -0.04214921, -0.50074226, -0.75099903,  2.05532598,
       -0.28713182,  0.11777783, -0.31974608,  0.66494519, -0.40070325,
       -0.50777543, -0.51205909, -0.0200627 , -1.28701055, -1.22426581,
        1.73654735,  0.10404105, -0.53647649, -0.70115513, -0.11325477,
       -1.21482778,  1.3753202 , -0.63012439, -0.04923006,  0.33315969,
       -0.02879728,  0.74762088, -0.10587955, -0.33246884, -0.61646992], dtype=float32), array([-0.71535742, -0.29789358,  0.76616019,  1.45611906,  1.20139253,
       -1.07051504, -1.44018328, -0.63922614, -0.56986183,  0.59030616,
        2.02718878, -0.14760731, -0.90803808, -1.38282168, -0.7752493 ,
       -2.11562133,  0.37751326, -1.76753008,  0.85214341, -2.48392034,
        1.07915068,  2.04793048, -0.01294165,  0.9001748 ,  0.12815884,
       -0.33424044, -0.15470521,  1.6722101 , -0.73418862, -0.25424787,
        0.95193446, -0.04570583,  0.01832484, -0.14375246, -0.68627882,
        0.69148654, -0.4044992 ,  0.44924009,  0.92190534, -0.05952603,
        2.31394935,  0.50822061,  0.01587789,  1.3405019 ,  0.15226322,
       -1.42949355, -0.76000863, -1.34805918, -0.96181875, -0.85170126,
       -0.82997084,  0.05202495,  1.94861257, -0.25292334, -0.12192297,
        2.33006883,  1.0506295 , -1.24568355,  0.14538887, -0.05844519,
        0.73209983, -2.2956574 ,  0.39356747,  0.10955499,  1.20551324,
       -0.30870923, -0.82104683,  0.55428582,  1.02132797,  1.41613364,
        0.11324041, -0.07765916, -0.50002366, -0.80728626,  2.07481194,
       -0.30056754,  0.06447338, -0.31710917,  0.69587803, -0.42838094,
       -0.49231833, -0.44575301, -0.03849952, -1.24491394, -1.25830698,
        1.74303114,  0.11467937, -0.55113029, -0.68714279, -0.12192219,
       -1.17430174,  1.34467864, -0.61690998, -0.00958465,  0.28379917,
       -0.11897004,  0.7627086 , -0.03011108, -0.32454646, -0.64387089], dtype=float32), array([ -7.04708278e-01,  -2.99139291e-01,   7.13486791e-01,
         1.46207607e+00,   1.19520664e+00,  -1.05883884e+00,
        -1.45558417e+00,  -6.27034485e-01,  -5.77344239e-01,
         6.15812302e-01,   2.02463794e+00,  -1.38110027e-01,
        -8.98171723e-01,  -1.40943480e+00,  -7.70506382e-01,
        -2.09721541e+00,   3.70455891e-01,  -1.75515056e+00,
         8.37883234e-01,  -2.48427916e+00,   1.08813250e+00,
         2.04704928e+00,  -2.88715120e-04,   9.03824210e-01,
         1.16107054e-01,  -3.52323860e-01,  -1.30674988e-01,
         1.64998996e+00,  -7.34885693e-01,  -2.85933942e-01,
         9.50687110e-01,  -7.12379515e-02,   1.43979667e-02,
        -1.42796397e-01,  -6.72440231e-01,   7.09620476e-01,
        -4.12182003e-01,   4.40759748e-01,   9.36522365e-01,
        -4.77313809e-02,   2.32830286e+00,   5.01923144e-01,
         1.78046133e-02,   1.34409273e+00,   1.39879838e-01,
        -1.41343248e+00,  -7.69491911e-01,  -1.33160973e+00,
        -9.79399920e-01,  -8.09872091e-01,  -8.29567671e-01,
         3.10181621e-02,   1.94997084e+00,  -2.61359453e-01,
        -1.35563254e-01,   2.30727887e+00,   1.06515896e+00,
        -1.24818361e+00,   1.58870250e-01,  -6.71343878e-02,
         7.52054989e-01,  -2.30354381e+00,   3.99266988e-01,
         1.04934640e-01,   1.20767188e+00,  -3.08713198e-01,
        -8.25528920e-01,   5.50008595e-01,   1.02588689e+00,
         1.40712810e+00,   1.08685263e-01,  -1.02783643e-01,
        -4.88351971e-01,  -8.39114249e-01,   2.07769585e+00,
        -2.99833924e-01,   6.67070225e-02,  -3.22558641e-01,
         7.16628134e-01,  -4.26647365e-01,  -5.01489878e-01,
        -4.43159044e-01,  -2.39214227e-02,  -1.22980237e+00,
        -1.25064969e+00,   1.76896572e+00,   1.21954814e-01,
        -5.50627351e-01,  -6.83554351e-01,  -1.41767189e-01,
        -1.19163883e+00,   1.35379267e+00,  -6.05981946e-01,
         2.61955266e-03,   2.97439247e-01,  -1.40091240e-01,
         7.59657204e-01,  -2.19020490e-02,  -3.16020995e-01,
        -6.52739465e-01], dtype=float32), array([ -7.06121564e-01,  -3.11819702e-01,   7.37116277e-01,
         1.45277917e+00,   1.18115795e+00,  -1.09250057e+00,
        -1.44152403e+00,  -6.38015211e-01,  -5.79728901e-01,
         5.79270601e-01,   2.03565645e+00,  -1.15127519e-01,
        -8.97217393e-01,  -1.37270868e+00,  -7.59449303e-01,
        -2.13551641e+00,   3.67237985e-01,  -1.76685846e+00,
         8.19962919e-01,  -2.51869559e+00,   1.09225130e+00,
         2.01046705e+00,   5.55697130e-03,   8.86674643e-01,
         1.01498276e-01,  -3.61355126e-01,  -1.75064325e-01,
         1.66420376e+00,  -7.42313385e-01,  -2.37966016e-01,
         9.48354185e-01,  -6.76420331e-02,   1.49200810e-02,
        -1.13722228e-01,  -6.59908175e-01,   6.84235990e-01,
        -4.00076479e-01,   4.17251974e-01,   9.42631185e-01,
        -2.98905047e-03,   2.34292245e+00,   4.72172886e-01,
         1.10007348e-02,   1.33748460e+00,   1.45843163e-01,
        -1.43916285e+00,  -7.85468757e-01,  -1.35207522e+00,
        -9.40820098e-01,  -8.29024732e-01,  -7.93486297e-01,
         2.57390440e-02,   1.95375597e+00,  -2.35410616e-01,
        -9.65211093e-02,   2.30088353e+00,   1.04459584e+00,
        -1.25135040e+00,   1.22640893e-01,  -9.72324014e-02,
         7.50027478e-01,  -2.28646708e+00,   4.06819016e-01,
         1.30904391e-01,   1.23095107e+00,  -3.29954356e-01,
        -8.31101418e-01,   5.34429967e-01,   1.00382888e+00,
         1.43043900e+00,   1.15565948e-01,  -6.21781945e-02,
        -4.82516795e-01,  -8.00077200e-01,   2.05572701e+00,
        -2.82711893e-01,   7.73176625e-02,  -2.97408015e-01,
         7.14545727e-01,  -4.14925128e-01,  -4.92854774e-01,
        -4.47374433e-01,   3.38185802e-02,  -1.23234749e+00,
        -1.27344561e+00,   1.77767205e+00,   7.95994475e-02,
        -5.61535060e-01,  -6.87124550e-01,  -1.38199762e-01,
        -1.18039155e+00,   1.35571802e+00,  -5.89135051e-01,
        -1.50460086e-03,   3.07934314e-01,  -8.83301869e-02,
         7.76751339e-01,  -5.02202325e-02,  -3.48298699e-01,
        -6.85341537e-01], dtype=float32), array([ -7.21458316e-01,  -2.87895650e-01,   7.17648566e-01,
         1.47430050e+00,   1.17579103e+00,  -1.09457636e+00,
        -1.45325720e+00,  -6.61407113e-01,  -5.83560348e-01,
         5.39806902e-01,   2.02848625e+00,  -9.07592848e-02,
        -8.98393929e-01,  -1.38062692e+00,  -7.55950689e-01,
        -2.14624238e+00,   3.77725959e-01,  -1.75252128e+00,
         8.20890546e-01,  -2.50575137e+00,   1.08963633e+00,
         2.02586222e+00,   3.19875181e-02,   8.78689647e-01,
         1.26819655e-01,  -3.68227601e-01,  -1.91929370e-01,
         1.68009698e+00,  -7.52296150e-01,  -2.36175045e-01,
         9.41724300e-01,  -7.12001696e-02,   3.55844311e-02,
        -1.47753760e-01,  -6.50028706e-01,   7.20941782e-01,
        -3.90231758e-01,   4.47106153e-01,   8.92233729e-01,
        -1.76594767e-03,   2.35830069e+00,   4.71986473e-01,
        -2.24263798e-02,   1.33980715e+00,   1.43952936e-01,
        -1.44207156e+00,  -7.99625397e-01,  -1.36357296e+00,
        -9.54388738e-01,  -8.10291350e-01,  -7.73445964e-01,
         5.78943780e-03,   1.96162140e+00,  -2.10215107e-01,
        -1.05641387e-01,   2.32560396e+00,   1.03797364e+00,
        -1.24671614e+00,   1.29776761e-01,  -6.85416982e-02,
         7.33818889e-01,  -2.27126861e+00,   4.15942580e-01,
         1.59940764e-01,   1.24060750e+00,  -3.51432770e-01,
        -8.40977669e-01,   4.93374795e-01,   9.66415584e-01,
         1.41213655e+00,   1.24423973e-01,  -6.43404722e-02,
        -4.75228250e-01,  -8.08696210e-01,   2.05060792e+00,
        -3.00826371e-01,   8.91500413e-02,  -3.18497986e-01,
         7.19913125e-01,  -4.10079449e-01,  -4.62440699e-01,
        -4.45398390e-01,   9.78143048e-03,  -1.23834133e+00,
        -1.25577545e+00,   1.78548861e+00,   8.93063843e-02,
        -5.23483098e-01,  -6.74259901e-01,  -1.20303385e-01,
        -1.16827571e+00,   1.34457195e+00,  -6.24999881e-01,
         4.03384585e-03,   3.09023410e-01,  -6.93730637e-02,
         7.53027797e-01,  -6.45673573e-02,  -3.34419608e-01,
        -7.19778061e-01], dtype=float32), array([-0.71942812, -0.28139988,  0.71293491,  1.47837758,  1.17599761,
       -1.09723306, -1.4534924 , -0.6583209 , -0.58360136,  0.53859192,
        2.03472662, -0.0845695 , -0.90246904, -1.38516796, -0.75814098,
       -2.14737439,  0.3871215 , -1.74711442,  0.81720632, -2.49577069,
        1.09538615,  2.02938652,  0.03152061,  0.8726123 ,  0.12328719,
       -0.37884367, -0.1983114 ,  1.68633652, -0.75739539, -0.2301954 ,
        0.93209577, -0.06781029,  0.04281411, -0.1432347 , -0.65213543,
        0.72666126, -0.39360479,  0.4600431 ,  0.88510609, -0.0032278 ,
        2.36166382,  0.47540635, -0.0265201 ,  1.33501244,  0.14179017,
       -1.44556546, -0.80914938, -1.36615562, -0.95125788, -0.80814612,
       -0.77172989,  0.00788286,  1.96443748, -0.21979095, -0.10371294,
        2.32820034,  1.03778005, -1.25254107,  0.1284657 , -0.06925558,
        0.71960521, -2.26734543,  0.41275245,  0.18035848,  1.24530935,
       -0.35559577, -0.84840214,  0.49339017,  0.96536833,  1.41166937,
        0.12477767, -0.06220716, -0.4789699 , -0.79837507,  2.04900241,
       -0.29922259,  0.09380347, -0.31101263,  0.71338981, -0.4106743 ,
       -0.45680523, -0.44003269,  0.00988097, -1.24019051, -1.25761986,
        1.77662802,  0.08138791, -0.51318532, -0.67684156, -0.11711592,
       -1.15987802,  1.33716726, -0.6384266 ,  0.00611852,  0.3128134 ,
       -0.07102136,  0.74851954, -0.0689216 , -0.32605207, -0.73222637], dtype=float32), array([ -7.21351445e-01,  -2.80243129e-01,   7.07116008e-01,
         1.48046970e+00,   1.16888547e+00,  -1.09622133e+00,
        -1.45547724e+00,  -6.57272279e-01,  -5.80695927e-01,
         5.33102691e-01,   2.03456712e+00,  -8.66206959e-02,
        -9.02402818e-01,  -1.37830651e+00,  -7.60106385e-01,
        -2.14588165e+00,   3.85616690e-01,  -1.75168514e+00,
         8.23940754e-01,  -2.49944615e+00,   1.09660602e+00,
         2.02864075e+00,   3.51268128e-02,   8.76365066e-01,
         1.28581390e-01,  -3.82909030e-01,  -1.97566897e-01,
         1.68425167e+00,  -7.58090913e-01,  -2.30558455e-01,
         9.28857148e-01,  -6.70801103e-02,   4.13757116e-02,
        -1.46271273e-01,  -6.51481867e-01,   7.28800416e-01,
        -3.86354446e-01,   4.53680873e-01,   8.82673442e-01,
        -3.29608517e-03,   2.35943389e+00,   4.75199759e-01,
        -3.17745022e-02,   1.33514905e+00,   1.42419547e-01,
        -1.44305062e+00,  -8.05676699e-01,  -1.36449265e+00,
        -9.52202499e-01,  -8.09583008e-01,  -7.71263123e-01,
         2.15149461e-03,   1.96475697e+00,  -2.19465181e-01,
        -1.08886942e-01,   2.32869458e+00,   1.03299677e+00,
        -1.25545168e+00,   1.33451596e-01,  -6.42596558e-02,
         7.18952656e-01,  -2.26682615e+00,   4.14887369e-01,
         1.84677050e-01,   1.24957466e+00,  -3.57672155e-01,
        -8.51942837e-01,   4.89142388e-01,   9.66606438e-01,
         1.40740979e+00,   1.22799374e-01,  -6.38996214e-02,
        -4.81972754e-01,  -7.97358036e-01,   2.05115247e+00,
        -2.96599150e-01,   9.89446789e-02,  -3.09330881e-01,
         7.16915905e-01,  -4.06460553e-01,  -4.55449611e-01,
        -4.39549625e-01,   7.67082023e-03,  -1.24440920e+00,
        -1.25787997e+00,   1.78114235e+00,   8.50370601e-02,
        -5.14795125e-01,  -6.72645211e-01,  -1.14958480e-01,
        -1.16746664e+00,   1.34006345e+00,  -6.37919247e-01,
         4.50523151e-03,   3.16887110e-01,  -6.94983229e-02,
         7.48579979e-01,  -6.63769543e-02,  -3.24681967e-01,
        -7.34742224e-01], dtype=float32), array([ -7.14385331e-01,  -2.96183199e-01,   6.73609018e-01,
         1.47983027e+00,   1.16970718e+00,  -1.03891814e+00,
        -1.47005713e+00,  -6.67478740e-01,  -6.08743608e-01,
         5.68175435e-01,   2.01636958e+00,  -9.19879675e-02,
        -8.78810406e-01,  -1.41149127e+00,  -7.16882050e-01,
        -2.13529062e+00,   3.82258326e-01,  -1.72335529e+00,
         8.29146802e-01,  -2.51049304e+00,   1.11785638e+00,
         2.02167964e+00,   3.63602079e-02,   8.96486580e-01,
         1.14246026e-01,  -4.04098064e-01,  -1.63812712e-01,
         1.67143202e+00,  -7.64485419e-01,  -2.55983949e-01,
         9.26288188e-01,  -8.52016881e-02,   5.17530590e-02,
        -1.21992499e-01,  -6.62002027e-01,   7.53633380e-01,
        -3.99475574e-01,   4.41155404e-01,   8.90672207e-01,
        -1.14751961e-02,   2.38125205e+00,   4.64884967e-01,
        -3.00760921e-02,   1.34427738e+00,   1.10406637e-01,
        -1.42565215e+00,  -7.95456946e-01,  -1.35823083e+00,
        -9.71288204e-01,  -7.98031271e-01,  -7.60243893e-01,
         8.53524264e-03,   1.96668971e+00,  -2.06683248e-01,
        -1.10817514e-01,   2.29484081e+00,   1.03672671e+00,
        -1.26620519e+00,   1.23220496e-01,  -4.77792397e-02,
         7.58441985e-01,  -2.30549526e+00,   4.23779726e-01,
         1.77216440e-01,   1.26360810e+00,  -3.43926132e-01,
        -8.85118902e-01,   4.77637380e-01,   9.72856402e-01,
         1.40774608e+00,   1.21779665e-01,  -6.21403940e-02,
        -4.60570216e-01,  -8.33968461e-01,   2.02638149e+00,
        -2.91775346e-01,   8.38967413e-02,  -3.08558881e-01,
         7.27310956e-01,  -4.13976252e-01,  -4.33168501e-01,
        -4.46956217e-01,   1.89658049e-02,  -1.23800731e+00,
        -1.28607655e+00,   1.77496183e+00,   8.63570720e-02,
        -5.15137196e-01,  -6.45547092e-01,  -1.25478789e-01,
        -1.16673851e+00,   1.30992937e+00,  -6.52244270e-01,
         1.33087765e-03,   3.19269180e-01,  -8.11553374e-02,
         7.52341032e-01,  -5.34317121e-02,  -2.90454328e-01,
        -7.32310236e-01], dtype=float32), array([ -6.71842337e-01,  -2.69316286e-01,   6.46582484e-01,
         1.46738040e+00,   1.21380675e+00,  -1.00812221e+00,
        -1.46789348e+00,  -6.36654437e-01,  -6.03571177e-01,
         5.75037420e-01,   2.00155067e+00,  -1.37339279e-01,
        -8.91912162e-01,  -1.41834462e+00,  -7.29585111e-01,
        -2.13970089e+00,   3.61937791e-01,  -1.74032199e+00,
         8.48827302e-01,  -2.47478867e+00,   1.10240328e+00,
         2.03099108e+00,   2.17252653e-02,   8.83768857e-01,
         1.39705464e-01,  -4.31264460e-01,  -1.82686254e-01,
         1.65988207e+00,  -7.34129131e-01,  -2.69968063e-01,
         9.33527887e-01,  -8.73819366e-02,   8.36552754e-02,
        -1.25231326e-01,  -6.45601094e-01,   7.96137989e-01,
        -3.77187759e-01,   4.45943624e-01,   8.82435024e-01,
         1.79001950e-02,   2.37844634e+00,   4.55578864e-01,
        -4.30487171e-02,   1.31633925e+00,   8.28395709e-02,
        -1.42564499e+00,  -8.17403018e-01,  -1.34537470e+00,
        -9.53794897e-01,  -7.95216084e-01,  -7.41906166e-01,
         2.17685429e-03,   2.00781345e+00,  -1.61554813e-01,
        -1.27023473e-01,   2.27909017e+00,   1.04741073e+00,
        -1.27235651e+00,   1.18765712e-01,  -2.81540044e-02,
         7.90962636e-01,  -2.31273007e+00,   4.17653054e-01,
         2.05516472e-01,   1.29777348e+00,  -3.90795827e-01,
        -9.26937163e-01,   4.85190511e-01,   9.64816570e-01,
         1.42577779e+00,   1.01136655e-01,  -6.80767149e-02,
        -4.79344219e-01,  -8.55679691e-01,   2.01025462e+00,
        -2.75114030e-01,   7.20620453e-02,  -3.19787771e-01,
         7.39882648e-01,  -4.15391743e-01,  -4.36782718e-01,
        -4.79722440e-01,  -5.01484494e-04,  -1.23553061e+00,
        -1.28651476e+00,   1.78581560e+00,   8.13648328e-02,
        -5.24741888e-01,  -5.90679109e-01,  -1.34019434e-01,
        -1.16246521e+00,   1.27838469e+00,  -6.96448386e-01,
        -2.23324099e-03,   3.38080913e-01,  -9.38779786e-02,
         7.28988111e-01,  -8.12033936e-02,  -2.53947139e-01,
        -7.48475492e-01], dtype=float32), array([-0.65797597, -0.28592288,  0.64686811,  1.47927511,  1.2255801 ,
       -0.96731806, -1.47076523, -0.62515211, -0.65087599,  0.59353334,
        1.99765491, -0.16091752, -0.89348155, -1.43228865, -0.73644567,
       -2.12765288,  0.3483654 , -1.7360065 ,  0.83966708, -2.45230269,
        1.12510395,  2.020293  ,  0.02000895,  0.9035176 ,  0.13872924,
       -0.41969904, -0.1433368 ,  1.69482887, -0.74361217, -0.28395694,
        0.93179387, -0.09033176,  0.11193306, -0.0816287 , -0.66564071,
        0.82175165, -0.41384634,  0.4509432 ,  0.91560501,  0.00555034,
        2.37281775,  0.4621329 , -0.04175213,  1.31364155,  0.0739984 ,
       -1.43029642, -0.83876359, -1.32173431, -0.96839911, -0.80567527,
       -0.77192014,  0.02141475,  1.99008918, -0.19175221, -0.13755429,
        2.26636767,  1.06625175, -1.27889025,  0.10140041, -0.05740207,
        0.77792186, -2.31233001,  0.43048802,  0.18877761,  1.30653429,
       -0.38099518, -0.8985275 ,  0.50358111,  0.96484375,  1.42850935,
        0.10498144, -0.06104023, -0.47330499, -0.89188224,  2.00141668,
       -0.29632995,  0.06716978, -0.32238019,  0.74480391, -0.43705285,
       -0.39892212, -0.45788446, -0.01996958, -1.22064185, -1.30245662,
        1.75695896,  0.08334616, -0.54048902, -0.57421458, -0.12233761,
       -1.16609895,  1.26566231, -0.6723634 ,  0.00876922,  0.30903223,
       -0.10293103,  0.7363748 , -0.07380649, -0.26873258, -0.74029911], dtype=float32), array([-0.64523077, -0.2688334 ,  0.62472957,  1.49308312,  1.23124182,
       -0.96628368, -1.49162936, -0.63168901, -0.63957143,  0.5863511 ,
        1.98600543, -0.17401631, -0.90003645, -1.41852081, -0.72907215,
       -2.12233591,  0.37108314, -1.73362231,  0.87015599, -2.44213319,
        1.11359298,  2.02868414,  0.02433423,  0.90095103,  0.15962906,
       -0.41738829, -0.1474468 ,  1.71768081, -0.74582207, -0.28768334,
        0.94317216, -0.10599273,  0.109874  , -0.07436762, -0.6718145 ,
        0.82362431, -0.40502551,  0.43963227,  0.8984918 , -0.00880781,
        2.36885333,  0.4481898 , -0.04056058,  1.33432496,  0.09144077,
       -1.42521918, -0.86179221, -1.32282329, -0.97586793, -0.78452051,
       -0.77403671,  0.02476693,  1.97197807, -0.18032123, -0.13652024,
        2.27126265,  1.06188083, -1.29282212,  0.10575444, -0.03747875,
        0.76616538, -2.31116962,  0.41969416,  0.18034723,  1.30082953,
       -0.40014273, -0.89812833,  0.49316239,  0.95928836,  1.43439281,
        0.10246965, -0.05941183, -0.4752169 , -0.8907485 ,  2.00868058,
       -0.29624584,  0.05573705, -0.33058262,  0.7455368 , -0.42199787,
       -0.40388942, -0.47192651, -0.03780714, -1.22011304, -1.29598606,
        1.77138102,  0.08615675, -0.54853296, -0.53981698, -0.12330152,
       -1.17887294,  1.24631751, -0.6892978 ,  0.00785161,  0.33060688,
       -0.10187681,  0.71391815, -0.07757448, -0.26429552, -0.72708231], dtype=float32), array([-0.65021348, -0.26957402,  0.6101656 ,  1.49409771,  1.2086786 ,
       -0.96174532, -1.48255813, -0.62981588, -0.64426565,  0.5964089 ,
        1.98916447, -0.17242871, -0.88791281, -1.4304316 , -0.73453993,
       -2.11219716,  0.38244417, -1.73481727,  0.88426787, -2.44441295,
        1.11469424,  2.0280714 ,  0.02922226,  0.91322917,  0.15538061,
       -0.43039182, -0.15256438,  1.71336043, -0.74993771, -0.28209382,
        0.92712957, -0.1118108 ,  0.12126803, -0.08389712, -0.67485589,
        0.82426828, -0.4032377 ,  0.42834261,  0.89797723, -0.01460703,
        2.35211086,  0.44368464, -0.03448636,  1.34180665,  0.10792758,
       -1.42193663, -0.84872222, -1.32739127, -0.97223878, -0.77690381,
       -0.75891447,  0.02457441,  1.96467352, -0.17034824, -0.14315169,
        2.27959943,  1.04360723, -1.29925847,  0.11060919, -0.02396963,
        0.77372909, -2.3221283 ,  0.41458306,  0.17789857,  1.31865263,
       -0.40834704, -0.90118629,  0.49084568,  0.95634151,  1.41584527,
        0.09853855, -0.05234032, -0.47574103, -0.89215362,  2.01279902,
       -0.29986867,  0.05960936, -0.3262454 ,  0.73900038, -0.41309264,
       -0.40395486, -0.47452909, -0.06485591, -1.23063123, -1.29931521,
        1.79037845,  0.1012233 , -0.55955887, -0.52306956, -0.11511047,
       -1.18634176,  1.25357175, -0.70122027,  0.00647098,  0.33687627,
       -0.11260438,  0.70672989, -0.06226125, -0.26894811, -0.7107231 ], dtype=float32), array([-0.64483732, -0.26684669,  0.59891129,  1.49215019,  1.20612156,
       -0.96225095, -1.49427736, -0.62172365, -0.65235931,  0.58884186,
        1.98686171, -0.17335738, -0.88524735, -1.422598  , -0.73718852,
       -2.11083674,  0.38619137, -1.73477268,  0.88182372, -2.4462359 ,
        1.12449968,  2.03380227,  0.02775457,  0.90971464,  0.14725402,
       -0.43498206, -0.15607621,  1.72366834, -0.74316704, -0.28418174,
        0.92518824, -0.10210024,  0.11689254, -0.0779364 , -0.66838032,
        0.83918905, -0.40581238,  0.43808722,  0.88540077, -0.02529586,
        2.34192991,  0.44641954, -0.04295591,  1.33790457,  0.10820438,
       -1.42636383, -0.85357046, -1.32786798, -0.96409738, -0.77452815,
       -0.75935543,  0.02336413,  1.96718454, -0.17951861, -0.14269261,
        2.29171586,  1.04466283, -1.29403043,  0.11684256, -0.02950635,
        0.75785106, -2.31324172,  0.41612503,  0.18803914,  1.32479489,
       -0.41138414, -0.89910561,  0.49480635,  0.94720823,  1.41695178,
        0.09615636, -0.05543576, -0.50611675, -0.89564657,  2.01328158,
       -0.2976768 ,  0.05822925, -0.31548229,  0.74391323, -0.4136399 ,
       -0.40622529, -0.46577272, -0.08118752, -1.22386825, -1.29685867,
        1.79670537,  0.09578081, -0.55274737, -0.51638979, -0.09676511,
       -1.19493484,  1.24977112, -0.69645917,  0.0117896 ,  0.33843446,
       -0.11343044,  0.70550376, -0.06647283, -0.26899967, -0.71313006], dtype=float32), array([-0.6402505 , -0.26655692,  0.60041273,  1.4863224 ,  1.20901477,
       -0.96253377, -1.50060999, -0.61517209, -0.64776349,  0.589993  ,
        1.98195612, -0.18353952, -0.89048988, -1.4315393 , -0.7369132 ,
       -2.1109705 ,  0.38510656, -1.73281693,  0.88509202, -2.44263005,
        1.12477469,  2.02970791,  0.02587931,  0.91031384,  0.15030739,
       -0.43672961, -0.15289336,  1.7177    , -0.74669391, -0.28513888,
        0.92239928, -0.10287071,  0.12152325, -0.07504185, -0.66922587,
        0.84859335, -0.40759254,  0.44153214,  0.89116001, -0.02163122,
        2.34456444,  0.45423433, -0.03886925,  1.34587467,  0.10801958,
       -1.42416465, -0.85462022, -1.32286572, -0.96441603, -0.76407927,
       -0.76287884,  0.02115199,  1.96764302, -0.18340856, -0.14454024,
        2.29420185,  1.04385626, -1.28537595,  0.11427779, -0.02895675,
        0.75727177, -2.32419658,  0.41790763,  0.18783614,  1.32596648,
       -0.40671107, -0.89582318,  0.49628317,  0.94670558,  1.41478956,
        0.10024773, -0.06151802, -0.51058596, -0.89487505,  2.00921178,
       -0.2988387 ,  0.05289511, -0.31935498,  0.7523064 , -0.42393288,
       -0.4061012 , -0.4644044 , -0.08087029, -1.22290087, -1.29603493,
        1.79227209,  0.09866766, -0.5460692 , -0.51602966, -0.09931299,
       -1.19662893,  1.24281645, -0.69813395,  0.01246121,  0.33833584,
       -0.12190192,  0.70078242, -0.0618564 , -0.26974371, -0.71276474], dtype=float32), array([-0.64155418, -0.26674852,  0.59805918,  1.48777664,  1.20691252,
       -0.9620536 , -1.5012666 , -0.61554807, -0.64800155,  0.59116745,
        1.98052025, -0.18369928, -0.88950759, -1.43217468, -0.73582155,
       -2.10928726,  0.38747004, -1.73182416,  0.88679898, -2.44330359,
        1.12570155,  2.02955437,  0.02703066,  0.90976423,  0.15196013,
       -0.43692791, -0.15234174,  1.71705556, -0.74884862, -0.28486407,
        0.92090094, -0.1049741 ,  0.12166093, -0.0767673 , -0.66960865,
        0.84946322, -0.40629992,  0.44037908,  0.89056218, -0.02181897,
        2.34549546,  0.45207942, -0.0388781 ,  1.34704638,  0.10609821,
       -1.42488444, -0.85345542, -1.32151318, -0.96743906, -0.76182103,
       -0.76416069,  0.02050262,  1.96732581, -0.18294021, -0.14312768,
        2.29325414,  1.04313636, -1.28660321,  0.11628812, -0.02795586,
        0.75779438, -2.32589674,  0.41658896,  0.18610971,  1.3263309 ,
       -0.40776932, -0.89516312,  0.49801067,  0.94761282,  1.41378832,
        0.09845614, -0.06300569, -0.50899637, -0.89543498,  2.0102129 ,
       -0.29587573,  0.05543517, -0.32069284,  0.74928796, -0.42290896,
       -0.40709674, -0.46366662, -0.0818487 , -1.22383857, -1.29632092,
        1.79245067,  0.10128903, -0.54648554, -0.51375735, -0.09940208,
       -1.19601822,  1.24249494, -0.69927478,  0.01236038,  0.3406159 ,
       -0.12264169,  0.69985718, -0.06005804, -0.26649162, -0.71399385], dtype=float32), array([-0.62966549, -0.29487583,  0.60797054,  1.49697638,  1.20896304,
       -0.95972896, -1.4896189 , -0.61201733, -0.67351443,  0.58311325,
        1.97300255, -0.17127779, -0.90216017, -1.43061078, -0.72859019,
       -2.11970901,  0.37500277, -1.73976493,  0.89794683, -2.42365146,
        1.13767838,  2.0150764 ,  0.0505028 ,  0.92451936,  0.15442626,
       -0.43122584, -0.14114712,  1.71737492, -0.73079062, -0.28940818,
        0.93688059, -0.1191032 ,  0.1473458 , -0.07330822, -0.67099899,
        0.85439283, -0.43950006,  0.44920826,  0.89994395, -0.03326788,
        2.36630177,  0.48698735, -0.01837881,  1.33655846,  0.09461942,
       -1.43584371, -0.84906018, -1.30613708, -0.96229929, -0.79344666,
       -0.79124284,  0.01787371,  1.93592954, -0.21813746, -0.15125619,
        2.28177643,  1.07111824, -1.27760875,  0.11418385, -0.03156123,
        0.74876463, -2.32189631,  0.41301125,  0.18555777,  1.33498168,
       -0.40725026, -0.84937006,  0.49032751,  0.95818311,  1.4145757 ,
        0.08460629, -0.06437504, -0.53517652, -0.9106608 ,  1.99554253,
       -0.30271107,  0.05294397, -0.33068782,  0.74549478, -0.43612909,
       -0.38601738, -0.44953835, -0.10240391, -1.2033025 , -1.29146159,
        1.76904786,  0.11744004, -0.54568934, -0.53068423, -0.09568913,
       -1.21454775,  1.27140439, -0.67679995,  0.0171517 ,  0.3088133 ,
       -0.11447276,  0.71980655, -0.04568026, -0.27727196, -0.7326014 ], dtype=float32), array([ -6.37448668e-01,  -3.15376788e-01,   6.23345673e-01,
         1.50980806e+00,   1.20366287e+00,  -9.53421891e-01,
        -1.47256553e+00,  -6.12696946e-01,  -6.88529432e-01,
         5.76576352e-01,   1.97059834e+00,  -1.66450828e-01,
        -9.19459999e-01,  -1.42276227e+00,  -7.21444428e-01,
        -2.11640620e+00,   3.71425867e-01,  -1.74652684e+00,
         9.07482445e-01,  -2.40977597e+00,   1.14019084e+00,
         2.01956367e+00,   6.67945594e-02,   9.34081554e-01,
         1.63878947e-01,  -4.19078946e-01,  -1.33181617e-01,
         1.73529541e+00,  -7.22634852e-01,  -2.93085665e-01,
         9.39002395e-01,  -1.25907436e-01,   1.64767623e-01,
        -6.60420358e-02,  -6.73032463e-01,   8.57851326e-01,
        -4.46939439e-01,   4.42036986e-01,   9.09586728e-01,
        -5.51076531e-02,   2.37597489e+00,   5.04936934e-01,
        -1.55073521e-03,   1.34304345e+00,   9.57311988e-02,
        -1.44403493e+00,  -8.37300777e-01,  -1.29507852e+00,
        -9.70966578e-01,  -8.04501891e-01,  -8.16666901e-01,
         1.43017406e-02,   1.90143383e+00,  -2.30849698e-01,
        -1.52935520e-01,   2.27387691e+00,   1.08446944e+00,
        -1.26776910e+00,   1.13638259e-01,  -3.28409672e-02,
         7.30929613e-01,  -2.31910682e+00,   4.18132067e-01,
         1.79583356e-01,   1.32875216e+00,  -4.10582185e-01,
        -8.14778805e-01,   4.92364466e-01,   9.60225463e-01,
         1.41173959e+00,   8.15625340e-02,  -5.52326031e-02,
        -5.50169528e-01,  -9.16992426e-01,   1.99664724e+00,
        -3.18432748e-01,   5.29848635e-02,  -3.39068353e-01,
         7.43636787e-01,  -4.36454952e-01,  -3.83005559e-01,
        -4.49442208e-01,  -1.27403945e-01,  -1.19326282e+00,
        -1.29251146e+00,   1.75175393e+00,   1.21193297e-01,
        -5.58942556e-01,  -5.31596184e-01,  -9.02766734e-02,
        -1.22576523e+00,   1.29260647e+00,  -6.74188256e-01,
         1.36495382e-02,   2.82599181e-01,  -9.29907933e-02,
         7.21507668e-01,  -4.56703417e-02,  -2.90800124e-01,
        -7.34179616e-01], dtype=float32), array([-0.61682969, -0.31173629,  0.60205746,  1.50808048,  1.19062603,
       -0.96848416, -1.46427095, -0.61224288, -0.67447358,  0.56011176,
        1.95912898, -0.16271324, -0.92329991, -1.42414546, -0.71940792,
       -2.14403892,  0.37698689, -1.73823667,  0.92003709, -2.41307259,
        1.15070188,  2.03338623,  0.0805247 ,  0.93201023,  0.17521662,
       -0.42464831, -0.14804438,  1.74147475, -0.71212214, -0.29166582,
        0.94335389, -0.13324571,  0.13998021, -0.08118402, -0.66175902,
        0.84599841, -0.42394549,  0.44482297,  0.8952387 , -0.05046034,
        2.38268638,  0.51874751, -0.02697862,  1.35161519,  0.10296809,
       -1.43935847, -0.85137713, -1.30614007, -0.95108861, -0.81480104,
       -0.80036968,  0.01764687,  1.91536248, -0.23997551, -0.16781648,
        2.2870872 ,  1.07599056, -1.26900017,  0.11776568, -0.01073432,
        0.71314722, -2.30659103,  0.41200039,  0.19603032,  1.34546423,
       -0.40700278, -0.81723994,  0.47761652,  0.95340389,  1.4094038 ,
        0.0741099 , -0.05601804, -0.56966877, -0.90849853,  1.98294759,
       -0.31520161,  0.04484457, -0.32688704,  0.75002599, -0.43877676,
       -0.37600085, -0.46184766, -0.1169438 , -1.19411314, -1.29035449,
        1.75118983,  0.11595029, -0.54295117, -0.53559256, -0.08106245,
       -1.24195826,  1.26799643, -0.68043208,  0.02574958,  0.28673509,
       -0.09381688,  0.71859014, -0.04340601, -0.27930155, -0.73348004], dtype=float32), array([-0.60284179, -0.29896736,  0.58224642,  1.51872802,  1.21000981,
       -0.97904015, -1.46099424, -0.62565309, -0.65615916,  0.54441005,
        1.96333528, -0.16877317, -0.93102026, -1.41911888, -0.73863739,
       -2.16618109,  0.38355762, -1.73116469,  0.91101855, -2.40071869,
        1.16348171,  2.04305339,  0.0738425 ,  0.92259771,  0.16701217,
       -0.43350637, -0.15375967,  1.75380254, -0.71330577, -0.29421037,
        0.94062227, -0.13773313,  0.12924135, -0.08417738, -0.65089995,
        0.83568984, -0.40475079,  0.45404118,  0.88086742, -0.04862122,
        2.38552666,  0.51255637, -0.04862072,  1.36193979,  0.10172882,
       -1.42787731, -0.85673845, -1.29736304, -0.94327742, -0.80360109,
       -0.78260213,  0.01368552,  1.93745494, -0.25537062, -0.18066327,
        2.29492021,  1.08088338, -1.27619672,  0.126791  ,  0.00374676,
        0.69946724, -2.28003073,  0.40999919,  0.19923073,  1.35006785,
       -0.41134533, -0.83951312,  0.48509556,  0.9555791 ,  1.40296936,
        0.06909312, -0.0840857 , -0.5763424 , -0.90497857,  1.97820878,
       -0.30870727,  0.03475472, -0.31150916,  0.74746239, -0.4445307 ,
       -0.3674069 , -0.4667863 , -0.10511997, -1.19682002, -1.28181863,
        1.74575436,  0.10966239, -0.52521658, -0.53727198, -0.06506383,
       -1.25721443,  1.24640095, -0.67578495,  0.04062294,  0.28970331,
       -0.10168485,  0.72181195, -0.05270275, -0.27604732, -0.74014747], dtype=float32), array([-0.61326724, -0.29514962,  0.56795043,  1.51849306,  1.20431328,
       -1.01159906, -1.45455551, -0.63185823, -0.64355665,  0.54035199,
        1.9899447 , -0.20338331, -0.92248714, -1.39137566, -0.73551559,
       -2.14762712,  0.40575394, -1.74043524,  0.90695763, -2.43484688,
        1.13900244,  2.04160166,  0.05133905,  0.91224372,  0.17591642,
       -0.43923932, -0.15174648,  1.76058018, -0.70359075, -0.2794812 ,
        0.93905872, -0.12075806,  0.13117042, -0.08250973, -0.65199548,
        0.83981937, -0.38771531,  0.44471958,  0.86000311, -0.08158506,
        2.38231087,  0.50020027, -0.07283927,  1.37161815,  0.1264502 ,
       -1.44480753, -0.85264653, -1.31228054, -0.92512089, -0.77035302,
       -0.77121025,  0.02677325,  1.95593441, -0.23531345, -0.19925055,
        2.30477524,  1.07460511, -1.29186404,  0.14452384,  0.00961393,
        0.68538117, -2.2522006 ,  0.41959304,  0.22167639,  1.32273972,
       -0.42573094, -0.85473388,  0.48573214,  0.93511879,  1.40672994,
        0.06323213, -0.0957666 , -0.56748563, -0.88617247,  2.00258255,
       -0.32625419,  0.03628129, -0.30914494,  0.73473603, -0.41490898,
       -0.39831269, -0.48907182, -0.13476554, -1.19219947, -1.28372514,
        1.75980234,  0.11268052, -0.52913725, -0.48743632, -0.03536677,
       -1.24508071,  1.24452782, -0.69160652,  0.00252938,  0.30812556,
       -0.07980403,  0.71225542, -0.08147953, -0.2704348 , -0.72896677], dtype=float32), array([-0.60063785, -0.28513879,  0.55986804,  1.50812423,  1.22301018,
       -1.01236117, -1.45065188, -0.62948632, -0.63274711,  0.53550577,
        1.98469698, -0.21674722, -0.9241243 , -1.39169157, -0.74547917,
       -2.15323043,  0.40985286, -1.74951875,  0.89500731, -2.43937922,
        1.13054276,  2.05260849,  0.05257134,  0.9020139 ,  0.18577592,
       -0.45672658, -0.15301123,  1.76494586, -0.70526886, -0.26867166,
        0.93680704, -0.13690907,  0.12834901, -0.08996613, -0.64597178,
        0.8658216 , -0.37473321,  0.44245204,  0.86550927, -0.06441312,
        2.39867544,  0.50530571, -0.08589715,  1.36437869,  0.10726681,
       -1.44734609, -0.86006933, -1.28896868, -0.93024611, -0.76649964,
       -0.77234036,  0.03239397,  1.975968  , -0.21797588, -0.1955183 ,
        2.30029106,  1.0810864 , -1.28656805,  0.15206452,  0.01990722,
        0.6779871 , -2.24196935,  0.42330649,  0.22537662,  1.30990589,
       -0.44105822, -0.85668904,  0.48943117,  0.91946876,  1.41620648,
        0.05851681, -0.09157487, -0.57152194, -0.88368142,  2.0014298 ,
       -0.32669425,  0.03478519, -0.30779025,  0.73069555, -0.42211705,
       -0.39866444, -0.49578324, -0.1393521 , -1.17522728, -1.29285502,
        1.74875784,  0.12012056, -0.53010285, -0.46130186, -0.05014218,
       -1.24087727,  1.22979116, -0.68869609, -0.02068388,  0.30461714,
       -0.069677  ,  0.72143358, -0.10376155, -0.26241693, -0.74169773], dtype=float32), array([-0.59847647, -0.28502434,  0.5541603 ,  1.50888526,  1.22173214,
       -1.01247501, -1.45384443, -0.62900186, -0.63325518,  0.53856331,
        1.98242521, -0.21596049, -0.91909224, -1.39367139, -0.74026746,
       -2.15526795,  0.40984523, -1.74813843,  0.89406627, -2.43671465,
        1.13286936,  2.05575991,  0.05493653,  0.90190709,  0.18527097,
       -0.46001112, -0.15419625,  1.76398158, -0.70557398, -0.2708509 ,
        0.93700773, -0.13922207,  0.12989803, -0.09235912, -0.64480609,
        0.8709355 , -0.37609321,  0.44340724,  0.86862153, -0.06462052,
        2.3984561 ,  0.50645655, -0.08782838,  1.36468911,  0.10346749,
       -1.44478214, -0.8585614 , -1.28597701, -0.93490267, -0.7650485 ,
       -0.77077574,  0.03191052,  1.97653043, -0.21917942, -0.19627061,
        2.29699707,  1.07994711, -1.28731668,  0.15368101,  0.01825129,
        0.6817202 , -2.24124217,  0.42286983,  0.22468281,  1.31077039,
       -0.44281262, -0.85683376,  0.48731852,  0.92097962,  1.41799974,
        0.05561085, -0.09069043, -0.570566  , -0.88693285,  2.00036383,
       -0.3242403 ,  0.03463714, -0.30773363,  0.73065519, -0.42152077,
       -0.39550519, -0.49590665, -0.13691965, -1.17710841, -1.29044652,
        1.75347435,  0.11989307, -0.53279364, -0.46251297, -0.05289429,
       -1.24294138,  1.22656643, -0.68739367, -0.01899455,  0.30413646,
       -0.07159209,  0.71923554, -0.10441605, -0.26126745, -0.74274266], dtype=float32), array([-0.60770863, -0.29207894,  0.5535481 ,  1.50463808,  1.23592269,
       -0.99265069, -1.46325207, -0.62825084, -0.66254193,  0.54464364,
        1.97684264, -0.22545676, -0.9190672 , -1.37998152, -0.75056487,
       -2.14237642,  0.39567959, -1.73913836,  0.86835158, -2.44099569,
        1.15085232,  2.04785991,  0.04271308,  0.89145064,  0.17768562,
       -0.43621087, -0.1456828 ,  1.78104544, -0.72152418, -0.28032407,
        0.95342672, -0.12681402,  0.1126032 , -0.04811627, -0.63587552,
        0.86719418, -0.38356677,  0.45759735,  0.88009143, -0.04058485,
        2.39784861,  0.47587678, -0.10092554,  1.3718189 ,  0.10137802,
       -1.43052375, -0.88377905, -1.30350721, -0.94088209, -0.76833045,
       -0.78127033,  0.04060806,  1.99515927, -0.2205136 , -0.19445977,
        2.29599643,  1.07823265, -1.29360247,  0.14678179, -0.01166935,
        0.67199922, -2.25949216,  0.43116951,  0.23384614,  1.2906611 ,
       -0.42394006, -0.85003239,  0.4943234 ,  0.92091399,  1.42930543,
        0.07149079, -0.0819319 , -0.56642771, -0.89741874,  1.99152923,
       -0.32801694,  0.02149237, -0.28797251,  0.73024923, -0.42965272,
       -0.37456551, -0.47714105, -0.10728762, -1.17006159, -1.29500186,
        1.74492526,  0.1244729 , -0.53252941, -0.46244788, -0.04515396,
       -1.2362361 ,  1.20114386, -0.68634123, -0.00550815,  0.31894532,
       -0.09312317,  0.70154166, -0.11030982, -0.25891492, -0.7521221 ], dtype=float32), array([-0.60835755, -0.29375109,  0.55846018,  1.50612128,  1.238343  ,
       -0.99217904, -1.46238196, -0.62882572, -0.65665114,  0.54020661,
        1.9731847 , -0.23265189, -0.91601771, -1.3786478 , -0.75039983,
       -2.14442587,  0.39267877, -1.74261415,  0.8708989 , -2.44023061,
        1.14582026,  2.05400181,  0.04337156,  0.89500046,  0.18486647,
       -0.44196737, -0.146286  ,  1.77750766, -0.71603358, -0.28445849,
        0.95080101, -0.13142787,  0.11971149, -0.05244436, -0.63921487,
        0.87380522, -0.37639165,  0.45480916,  0.88586307, -0.04419757,
        2.3995502 ,  0.48537073, -0.09942034,  1.37368417,  0.09971439,
       -1.42668986, -0.87560332, -1.29726553, -0.93966073, -0.77227396,
       -0.78235739,  0.03703   ,  1.9860661 , -0.21532269, -0.19709401,
        2.29299378,  1.08164167, -1.28597677,  0.14561401, -0.01182028,
        0.67709744, -2.26107931,  0.43385005,  0.23619795,  1.28921378,
       -0.42903247, -0.8528868 ,  0.48565352,  0.92642206,  1.43130672,
        0.06912638, -0.07761063, -0.57509065, -0.89657712,  1.98676682,
       -0.33163089,  0.01882045, -0.2942172 ,  0.73878884, -0.42728233,
       -0.37333891, -0.47952902, -0.11144215, -1.17153323, -1.29473794,
        1.74384439,  0.12544827, -0.53731233, -0.46019447, -0.05158523,
       -1.24184692,  1.20775962, -0.68543577, -0.00608196,  0.31253806,
       -0.08738153,  0.69779164, -0.11227345, -0.26001242, -0.74658853], dtype=float32), array([-0.62038809, -0.2988739 ,  0.55339754,  1.49896646,  1.24238086,
       -0.9893409 , -1.46381891, -0.63252217, -0.66965735,  0.54335135,
        1.98169327, -0.25591049, -0.906196  , -1.3714205 , -0.75475675,
       -2.12864947,  0.39592946, -1.73808193,  0.8537032 , -2.45605278,
        1.12986982,  2.05880547,  0.04821833,  0.90057534,  0.1991277 ,
       -0.43800244, -0.12917042,  1.74940908, -0.71725416, -0.28561234,
        0.93267083, -0.13491243,  0.13614477, -0.06025038, -0.64215201,
        0.87252772, -0.38615212,  0.45357892,  0.89257497, -0.06255328,
        2.40225959,  0.48217764, -0.08257694,  1.36768281,  0.09985901,
       -1.42812359, -0.85454786, -1.30342722, -0.93711567, -0.78996718,
       -0.77657455,  0.03341375,  1.99019265, -0.20630568, -0.21169703,
        2.29050732,  1.08120406, -1.27971494,  0.1433128 , -0.01287658,
        0.69986546, -2.25947928,  0.41599074,  0.23428752,  1.29731369,
       -0.42595088, -0.87036222,  0.48935345,  0.93332762,  1.40776503,
        0.05742117, -0.07467113, -0.56738657, -0.90295458,  1.99567842,
       -0.32064188,  0.01670817, -0.27757388,  0.74825394, -0.41613951,
       -0.38411722, -0.47981474, -0.10626324, -1.1858288 , -1.28225994,
        1.75966811,  0.12594344, -0.54290336, -0.46111479, -0.05480262,
       -1.23170006,  1.22779667, -0.68950343, -0.00914591,  0.31056663,
       -0.09300627,  0.70472956, -0.10267036, -0.25257689, -0.74267852], dtype=float32), array([-0.61443818, -0.3346037 ,  0.56029016,  1.52486897,  1.24480724,
       -0.96953052, -1.45291424, -0.62595314, -0.70014232,  0.5527283 ,
        1.97544491, -0.24628277, -0.91184837, -1.38513327, -0.74983752,
       -2.12098718,  0.3805593 , -1.72924483,  0.8502745 , -2.42563725,
        1.14249396,  2.05434132,  0.06873434,  0.90888953,  0.19907947,
       -0.42771229, -0.1019947 ,  1.75154757, -0.70789963, -0.30352652,
        0.93473566, -0.13460533,  0.16396284, -0.04454815, -0.64752692,
        0.87855601, -0.42836311,  0.46305054,  0.91403067, -0.0883048 ,
        2.40710688,  0.50918227, -0.05875329,  1.36935973,  0.07799169,
       -1.43333197, -0.83642238, -1.28857446, -0.95036536, -0.82369626,
       -0.80706269,  0.02037456,  1.95072722, -0.23714969, -0.22639841,
        2.27300406,  1.11457002, -1.27184403,  0.12807794, -0.02940585,
        0.69258332, -2.26152945,  0.42331678,  0.22086555,  1.29909146,
       -0.42357895, -0.83016181,  0.49704149,  0.93986958,  1.41186595,
        0.04307315, -0.08022302, -0.56504232, -0.93294454,  1.99527788,
       -0.34254262,  0.01873897, -0.27592117,  0.74888295, -0.42561957,
       -0.36559296, -0.46377656, -0.12297304, -1.17277277, -1.27738583,
        1.74654984,  0.13688768, -0.55213082, -0.48167044, -0.06243962,
       -1.24759078,  1.25785041, -0.66382307, -0.0027241 ,  0.28072485,
       -0.09051338,  0.71704507, -0.08327011, -0.25419652, -0.75599128], dtype=float32), array([-0.624134  , -0.3489289 ,  0.57261825,  1.53293002,  1.24173522,
       -0.9480167 , -1.45151579, -0.63254696, -0.71321028,  0.55963612,
        1.96572948, -0.24075538, -0.92749703, -1.38181829, -0.74661463,
       -2.11618352,  0.37666696, -1.73122716,  0.86108506, -2.41981673,
        1.14386642,  2.05687428,  0.07892992,  0.92101222,  0.19662194,
       -0.41002318, -0.10155776,  1.76232529, -0.70091885, -0.30393964,
        0.94583052, -0.13363062,  0.1838114 , -0.0372706 , -0.64700675,
        0.87951159, -0.44688469,  0.45671946,  0.91803098, -0.09664807,
        2.4128294 ,  0.51857573, -0.03458028,  1.36747193,  0.08335647,
       -1.43122804, -0.83208042, -1.28151965, -0.97393245, -0.83347064,
       -0.81882083,  0.01842379,  1.92195296, -0.24255484, -0.22086804,
        2.25380707,  1.12561142, -1.26952136,  0.13017191, -0.02753451,
        0.6857897 , -2.2714889 ,  0.42865846,  0.20946102,  1.29482532,
       -0.42287752, -0.80018979,  0.49794024,  0.94882709,  1.40468013,
        0.0425768 , -0.07098959, -0.56385666, -0.95034671,  1.99470222,
       -0.35485733,  0.02208039, -0.28319228,  0.73986173, -0.43975842,
       -0.3555811 , -0.46665689, -0.13119344, -1.17238271, -1.28261077,
        1.72095847,  0.14282839, -0.56371027, -0.48888847, -0.06997395,
       -1.24805927,  1.2853992 , -0.66487491,  0.01286411,  0.25996369,
       -0.07896028,  0.71612757, -0.07544485, -0.25621665, -0.75531298], dtype=float32), array([-0.62437516, -0.35014012,  0.5686816 ,  1.53385699,  1.24552584,
       -0.93928522, -1.45540202, -0.63270414, -0.71575135,  0.56656289,
        1.96253908, -0.24263372, -0.92164999, -1.38520157, -0.7462371 ,
       -2.11320043,  0.37411112, -1.72643387,  0.86048305, -2.42139673,
        1.14658439,  2.05601025,  0.07595856,  0.92406464,  0.19185761,
       -0.41012418, -0.09693869,  1.76050127, -0.70592403, -0.30924043,
        0.94611299, -0.13326882,  0.18232027, -0.02966322, -0.64697903,
        0.88219631, -0.44970751,  0.45479137,  0.92107838, -0.09592633,
        2.41193438,  0.51580423, -0.03564397,  1.36744225,  0.08043318,
       -1.429299  , -0.83577478, -1.28270876, -0.97675431, -0.83284074,
       -0.82067204,  0.02270271,  1.92492223, -0.24059699, -0.22232006,
        2.24838138,  1.12709916, -1.27116215,  0.12990491, -0.03554196,
        0.69212127, -2.27583599,  0.42938158,  0.20996475,  1.29393923,
       -0.41810411, -0.80227387,  0.50041717,  0.94883901,  1.40610445,
        0.04495022, -0.06799955, -0.5600279 , -0.95622212,  1.99130142,
       -0.35625482,  0.01903505, -0.28176895,  0.74245942, -0.44126713,
       -0.35272074, -0.46615833, -0.12514435, -1.17033184, -1.28526449,
        1.72092891,  0.14466441, -0.56685919, -0.48755258, -0.07286886,
       -1.24659312,  1.27785671, -0.66418928,  0.01637002,  0.2614395 ,
       -0.08473996,  0.71480715, -0.0724194 , -0.2512579 , -0.75508821], dtype=float32), array([ -6.17833793e-01,  -3.32141846e-01,   5.74999630e-01,
         1.52757215e+00,   1.25522721e+00,  -9.41566706e-01,
        -1.45315576e+00,  -6.29294276e-01,  -6.99258268e-01,
         5.67658246e-01,   1.98439324e+00,  -2.39295542e-01,
        -9.11395133e-01,  -1.38149703e+00,  -7.67923772e-01,
        -2.09788918e+00,   3.82025152e-01,  -1.73272026e+00,
         8.61414194e-01,  -2.41709638e+00,   1.14478970e+00,
         2.05844522e+00,   5.76734282e-02,   9.16332781e-01,
         1.85258389e-01,  -4.15285587e-01,  -8.15484673e-02,
         1.77202630e+00,  -6.96438789e-01,  -3.04373443e-01,
         9.36582983e-01,  -1.21345766e-01,   1.55380979e-01,
        -1.97765827e-02,  -6.48376584e-01,   8.73977959e-01,
        -4.41556841e-01,   4.55474526e-01,   9.19042528e-01,
        -9.08220857e-02,   2.39492416e+00,   5.02557516e-01,
        -5.97289987e-02,   1.36954200e+00,   1.00489266e-01,
        -1.43396461e+00,  -8.52003276e-01,  -1.29117191e+00,
        -9.55917478e-01,  -8.49155247e-01,  -8.10596049e-01,
         2.42040064e-02,   1.91356170e+00,  -2.42690772e-01,
        -2.21713349e-01,   2.25542140e+00,   1.11813259e+00,
        -1.27453554e+00,   1.17003210e-01,  -3.28444541e-02,
         6.87271416e-01,  -2.26565862e+00,   4.24417257e-01,
         2.18556970e-01,   1.27549565e+00,  -4.16721761e-01,
        -8.02252352e-01,   5.00722051e-01,   9.56008554e-01,
         1.42556620e+00,   5.94450310e-02,  -8.73077288e-02,
        -5.66623986e-01,  -9.54412580e-01,   1.99808657e+00,
        -3.60911548e-01,   5.69027092e-04,  -2.71158069e-01,
         7.43860245e-01,  -4.36949581e-01,  -3.58209312e-01,
        -4.71906424e-01,  -1.36717752e-01,  -1.17952454e+00,
        -1.28961921e+00,   1.73773873e+00,   1.48322806e-01,
        -5.69709718e-01,  -4.73803461e-01,  -6.58259615e-02,
        -1.25153804e+00,   1.28135312e+00,  -6.64726496e-01,
         9.73779894e-03,   2.72849888e-01,  -9.79152843e-02,
         7.15812564e-01,  -9.39015225e-02,  -2.45365053e-01,
        -7.54251003e-01], dtype=float32), array([-0.6165145 , -0.32370365,  0.56249225,  1.51345551,  1.26315892,
       -0.90944058, -1.46992588, -0.62462616, -0.69455481,  0.58246028,
        1.97934246, -0.24236687, -0.91041154, -1.40182996, -0.75515252,
       -2.09180045,  0.38755396, -1.715482  ,  0.85949618, -2.42255783,
        1.15101326,  2.08323121,  0.07016134,  0.92374837,  0.17368877,
       -0.43675521, -0.07628033,  1.75173581, -0.69405288, -0.31132588,
        0.9387899 , -0.13398328,  0.1743605 , -0.02498794, -0.64686251,
        0.88436544, -0.43261996,  0.46822876,  0.9132123 , -0.09903561,
        2.39478827,  0.49637127, -0.0555792 ,  1.37252903,  0.10249551,
       -1.42549706, -0.83732569, -1.29218709, -0.96583879, -0.85314536,
       -0.80813402,  0.02108208,  1.91037154, -0.2247632 , -0.21418254,
        2.24300432,  1.12621391, -1.27842534,  0.11207375, -0.0317269 ,
        0.71332085, -2.272084  ,  0.39908496,  0.20003602,  1.29854262,
       -0.42935333, -0.81407368,  0.48551205,  0.95409298,  1.41047907,
        0.05223817, -0.06547988, -0.55850172, -0.96144629,  1.99189162,
       -0.34189129,  0.00936957, -0.26803574,  0.72824037, -0.44295546,
       -0.36878473, -0.47406211, -0.13042518, -1.18324924, -1.29162812,
        1.74459827,  0.14381504, -0.57678115, -0.48278913, -0.08787906,
       -1.24460709,  1.28606522, -0.67804003,  0.01734613,  0.26422074,
       -0.11108954,  0.71632624, -0.09255379, -0.22957082, -0.74824744], dtype=float32), array([-0.60832989, -0.30302185,  0.54767132,  1.5270406 ,  1.26609766,
       -0.90545577, -1.48203385, -0.6165939 , -0.67737788,  0.58855551,
        1.97938287, -0.24886565, -0.89821362, -1.41863036, -0.75455219,
       -2.10391021,  0.38985014, -1.71302676,  0.86197549, -2.39755917,
        1.15114677,  2.07342911,  0.08179424,  0.92209071,  0.17829348,
       -0.4446409 , -0.08242656,  1.74725485, -0.70243412, -0.31455234,
        0.93745911, -0.14096723,  0.17504251, -0.04385323, -0.6498791 ,
        0.89604318, -0.42527515,  0.46732786,  0.91619092, -0.08936518,
        2.3985815 ,  0.51279998, -0.0556529 ,  1.36363602,  0.07640322,
       -1.42454922, -0.85003179, -1.28350198, -0.96260339, -0.84581226,
       -0.79700166,  0.02110586,  1.92054522, -0.22003922, -0.22893164,
        2.2463932 ,  1.12678051, -1.2759335 ,  0.12169517, -0.01708769,
        0.71054465, -2.26862049,  0.39667547,  0.20792386,  1.30225873,
       -0.44201854, -0.82895756,  0.47570014,  0.9511373 ,  1.4176774 ,
        0.04270515, -0.07714737, -0.55510134, -0.96021378,  1.99377549,
       -0.34452286,  0.01469907, -0.27223444,  0.7480666 , -0.44879922,
       -0.36176297, -0.47433895, -0.13241425, -1.18289518, -1.28235006,
        1.73849392,  0.13460539, -0.56861138, -0.48777601, -0.09502096,
       -1.24721658,  1.27949429, -0.68891114,  0.01835464,  0.26777565,
       -0.1323898 ,  0.70490098, -0.08375677, -0.22292472, -0.75927943], dtype=float32), array([-0.61125427, -0.30429617,  0.55007064,  1.53097558,  1.26020586,
       -0.90352166, -1.4792558 , -0.61896962, -0.67845333,  0.59128052,
        1.98153496, -0.24397278, -0.90092754, -1.41655588, -0.75081062,
       -2.10448813,  0.39414167, -1.71135032,  0.86749095, -2.39596391,
        1.15847945,  2.07123709,  0.08014526,  0.92901754,  0.18018332,
       -0.44477281, -0.08409604,  1.74939287, -0.70703733, -0.31396031,
        0.93634635, -0.14312617,  0.17664625, -0.04264084, -0.65521562,
        0.89536786, -0.42347494,  0.46007821,  0.91882789, -0.0931012 ,
        2.39441562,  0.50811899, -0.05262387,  1.36424065,  0.0749687 ,
       -1.42186511, -0.8477425 , -1.28429842, -0.96519595, -0.84386873,
       -0.79507649,  0.02249119,  1.91669226, -0.21765801, -0.22651649,
        2.24742508,  1.12578845, -1.27869666,  0.12048183, -0.0179271 ,
        0.71207166, -2.27317286,  0.39764562,  0.20477869,  1.30452216,
       -0.44247317, -0.82624012,  0.47171983,  0.94747603,  1.41512144,
        0.04467123, -0.07349234, -0.55406296, -0.95878249,  1.99294829,
       -0.3428843 ,  0.02431618, -0.27838001,  0.74487382, -0.44567418,
       -0.36190841, -0.47318092, -0.13715562, -1.18310261, -1.28692341,
        1.73989618,  0.13462999, -0.57844937, -0.48262864, -0.09253163,
       -1.24974012,  1.27313876, -0.69169128,  0.02108573,  0.26748142,
       -0.13225719,  0.7022776 , -0.07934055, -0.22499686, -0.7569139 ], dtype=float32), array([-0.61061382, -0.29521525,  0.54404175,  1.53447235,  1.25434232,
       -0.90355754, -1.48373759, -0.62715882, -0.67223924,  0.59128648,
        1.99574518, -0.24693416, -0.90029728, -1.40879607, -0.74041581,
       -2.11445165,  0.39131695, -1.71092403,  0.87151289, -2.39817953,
        1.16953111,  2.06113076,  0.07695944,  0.92126775,  0.17350592,
       -0.45559758, -0.09357921,  1.73761845, -0.70705867, -0.318288  ,
        0.93954563, -0.13642482,  0.18014249, -0.04589285, -0.65700388,
        0.89219463, -0.41390336,  0.44679683,  0.92349279, -0.10278251,
        2.3985312 ,  0.52130705, -0.05743682,  1.36510623,  0.07296985,
       -1.41689992, -0.84070951, -1.28439164, -0.98471385, -0.84472829,
       -0.78933585,  0.01547039,  1.91276753, -0.2256186 , -0.21628749,
        2.2436831 ,  1.12321234, -1.27826381,  0.1275174 , -0.0192658 ,
        0.71029043, -2.26314688,  0.39618805,  0.2096488 ,  1.3059727 ,
       -0.44147021, -0.83325541,  0.46641403,  0.96329999,  1.40287304,
        0.05406934, -0.08017235, -0.56014121, -0.94375098,  1.99587107,
       -0.3421413 ,  0.03001126, -0.28371608,  0.73776513, -0.44245836,
       -0.35737449, -0.46623507, -0.13485175, -1.18912947, -1.29344106,
        1.74276197,  0.14084099, -0.57576704, -0.48898286, -0.08820308,
       -1.25301611,  1.27792788, -0.6839543 ,  0.0194875 ,  0.27240887,
       -0.1361265 ,  0.70631295, -0.07920334, -0.22452825, -0.75584489], dtype=float32), array([-0.61413282, -0.29561985,  0.55780208,  1.52348769,  1.2582798 ,
       -0.91998214, -1.48369884, -0.64045483, -0.67743361,  0.58625054,
        2.00493932, -0.22794504, -0.89620888, -1.40335047, -0.73913717,
       -2.11915493,  0.38781509, -1.71424961,  0.85512877, -2.41053581,
        1.16743958,  2.04966283,  0.07658504,  0.90981901,  0.164667  ,
       -0.45418957, -0.10523482,  1.73591077, -0.70861304, -0.31074187,
        0.939013  , -0.13609108,  0.18573615, -0.03897479, -0.65585458,
        0.87921578, -0.41119048,  0.45050797,  0.92387462, -0.08268895,
        2.41451383,  0.51865298, -0.05938137,  1.35737443,  0.07741649,
       -1.42056036, -0.8427732 , -1.29185045, -0.9779495 , -0.85413325,
       -0.77791321,  0.00991238,  1.91704524, -0.22273898, -0.20582981,
        2.23370838,  1.12111962, -1.27959228,  0.11512741, -0.02995554,
        0.70895505, -2.25575757,  0.39821747,  0.21884072,  1.30367076,
       -0.44796377, -0.85028827,  0.46725887,  0.9667356 ,  1.40805447,
        0.05106417, -0.06614757, -0.55397439, -0.92656136,  1.99052823,
       -0.3288568 ,  0.03793675, -0.27345684,  0.72581095, -0.43098021,
       -0.3649042 , -0.46426076, -0.10877401, -1.19211638, -1.2971561 ,
        1.746346  ,  0.1344212 , -0.56891447, -0.50734329, -0.09815321,
       -1.24244535,  1.28680456, -0.67653286,  0.01661005,  0.26901847,
       -0.12142456,  0.71911669, -0.09167909, -0.23116916, -0.76337433], dtype=float32), array([-0.6160897 , -0.29641151,  0.55154252,  1.52353537,  1.2560029 ,
       -0.92363036, -1.48441315, -0.63976943, -0.67143738,  0.59036946,
        2.00773716, -0.22544956, -0.89469033, -1.40762627, -0.73358208,
       -2.11640167,  0.38898507, -1.71234822,  0.85765594, -2.40915632,
        1.1686635 ,  2.04414725,  0.07831401,  0.91123903,  0.16649552,
       -0.45405966, -0.10537182,  1.73795235, -0.71332872, -0.31074569,
        0.93894112, -0.13902329,  0.18803148, -0.03993721, -0.65464926,
        0.88133353, -0.41412789,  0.44986191,  0.92801082, -0.08055221,
        2.41791892,  0.51843047, -0.0618687 ,  1.35614049,  0.07167216,
       -1.42122495, -0.84478998, -1.29178536, -0.97829062, -0.84726381,
       -0.77831328,  0.00935501,  1.9155581 , -0.22182445, -0.20286065,
        2.23285913,  1.12596631, -1.27984011,  0.11871105, -0.033953  ,
        0.71080458, -2.25704169,  0.39719558,  0.21673793,  1.29969597,
       -0.44836563, -0.85096705,  0.47226685,  0.96639872,  1.40875876,
        0.05253468, -0.07335741, -0.54986113, -0.92809075,  1.9922539 ,
       -0.32481906,  0.03624479, -0.27650875,  0.71994001, -0.43005726,
       -0.36821526, -0.46442398, -0.11019358, -1.18923187, -1.296561  ,
        1.74787855,  0.13709718, -0.5678001 , -0.50178421, -0.09796195,
       -1.24468195,  1.28430963, -0.67477125,  0.0137037 ,  0.27129653,
       -0.12615576,  0.71628129, -0.09430196, -0.23231471, -0.76654625], dtype=float32), array([-0.61821139, -0.30307299,  0.55139834,  1.52156067,  1.24774361,
       -0.93282998, -1.47672915, -0.64398217, -0.67373824,  0.59013408,
        2.01202202, -0.21746884, -0.89405352, -1.41004431, -0.7289955 ,
       -2.11156344,  0.3881118 , -1.71874559,  0.86201406, -2.40942526,
        1.17655754,  2.04269528,  0.08199539,  0.91511542,  0.16715243,
       -0.45427868, -0.10395176,  1.74211514, -0.71063501, -0.30555484,
        0.93320119, -0.1402771 ,  0.18857865, -0.03702695, -0.65848202,
        0.87501752, -0.41726199,  0.44363919,  0.92743301, -0.08201303,
        2.4210875 ,  0.51540583, -0.05485138,  1.35322595,  0.0753966 ,
       -1.42492294, -0.84157634, -1.29509699, -0.97430336, -0.84812671,
       -0.77713031,  0.01026404,  1.91058004, -0.2280477 , -0.19935378,
        2.23858762,  1.1279242 , -1.27997327,  0.11779483, -0.03919807,
        0.71032888, -2.25078988,  0.3946223 ,  0.21701944,  1.29863155,
       -0.45108289, -0.84999406,  0.47144482,  0.95982128,  1.4086746 ,
        0.05414155, -0.07057373, -0.55311275, -0.92540467,  1.99712384,
       -0.32559159,  0.03570763, -0.27827603,  0.72163159, -0.42389271,
       -0.36940989, -0.46002248, -0.11122974, -1.18470585, -1.29822016,
        1.75276899,  0.13115385, -0.5664798 , -0.49926263, -0.09701805,
       -1.24169374,  1.28045452, -0.67561519,  0.01010191,  0.27102089,
       -0.12450454,  0.71902859, -0.09515572, -0.23887792, -0.76859254], dtype=float32), array([ -6.19424999e-01,  -3.01289618e-01,   5.46588480e-01,
         1.52245867e+00,   1.25746977e+00,  -8.97109747e-01,
        -1.48193872e+00,  -6.45956516e-01,  -6.50323451e-01,
         6.19633317e-01,   1.99533868e+00,  -2.15056956e-01,
        -8.93867612e-01,  -1.43814719e+00,  -7.13305235e-01,
        -2.09482718e+00,   3.94531995e-01,  -1.69906437e+00,
         8.77353311e-01,  -2.40451765e+00,   1.17908013e+00,
         2.06094790e+00,   8.97092596e-02,   9.24248636e-01,
         1.58764780e-01,  -4.79909182e-01,  -9.84782204e-02,
         1.71693337e+00,  -7.20071137e-01,  -3.09303969e-01,
         9.35121715e-01,  -1.48626447e-01,   1.97188705e-01,
        -3.22512947e-02,  -6.66876137e-01,   8.76773238e-01,
        -4.09617364e-01,   4.36246842e-01,   9.27793086e-01,
        -8.92968550e-02,   2.40793347e+00,   5.07823348e-01,
        -5.33547103e-02,   1.34968078e+00,   7.23119229e-02,
        -1.41633201e+00,  -8.35622907e-01,  -1.29320407e+00,
        -9.78205085e-01,  -8.43203366e-01,  -7.77157187e-01,
        -2.19962699e-03,   1.90750289e+00,  -2.07781136e-01,
        -1.81640759e-01,   2.23102212e+00,   1.12922120e+00,
        -1.29843700e+00,   1.10203430e-01,  -3.81094888e-02,
         7.32199430e-01,  -2.26743388e+00,   3.73584569e-01,
         1.89055324e-01,   1.31853104e+00,  -4.64384675e-01,
        -8.70122313e-01,   4.68447387e-01,   9.75084066e-01,
         1.39670706e+00,   5.08178994e-02,  -5.14548048e-02,
        -5.34347475e-01,  -9.28205371e-01,   1.99063694e+00,
        -2.97491878e-01,   6.02740161e-02,  -2.90041000e-01,
         6.89021528e-01,  -4.34169859e-01,  -3.74881566e-01,
        -4.60414618e-01,  -9.58982483e-02,  -1.19064307e+00,
        -1.30625403e+00,   1.75997996e+00,   1.41745076e-01,
        -5.88133335e-01,  -5.14935851e-01,  -1.15849063e-01,
        -1.24447942e+00,   1.28475380e+00,  -6.99299455e-01,
         2.11785734e-02,   2.73690224e-01,  -1.40416965e-01,
         7.21864820e-01,  -9.00330245e-02,  -2.23328322e-01,
        -7.62725651e-01], dtype=float32), array([-0.6254847 , -0.31508338,  0.53805876,  1.50933301,  1.25941968,
       -0.89264506, -1.48237753, -0.64678639, -0.64285833,  0.63433987,
        1.99191368, -0.22473331, -0.88337362, -1.45190489, -0.70889181,
       -2.08363843,  0.40063527, -1.68848741,  0.87063068, -2.40876675,
        1.17576647,  2.06636024,  0.09384453,  0.92543751,  0.17110671,
       -0.48066288, -0.09922647,  1.71140003, -0.72762311, -0.31424141,
        0.93765396, -0.15381806,  0.2274581 , -0.02752369, -0.66564745,
        0.87498832, -0.40950885,  0.44066405,  0.94327366, -0.10409728,
        2.42161679,  0.49847904, -0.05536976,  1.35624599,  0.07181225,
       -1.4027884 , -0.83360642, -1.29713213, -0.98972052, -0.82655579,
       -0.78232533,  0.00995329,  1.89475715, -0.19892763, -0.16744269,
        2.23158073,  1.12931359, -1.28958011,  0.10534813, -0.05019395,
        0.73879057, -2.26564932,  0.35836726,  0.17970881,  1.325719  ,
       -0.47396511, -0.8816092 ,  0.46192682,  0.97639328,  1.38718414,
        0.05526327, -0.03229084, -0.51870251, -0.93725896,  1.99227655,
       -0.30830315,  0.05889955, -0.2957938 ,  0.68676507, -0.43587461,
       -0.39303371, -0.46281171, -0.10070505, -1.18911481, -1.29528296,
        1.77085233,  0.14715385, -0.58778882, -0.49910113, -0.13018449,
       -1.24696147,  1.27921236, -0.71538067,  0.01711319,  0.27110246,
       -0.14376062,  0.72883493, -0.09623513, -0.22722469, -0.75889939], dtype=float32), array([-0.62283134, -0.31580198,  0.53206354,  1.51054335,  1.26033831,
       -0.89138097, -1.48501277, -0.64536649, -0.65051323,  0.64516908,
        1.99920154, -0.22513019, -0.87718511, -1.45516407, -0.7156918 ,
       -2.07755065,  0.40138784, -1.6751312 ,  0.86292261, -2.40662265,
        1.17698514,  2.06785655,  0.08620219,  0.91961408,  0.16578579,
       -0.48035303, -0.09664078,  1.71367013, -0.73283374, -0.32036811,
        0.93500179, -0.14739719,  0.22672209, -0.01446777, -0.66563684,
        0.87609637, -0.41788986,  0.44677585,  0.94830406, -0.10534583,
        2.41845059,  0.49126887, -0.05581856,  1.35273373,  0.07357148,
       -1.40550578, -0.84268445, -1.30015898, -0.98224026, -0.83200002,
       -0.78701031,  0.01477909,  1.9022125 , -0.20235534, -0.17350721,
        2.22818851,  1.1320461 , -1.29054391,  0.09494463, -0.0628875 ,
        0.73468173, -2.26739216,  0.36041936,  0.18729743,  1.32116139,
       -0.4639509 , -0.88712382,  0.47896767,  0.97396559,  1.38564336,
        0.05561754, -0.02864374, -0.51502919, -0.94022524,  1.99282801,
       -0.30652303,  0.04936215, -0.28194439,  0.68338525, -0.43423289,
       -0.39003354, -0.45874247, -0.0937399 , -1.19285667, -1.30080557,
        1.77237976,  0.14481586, -0.58424479, -0.50598907, -0.12256669,
       -1.24117172,  1.26808441, -0.7144863 ,  0.02469778,  0.27616286,
       -0.15694816,  0.72753519, -0.09066046, -0.21806355, -0.76543891], dtype=float32), array([-0.62142742, -0.31779972,  0.53193033,  1.51155019,  1.26581204,
       -0.88786584, -1.47972906, -0.64304739, -0.65523195,  0.64245886,
        1.99201846, -0.22422589, -0.881778  , -1.4547683 , -0.72025442,
       -2.07433629,  0.40444499, -1.67483938,  0.86107308, -2.40636516,
        1.17863548,  2.06557107,  0.08765317,  0.9186517 ,  0.16827591,
       -0.47591186, -0.09828953,  1.71394682, -0.73708087, -0.32336631,
        0.93737227, -0.14875363,  0.22672425, -0.01203346, -0.66510606,
        0.87595677, -0.41427454,  0.45072156,  0.95104104, -0.10270262,
        2.42492342,  0.49272954, -0.05532406,  1.35004306,  0.07168037,
       -1.40478587, -0.84949172, -1.30360603, -0.98424512, -0.82881737,
       -0.78844631,  0.01787381,  1.90442145, -0.19792263, -0.1723036 ,
        2.22948241,  1.1356616 , -1.29064274,  0.09473785, -0.06875645,
        0.73081505, -2.26432657,  0.3581914 ,  0.18896784,  1.32334518,
       -0.46950808, -0.88988322,  0.48175246,  0.97171891,  1.38712239,
        0.05393337, -0.02669906, -0.51239818, -0.94176835,  1.99136257,
       -0.30927348,  0.05034966, -0.28620133,  0.68210006, -0.4355557 ,
       -0.39260852, -0.4577837 , -0.09513085, -1.18661618, -1.29831135,
        1.7711854 ,  0.14555128, -0.58602005, -0.50307262, -0.12418389,
       -1.23748815,  1.26154149, -0.71580213,  0.0256742 ,  0.27762106,
       -0.15731385,  0.73158848, -0.0955845 , -0.21777156, -0.7713806 ], dtype=float32), array([-0.63979173, -0.30813906,  0.52866089,  1.50361061,  1.24348271,
       -0.91841877, -1.47618771, -0.64864612, -0.66930419,  0.63339096,
        2.01933765, -0.20505956, -0.88845325, -1.43439138, -0.71529073,
       -2.06732655,  0.40192667, -1.67491746,  0.86083722, -2.43983769,
        1.17726636,  2.05027843,  0.07716385,  0.90512782,  0.16509083,
       -0.44886422, -0.09698903,  1.69998264, -0.72340149, -0.33061558,
        0.92959452, -0.15399395,  0.22492658, -0.03668083, -0.66433138,
        0.84276837, -0.40855008,  0.44951215,  0.95237243, -0.13073544,
        2.42504597,  0.49268779, -0.05614175,  1.35981226,  0.09491082,
       -1.41814697, -0.82907683, -1.32074022, -0.99164152, -0.82611811,
       -0.78284997,  0.01805541,  1.88181853, -0.21575475, -0.19614193,
        2.24811411,  1.13929069, -1.2809    ,  0.09775042, -0.0624624 ,
        0.70749623, -2.273103  ,  0.35376865,  0.1674953 ,  1.32186568,
       -0.46199137, -0.89087671,  0.49490219,  0.96946347,  1.36855626,
        0.05425272, -0.06778163, -0.52274483, -0.9542793 ,  2.00304365,
       -0.31945711,  0.02951685, -0.26984623,  0.70798552, -0.40336701,
       -0.40572447, -0.44181654, -0.10880727, -1.17991471, -1.27180648,
        1.80893958,  0.15806651, -0.58333302, -0.4968653 , -0.10453462,
       -1.22991061,  1.27046883, -0.68597156,  0.02835568,  0.27200896,
       -0.15050675,  0.74746758, -0.04864107, -0.21342641, -0.74186397], dtype=float32), array([-0.63883346, -0.31130904,  0.52488798,  1.5004344 ,  1.23476636,
       -0.92392766, -1.47125375, -0.64765882, -0.66835362,  0.63221341,
        2.02658033, -0.19870406, -0.88574946, -1.44251597, -0.71417481,
       -2.06661963,  0.40364635, -1.66763103,  0.86680174, -2.44329834,
        1.18075287,  2.04303169,  0.07082383,  0.90338302,  0.16497521,
       -0.45352867, -0.10029218,  1.70831871, -0.71697146, -0.32529223,
        0.92839265, -0.14851509,  0.22201096, -0.04172362, -0.66236073,
        0.83291972, -0.40565395,  0.45300522,  0.94460887, -0.13586494,
        2.43009901,  0.48546717, -0.06303041,  1.36297095,  0.1021356 ,
       -1.42044127, -0.82235706, -1.32720518, -0.99143076, -0.83097261,
       -0.77883291,  0.01737043,  1.88112581, -0.21777889, -0.19997567,
        2.25541282,  1.14566445, -1.27556634,  0.09213687, -0.05163015,
        0.69940656, -2.27352691,  0.34667036,  0.17079671,  1.32539511,
       -0.44963658, -0.88915455,  0.48833004,  0.96581686,  1.36038232,
        0.05737262, -0.06881361, -0.52492964, -0.95402163,  1.99865782,
       -0.32486278,  0.02211104, -0.27052814,  0.7154479 , -0.40551388,
       -0.40256155, -0.44026569, -0.11057235, -1.18396187, -1.27248394,
        1.8155508 ,  0.15552719, -0.57679892, -0.49524301, -0.10230304,
       -1.22542   ,  1.26972604, -0.69204891,  0.03893736,  0.26673183,
       -0.15782744,  0.75649244, -0.04895347, -0.21427156, -0.73413754], dtype=float32), array([-0.63485855, -0.30668658,  0.51776671,  1.50688303,  1.2341218 ,
       -0.91845828, -1.47316265, -0.64736569, -0.66691691,  0.62750161,
        2.02395678, -0.19755499, -0.88572502, -1.44145906, -0.71341527,
       -2.06869888,  0.4013494 , -1.66745961,  0.86918491, -2.44030929,
        1.1813035 ,  2.04291058,  0.07351694,  0.90336186,  0.16566306,
       -0.45690161, -0.10123892,  1.70732129, -0.71686709, -0.32916123,
        0.93109155, -0.14955629,  0.22486416, -0.04525837, -0.66297334,
        0.83822429, -0.39989406,  0.45448908,  0.94266152, -0.13777424,
        2.43230462,  0.48979446, -0.06179415,  1.36207521,  0.10052035,
       -1.41748464, -0.82219899, -1.32711077, -0.99293482, -0.8313812 ,
       -0.77423096,  0.01182405,  1.88053393, -0.21633041, -0.20116529,
        2.25492287,  1.14568365, -1.27408445,  0.09246234, -0.04924351,
        0.70130885, -2.27024627,  0.34658539,  0.17191929,  1.33176887,
       -0.4533138 , -0.89298493,  0.48279375,  0.96892244,  1.35889077,
        0.05439923, -0.06999891, -0.52718639, -0.9547469 ,  1.99922454,
       -0.32476169,  0.02352823, -0.27654776,  0.71738273, -0.40737045,
       -0.40465412, -0.44097769, -0.1124784 , -1.18591678, -1.26929712,
        1.81519413,  0.15460061, -0.5770309 , -0.49668023, -0.10187039,
       -1.22721326,  1.26758432, -0.69419318,  0.03947122,  0.26810059,
       -0.1602288 ,  0.75382799, -0.0482181 , -0.21004383, -0.73618162], dtype=float32), array([-0.63826483, -0.3125934 ,  0.51932323,  1.50391734,  1.22875321,
       -0.91969889, -1.46720374, -0.64583623, -0.6676107 ,  0.63597524,
        2.02673221, -0.19481875, -0.88414818, -1.44651425, -0.71259195,
       -2.06483555,  0.40379503, -1.66839063,  0.87318057, -2.44526553,
        1.17823303,  2.04217219,  0.07236917,  0.90505809,  0.17041196,
       -0.45490545, -0.10165966,  1.70728779, -0.7221992 , -0.3272334 ,
        0.92264766, -0.15287255,  0.22315408, -0.05101088, -0.66494262,
        0.834952  , -0.39988881,  0.45450541,  0.94123393, -0.13273008,
        2.43726897,  0.48709399, -0.05890444,  1.35890734,  0.10433847,
       -1.41650391, -0.82090133, -1.32615805, -0.99206901, -0.82499617,
       -0.7777577 ,  0.0150161 ,  1.88193655, -0.21511982, -0.19871326,
        2.25159955,  1.1429311 , -1.2762053 ,  0.09541513, -0.04414149,
        0.70132208, -2.27215195,  0.34017682,  0.17031994,  1.33117211,
       -0.45080778, -0.89196813,  0.48574901,  0.96440905,  1.35132456,
        0.05868357, -0.07115141, -0.5203234 , -0.9542529 ,  2.00031805,
       -0.32524475,  0.03066505, -0.27566686,  0.71797472, -0.40838146,
       -0.40625548, -0.44087365, -0.11031233, -1.19212997, -1.27240181,
        1.82000208,  0.15689388, -0.57561439, -0.49504623, -0.10247318,
       -1.22489965,  1.26655567, -0.7061848 ,  0.03812549,  0.27438238,
       -0.16006391,  0.74960053, -0.04814414, -0.20952258, -0.73532832], dtype=float32), array([-0.64247292, -0.30314979,  0.523965  ,  1.5126158 ,  1.22579956,
       -0.92506528, -1.46914732, -0.64547145, -0.67190081,  0.6360302 ,
        2.02608538, -0.20499916, -0.88157374, -1.45534146, -0.71700996,
       -2.06174111,  0.41096967, -1.66970825,  0.87620485, -2.44672465,
        1.17504072,  2.03123593,  0.07944047,  0.90190601,  0.17135033,
       -0.45244148, -0.09740451,  1.70313597, -0.72353077, -0.32326391,
        0.91375154, -0.15742925,  0.22731929, -0.04889894, -0.66378677,
        0.836505  , -0.40863499,  0.4522498 ,  0.94501913, -0.13987733,
        2.4377501 ,  0.48235157, -0.04975313,  1.3647182 ,  0.10562222,
       -1.41857743, -0.82363695, -1.32958472, -0.98932177, -0.81417525,
       -0.77066582,  0.01783874,  1.88139224, -0.2075581 , -0.18890809,
        2.25132561,  1.143888  , -1.26821077,  0.09508101, -0.04311051,
        0.70640564, -2.28196454,  0.33661172,  0.16462287,  1.32925403,
       -0.4510605 , -0.89248538,  0.49433237,  0.96312261,  1.34742224,
        0.06032855, -0.06582748, -0.51513731, -0.94980961,  2.0051713 ,
       -0.33393553,  0.02731044, -0.2738649 ,  0.71645916, -0.40587351,
       -0.41288275, -0.44287544, -0.11872713, -1.18790317, -1.27236438,
        1.81586313,  0.15485331, -0.57887703, -0.49354342, -0.10076741,
       -1.22214866,  1.26835525, -0.71141386,  0.03980442,  0.26612303,
       -0.16765557,  0.7485081 , -0.04453335, -0.20876807, -0.72764415], dtype=float32), array([-0.63828999, -0.31798515,  0.5280658 ,  1.51981103,  1.22827375,
       -0.90518808, -1.46872652, -0.64331752, -0.69119275,  0.64166683,
        2.02271008, -0.20683743, -0.88258523, -1.45951307, -0.71149027,
       -2.06092191,  0.40469545, -1.66766071,  0.87521386, -2.43342566,
        1.18255556,  2.03492045,  0.08261658,  0.91223449,  0.1660497 ,
       -0.45072034, -0.08155493,  1.71271217, -0.71817416, -0.33013901,
        0.91685647, -0.15700698,  0.24155796, -0.03204722, -0.6667335 ,
        0.847929  , -0.42736164,  0.45235649,  0.9523347 , -0.15003246,
        2.43226409,  0.49557832, -0.03802575,  1.3644439 ,  0.09798431,
       -1.42306256, -0.81762528, -1.31601024, -0.99748015, -0.82774711,
       -0.78615469,  0.02053176,  1.86914146, -0.22342995, -0.19612011,
        2.23780632,  1.15427005, -1.26958287,  0.09371355, -0.0499328 ,
        0.7062149 , -2.28385901,  0.34314293,  0.16125143,  1.33248782,
       -0.44841269, -0.86701626,  0.49623895,  0.96613544,  1.35059178,
        0.05500572, -0.05888626, -0.5182699 , -0.96135026,  2.00032401,
       -0.34005833,  0.02542072, -0.27461028,  0.71674603, -0.41879377,
       -0.39832515, -0.43539882, -0.1295369 , -1.17811286, -1.2853322 ,
        1.8017323 ,  0.15496728, -0.58828932, -0.49632549, -0.10381665,
       -1.22689235,  1.27203536, -0.70528555,  0.03888884,  0.24893783,
       -0.16679375,  0.74895859, -0.03649367, -0.20861486, -0.73082244], dtype=float32), array([-0.63790661, -0.31032148,  0.51941955,  1.52001035,  1.23154867,
       -0.89891827, -1.47076392, -0.64069617, -0.68473232,  0.64369094,
        2.02468395, -0.21488555, -0.87399018, -1.45705128, -0.71160799,
       -2.05756688,  0.40226591, -1.66942632,  0.88653767, -2.43522525,
        1.1819129 ,  2.03754616,  0.07881261,  0.90894389,  0.16440383,
       -0.46116567, -0.07598151,  1.70256579, -0.72170681, -0.33578098,
        0.92133284, -0.15851966,  0.24845906, -0.04176381, -0.66832089,
        0.85673374, -0.42637047,  0.45506045,  0.95364881, -0.15609971,
        2.42985272,  0.50506836, -0.03830652,  1.35781133,  0.09684698,
       -1.41600645, -0.80796039, -1.31781101, -1.00276887, -0.82221597,
       -0.7780211 ,  0.01860803,  1.87007248, -0.22314987, -0.20603052,
        2.23617625,  1.15574765, -1.27443612,  0.0907212 , -0.03665888,
        0.70901418, -2.27887607,  0.34069923,  0.16070217,  1.3358717 ,
       -0.45516157, -0.87285942,  0.49359661,  0.96903676,  1.35001099,
        0.04978681, -0.07399035, -0.52506095, -0.96138263,  2.0015924 ,
       -0.34388939,  0.02490139, -0.28437802,  0.72695774, -0.41927817,
       -0.40364313, -0.43361714, -0.13397565, -1.18080473, -1.27566135,
        1.80298901,  0.15140986, -0.5874095 , -0.48918948, -0.11253361,
       -1.22479522,  1.27661014, -0.7103796 ,  0.03777756,  0.24794954,
       -0.16789022,  0.75293064, -0.02987333, -0.20429039, -0.72921282], dtype=float32), array([-0.63722378, -0.31155694,  0.51724815,  1.51983011,  1.23366523,
       -0.89469743, -1.47357094, -0.64112556, -0.68659151,  0.64761192,
        2.02275562, -0.21550974, -0.87154961, -1.45907903, -0.71190834,
       -2.05634713,  0.40003678, -1.66693926,  0.88483036, -2.43563819,
        1.18349349,  2.03686404,  0.07783715,  0.91025913,  0.16197012,
       -0.46037179, -0.07317636,  1.70266831, -0.72423589, -0.33918017,
        0.92137569, -0.15764652,  0.24740742, -0.03687412, -0.66862679,
        0.85856712, -0.42856362,  0.45498425,  0.95611304, -0.15440661,
        2.42865276,  0.50360966, -0.03903488,  1.35824823,  0.0949031 ,
       -1.41499126, -0.81074971, -1.31842256, -1.00352919, -0.82238716,
       -0.78018612,  0.02150455,  1.87276971, -0.22217135, -0.20689107,
        2.23330045,  1.1564517 , -1.27582932,  0.09005625, -0.04186872,
        0.71212047, -2.280761  ,  0.34210056,  0.1613549 ,  1.33525264,
       -0.4519335 , -0.87271237,  0.49509656,  0.96864891,  1.35091269,
        0.05085069, -0.07195958, -0.52257371, -0.96502012,  1.99952519,
       -0.3439289 ,  0.02309177, -0.28279394,  0.72814816, -0.42027262,
       -0.40042233, -0.43244445, -0.13052583, -1.17982161, -1.27803004,
        1.80202985,  0.15207516, -0.58814472, -0.48830658, -0.11298696,
       -1.22458291,  1.27131605, -0.70932484,  0.03962889,  0.2484493 ,
       -0.17166273,  0.75183487, -0.02903729, -0.20216839, -0.72915578], dtype=float32), array([-0.64101279, -0.31193432,  0.51463807,  1.51456439,  1.22688949,
       -0.89806366, -1.47190654, -0.63871676, -0.68092185,  0.64398175,
        2.02238798, -0.21154913, -0.87081063, -1.45801878, -0.7136476 ,
       -2.06206512,  0.40371084, -1.66473436,  0.88527405, -2.43272519,
        1.18396008,  2.03282261,  0.07404068,  0.90551406,  0.1674401 ,
       -0.46120569, -0.07529806,  1.70068824, -0.7210694 , -0.34243625,
        0.92400753, -0.15867801,  0.24251765, -0.0411288 , -0.66719276,
        0.85570717, -0.4238891 ,  0.45666963,  0.95738298, -0.15381302,
        2.43004107,  0.50458771, -0.04279826,  1.3638128 ,  0.09805558,
       -1.41769958, -0.81327957, -1.32423687, -0.9975791 , -0.82370114,
       -0.77674407,  0.01737796,  1.87815142, -0.2237743 , -0.20580307,
        2.2363627 ,  1.1539073 , -1.27166951,  0.097567  , -0.04086334,
        0.70906937, -2.28415561,  0.34225684,  0.16702701,  1.3363297 ,
       -0.45048007, -0.8686133 ,  0.49433538,  0.96810842,  1.35598207,
        0.05361453, -0.07887336, -0.53011304, -0.95685989,  1.99963224,
       -0.34373882,  0.01797689, -0.28150848,  0.73162442, -0.42491165,
       -0.39973471, -0.43101567, -0.13168594, -1.17615521, -1.27626085,
        1.80557978,  0.14988282, -0.58235025, -0.49164295, -0.11105844,
       -1.23129225,  1.26790237, -0.70691913,  0.04307513,  0.24915884,
       -0.16740857,  0.75042909, -0.0349894 , -0.20092486, -0.73438829], dtype=float32), array([-0.64465868, -0.31453583,  0.51674336,  1.51099122,  1.22682619,
       -0.89715874, -1.46638787, -0.63784677, -0.6773982 ,  0.63965988,
        2.02518678, -0.21388915, -0.86982626, -1.458444  , -0.71519572,
       -2.05825806,  0.40352461, -1.66732562,  0.8905198 , -2.43828773,
        1.1770246 ,  2.03938627,  0.0781225 ,  0.90686947,  0.16829926,
       -0.46472859, -0.06726073,  1.69396567, -0.7191779 , -0.34651059,
        0.92657983, -0.15825966,  0.24747846, -0.04499823, -0.66515672,
        0.85563648, -0.42246878,  0.44512197,  0.95879722, -0.16461647,
        2.42730427,  0.50822431, -0.03620009,  1.3622278 ,  0.10106992,
       -1.41525316, -0.79727542, -1.32035077, -0.99928808, -0.8230077 ,
       -0.77659643,  0.01904522,  1.87220299, -0.22956942, -0.20879816,
        2.24353719,  1.15246391, -1.26319289,  0.09736606, -0.0399195 ,
        0.70766556, -2.28345275,  0.34616765,  0.16541469,  1.33117092,
       -0.45312953, -0.86409217,  0.4910228 ,  0.97123867,  1.35344779,
        0.05912242, -0.07762492, -0.52108735, -0.95440781,  2.00565958,
       -0.35585886,  0.01602671, -0.28502816,  0.74228573, -0.42303967,
       -0.40348932, -0.43099543, -0.13587639, -1.17123461, -1.28493786,
        1.80312991,  0.1509825 , -0.58700436, -0.49035811, -0.1191337 ,
       -1.23478377,  1.27959168, -0.71048713,  0.03339313,  0.24213648,
       -0.1601932 ,  0.75306994, -0.03701314, -0.20796587, -0.73266536], dtype=float32), array([-0.64195257, -0.3168658 ,  0.51190972,  1.51273537,  1.22989893,
       -0.89548838, -1.46844494, -0.64050364, -0.67464483,  0.64525747,
        2.02222252, -0.21480592, -0.86632925, -1.46417916, -0.71670949,
       -2.05959129,  0.40218806, -1.6633265 ,  0.89039391, -2.43636656,
        1.17852652,  2.03965235,  0.07733542,  0.90497184,  0.16665091,
       -0.46586677, -0.06626048,  1.69449067, -0.72246963, -0.35027567,
        0.92560929, -0.15952767,  0.2440336 , -0.04339483, -0.66425514,
        0.85915893, -0.4246794 ,  0.4493911 ,  0.96155024, -0.16130559,
        2.42619944,  0.50967813, -0.03514173,  1.36213374,  0.09698727,
       -1.41501892, -0.79944909, -1.32040584, -1.00022972, -0.82343614,
       -0.77775162,  0.0243398 ,  1.87624741, -0.2275749 , -0.20908414,
        2.24045062,  1.15291452, -1.26436365,  0.09840816, -0.04261136,
        0.70938307, -2.28616309,  0.34568167,  0.16812733,  1.32705307,
       -0.45006758, -0.86481893,  0.49263495,  0.96982372,  1.35668933,
        0.06027803, -0.0736999 , -0.51849997, -0.95745057,  2.00228477,
       -0.35521579,  0.0125655 , -0.27987379,  0.74682021, -0.4240177 ,
       -0.40055737, -0.43309236, -0.13509353, -1.1705513 , -1.28586352,
        1.7998445 ,  0.15256397, -0.5854696 , -0.48871273, -0.11821206,
       -1.23536134,  1.27071929, -0.70865154,  0.03235739,  0.24452211,
       -0.16610913,  0.75431108, -0.03894466, -0.20580888, -0.73444957], dtype=float32), array([-0.63669175, -0.31142148,  0.50357074,  1.51252115,  1.23315656,
       -0.89061952, -1.46978998, -0.64236063, -0.6790942 ,  0.64904267,
        2.02178121, -0.21415076, -0.86135191, -1.46342659, -0.71105474,
       -2.06565166,  0.39342105, -1.66107965,  0.90042579, -2.43237352,
        1.18624961,  2.04305816,  0.07319986,  0.90679306,  0.16249515,
       -0.4733434 , -0.06211919,  1.68867183, -0.72309184, -0.36720675,
        0.92976278, -0.16025156,  0.2409856 , -0.04816324, -0.66197968,
        0.86239529, -0.42181   ,  0.43711764,  0.96350962, -0.16264519,
        2.4259932 ,  0.51836407, -0.0410975 ,  1.36747527,  0.08887641,
       -1.40713775, -0.79305029, -1.31704867, -1.01307571, -0.82281601,
       -0.77746922,  0.0232763 ,  1.8725934 , -0.22631156, -0.20767842,
        2.23030329,  1.15572119, -1.2626127 ,  0.10066045, -0.0474445 ,
        0.72030622, -2.28353167,  0.34973288,  0.16629371,  1.32742023,
       -0.44789848, -0.87327087,  0.49305341,  0.97821683,  1.35806072,
        0.06243837, -0.07332294, -0.52111846, -0.96983969,  1.99573076,
       -0.3580659 ,  0.00641141, -0.27815709,  0.7501961 , -0.4254626 ,
       -0.40258452, -0.4355408 , -0.13811235, -1.1652329 , -1.28774011,
        1.80316854,  0.16196901, -0.58748084, -0.48726788, -0.12079828,
       -1.23819458,  1.26633608, -0.69723803,  0.03988502,  0.24026795,
       -0.17229332,  0.75280774, -0.03053516, -0.20292018, -0.73169291], dtype=float32), array([-0.64749354, -0.32569158,  0.50829732,  1.51003158,  1.24785495,
       -0.89338481, -1.45664823, -0.65321255, -0.6560865 ,  0.65821958,
        2.01232815, -0.22079   , -0.87044424, -1.46477056, -0.71145225,
       -2.07336664,  0.4146699 , -1.65382004,  0.91537964, -2.43116617,
        1.19493198,  2.05152965,  0.0738177 ,  0.90812081,  0.16265975,
       -0.48020956, -0.06808041,  1.6946075 , -0.72806215, -0.36160651,
        0.92846674, -0.15589631,  0.22842745, -0.04609926, -0.66757268,
        0.84779733, -0.40973166,  0.43811974,  0.95241338, -0.16166677,
        2.42244959,  0.51363575, -0.05673746,  1.35767603,  0.09276212,
       -1.39447057, -0.80240172, -1.32757127, -1.02722824, -0.82776648,
       -0.76889598,  0.02080013,  1.88246286, -0.21961492, -0.19762506,
        2.21446991,  1.14875174, -1.27841556,  0.12585475, -0.04405133,
        0.73403668, -2.28299904,  0.34163523,  0.15673758,  1.35799253,
       -0.45915204, -0.87585855,  0.48485866,  0.9996025 ,  1.34173286,
        0.05385137, -0.05380473, -0.5170452 , -0.9528923 ,  1.98645473,
       -0.33528006,  0.03298337, -0.28323343,  0.71173161, -0.44337395,
       -0.40179557, -0.44317657, -0.11366948, -1.17738259, -1.29187119,
        1.78848326,  0.16259362, -0.58104891, -0.48860458, -0.13717276,
       -1.2463969 ,  1.25194478, -0.7189585 ,  0.06116693,  0.25214735,
       -0.16694568,  0.75029707, -0.03069475, -0.19145681, -0.71994185], dtype=float32), array([-0.64625233, -0.33084598,  0.51344985,  1.51320398,  1.24604487,
       -0.89063454, -1.45285881, -0.65260643, -0.662902  ,  0.65623552,
        2.01194811, -0.21875596, -0.87494135, -1.46303749, -0.71007961,
       -2.07272148,  0.41291097, -1.65693319,  0.91817135, -2.426296  ,
        1.19538832,  2.05167532,  0.07852948,  0.91179377,  0.16405256,
       -0.47835845, -0.06436503,  1.6973865 , -0.72334808, -0.36233905,
        0.93063867, -0.15728427,  0.23419179, -0.04426107, -0.66776073,
        0.85003507, -0.41513839,  0.43666828,  0.95307636, -0.16848847,
        2.42490292,  0.52001452, -0.04917724,  1.35806954,  0.09277256,
       -1.39773583, -0.79680717, -1.32160747, -1.0285095 , -0.83401024,
       -0.77522463,  0.02024659,  1.87234867, -0.22754054, -0.19997348,
        2.21116996,  1.15301847, -1.27614379,  0.12426145, -0.04298971,
        0.72977477, -2.28458428,  0.34262079,  0.15422446,  1.35849893,
       -0.4588193 , -0.86399698,  0.48515135,  1.00124538,  1.34137022,
        0.05138545, -0.05298516, -0.52133566, -0.95657814,  1.98632121,
       -0.33898658,  0.03172584, -0.28525373,  0.71235108, -0.44491583,
       -0.39993948, -0.44188657, -0.12097014, -1.17454875, -1.29267299,
        1.78269827,  0.16353786, -0.58388674, -0.49169683, -0.13589343,
       -1.24890232,  1.25968528, -0.71677142,  0.06006113,  0.24388549,
       -0.16141224,  0.75262016, -0.02803338, -0.19460016, -0.7207641 ], dtype=float32)]
