[array([ 1.08399105,  0.53851473, -1.94387984, -0.26310471, -2.85335016,
        1.12250805, -0.42543206,  2.01467252, -0.01289958, -0.10186818,
        1.24670315,  0.91416252, -0.18335126, -0.48690796, -1.90122831,
       -2.33687115,  1.03583443,  2.59487844,  0.41733539, -0.43388724,
       -1.93861878,  2.77890348,  0.72178847, -0.64290464, -1.85450613,
        1.11855745,  1.08842897, -0.5842846 ,  0.29891801, -0.67402476,
       -0.37436593,  1.76933277, -1.0943681 , -0.66547513, -1.62996471,
        1.52982986, -0.49539381, -1.37779009, -0.90029019,  0.58766103,
        1.23790276,  0.79536086, -1.40790451,  0.56796259,  3.49269342,
        1.13182175,  2.54547095,  1.06289554,  0.51311749, -0.71399999,
       -0.94155049, -0.0235404 , -0.63150299, -1.08027685,  0.16895071,
        1.4846139 , -0.83056808, -1.32512832,  0.84438771, -3.52861786,
        0.72675115, -1.03341436,  0.59841329,  1.74502563, -2.25814915,
        2.43274426, -0.22750637,  0.2537519 , -1.03180122, -1.47109079,
        0.69181406,  1.4353987 , -1.74659872,  1.49310958, -0.14715885,
        1.41065264, -1.49324524,  1.82192683, -0.1831443 , -2.92246723,
        0.50166279,  0.48451987, -1.16732311,  5.21236563, -0.43950656,
        0.49004176,  1.11908078,  0.56970811, -1.95157671, -1.16951978,
       -0.85873425, -2.08821464, -1.82864666,  2.13312173,  0.07166625,
       -3.33931231,  1.09797013, -0.14890391, -1.68475175,  1.85199606], dtype=float32), array([ 1.10558128,  0.46895248, -1.90287864, -0.27549151, -2.9248333 ,
        1.19998586, -0.52207577,  1.99770033, -0.02633101, -0.22611341,
        1.33819735,  0.94907922, -0.14602923, -0.47405243, -1.8100419 ,
       -2.4072063 ,  1.02420866,  2.6950295 ,  0.51972741, -0.46265274,
       -1.80219793,  2.83799219,  0.6408419 , -0.68660045, -1.84502566,
        1.29307675,  1.1268332 , -0.47811192,  0.26255918, -0.72041899,
       -0.51252604,  1.72052419, -1.09159005, -0.75439483, -1.59103584,
        1.55061471, -0.57064652, -1.39155221, -0.87157071,  0.59902936,
        1.24660194,  0.88638353, -1.32186997,  0.54266274,  3.564888  ,
        1.09388077,  2.64694333,  1.09231949,  0.4465287 , -0.69964963,
       -0.90539169, -0.07530002, -0.67878735, -1.13152921,  0.15284982,
        1.59276617, -0.84790725, -1.37364769,  0.92600727, -3.55112028,
        0.62954843, -1.03976977,  0.73866588,  1.71307564, -2.28009915,
        2.39479709, -0.24144149,  0.19206682, -1.09478235, -1.56154847,
        0.80494535,  1.59428036, -1.8777566 ,  1.56122911, -0.1062391 ,
        1.52647889, -1.57205594,  1.86742938, -0.17712775, -3.00741029,
        0.55489075,  0.45827222, -1.19967139,  5.34539747, -0.39500919,
        0.44334158,  1.17656076,  0.50383568, -2.12152147, -1.12045908,
       -0.90639555, -2.21707964, -1.89833713,  2.28454041,  0.06261395,
       -3.43676257,  1.02626848, -0.10400518, -1.76736844,  1.80341625], dtype=float32), array([ 1.34501886,  1.1063565 , -2.39897394, -0.33264062, -3.49828434,
        0.93290722, -0.5946846 ,  1.77644825,  0.13649002, -0.53127229,
        1.26347435,  0.28477132, -0.07112999, -0.91426528, -1.77183735,
       -2.25815058,  1.05006802,  3.00057745,  0.3430486 , -0.42281649,
       -1.99281561,  2.7755208 ,  0.61536294, -0.72265035, -2.09326768,
        1.11117494,  1.6530385 , -0.45398292,  0.385167  , -0.90845776,
       -0.96551806,  1.66550767, -1.70407498, -0.63859206, -1.58284199,
        1.77426124, -1.02176082, -1.7289753 , -1.01760042,  0.65377963,
        1.83360362,  1.35007119, -1.37448299,  0.82824886,  3.9738996 ,
        0.86705661,  3.23685193,  1.517344  ,  0.45262876, -0.76998013,
       -0.70802057, -0.2920756 , -0.83428538, -0.91835684,  0.53968352,
        1.81401885, -0.33797032, -1.71207452,  1.36257398, -4.05406952,
        1.07907462, -1.22137916,  0.55322737,  1.96499634, -2.36347985,
        2.54059196, -0.49720213,  0.19334887, -1.58979571, -2.01042175,
        0.8343842 ,  1.81945884, -1.58136511,  1.44130504, -0.32244211,
        1.71247935, -1.87934732,  2.1287148 , -0.38867259, -3.60465145,
        0.637909  ,  0.48969275, -1.06695926,  6.2267971 , -0.5397743 ,
        0.73171818,  1.33582163,  0.26394588, -2.5630002 , -1.31580853,
       -1.24539828, -2.21936727, -1.49670756,  2.69690561,  0.14047818,
       -3.80884504,  1.45917046, -0.30618411, -1.76142824,  2.50916243], dtype=float32), array([ 1.42879128,  1.38426113, -2.78332949, -0.25229359, -3.96691704,
        1.03886867, -1.2095015 ,  1.80097616, -0.04788473, -0.37515473,
        1.43034267, -0.16749987,  0.04213175, -1.55475712, -1.65908766,
       -2.60430574,  1.2774694 ,  3.49839544,  0.22268263, -0.38499281,
       -1.91536236,  3.09558702,  0.4718045 , -0.71479142, -2.40661478,
        1.49804473,  2.05642724, -0.3991091 ,  0.43659312, -1.21831524,
       -1.38707209,  1.57057619, -2.43023419, -1.21533847, -1.87333012,
        1.77037323, -1.73457754, -1.97660017, -0.63646477,  1.21249557,
        2.3296175 ,  1.83632994, -1.43060851,  1.2375114 ,  4.46730995,
        0.70256156,  3.63799572,  1.64995456,  0.23834519, -0.82691073,
       -0.7553882 , -0.10525191, -1.09945965, -0.83631504,  0.64115423,
        1.9876039 , -0.44481704, -2.12399554,  2.13562489, -4.59167194,
        0.73764288, -1.19928932,  1.02016151,  2.26548386, -2.62440443,
        3.07813072, -0.47840041, -0.21364653, -2.24564624, -2.29494476,
        0.91556782,  2.40400863, -1.80706322,  2.03273296, -0.51477855,
        2.03513622, -2.12204313,  2.62790489, -0.28671873, -4.28892231,
        1.00961423,  0.74501306, -1.52678907,  7.49676514, -0.33728084,
        1.39422226,  1.42550611, -0.03188416, -3.11334276, -1.45888591,
       -1.49345279, -2.84929848, -1.43060398,  3.24478531,  0.25913337,
       -4.41892242,  1.16093981, -0.24898541, -1.85205197,  3.01273131], dtype=float32), array([ 1.68864036,  1.60401273, -3.21382666, -0.09877466, -4.89582729,
        1.02995956, -1.34886193,  1.46547592, -0.18314895, -0.61160171,
        1.77279878, -0.26020619, -0.13995546, -1.94177103, -1.63640046,
       -2.62956452,  1.15862763,  4.2458992 ,  0.40186304, -0.51980639,
       -2.48224711,  3.26389956,  0.3048448 , -0.40733141, -2.7040298 ,
        1.87876105,  2.54095864, -0.43516833,  0.56886399, -1.11307824,
       -1.37757635,  1.59638047, -2.82543135, -1.32289314, -1.98954093,
        1.92261779, -2.02906728, -2.34908295, -0.95468342,  1.64793372,
        2.3915956 ,  1.99611247, -1.49618602,  1.36623549,  4.71148348,
        0.82243741,  3.8645649 ,  1.3390559 , -0.17710891, -0.65493244,
       -0.61216414, -0.10520726, -0.87593657, -0.45220467,  0.97912085,
        2.24349785, -0.45135194, -2.07692814,  2.48742342, -4.66731596,
        1.05785239, -1.22218633,  0.77574301,  2.67176342, -2.95757675,
        2.81755424, -0.84609962, -0.1418415 , -2.38129115, -2.86560345,
        1.24358809,  2.64652848, -1.72891259,  2.10914564, -0.5904175 ,
        2.49067521, -2.36935329,  2.63304806, -0.54010373, -4.40984488,
        1.02388906,  0.75864965, -1.74023294,  8.31827736, -0.22943982,
        1.37195921,  1.39198685,  0.24782875, -3.47264671, -1.69331455,
       -1.29559839, -2.71947861, -1.36449289,  3.35953903,  0.22896306,
       -5.02755547,  1.49522614, -0.45817375, -2.3462019 ,  3.50429749], dtype=float32), array([ 2.00492167,  1.46763968, -3.37557173, -0.16870655, -5.6960535 ,
        1.379951  , -1.82663023,  1.6177907 , -0.18230005, -1.1485256 ,
        2.14490581, -0.40624303,  0.36618641, -2.10662079, -1.61329937,
       -3.22521234,  0.86977571,  4.79360056,  0.59514266, -0.87584746,
       -2.12736344,  4.03155231, -0.2055389 , -1.28600073, -3.08231592,
        2.18344665,  3.01492047, -0.30027968,  0.49700454, -1.11373639,
       -2.24927139,  1.75703001, -3.14346647, -1.42636395, -2.28416967,
        2.38122725, -2.50064087, -2.90186787, -0.87485957,  1.65097296,
        2.58079767,  2.34922361, -1.57705879,  1.67800522,  5.58929539,
        0.82504714,  4.17902374,  1.65195775, -0.17139131, -0.61454672,
       -0.56557947, -0.44458291, -1.1716665 , -0.5727101 ,  0.96985584,
        3.11187458, -0.32590869, -2.32845306,  2.7475965 , -5.63445473,
        0.84508991, -1.57451653,  1.32493055,  2.81750131, -2.88498831,
        3.4795382 , -1.0138489 , -0.31950581, -2.66955042, -3.2533555 ,
        1.39540792,  3.29518723, -1.97456706,  2.55529904, -0.3663387 ,
        2.23809814, -2.99690866,  3.42455959, -0.56174552, -4.81699276,
        0.916071  ,  0.69863325, -1.9830817 ,  9.24041367, -0.15262686,
        1.65936732,  1.75453615,  0.23892415, -3.51249385, -1.75036716,
       -1.78767097, -3.21984744, -1.80242968,  4.25661516,  0.19426633,
       -5.54905844,  1.75611484, -0.17564157, -2.86947727,  4.23294783], dtype=float32), array([ 1.70389223,  1.46938288, -3.6321981 ,  0.12163615, -6.00697088,
        1.31340945, -1.97292078,  1.72633517, -0.31973916, -1.25741422,
        2.03720069, -0.48590299,  0.1135388 , -1.99986315, -1.52085912,
       -3.2192862 ,  0.75202411,  5.15947485,  0.86659539, -0.91496795,
       -2.31671596,  4.15125799, -0.18919744, -1.08911026, -3.09390998,
        2.19197106,  3.24248648, -0.53021675,  0.37084734, -1.4121542 ,
       -2.24271607,  1.79951417, -3.23280501, -1.40299034, -2.30239391,
        2.0151298 , -2.37211227, -3.12185884, -0.74772853,  2.04217958,
        2.66869831,  2.59345579, -1.1907506 ,  1.50655866,  5.57174921,
        0.82360041,  4.60952425,  1.53456426, -0.33278289, -0.46872261,
       -0.34076887, -0.42770863, -1.24586141, -0.27439186,  1.06202888,
        3.16468811, -0.26522899, -2.34364176,  2.80715799, -5.71564245,
        1.02073491, -1.51132762,  1.33956242,  2.67799377, -2.84888244,
        3.57982016, -0.98781109, -0.31292617, -2.53915215, -3.54247046,
        1.59629405,  3.56556129, -1.97225428,  2.46483207, -0.42718706,
        2.5187521 , -3.13681436,  3.37652779, -0.50308001, -4.90203953,
        1.02313077,  0.63619864, -1.81298709,  9.67848301, -0.42133462,
        1.53610492,  1.71885192,  0.20406385, -3.73983908, -1.93947685,
       -1.95443165, -3.47848415, -2.0160172 ,  4.47423792,  0.3646971 ,
       -5.81956768,  1.79393029, -0.24734299, -3.21519184,  4.32946873], dtype=float32), array([  1.65144873,   1.59655261,  -3.69542408,   0.21801578,
        -6.12991524,   1.19919527,  -2.04436445,   1.78708553,
        -0.58352864,  -1.59008574,   2.17807698,  -0.59820318,
         0.25759524,  -2.02228665,  -1.38990915,  -3.23306894,
         0.69913989,   5.52521849,   0.89046609,  -0.95165002,
        -2.38251877,   4.27212143,  -0.22087297,  -0.92585206,
        -3.11505723,   2.47655392,   3.40806341,  -0.35258526,
         0.43901867,  -1.35050714,  -2.54232955,   1.98069441,
        -3.70404434,  -1.34543693,  -2.46827221,   2.0925343 ,
        -2.70105553,  -3.29792309,  -1.18342626,   2.34196281,
         2.74507856,   2.71605158,  -1.21844828,   1.67680681,
         5.60650063,   0.7582407 ,   5.106565  ,   1.4538784 ,
        -0.15391284,  -0.48997438,  -0.35083538,  -0.55026627,
        -1.20689631,  -0.57039309,   0.99895799,   3.4549644 ,
        -0.19756454,  -2.36327648,   2.69765568,  -6.07630825,
         1.19425619,  -1.42231047,   1.20067227,   2.77545238,
        -2.98743033,   3.63586116,  -1.02289736,  -0.38471401,
        -2.81003737,  -3.65127134,   1.83352578,   3.98913884,
        -2.21793985,   2.91481328,  -0.30750227,   2.77099681,
        -3.31325531,   3.23471212,  -0.6319387 ,  -5.33545685,
         0.98632008,   0.70711929,  -2.12276053,  10.1978302 ,
        -0.33988953,   1.69656432,   1.60356677,   0.34685788,
        -4.08015633,  -2.05360198,  -1.99434197,  -3.50566888,
        -2.03242707,   4.84594917,   0.45944852,  -5.80544806,
         1.76675057,  -0.3126663 ,  -3.34638047,   4.29601002], dtype=float32), array([  1.99331021,   1.50793135,  -3.99573445,   0.17780599,
        -6.61831188,   0.93096274,  -2.27317238,   1.76413119,
        -0.45641765,  -1.57185233,   2.60380507,  -0.39011407,
         0.40124297,  -2.24787307,  -1.3785013 ,  -3.70528078,
         0.74254566,   5.61729574,   0.90572119,  -1.00895524,
        -2.80130816,   4.51570654,  -0.58332777,  -0.97266448,
        -3.45146298,   2.89200926,   3.61643267,  -0.2701022 ,
         0.48090634,  -1.52563369,  -2.65918279,   2.2615459 ,
        -3.86201787,  -1.44540787,  -2.5655303 ,   2.40252066,
        -3.13064313,  -3.31656194,  -1.02180195,   2.47022009,
         2.42457056,   3.04719615,  -1.45128429,   1.8588531 ,
         5.81857252,   0.77148938,   5.18358374,   1.18730521,
        -0.15781429,  -0.3817963 ,  -0.23267996,  -0.88188553,
        -1.10534394,  -0.61834651,   0.94010437,   3.35376573,
        -0.32705852,  -2.26680446,   2.62178588,  -6.39743423,
         1.49068618,  -1.3372575 ,   1.0354203 ,   3.01989555,
        -2.91206527,   3.7564497 ,  -1.12081265,  -0.38064787,
        -2.93146467,  -3.55788088,   1.88072848,   4.1544385 ,
        -2.13551569,   3.09387136,  -0.22711691,   2.72129488,
        -3.55843353,   3.41146016,  -0.72946036,  -5.50845146,
         1.41497564,   0.84073114,  -2.27817154,  10.61217785,
        -0.27514288,   1.95159125,   1.93110538,   0.42255837,
        -3.93617868,  -2.11630225,  -2.13211298,  -3.76172423,
        -2.13396263,   5.03772116,   0.35479057,  -5.81353092,
         1.56865203,  -0.28318402,  -3.64747167,   4.65932512], dtype=float32), array([  2.18551588,   1.75708795,  -4.38623142,   0.2437622 ,
        -7.30487776,   0.76285309,  -2.36460018,   1.99903512,
        -1.08925366,  -2.07341051,   2.61667395,  -0.55109584,
         0.66355056,  -2.41518307,  -1.14939225,  -3.40513062,
         0.55694568,   6.56974363,   1.14380312,  -1.23686314,
        -3.05203605,   4.69698143,  -0.27001765,  -0.91103774,
        -3.92241192,   2.96076131,   4.24579763,  -0.24604517,
         0.71623814,  -1.80757332,  -2.73251247,   2.7445848 ,
        -4.55787659,  -1.39094019,  -3.13282418,   2.07050443,
        -3.46352077,  -3.97972393,  -1.63519144,   3.11228108,
         2.71581841,   3.21529818,  -1.31881893,   1.7732017 ,
         6.11499405,   0.74700856,   5.75805235,   1.23010242,
         0.31776714,  -0.67159766,  -0.21368797,  -0.86264038,
        -1.02065444,  -0.75993609,   1.23139155,   3.99150348,
        -0.44847715,  -2.34189939,   3.01227403,  -7.08615398,
         1.3031981 ,  -1.63939404,   1.01909602,   3.56381512,
        -3.31885147,   4.18187618,  -1.0704056 ,  -0.21302505,
        -3.21925044,  -3.96593285,   2.08184814,   4.52077913,
        -2.36829066,   3.47136426,  -0.19939777,   2.94121361,
        -4.0193882 ,   3.71202517,  -1.00544846,  -6.10702515,
         1.12943101,   0.82847983,  -2.2954669 ,  12.09429359,
         0.23558134,   1.73466539,   2.228616  ,   0.65709507,
        -4.42566109,  -2.54871511,  -2.37098765,  -3.94796753,
        -2.20258141,   5.15946007,   0.58240211,  -6.37799072,
         1.77533674,  -0.59043384,  -3.79566717,   5.10938406], dtype=float32), array([  2.23066521,   1.83913779,  -4.4471674 ,   0.26079968,
        -7.37132359,   0.71935898,  -2.42506313,   2.042665  ,
        -1.27736592,  -2.26528096,   2.52658463,  -0.65622127,
         0.82845622,  -2.52076817,  -1.1415869 ,  -3.60330915,
         0.59294349,   6.83107519,   1.12282777,  -1.26607716,
        -3.1961062 ,   4.7467556 ,  -0.22956093,  -0.91979504,
        -3.99951959,   3.10719323,   4.39730549,  -0.09147894,
         0.67330533,  -1.74493086,  -2.82335711,   2.84498525,
        -4.83728933,  -1.35697961,  -3.27466702,   2.19726729,
        -3.51710296,  -4.20558167,  -1.70423627,   3.35351801,
         3.06604362,   3.37588954,  -1.3186307 ,   1.85381114,
         6.21058798,   0.59790778,   5.86684608,   1.27007163,
         0.57228482,  -0.78045958,  -0.21669219,  -0.93261731,
        -1.10670221,  -0.87795478,   1.24919915,   4.16761875,
        -0.59433323,  -2.42357421,   2.9598279 ,  -7.32176208,
         1.29536796,  -1.72451591,   1.11623049,   3.68759966,
        -3.39770818,   4.29291487,  -1.08350456,  -0.19329248,
        -3.36843967,  -3.91272044,   2.19684601,   4.70826244,
        -2.48156047,   3.75042129,  -0.24063711,   3.08350801,
        -4.13181639,   3.68255687,  -1.10369909,  -6.27773714,
         1.26054096,   0.92151171,  -2.3085947 ,  12.33007622,
         0.31097367,   1.759938  ,   2.34373116,   0.66694111,
        -4.62891388,  -2.63519716,  -2.51549149,  -4.04858446,
        -2.22633028,   5.24832058,   0.5743081 ,  -6.46180248,
         1.79231167,  -0.65697974,  -3.87481141,   5.19253922], dtype=float32), array([  2.34424090e+00,   1.69672036e+00,  -4.71907425e+00,
         3.18564415e-01,  -7.82252455e+00,   7.93638587e-01,
        -2.60609961e+00,   2.07166409e+00,  -1.29760206e+00,
        -2.52390718e+00,   2.82345891e+00,  -8.34281206e-01,
         1.08358550e+00,  -2.52058387e+00,  -1.01180398e+00,
        -3.83602810e+00,   6.10453963e-01,   7.02928877e+00,
         1.29355347e+00,  -1.48357534e+00,  -3.08326387e+00,
         5.04647875e+00,  -3.86354804e-01,  -1.05321026e+00,
        -4.25284863e+00,   3.36749363e+00,   4.53719568e+00,
        -4.98022139e-03,   5.46539903e-01,  -1.83866620e+00,
        -3.03986716e+00,   2.87640786e+00,  -4.99030972e+00,
        -1.36512065e+00,  -3.30651283e+00,   2.36713743e+00,
        -3.56181979e+00,  -4.36950111e+00,  -1.52564335e+00,
         3.25002909e+00,   3.03965759e+00,   3.44049406e+00,
        -1.26074028e+00,   1.86841154e+00,   6.61428070e+00,
         6.13753200e-01,   6.04791355e+00,   1.45222008e+00,
         5.23514271e-01,  -6.51498735e-01,  -1.81499377e-01,
        -1.09659159e+00,  -1.26721740e+00,  -9.46784198e-01,
         1.39994991e+00,   4.55318499e+00,  -5.30557036e-01,
        -2.58981061e+00,   3.00373340e+00,  -7.76388550e+00,
         1.20202625e+00,  -1.89303577e+00,   1.35305893e+00,
         3.62674451e+00,  -3.31060624e+00,   4.48199558e+00,
        -1.29447865e+00,  -2.44194299e-01,  -3.63139200e+00,
        -4.02632952e+00,   2.45513225e+00,   4.78889322e+00,
        -2.57363081e+00,   3.87540627e+00,  -1.72069207e-01,
         2.99576187e+00,  -4.24989986e+00,   3.90356588e+00,
        -1.05124140e+00,  -6.44312954e+00,   1.30811489e+00,
         9.39229310e-01,  -2.57332015e+00,   1.27314844e+01,
         4.86469686e-01,   1.91296434e+00,   2.63080668e+00,
         6.13024354e-01,  -4.64499378e+00,  -2.60895872e+00,
        -2.72271681e+00,  -4.10213470e+00,  -2.23306537e+00,
         5.49645519e+00,   3.60776335e-01,  -6.72548151e+00,
         1.74656272e+00,  -7.01465011e-01,  -4.05642939e+00,
         5.45870066e+00], dtype=float32), array([  2.21302819,   1.65785396,  -5.00447178,   0.40291104,
        -7.92641592,   0.99083698,  -2.56868219,   2.23991728,
        -1.20736444,  -2.53745389,   3.21973634,  -0.73945582,
         0.92540687,  -2.76005507,  -1.13418734,  -4.03432608,
         0.84987676,   7.35705805,   1.35183346,  -1.53236938,
        -3.12229037,   5.31016636,  -0.48129594,  -1.15234566,
        -4.41311693,   3.45096755,   4.94493914,   0.12255547,
         0.51996946,  -1.82397389,  -3.10236907,   2.82343483,
        -4.9988246 ,  -1.68714046,  -3.49982762,   2.55981565,
        -3.70663667,  -4.43492126,  -1.44522786,   3.35681415,
         3.3583498 ,   3.60980701,  -1.48439264,   2.29065847,
         6.92736483,   0.70412338,   6.0537281 ,   1.77100515,
         0.51908112,  -0.76847881,  -0.12462109,  -1.3171562 ,
        -1.11145484,  -1.23818016,   1.2778579 ,   4.73226929,
        -0.45073843,  -2.77277517,   3.21951938,  -8.20479393,
         1.20569861,  -1.58576286,   1.35766125,   3.7543118 ,
        -3.49740481,   4.39750385,  -1.5768249 ,  -0.21986845,
        -3.98313475,  -4.28662491,   2.48492312,   4.90009069,
        -2.77025223,   4.00153065,  -0.25935286,   2.98094225,
        -4.38433743,   4.06394053,  -0.95039594,  -6.74154806,
         1.33493829,   0.94229496,  -2.82140875,  13.20622826,
         0.28318331,   1.96230149,   2.71974897,   0.71324927,
        -4.6830368 ,  -2.8192718 ,  -2.64606309,  -4.26715755,
        -2.33457947,   5.73053074,   0.29249978,  -6.98936558,
         1.82159209,  -0.77311331,  -4.14646101,   5.60724878], dtype=float32), array([  2.18281317,   1.62939692,  -5.00370932,   0.34835744,
        -7.99552202,   1.06816506,  -2.57474899,   2.24719763,
        -1.16344666,  -2.59375763,   3.2774961 ,  -0.71042949,
         0.92157978,  -2.75043607,  -1.08099318,  -4.05402374,
         0.89597362,   7.39063978,   1.38073373,  -1.54456818,
        -3.03129959,   5.36819601,  -0.54543746,  -1.18222606,
        -4.38957214,   3.54150629,   4.99310637,   0.21044412,
         0.52271634,  -1.81376648,  -3.16032743,   2.81927991,
        -4.97896671,  -1.76933479,  -3.53772688,   2.58560991,
        -3.76513004,  -4.43415356,  -1.45571649,   3.41254663,
         3.4485364 ,   3.70430827,  -1.50368083,   2.37967229,
         6.95680046,   0.68609422,   6.09461164,   1.85712266,
         0.4971914 ,  -0.8186022 ,  -0.09841958,  -1.41825688,
        -1.09546804,  -1.33371627,   1.19188571,   4.78168678,
        -0.48126549,  -2.82142878,   3.25003815,  -8.22664738,
         1.16351473,  -1.55587673,   1.41446006,   3.73970532,
        -3.56205487,   4.38328648,  -1.59271157,  -0.29580438,
        -4.01818275,  -4.31886959,   2.4966917 ,   4.96286583,
        -2.83127427,   4.06859541,  -0.28197402,   3.02998376,
        -4.48808813,   4.09968185,  -0.97465086,  -6.85599756,
         1.35398746,   0.9408617 ,  -2.84295177,  13.31953716,
         0.25506875,   1.97622061,   2.72089028,   0.64776736,
        -4.73930359,  -2.7865274 ,  -2.65302658,  -4.31747675,
        -2.3951211 ,   5.89400291,   0.31411511,  -7.03435516,
         1.75740981,  -0.75193906,  -4.1887784 ,   5.63538599], dtype=float32), array([  2.23649836,   1.71155238,  -5.05095196,   0.40017372,
        -8.05092716,   1.1218766 ,  -2.6303618 ,   2.23059464,
        -1.16373909,  -2.57799768,   3.29006433,  -0.70954865,
         0.93700558,  -2.73537135,  -1.155792  ,  -4.05310583,
         0.92165256,   7.4066062 ,   1.40301669,  -1.5370326 ,
        -3.02686119,   5.395576  ,  -0.55936563,  -1.22876072,
        -4.36976814,   3.59228683,   5.01304579,   0.24241008,
         0.52207488,  -1.84031093,  -3.16086173,   2.84813261,
        -5.0197916 ,  -1.77342951,  -3.49887085,   2.6167779 ,
        -3.81131673,  -4.47335052,  -1.47755122,   3.36687255,
         3.48220921,   3.7116251 ,  -1.54087174,   2.3856988 ,
         6.98793316,   0.73387498,   6.13583803,   1.88050735,
         0.49339306,  -0.81942201,  -0.12584461,  -1.41880631,
        -1.08608222,  -1.30791163,   1.18525326,   4.75191975,
        -0.44619471,  -2.84504247,   3.26132512,  -8.27391052,
         1.1677475 ,  -1.57141423,   1.45289671,   3.75639439,
        -3.62412691,   4.37167931,  -1.64549232,  -0.30872825,
        -4.08082199,  -4.33877897,   2.53540015,   4.96590376,
        -2.87744927,   4.06670856,  -0.27741772,   3.05676675,
        -4.51309538,   4.13206148,  -0.99267334,  -6.87440968,
         1.3938278 ,   0.95311314,  -2.83009481,  13.41019058,
         0.2583577 ,   1.98706234,   2.78166294,   0.65942097,
        -4.73752928,  -2.7784009 ,  -2.65398383,  -4.35425234,
        -2.47912621,   5.93021202,   0.28301197,  -7.11082411,
         1.74886382,  -0.76422244,  -4.20721912,   5.61213875], dtype=float32), array([  2.33089209,   1.97830629,  -5.39577293,   0.65955913,
        -8.27836609,   0.89026409,  -2.68210387,   2.23609495,
        -1.38598371,  -2.8828125 ,   3.37413335,  -0.85646665,
         1.17709613,  -2.91060972,  -1.15366828,  -4.28143978,
         1.00212646,   7.89112234,   1.42141879,  -1.42970455,
        -3.17468286,   5.58104944,  -0.39723378,  -1.12341356,
        -4.39902353,   3.79053521,   5.37733173,   0.57504231,
         0.50292373,  -1.6257745 ,  -3.3326292 ,   3.08938432,
        -5.65708542,  -1.79672265,  -3.86749363,   2.69967151,
        -4.29666901,  -4.81692648,  -1.7817781 ,   3.69737864,
         3.56772518,   3.94458127,  -1.70730257,   2.66047549,
         7.18040037,   0.52926183,   6.46611786,   2.00030065,
         0.60775882,  -0.99147713,  -0.13456695,  -1.57416689,
        -1.1373862 ,  -1.59213424,   1.37509978,   4.97739887,
        -0.46309814,  -2.91261792,   3.36915064,  -8.74220943,
         1.34083235,  -1.541008  ,   1.15919316,   4.10125017,
        -3.61898804,   4.34009361,  -1.69922876,  -0.32396343,
        -4.27719212,  -4.41874838,   2.86236858,   5.11360455,
        -2.94312596,   4.40207005,  -0.27454907,   3.28101349,
        -4.69610834,   4.19982243,  -1.02566469,  -7.26495171,
         1.34089935,   0.8811993 ,  -3.1167779 ,  14.25547504,
         0.35690168,   2.06844211,   2.75137138,   0.83749253,
        -5.18236494,  -3.04635763,  -2.92396665,  -4.52397823,
        -2.41202021,   6.26706791,   0.22790036,  -7.21958733,
         1.73690867,  -0.74272716,  -4.29948997,   5.85561562], dtype=float32), array([  2.35435796,   2.17111611,  -5.66476488,   0.55756962,
        -8.60902405,   0.88031524,  -2.65896797,   1.98030031,
        -1.41355586,  -3.0534296 ,   3.492769  ,  -0.91080028,
         1.14152098,  -3.09062147,  -1.18702829,  -4.15593719,
         1.14164138,   7.8883419 ,   1.2653296 ,  -1.55538452,
        -3.36114335,   5.70176554,  -0.48896456,  -1.14794159,
        -4.55753422,   3.85497427,   5.62997723,   0.65816653,
         0.85777676,  -1.68053842,  -3.49986887,   3.17673707,
        -5.94416285,  -1.85490775,  -3.98834229,   2.90640831,
        -4.58389378,  -4.84551811,  -1.95358551,   3.75755548,
         3.46156335,   4.23366642,  -1.88549566,   2.99993014,
         7.43561649,   0.46042213,   6.55042696,   2.22559404,
         0.60116291,  -0.98495007,  -0.15660149,  -1.6947546 ,
        -1.21662164,  -1.73162329,   1.39383543,   5.17211056,
        -0.41426072,  -2.97910357,   3.45385504,  -8.91340256,
         1.41400874,  -1.48543954,   1.00077009,   4.31093407,
        -3.79384208,   4.16954947,  -1.7994529 ,  -0.41918707,
        -4.65080214,  -4.56219006,   2.94771719,   5.10220861,
        -2.87882543,   4.78361654,  -0.2385598 ,   3.57956386,
        -4.7641964 ,   4.43993092,  -1.03014553,  -7.5615406 ,
         1.39417303,   0.90535325,  -3.27074313,  14.65253162,
         0.35281777,   2.24715996,   2.81908536,   0.91796863,
        -5.3640275 ,  -3.05404782,  -2.79772711,  -4.53923464,
        -2.30062032,   6.56654024,   0.31042263,  -7.572927  ,
         1.85200846,  -0.63009822,  -4.27770376,   6.00287151], dtype=float32), array([  2.18011141,   2.4043591 ,  -5.92651749,   0.77804786,
        -8.76938629,   0.70543301,  -2.68919992,   2.07342291,
        -1.60198224,  -3.25890803,   3.43063164,  -1.06527412,
         1.22413421,  -3.10081887,  -1.15117192,  -4.21306038,
         0.99522245,   8.27745628,   1.4828428 ,  -1.59678447,
        -3.54954863,   5.80638075,  -0.427497  ,  -0.96929479,
        -4.68818951,   3.93536067,   6.02139235,   0.61596274,
         0.80007035,  -1.90252948,  -3.71701956,   3.32582164,
        -6.25017929,  -1.77899683,  -4.27607584,   2.79607511,
        -4.6448946 ,  -5.29071093,  -2.27600026,   4.22556067,
         3.38710403,   4.4562726 ,  -1.69929326,   2.9579215 ,
         7.53149652,   0.44869059,   6.97619677,   2.09855938,
         0.60048491,  -0.9486745 ,   0.04562244,  -1.79022515,
        -1.18321991,  -1.67228758,   1.57659745,   5.5133853 ,
        -0.28346515,  -3.00535703,   3.53137755,  -9.17924309,
         1.59218073,  -1.51113546,   0.97735101,   4.39912844,
        -3.87729025,   4.24381113,  -1.69725823,  -0.41606876,
        -4.63244629,  -4.74151516,   3.12066603,   5.23182297,
        -2.99472284,   5.00189495,  -0.11614472,   3.84557557,
        -5.18230534,   4.47713518,  -1.1494379 ,  -7.8504777 ,
         1.37419844,   0.9492929 ,  -3.33338714,  15.22756004,
         0.30040199,   2.12376118,   2.84878349,   0.88156247,
        -5.6186409 ,  -3.22282767,  -3.14666033,  -4.72025871,
        -2.35455298,   6.92680216,   0.49910629,  -7.7901001 ,
         1.9421587 ,  -0.67164934,  -4.37997818,   6.14747143], dtype=float32), array([  2.2766552 ,   2.46462846,  -6.00461388,   0.79975104,
        -8.94190311,   0.78247458,  -2.83959031,   1.96252751,
        -1.8037045 ,  -3.18794703,   3.62959838,  -1.17031431,
         1.08796096,  -3.30956411,  -1.18643534,  -4.27674866,
         1.11398411,   8.45528316,   1.41472542,  -1.52960539,
        -3.66458702,   5.79327393,  -0.51044732,  -0.93831956,
        -4.62565565,   4.16718864,   6.17838478,   0.65985858,
         0.77108055,  -1.91115427,  -3.77513719,   3.32975054,
        -6.37068081,  -1.85363829,  -4.30021763,   2.96188188,
        -4.78819132,  -5.41728115,  -2.44148803,   4.35928392,
         3.40262175,   4.47322941,  -1.84040105,   3.16171312,
         7.59877872,   0.55222267,   7.06494427,   2.07148695,
         0.40588534,  -0.88051337,   0.05387617,  -1.8682071 ,
        -1.02722597,  -1.755252  ,   1.53770256,   5.57429552,
        -0.26605988,  -2.99232483,   3.49978161,  -9.44363213,
         1.66190803,  -1.42398524,   1.0701865 ,   4.49645233,
        -3.97198725,   4.41285086,  -1.92369115,  -0.44467077,
        -4.71469831,  -4.85350609,   3.27772975,   5.43692446,
        -3.08104134,   5.15203619,  -0.20749788,   3.98759079,
        -5.4122076 ,   4.67042971,  -1.19025826,  -7.8158145 ,
         1.31661105,   1.04751313,  -3.34501576,  15.61711788,
         0.37652102,   2.23808837,   2.70095968,   0.91229582,
        -5.80718136,  -3.34064722,  -2.87159538,  -4.91372919,
        -2.39285421,   7.06178665,   0.54451001,  -7.92701626,
         1.90816486,  -0.76053292,  -4.40285349,   6.22711754], dtype=float32), array([  2.33209562,   2.5234797 ,  -6.11193991,   0.78254491,
        -9.16330051,   0.82625163,  -2.85288477,   1.92544663,
        -1.80719399,  -3.0926888 ,   3.74424028,  -1.11260796,
         0.99554098,  -3.33367729,  -1.29461288,  -4.40508938,
         1.14833546,   8.53173828,   1.31879532,  -1.46154737,
        -3.79116011,   6.00298071,  -0.54794294,  -0.93055779,
        -4.6553793 ,   4.48290586,   6.19886208,   0.66616637,
         0.81006408,  -1.92193127,  -3.76139402,   3.3846314 ,
        -6.41427898,  -1.79078853,  -4.32169056,   3.03173184,
        -4.90785933,  -5.55436516,  -2.50243926,   4.26978922,
         3.42916942,   4.54040241,  -1.95014083,   3.33615208,
         7.79330015,   0.6687904 ,   7.16850042,   2.10149407,
         0.4988296 ,  -0.95612305,   0.09427955,  -1.78516853,
        -1.10604382,  -1.76044023,   1.38977909,   5.50680351,
        -0.34411046,  -3.04533124,   3.61550856,  -9.6416502 ,
         1.73214638,  -1.46961164,   1.2017796 ,   4.61817741,
        -4.20674849,   4.33592749,  -2.00755358,  -0.35006511,
        -4.78986645,  -4.88892508,   3.54685068,   5.44979   ,
        -3.13345432,   5.13652563,  -0.18714634,   4.08382416,
        -5.40445662,   4.80505085,  -1.12165272,  -7.99742603,
         1.42914104,   1.0408169 ,  -3.40877104,  15.99277782,
         0.48706844,   2.20111847,   2.78607297,   0.98883355,
        -6.01509809,  -3.51949525,  -2.89929414,  -5.09991407,
        -2.46514273,   7.2632165 ,   0.42273569,  -8.13601208,
         1.84669542,  -0.86025113,  -4.45472193,   6.25278616], dtype=float32), array([  2.26681542,   2.56493211,  -6.14883423,   0.73278832,
        -9.27080154,   0.87259376,  -2.86365771,   2.01008153,
        -1.87662661,  -3.1618135 ,   3.76344061,  -1.16191661,
         0.9613235 ,  -3.39849138,  -1.36087048,  -4.39531374,
         1.10773289,   8.65515327,   1.32833862,  -1.5156095 ,
        -3.72670221,   5.98097515,  -0.50787967,  -0.96024019,
        -4.61753464,   4.59688759,   6.39125919,   0.72929305,
         0.72631019,  -1.92441881,  -3.8255775 ,   3.27417135,
        -6.46853352,  -1.78824472,  -4.39964199,   3.1011467 ,
        -4.96526861,  -5.75541258,  -2.53426075,   4.40709686,
         3.61029291,   4.69625521,  -1.92608559,   3.37623835,
         7.95382643,   0.68141961,   7.34549379,   2.26314473,
         0.52457923,  -0.92918032,   0.06420918,  -1.85134888,
        -1.09266543,  -1.84264636,   1.34436822,   5.63750362,
        -0.43271333,  -3.11388588,   3.7272141 ,  -9.75928688,
         1.7090714 ,  -1.49430609,   1.3165313 ,   4.57744408,
        -4.20340395,   4.44518948,  -2.0785358 ,  -0.44420737,
        -4.8358717 ,  -4.95078135,   3.53833628,   5.57798862,
        -3.24610353,   5.15710211,  -0.22888692,   4.04489279,
        -5.48215628,   4.81472778,  -1.01498783,  -8.07674217,
         1.44530225,   1.07840335,  -3.46190667,  16.14078522,
         0.46413887,   2.22602224,   2.88936758,   0.88203615,
        -6.09447098,  -3.56258869,  -2.98956108,  -5.12147713,
        -2.5147357 ,   7.38371515,   0.50122112,  -8.26407433,
         1.7904017 ,  -0.84955257,  -4.45375681,   6.26600361], dtype=float32), array([  2.24755025,   2.58251619,  -6.17453671,   0.68245977,
        -9.31983662,   0.87967938,  -2.83401656,   2.01691532,
        -1.9229691 ,  -3.22231841,   3.76169538,  -1.1808871 ,
         1.00378895,  -3.40016532,  -1.34749138,  -4.37942505,
         1.07044947,   8.75686836,   1.27116966,  -1.48354113,
        -3.79154515,   5.93889761,  -0.47810575,  -0.94846696,
        -4.61896038,   4.64570618,   6.45533466,   0.72954118,
         0.77341694,  -1.91922116,  -3.85298276,   3.26274323,
        -6.4787755 ,  -1.79852724,  -4.46197271,   3.14688206,
        -4.98168087,  -5.80715942,  -2.5274663 ,   4.46730709,
         3.63367391,   4.75231504,  -1.94912028,   3.3950417 ,
         7.95731068,   0.68825293,   7.35503197,   2.31030297,
         0.50630432,  -0.93584573,   0.11772193,  -1.83329225,
        -1.07891381,  -1.88179195,   1.34794474,   5.71309519,
        -0.46372083,  -3.10028934,   3.71977115,  -9.81178284,
         1.76316226,  -1.51311576,   1.31856203,   4.63325834,
        -4.27143669,   4.4414506 ,  -2.09843731,  -0.49291968,
        -4.85907125,  -4.98840094,   3.52470279,   5.6529932 ,
        -3.2551198 ,   5.16792822,  -0.32668746,   4.04624128,
        -5.56723976,   4.8550148 ,  -1.04314446,  -8.164217  ,
         1.45030499,   1.09049749,  -3.42608762,  16.24895287,
         0.50569957,   2.18749261,   2.89045525,   0.9128384 ,
        -6.15497065,  -3.56852555,  -3.0538156 ,  -5.10453367,
        -2.50699306,   7.4479351 ,   0.53272241,  -8.32199574,
         1.85888112,  -0.88692862,  -4.44068909,   6.31035757], dtype=float32), array([  2.28573418,   2.57530832,  -6.18546486,   0.68002737,
        -9.35711575,   0.86752504,  -2.85519218,   1.99204981,
        -1.94203246,  -3.21878386,   3.78217626,  -1.17165875,
         1.01170707,  -3.40273285,  -1.347947  ,  -4.4077034 ,
         1.08437836,   8.80643654,   1.28192091,  -1.49113894,
        -3.82409215,   5.94384766,  -0.49259475,  -0.9388901 ,
        -4.59438324,   4.66895485,   6.44596004,   0.75255996,
         0.77392733,  -1.91714692,  -3.85278392,   3.28628111,
        -6.49165154,  -1.80387354,  -4.46552849,   3.16373134,
        -5.00212049,  -5.81724739,  -2.53179669,   4.47128725,
         3.66706729,   4.7920289 ,  -1.98595142,   3.40634656,
         7.94261837,   0.68928123,   7.36919594,   2.28278089,
         0.52328438,  -0.95542204,   0.14023921,  -1.83213663,
        -1.06745756,  -1.88925111,   1.33341146,   5.69576025,
        -0.48227602,  -3.08515429,   3.73410344,  -9.81206799,
         1.75012136,  -1.50691009,   1.32786882,   4.66715574,
        -4.2834897 ,   4.42964411,  -2.1134131 ,  -0.48704347,
        -4.8651557 ,  -4.97928715,   3.52601218,   5.66872454,
        -3.27630329,   5.19526052,  -0.32979158,   4.05849075,
        -5.59694719,   4.86298704,  -1.05587733,  -8.16587448,
         1.4649303 ,   1.08466768,  -3.44004917,  16.30183792,
         0.48839411,   2.16602564,   2.9111886 ,   0.91510713,
        -6.1703229 ,  -3.58226538,  -3.03259325,  -5.13478565,
        -2.51988482,   7.47217274,   0.52397829,  -8.32771873,
         1.84228373,  -0.87817806,  -4.45364904,   6.31436014], dtype=float32), array([  2.00573802,   2.90694475,  -6.50889444,   0.78354514,
        -9.66020966,   0.78093821,  -2.9009974 ,   2.03572512,
        -2.05083656,  -3.6061554 ,   3.7381115 ,  -1.41244161,
         0.99357826,  -3.45632315,  -1.28505421,  -4.63556051,
         1.08209515,   9.02112103,   1.67475367,  -1.5568459 ,
        -4.06556749,   5.88081503,  -0.51552778,  -0.73333031,
        -4.66892958,   4.62038994,   7.06880188,   0.53109461,
         0.65596342,  -2.36757541,  -3.83970618,   3.3513186 ,
        -6.7496233 ,  -1.8353579 ,  -4.71189165,   2.95239282,
        -4.94128323,  -6.27144623,  -2.53617239,   5.05280876,
         3.91668844,   4.92148209,  -1.68966079,   3.40727615,
         8.10121727,   0.60796505,   7.92678499,   2.32439184,
         0.39637142,  -0.65485078,   0.38154593,  -2.00650167,
        -1.18206501,  -1.55038631,   1.52794206,   5.94692326,
        -0.54250717,  -3.38644671,   4.13799477, -10.0931282 ,
         1.77114379,  -1.49855161,   1.42680871,   4.80120802,
        -4.37959003,   4.6242075 ,  -2.10665154,  -0.58669323,
        -4.91539335,  -5.2858901 ,   3.43821049,   5.81710339,
        -3.24534392,   5.26705742,  -0.27721921,   4.30884552,
        -5.86839104,   4.95926142,  -1.28841949,  -8.30343723,
         1.47987926,   1.04405463,  -3.27079868,  16.78980255,
         0.197312  ,   2.05828261,   3.08788037,   0.82315755,
        -6.1950779 ,  -3.69417381,  -3.535923  ,  -5.38351965,
        -2.8853364 ,   7.92932701,   0.80971575,  -8.55818462,
         1.99186254,  -0.94650364,  -4.52491951,   6.80745077], dtype=float32), array([  1.84304023,   3.03647661,  -6.83201122,   0.8768909 ,
        -9.98894215,   0.68777817,  -2.96998811,   2.11898041,
        -2.13422489,  -3.70231843,   3.7042768 ,  -1.59871697,
         0.79024142,  -3.53034139,  -1.16911507,  -4.79972219,
         1.0781368 ,   9.2422781 ,   1.85775185,  -1.54566276,
        -4.21360111,   5.8930397 ,  -0.5170815 ,  -0.60494614,
        -4.74968624,   4.67127275,   7.42965984,   0.32461035,
         0.59247959,  -2.58054614,  -3.7460618 ,   3.37617111,
        -6.80339384,  -1.83099747,  -4.87679625,   2.73224139,
        -4.87606812,  -6.60391665,  -2.52909088,   5.48417997,
         4.00038815,   5.07676077,  -1.46057284,   3.2772181 ,
         8.19215202,   0.63469583,   8.37634754,   2.23829436,
         0.15620627,  -0.45130879,   0.58533549,  -2.1481359 ,
        -1.25265515,  -1.21581244,   1.68055344,   6.07909012,
        -0.53953415,  -3.49499083,   4.33853865, -10.25871277,
         1.90732074,  -1.47297227,   1.43729472,   4.77784061,
        -4.39927244,   4.70165253,  -2.08960509,  -0.56734955,
        -4.76948547,  -5.58978415,   3.49744463,   6.06049919,
        -3.17128372,   5.26623106,  -0.3630279 ,   4.58450508,
        -6.13243866,   5.07050467,  -1.26581633,  -8.32400894,
         1.47182238,   0.95789683,  -3.12172055,  17.27806282,
        -0.06014554,   1.98978233,   3.22658205,   0.78168947,
        -6.34888935,  -3.90053749,  -3.82987499,  -5.65970707,
        -3.03844142,   8.20343399,   0.96472079,  -8.87342453,
         2.0253427 ,  -0.94722098,  -4.69984341,   7.0720892 ], dtype=float32), array([  1.91412508,   3.2161231 ,  -6.86931038,   0.79994172,
       -10.21204376,   0.78149474,  -3.04582787,   2.15549731,
        -2.0152185 ,  -3.75030541,   3.87891245,  -1.57188356,
         0.89090461,  -3.6025877 ,  -1.31461728,  -4.93703508,
         1.17473233,   9.33082962,   1.83778727,  -1.49478519,
        -4.19724894,   5.90791178,  -0.48758718,  -0.66624928,
        -4.61724758,   4.81620216,   7.60281134,   0.34540835,
         0.51497841,  -2.57944632,  -3.79984546,   3.40975237,
        -6.94289398,  -1.84381294,  -4.98588562,   2.9576993 ,
        -5.08333206,  -6.78553009,  -2.46136999,   5.40964317,
         4.04249382,   5.06232643,  -1.60610223,   3.41379905,
         8.34928608,   0.63093549,   8.45749283,   2.31111026,
         0.08941854,  -0.41102242,   0.54876971,  -2.14883637,
        -1.36094463,  -1.31083047,   1.67388427,   6.14067268,
        -0.5554865 ,  -3.62980819,   4.30987358, -10.47758198,
         1.79383326,  -1.49019051,   1.61046243,   4.92346764,
        -4.36437464,   4.79427958,  -2.18434668,  -0.81886756,
        -4.95182419,  -5.73104572,   3.63844037,   6.19716501,
        -3.28262091,   5.33444643,  -0.4196699 ,   4.5335803 ,
        -6.11072683,   5.20379734,  -1.30464387,  -8.33946419,
         1.46844661,   0.86548197,  -3.12681222,  17.46520042,
        -0.024969  ,   2.11184502,   3.17770147,   0.8028776 ,
        -6.33758974,  -3.8348937 ,  -3.84120727,  -5.67808771,
        -3.08419061,   8.33123875,   0.925147  ,  -9.01854706,
         2.0058074 ,  -1.08372676,  -4.63097954,   7.26540995], dtype=float32), array([  1.93462932,   3.26780081,  -6.88618374,   0.76893276,
       -10.29793072,   0.8958717 ,  -3.04260182,   2.17653704,
        -2.06579781,  -3.75240445,   3.98659229,  -1.52049077,
         0.91673225,  -3.64027166,  -1.46249437,  -5.04682541,
         1.24818039,   9.34961224,   1.91145575,  -1.42765749,
        -4.13922119,   5.89218473,  -0.47219095,  -0.71039611,
        -4.57764053,   4.91884232,   7.72062778,   0.43358916,
         0.41329011,  -2.59768963,  -3.75180173,   3.39596081,
        -6.97309399,  -1.86063945,  -4.96887589,   3.14516449,
        -5.20751333,  -6.924191  ,  -2.46076727,   5.41194296,
         4.20300961,   5.09735203,  -1.70562339,   3.46428609,
         8.48584461,   0.60906786,   8.54520893,   2.41410637,
         0.06389237,  -0.35186434,   0.40901706,  -2.22199774,
        -1.43266356,  -1.34297168,   1.57469571,   6.22191572,
        -0.61045432,  -3.64861917,   4.27213383, -10.62890244,
         1.80426693,  -1.59216201,   1.75182164,   4.97781563,
        -4.33051634,   4.92270708,  -2.24455786,  -0.98568475,
        -5.12404108,  -5.80215073,   3.69589734,   6.37535763,
        -3.34292269,   5.45353889,  -0.43935731,   4.57147074,
        -6.20860434,   5.28770351,  -1.29417205,  -8.46034813,
         1.47141171,   0.85170054,  -3.08388066,  17.58258057,
        -0.05391374,   2.10849452,   3.25310874,   0.73277909,
        -6.40121937,  -3.87401104,  -3.95110297,  -5.71172571,
        -3.12326956,   8.41631413,   0.92474335,  -9.14141083,
         1.88697314,  -1.14552331,  -4.53999472,   7.36318398], dtype=float32), array([  1.96296751,   3.2927196 ,  -6.96070099,   0.72257268,
       -10.49139786,   1.16885555,  -3.19945025,   2.33323145,
        -2.26597643,  -3.57920742,   4.24172544,  -1.51052427,
         0.63085759,  -3.75837469,  -1.55984879,  -5.05899668,
         1.30424607,   9.5797987 ,   1.94273686,  -1.40181708,
        -4.0592165 ,   6.24563932,  -0.22470479,  -0.84565294,
        -4.57687998,   5.29769373,   7.76612854,   0.56176245,
         0.54696149,  -2.55297828,  -3.84144425,   3.46336746,
        -7.09543037,  -2.12859011,  -5.15343571,   3.32921386,
        -5.40431356,  -7.09934139,  -2.55524588,   5.49913406,
         4.30975962,   5.05403471,  -1.81100726,   3.71133995,
         8.92186069,   0.71331733,   8.6543293 ,   2.76228309,
        -0.01909255,  -0.381859  ,   0.15920976,  -2.18983817,
        -1.56211126,  -1.5271982 ,   1.4446938 ,   6.29841614,
        -0.6215955 ,  -3.63350797,   4.48627567, -10.98651314,
         1.65946841,  -1.52091467,   1.92560697,   5.08553314,
        -4.63369226,   5.11566448,  -2.28535557,  -1.12901151,
        -5.34145737,  -5.95170164,   3.82353616,   6.58727884,
        -3.58460832,   5.54864693,  -0.4787868 ,   4.65694284,
        -6.21941948,   5.50699759,  -1.07597744,  -8.73086739,
         1.56057334,   0.68864876,  -3.34148026,  18.02630615,
        -0.07312332,   2.2181251 ,   3.22210956,   0.67112511,
        -6.65574837,  -3.94486046,  -3.91402006,  -6.22017384,
        -3.19394827,   8.58663845,   0.9457866 ,  -9.72220039,
         1.81142569,  -0.86526048,  -4.43745184,   7.33076143], dtype=float32), array([  2.00717926,   3.38108039,  -7.06422853,   0.69896919,
       -10.62564373,   1.10509813,  -3.18688512,   2.29837489,
        -2.29264808,  -3.67890239,   4.27615547,  -1.52814531,
         0.62605417,  -3.7812376 ,  -1.60028982,  -5.08546829,
         1.34161496,   9.67733383,   1.94753671,  -1.39245963,
        -4.04579115,   6.31265211,  -0.27552545,  -0.82911581,
        -4.47707748,   5.42817974,   7.89518309,   0.54431033,
         0.56409866,  -2.51250815,  -3.87678909,   3.46973681,
        -7.23252821,  -2.25599122,  -5.28227663,   3.44773293,
        -5.50159216,  -7.207376  ,  -2.54177332,   5.4836297 ,
         4.3691783 ,   5.24233341,  -1.93609035,   3.78337264,
         9.04313469,   0.56804007,   8.76333523,   2.80449581,
        -0.04649823,  -0.41119263,   0.15393752,  -2.16758108,
        -1.62010312,  -1.56195593,   1.55249238,   6.40056753,
        -0.52929336,  -3.67519689,   4.56333303, -11.07832146,
         1.61950672,  -1.44384193,   1.96485138,   5.15853596,
        -4.64017057,   5.17283964,  -2.41371679,  -1.11094022,
        -5.4779439 ,  -5.97242594,   3.83356547,   6.62516928,
        -3.66505194,   5.69607687,  -0.52098799,   4.78474903,
        -6.29216003,   5.60780096,  -1.20115256,  -8.78013611,
         1.61203337,   0.67632359,  -3.42260003,  18.17387581,
        -0.17918801,   2.39108396,   3.19993424,   0.70643872,
        -6.78213835,  -4.04638481,  -3.92908573,  -6.32788277,
        -3.18652558,   8.75346375,   0.93765169,  -9.91660023,
         1.85333371,  -0.87343043,  -4.42513704,   7.39161062], dtype=float32), array([  2.02150726,   3.38262916,  -7.08004379,   0.688465  ,
       -10.67923927,   1.08123863,  -3.22623873,   2.30785036,
        -2.31889319,  -3.70730352,   4.24444866,  -1.52992976,
         0.69745016,  -3.80074263,  -1.55922604,  -5.14518499,
         1.37748051,   9.73109531,   1.93942273,  -1.39166737,
        -4.10260487,   6.34482384,  -0.28737944,  -0.8179242 ,
        -4.52203178,   5.44400549,   7.92733622,   0.5900265 ,
         0.56511521,  -2.46912789,  -3.91748214,   3.51451421,
        -7.26705313,  -2.28069663,  -5.3095603 ,   3.46227932,
        -5.51631021,  -7.24099874,  -2.53191352,   5.53381681,
         4.42242765,   5.27874708,  -1.93552256,   3.78259063,
         9.0400362 ,   0.53821963,   8.79919052,   2.79660153,
         0.04153517,  -0.43027917,   0.17917021,  -2.18037796,
        -1.63769782,  -1.56940186,   1.55910087,   6.42369318,
        -0.54393989,  -3.71596646,   4.53643227, -11.12807178,
         1.6396575 ,  -1.45900655,   1.97554672,   5.18101072,
        -4.64796162,   5.21639681,  -2.41330743,  -1.12855566,
        -5.53140163,  -5.97231817,   3.8572104 ,   6.66532421,
        -3.68723202,   5.75824022,  -0.49422747,   4.78365421,
        -6.33658218,   5.61578655,  -1.22691453,  -8.83394623,
         1.64954472,   0.71367633,  -3.43164849,  18.23379517,
        -0.20707254,   2.38941526,   3.17846608,   0.72079611,
        -6.81559515,  -4.04266834,  -3.96444273,  -6.36492729,
        -3.18188953,   8.77186203,   0.94779211,  -9.91945934,
         1.86526537,  -0.91155732,  -4.42938042,   7.42820597], dtype=float32), array([  2.01376605,   3.5400331 ,  -7.06466961,   0.76755095,
       -10.74901104,   0.96053559,  -3.20935059,   2.46623588,
        -2.57611322,  -3.84223223,   4.35612583,  -1.74495924,
         0.93341494,  -3.93875813,  -1.56095028,  -5.10204649,
         1.25897694,  10.0425396 ,   1.99348462,  -1.47736049,
        -4.14580441,   6.44030809,  -0.34626135,  -0.82518393,
        -4.5928607 ,   5.52048063,   8.14449978,   0.68493062,
         0.56845403,  -2.39136982,  -4.04300022,   3.61514425,
        -7.44111729,  -2.34502792,  -5.45526648,   3.69671273,
        -5.74812412,  -7.35557938,  -2.89845085,   5.79897499,
         4.55827618,   5.49682808,  -1.9621346 ,   3.79222727,
         9.20234966,   0.67441821,   8.99542332,   2.76610136,
         0.2094979 ,  -0.37130857,   0.12982781,  -2.35878015,
        -1.53802502,  -1.83300018,   1.65961862,   6.75802183,
        -0.64498961,  -3.8193481 ,   4.51212931, -11.35300636,
         1.7687608 ,  -1.4570049 ,   1.82069409,   5.22048759,
        -4.60827589,   5.32738876,  -2.51601958,  -1.14589489,
        -5.66970825,  -5.92775488,   3.96844506,   6.87039709,
        -3.84308481,   6.01415634,  -0.49636191,   4.77372599,
        -6.50830173,   5.60678768,  -1.28501141,  -9.11071491,
         1.65532684,   0.79976249,  -3.70187259,  18.53327179,
        -0.07056402,   2.4521656 ,   3.21749401,   0.77882046,
        -7.09033728,  -4.02724791,  -4.08589697,  -6.30651045,
        -3.17642188,   8.93601513,   0.84410733, -10.0402422 ,
         1.75740612,  -0.99994928,  -4.47405577,   7.37322283], dtype=float32), array([  2.10028219,   3.70978141,  -7.20700979,   0.76581925,
       -10.9372797 ,   0.93471181,  -3.23424149,   2.46142244,
        -2.5594902 ,  -3.89471006,   4.35354233,  -1.78678155,
         0.85778916,  -3.9849484 ,  -1.51711547,  -5.17888594,
         1.25635648,  10.11176968,   1.92271447,  -1.45105577,
        -4.18145561,   6.45019436,  -0.33387405,  -0.88593364,
        -4.65424156,   5.5261631 ,   8.23269176,   0.60409266,
         0.63094449,  -2.37001681,  -4.08159733,   3.64667606,
        -7.45517159,  -2.34174752,  -5.44471073,   3.68314409,
        -5.80905056,  -7.47475576,  -2.93861127,   5.8141675 ,
         4.57410908,   5.5219121 ,  -1.97638905,   3.76773953,
         9.25238991,   0.72134763,   9.14143181,   2.79922819,
         0.12427464,  -0.37354389,   0.15884134,  -2.38078952,
        -1.50266075,  -1.74334133,   1.69840944,   6.82007647,
        -0.58785868,  -3.88326144,   4.46966267, -11.47069836,
         1.85717762,  -1.47290242,   1.80087042,   5.2905407 ,
        -4.72101068,   5.35678482,  -2.49709082,  -1.15043557,
        -5.67815208,  -6.08255196,   3.99858928,   6.93961477,
        -3.77370358,   5.99852943,  -0.51003432,   4.88367844,
        -6.61465025,   5.72254038,  -1.29738498,  -9.12045479,
         1.62105584,   0.82387447,  -3.63760209,  18.77915001,
        -0.12761796,   2.4755578 ,   3.23204112,   0.78141963,
        -7.18415213,  -4.09967947,  -4.09292173,  -6.38235426,
        -3.12424016,   8.99677372,   0.85205668, -10.19878292,
         1.88173962,  -1.02724397,  -4.47264433,   7.50315666], dtype=float32), array([  2.28447556,   3.71686339,  -7.25593519,   0.71515191,
       -11.23145962,   0.86596012,  -3.28274083,   2.50754642,
        -2.74049377,  -3.78690839,   4.50840521,  -1.76596975,
         0.84302539,  -3.99199343,  -1.63627887,  -5.32728958,
         1.34940886,  10.25858688,   2.01560354,  -1.53182364,
        -4.28982067,   6.65446711,  -0.31600085,  -0.95784295,
        -4.79540062,   5.66771841,   8.07020187,   0.70409966,
         0.7452783 ,  -2.44778419,  -4.14470291,   3.82450771,
        -7.53404427,  -2.32984924,  -5.40923882,   3.71851039,
        -5.8254981 ,  -7.44134045,  -3.03512573,   5.84144258,
         4.60225582,   5.46078205,  -1.9805696 ,   3.86261392,
         9.5907383 ,   0.72123736,   9.33478928,   2.93861818,
         0.08778912,  -0.4012149 ,   0.13828337,  -2.33229375,
        -1.5381099 ,  -1.685673  ,   1.82701063,   6.87788916,
        -0.66542476,  -3.95621967,   4.6470561 , -11.78976917,
         1.98131752,  -1.53918207,   1.83234966,   5.33263969,
        -4.88609505,   5.37709713,  -2.48393893,  -1.12240767,
        -5.72099638,  -6.22326899,   4.23073387,   6.93829012,
        -3.88535166,   6.03926325,  -0.58699936,   4.90823984,
        -6.68400574,   5.83139992,  -1.28402388,  -9.28484535,
         1.67443442,   0.83244133,  -3.81105399,  19.18208504,
        -0.16891387,   2.45759869,   3.37117839,   0.79860103,
        -7.26245022,  -4.19857121,  -4.10403252,  -6.64019489,
        -3.1867888 ,   9.06046772,   0.80021936, -10.33569622,
         1.86010885,  -0.93444514,  -4.64427328,   7.52556562], dtype=float32), array([  2.04776812,   3.94903731,  -7.68658924,   0.9870134 ,
       -11.63610554,   0.73867583,  -3.38003731,   2.61317253,
        -2.83920789,  -4.11591864,   4.46590376,  -1.99193251,
         0.80814385,  -3.93006039,  -1.47303379,  -5.59632587,
         1.22745216,  10.74800014,   2.40406609,  -1.60811055,
        -4.69816256,   6.82079411,  -0.23260796,  -0.83683133,
        -4.9876585 ,   5.50718594,   8.66513348,   0.55195165,
         0.76284367,  -2.84466791,  -4.23365593,   3.94931602,
        -7.85920763,  -2.27158237,  -5.66118002,   3.35397935,
        -5.73874617,  -7.9807663 ,  -3.19634843,   6.56479979,
         4.61157656,   5.72270679,  -1.59489703,   3.78308058,
         9.70376778,   0.71701401,  10.01084518,   2.83013582,
         0.07530559,  -0.11407059,   0.30368233,  -2.51855135,
        -1.61748958,  -1.35464549,   2.05985212,   7.19767904,
        -0.71698892,  -4.13424587,   4.90761709, -12.03867722,
         2.19580078,  -1.59534097,   1.77441669,   5.43221903,
        -5.0115962 ,   5.5354228 ,  -2.36557245,  -1.08688676,
        -5.57698822,  -6.49810934,   4.25011826,   7.17727327,
        -3.87906408,   6.16428614,  -0.48011056,   5.28541279,
        -7.11327839,   5.82878017,  -1.50466275,  -9.57343864,
         1.78688145,   0.84886491,  -3.8411057 ,  19.8490448 ,
        -0.42294627,   2.35091114,   3.59450197,   0.83081657,
        -7.46255207,  -4.5316329 ,  -4.58559799,  -6.94765329,
        -3.42725444,   9.33431244,   1.06845045, -10.58094788,
         2.06777906,  -1.00922203,  -4.95116615,   7.86963654], dtype=float32), array([  1.89955735,   4.05149317,  -8.06807709,   1.14050353,
       -11.96858978,   0.55459762,  -3.49855471,   2.63338947,
        -2.8390584 ,  -4.26293278,   4.51542759,  -2.22163105,
         0.61918962,  -4.09174347,  -1.46659243,  -5.77176666,
         1.31577563,  11.10908699,   2.58370686,  -1.67102599,
        -5.00376511,   6.96625328,  -0.46302038,  -0.68000102,
        -5.14773941,   5.57785845,   8.96929264,   0.3343237 ,
         0.73988044,  -3.03203773,  -4.22643042,   3.97822094,
        -7.88698387,  -2.36122394,  -5.89742565,   3.14818716,
        -5.72834682,  -8.18634987,  -3.22175717,   7.08917618,
         4.62616062,   6.02057743,  -1.3822031 ,   3.74226069,
         9.75564671,   0.77731514,  10.30438995,   2.63793731,
         0.03563744,   0.02471398,   0.54224062,  -2.68748736,
        -1.5771836 ,  -1.11477268,   2.17874599,   7.34157658,
        -0.6314258 ,  -4.28807449,   5.17961311, -12.19664764,
         2.43097615,  -1.58338034,   1.69973326,   5.49958992,
        -5.03204203,   5.53741503,  -2.48462701,  -1.06930327,
        -5.49114752,  -6.77669811,   4.27079487,   7.41544437,
        -3.72159767,   6.31540823,  -0.47814921,   5.63540363,
        -7.33826447,   5.88042688,  -1.47108984,  -9.72102642,
         1.80282426,   0.91569066,  -3.83809495,  20.41585159,
        -0.59960794,   2.37280703,   3.62827826,   0.80889463,
        -7.56532526,  -4.70944118,  -4.70132828,  -7.16484928,
        -3.49102163,   9.57405376,   1.17470264, -10.89614201,
         2.10323977,  -1.08406425,  -5.29763794,   8.21341705], dtype=float32), array([  1.92301667e+00,   4.10060835e+00,  -8.08239079e+00,
         1.17811441e+00,  -1.20087233e+01,   4.90127385e-01,
        -3.49763036e+00,   2.65685558e+00,  -2.89701700e+00,
        -4.31304359e+00,   4.49999428e+00,  -2.27277684e+00,
         6.89865530e-01,  -4.12559938e+00,  -1.43547392e+00,
        -5.75349998e+00,   1.29646385e+00,   1.11978741e+01,
         2.57530808e+00,  -1.66213238e+00,  -5.04208183e+00,
         7.01676989e+00,  -4.60170120e-01,  -6.55751586e-01,
        -5.17034388e+00,   5.59995842e+00,   9.02246475e+00,
         3.75162721e-01,   7.60980368e-01,  -2.99920273e+00,
        -4.29310751e+00,   4.04179859e+00,  -7.99708462e+00,
        -2.35835671e+00,  -5.93400097e+00,   3.17084932e+00,
        -5.79685020e+00,  -8.24370193e+00,  -3.34084463e+00,
         7.14014864e+00,   4.60324717e+00,   6.07611942e+00,
        -1.39123464e+00,   3.74616098e+00,   9.75078869e+00,
         7.70158529e-01,   1.03676834e+01,   2.60859346e+00,
         9.88745615e-02,   9.97015648e-03,   5.52004457e-01,
        -2.71286821e+00,  -1.55670273e+00,  -1.20255744e+00,
         2.17984939e+00,   7.40431356e+00,  -6.25768423e-01,
        -4.30529118e+00,   5.15191793e+00,  -1.22561140e+01,
         2.46411657e+00,  -1.56951499e+00,   1.62202823e+00,
         5.52249193e+00,  -5.03963470e+00,   5.55725765e+00,
        -2.48849845e+00,  -1.06521869e+00,  -5.54832029e+00,
        -6.76368904e+00,   4.32469511e+00,   7.45271015e+00,
        -3.74859476e+00,   6.39458561e+00,  -4.40470040e-01,
         5.69901466e+00,  -7.39811134e+00,   5.86641693e+00,
        -1.50645971e+00,  -9.79522133e+00,   1.77199149e+00,
         9.37329590e-01,  -3.91743851e+00,   2.05469570e+01,
        -5.40490985e-01,   2.39023685e+00,   3.62471128e+00,
         8.52514505e-01,  -7.63526201e+00,  -4.72616148e+00,
        -4.71638632e+00,  -7.15726137e+00,  -3.46690845e+00,
         9.62552834e+00,   1.14809132e+00,  -1.08802443e+01,
         2.13812900e+00,  -1.08936334e+00,  -5.30850554e+00,
         8.19722939e+00], dtype=float32), array([  1.9358803 ,   4.18487787,  -8.10152149,   1.14621508,
       -12.34824371,   0.66854674,  -3.68831301,   2.7736156 ,
        -3.07593846,  -4.36377382,   4.67365313,  -2.28891897,
         0.66179228,  -4.09998465,  -1.5605098 ,  -5.81551075,
         1.29097223,  11.35286999,   2.54350448,  -1.71552145,
        -4.97903061,   7.07988214,  -0.49763867,  -0.67036134,
        -5.12597227,   5.788239  ,   9.07011986,   0.37654993,
         0.77761853,  -3.09247923,  -4.46016026,   4.09018183,
        -8.24524403,  -2.28837466,  -5.93906021,   3.36941195,
        -5.87534428,  -8.46408749,  -3.54042339,   7.20725775,
         4.86052799,   6.20359182,  -1.42452383,   3.93587947,
         9.90986633,   0.80583709,  10.62140751,   2.73745728,
         0.06251489,   0.02839536,   0.46839258,  -2.76875448,
        -1.73651648,  -1.35140514,   2.2090683 ,   7.65969944,
        -0.67344666,  -4.26616764,   5.15034008, -12.59941578,
         2.53572249,  -1.6841315 ,   1.70681024,   5.60984612,
        -5.3081255 ,   5.66092682,  -2.4487803 ,  -1.06832838,
        -5.64980602,  -7.05332661,   4.47372007,   7.67791891,
        -3.99802899,   6.71717453,  -0.37295139,   5.92909765,
        -7.35305357,   5.96092844,  -1.61097991, -10.0265255 ,
         1.86918068,   1.03506494,  -3.96455836,  20.92194748,
        -0.35488367,   2.3833828 ,   3.57200456,   0.91218626,
        -8.10237598,  -4.6794014 ,  -4.76194191,  -7.28754377,
        -3.62662125,   9.79996395,   1.26424694, -11.20212078,
         2.12711692,  -0.95146096,  -5.31450748,   8.07468987], dtype=float32), array([  2.24137998,   4.14447737,  -8.25120544,   1.06256664,
       -12.6027174 ,   0.54483807,  -3.75620031,   2.57748055,
        -3.09829497,  -4.28206396,   4.84965897,  -2.30885935,
         0.53510702,  -4.29328156,  -1.41956925,  -5.99159813,
         1.54577625,  11.65313435,   2.42903042,  -1.92285609,
        -5.24779797,   7.25587559,  -0.66349953,  -0.64118624,
        -5.2926569 ,   6.0938158 ,   9.06627941,   0.51898593,
         0.85823363,  -2.955899  ,  -4.834867  ,   4.32899809,
        -8.48597145,  -2.16718316,  -6.05850458,   3.41676474,
        -6.06983185,  -8.38319302,  -3.57458401,   7.32990694,
         4.90600777,   6.41867018,  -1.68585765,   4.17525864,
         9.96886349,   0.77673101,  10.79554176,   2.64400816,
         0.20840217,  -0.025242  ,   0.57678694,  -2.86252666,
        -1.82126093,  -1.43391514,   2.2974751 ,   7.85228586,
        -0.6212849 ,  -4.4100771 ,   5.21051884, -12.77488899,
         2.73330665,  -1.60150778,   1.65047491,   5.68843508,
        -5.37035751,   5.58670616,  -2.42198992,  -0.99481916,
        -5.78430319,  -7.157341  ,   4.52958632,   7.77380133,
        -4.11315346,   7.15158272,  -0.26296651,   6.05538273,
        -7.64019394,   6.04141092,  -1.62264681, -10.27304745,
         1.95523036,   0.94115037,  -4.30563402,  21.48288918,
        -0.43739694,   2.42352319,   3.69543767,   0.78033543,
        -8.30652714,  -4.8463378 ,  -4.77458811,  -7.64976072,
        -3.45481539,   9.92321301,   1.30383503, -11.25953579,
         2.22126079,  -0.89879948,  -5.40655136,   8.29872513], dtype=float32), array([  2.25495172,   4.28777695,  -8.40186882,   0.9989689 ,
       -12.77633667,   0.46125689,  -3.79341698,   2.45999503,
        -3.00698042,  -4.42617512,   4.86393785,  -2.33917379,
         0.58482313,  -4.41544056,  -1.48210454,  -6.04315138,
         1.58350921,  11.72484684,   2.3331306 ,  -1.86059082,
        -5.23998928,   7.35793447,  -0.715868  ,  -0.70051873,
        -5.34300661,   6.12616539,   9.25281048,   0.59982681,
         1.01772213,  -2.9007206 ,  -4.95285797,   4.36142111,
        -8.63546848,  -2.20530629,  -6.18764496,   3.5378449 ,
        -6.21475792,  -8.44149494,  -3.54188704,   7.31327915,
         5.04493141,   6.46464682,  -1.73491383,   4.40564251,
        10.15276051,   0.6295597 ,  10.75683117,   2.89850688,
         0.23355444,  -0.1604328 ,   0.50470066,  -2.94262624,
        -1.80252016,  -1.52724051,   2.31368589,   7.90404844,
        -0.55937541,  -4.48305559,   5.24584246, -12.99414825,
         2.72945046,  -1.55185091,   1.70727599,   5.91409445,
        -5.42266655,   5.61773157,  -2.50267935,  -1.07709646,
        -5.97500038,  -7.3015871 ,   4.39865398,   7.85598135,
        -4.13730383,   7.26913691,  -0.25527   ,   6.23760462,
        -7.73447895,   6.20147276,  -1.80882001, -10.48596287,
         1.94280601,   0.95118618,  -4.31886196,  21.70693588,
        -0.40540385,   2.62571812,   3.68341732,   0.9006989 ,
        -8.33417988,  -4.829566  ,  -4.82590103,  -7.6637888 ,
        -3.45344782,  10.07654285,   1.29354048, -11.40686226,
         2.3652761 ,  -0.98347574,  -5.41054392,   8.56138992], dtype=float32), array([  2.3675406 ,   4.30502939,  -8.51206589,   1.02859414,
       -12.90743065,   0.44324365,  -3.86979651,   2.45616937,
        -3.06146407,  -4.45318127,   4.85346556,  -2.36241627,
         0.61084569,  -4.42708683,  -1.45768964,  -6.13186693,
         1.58754563,  11.78666115,   2.33847165,  -1.87560499,
        -5.27521181,   7.40473986,  -0.74884582,  -0.68950111,
        -5.34896421,   6.21857548,   9.30604076,   0.62634659,
         0.98144239,  -2.83703136,  -4.97055006,   4.42156363,
        -8.66089916,  -2.17478037,  -6.22404861,   3.55726743,
        -6.25825262,  -8.54407978,  -3.5997436 ,   7.33419943,
         5.07958364,   6.46971273,  -1.7631613 ,   4.443295  ,
        10.18910217,   0.67072016,  10.83104038,   2.84630847,
         0.27336377,  -0.13713999,   0.52530748,  -2.96167588,
        -1.76747668,  -1.51117694,   2.24518681,   7.92770004,
        -0.57829171,  -4.49021912,   5.24578142, -13.09704494,
         2.79423428,  -1.54909134,   1.72063255,   5.94484377,
        -5.47229671,   5.60875034,  -2.49641442,  -1.04029548,
        -5.98578167,  -7.30975246,   4.47711611,   7.88308907,
        -4.12284517,   7.27093124,  -0.24393468,   6.30628204,
        -7.81248713,   6.2451911 ,  -1.83513546, -10.53068352,
         1.93706155,   0.98471117,  -4.36380482,  21.88631439,
        -0.41824651,   2.56756949,   3.71753001,   0.91814196,
        -8.36062431,  -4.86949968,  -4.8088975 ,  -7.69827652,
        -3.48650169,  10.11396694,   1.26401699, -11.47398853,
         2.35699725,  -1.01820016,  -5.41702318,   8.63825703], dtype=float32), array([  2.64779472,   4.45560837,  -8.69399738,   1.01356316,
       -13.15643501,   0.58805937,  -4.05569553,   2.66490293,
        -3.05301785,  -4.37274694,   4.84360361,  -2.42091727,
         0.71122032,  -4.45226479,  -1.49127769,  -6.274683  ,
         1.71349347,  11.93562317,   2.35642195,  -1.83063507,
        -5.02492428,   7.47233629,  -0.74397457,  -0.91139632,
        -5.34439373,   6.30870867,   9.50300407,   0.67122656,
         0.88023663,  -2.89508438,  -4.98211527,   4.47406387,
        -8.74956226,  -2.25448179,  -6.29337788,   3.71773386,
        -6.51146841,  -8.74901199,  -3.6570816 ,   7.26315975,
         5.32253218,   6.66018152,  -2.01254892,   4.45545769,
        10.38544083,   0.70068914,  10.86919594,   2.93097878,
         0.33765224,  -0.10230032,   0.46187496,  -3.04292655,
        -1.73471951,  -1.54870772,   2.16392279,   8.0170908 ,
        -0.51272911,  -4.72250032,   5.34364367, -13.3386364 ,
         2.80845642,  -1.75140643,   1.85885012,   5.94958687,
        -5.72094488,   5.84231472,  -2.50355482,  -1.02462542,
        -6.15371418,  -7.4264555 ,   4.45524931,   8.11211681,
        -4.20847178,   7.47243309,  -0.21827157,   6.39540815,
        -7.97258759,   6.50271368,  -2.01776671, -10.7955513 ,
         1.96634233,   0.91323525,  -4.29363728,  22.3792038 ,
        -0.40697899,   2.68409085,   3.84578133,   0.7028147 ,
        -8.44115734,  -4.90759611,  -5.0432601 ,  -7.83968115,
        -3.63236094,  10.37047577,   1.19891977, -11.78927422,
         2.36761403,  -0.99278826,  -5.40193987,   8.78061295], dtype=float32), array([  2.73687911,   4.40491629,  -8.77785969,   1.0372777 ,
       -13.25812149,   0.62094611,  -4.12227345,   2.63241267,
        -3.08882952,  -4.54099226,   5.07361317,  -2.48831105,
         0.85571903,  -4.42676926,  -1.44386363,  -6.42167711,
         1.78852713,  12.01435184,   2.48000956,  -1.93484604,
        -4.90755272,   7.68561554,  -0.85896456,  -1.10738051,
        -5.57060862,   6.463624  ,   9.57128239,   0.82985848,
         0.86182207,  -2.95473599,  -5.14938021,   4.52641201,
        -8.84777737,  -2.30059266,  -6.3584404 ,   3.77671885,
        -6.57251453,  -8.7271719 ,  -3.59456134,   7.23522043,
         5.40502119,   6.67921209,  -2.07765198,   4.52825308,
        10.67138386,   0.7113111 ,  10.98562717,   2.99624681,
         0.28101239,  -0.14748165,   0.43953788,  -3.16450119,
        -1.79938293,  -1.63038111,   2.26295495,   8.29396248,
        -0.48299956,  -4.88178396,   5.46154356, -13.5778017 ,
         2.74011326,  -1.83267331,   1.93370163,   5.94458914,
        -5.75097609,   5.97185802,  -2.48376155,  -1.0063386 ,
        -6.29863262,  -7.5137291 ,   4.58705378,   8.22784138,
        -4.30600214,   7.63499022,  -0.16350281,   6.42557287,
        -8.03945255,   6.64217854,  -2.01148582, -11.019907  ,
         2.057266  ,   0.93541229,  -4.49058294,  22.61778641,
        -0.38814953,   2.72565556,   4.02296257,   0.60671002,
        -8.5545845 ,  -4.93358374,  -5.23745918,  -7.99727917,
        -3.66735744,  10.52415085,   1.09581864, -11.92457199,
         2.38579774,  -0.92910975,  -5.58234549,   8.95596218], dtype=float32), array([  2.7523396 ,   4.37743855,  -8.75719452,   1.01740837,
       -13.29759884,   0.61572444,  -4.10399866,   2.63456607,
        -3.11447144,  -4.56214333,   5.09344769,  -2.50888896,
         0.89485586,  -4.48590851,  -1.44417727,  -6.49303055,
         1.80316627,  12.08732796,   2.43886614,  -1.93678081,
        -4.95125866,   7.66703701,  -0.84478605,  -1.07377124,
        -5.60180855,   6.49871492,   9.63156509,   0.83251446,
         0.91015559,  -2.95457363,  -5.13747597,   4.52333307,
        -8.903512  ,  -2.30100822,  -6.33397007,   3.80612731,
        -6.61703873,  -8.81518459,  -3.63082099,   7.25466728,
         5.48802805,   6.71956873,  -2.0539782 ,   4.59204531,
        10.69995594,   0.73044598,  11.02805519,   2.9951129 ,
         0.31867334,  -0.12337702,   0.43913138,  -3.17678428,
        -1.84265137,  -1.7016964 ,   2.2402904 ,   8.36741924,
        -0.53305751,  -4.8821764 ,   5.45452356, -13.63222694,
         2.72367167,  -1.8842566 ,   1.9796257 ,   6.00196266,
        -5.74708891,   6.02834034,  -2.50790501,  -1.00260282,
        -6.34305573,  -7.54399204,   4.59896135,   8.26832104,
        -4.35813475,   7.7269783 ,  -0.17383684,   6.52426624,
        -8.07946396,   6.66718388,  -2.00732851, -11.04518795,
         2.06452703,   0.91758633,  -4.51843548,  22.68584061,
        -0.35558465,   2.71250486,   4.0663867 ,   0.65561229,
        -8.61696053,  -4.94811058,  -5.31088829,  -8.02119637,
        -3.68726373,  10.56877136,   1.03198862, -11.97936726,
         2.39210939,  -0.93625647,  -5.60460949,   8.9597187 ], dtype=float32), array([  2.76523805,   4.38549709,  -8.80593014,   1.04435778,
       -13.3754282 ,   0.62965685,  -4.14797211,   2.67699814,
        -3.11157823,  -4.59638882,   5.07984066,  -2.49455953,
         0.91064835,  -4.43751669,  -1.42019284,  -6.57932901,
         1.8098985 ,  12.14410305,   2.44841957,  -1.98050499,
        -4.97655964,   7.74145126,  -0.82902682,  -1.03150403,
        -5.64864159,   6.55977964,   9.65455914,   0.82502598,
         0.91929573,  -2.96457648,  -5.12615538,   4.54069233,
        -8.88403416,  -2.24650216,  -6.38835335,   3.74917364,
        -6.58135366,  -8.91039562,  -3.64553785,   7.18775845,
         5.52173042,   6.74796724,  -2.05632663,   4.59815645,
        10.7277689 ,   0.71676701,  11.12782383,   3.03853106,
         0.36570263,  -0.11978286,   0.4225345 ,  -3.17743421,
        -1.86793828,  -1.74700356,   2.25756049,   8.42720604,
        -0.58828831,  -4.91509008,   5.44946766, -13.6762495 ,
         2.68725085,  -1.88960326,   2.03617311,   5.99085093,
        -5.78201628,   6.09353399,  -2.4969697 ,  -0.99163848,
        -6.36949825,  -7.56303072,   4.68754578,   8.30027866,
        -4.38896656,   7.71603298,  -0.15602972,   6.56187963,
        -8.15324116,   6.75172138,  -2.01241779, -11.09091377,
         2.0819037 ,   0.93089801,  -4.53644562,  22.80661392,
        -0.35674432,   2.71374989,   4.11619997,   0.6531387 ,
        -8.6359911 ,  -4.97645187,  -5.36518812,  -8.09632587,
        -3.78628469,  10.58891678,   1.06096923, -12.04506588,
         2.36713219,  -0.9582926 ,  -5.66228628,   9.02515602], dtype=float32), array([  3.26804614,   4.42772913,  -9.09617043,   1.0797106 ,
       -13.73904514,   0.52970707,  -4.25445461,   2.2808845 ,
        -3.08027601,  -4.64267397,   5.30439901,  -2.32120442,
         0.91208386,  -4.66038799,  -1.26921165,  -6.81638098,
         1.98746955,  12.37079334,   2.27774048,  -2.10522699,
        -5.56685019,   7.90501785,  -0.96685809,  -0.91033781,
        -5.78539944,   6.95315027,   9.66038322,   1.04638183,
         1.09306598,  -2.84483337,  -5.53448057,   4.83666372,
        -9.30767155,  -2.07786632,  -6.38866091,   3.66850376,
        -6.96741438,  -9.0159893 ,  -3.80374861,   7.23197937,
         5.4196763 ,   7.01248598,  -2.33753562,   4.94873953,
        10.7666235 ,   0.68112892,  11.37979412,   2.80327106,
         0.55449301,  -0.18623896,   0.65683353,  -3.31866431,
        -1.87270045,  -1.88079941,   2.21350741,   8.5034008 ,
        -0.65490967,  -4.95910215,   5.52061033, -13.8820467 ,
         3.01559043,  -1.83623183,   1.98118377,   6.29592371,
        -5.9214139 ,   5.86973667,  -2.53529811,  -0.85372794,
        -6.48705006,  -7.70602512,   4.80649185,   8.35947514,
        -4.41668558,   8.29341316,   0.08847669,   6.8820796 ,
        -8.54554462,   6.91397858,  -2.16858697, -11.27823448,
         2.23062468,   0.88743198,  -4.83668613,  23.47329903,
        -0.25943989,   2.67581081,   4.32865906,   0.63153106,
        -8.86230564,  -5.17242432,  -5.47940016,  -8.46547222,
        -3.79854774,  10.87413979,   1.03172135, -11.94731998,
         2.36690831,  -1.00911021,  -5.71299505,   9.23888493], dtype=float32), array([  3.3147037 ,   4.408813  ,  -9.32695389,   0.93585557,
       -13.94116783,   0.41731244,  -4.22018385,   2.17090964,
        -3.13805628,  -4.58446312,   5.63625097,  -2.49501038,
         0.96968013,  -4.78050613,  -1.10543239,  -7.01909924,
         1.98360109,  12.6069088 ,   2.17367268,  -2.25777507,
        -5.94482183,   8.34335709,  -0.90653056,  -0.98821157,
        -5.82709217,   7.02253246,   9.88851547,   1.0746063 ,
         1.37682891,  -2.72417641,  -5.78340578,   5.05708551,
        -9.37757969,  -2.16878319,  -6.49327087,   3.7748785 ,
        -7.05393076,  -9.0907774 ,  -3.88934398,   7.25083065,
         5.34984398,   6.9989295 ,  -2.55164099,   5.17613697,
        11.06474972,   0.67023271,  11.54858971,   2.58482194,
         0.60607046,  -0.35851359,   0.79123873,  -3.1919117 ,
        -1.71683872,  -2.02927566,   2.30883431,   8.73009396,
        -0.714423  ,  -5.12631178,   5.59448099, -14.08532906,
         3.20405245,  -1.83351839,   2.05412221,   6.57548428,
        -6.10549545,   5.91584682,  -2.65358639,  -0.87293464,
        -6.49307299,  -7.73740435,   5.0493989 ,   8.5158186 ,
        -4.59516668,   8.72763348,   0.16515814,   7.00121641,
        -9.00745296,   7.0079174 ,  -2.21557784, -11.52875137,
         2.29010677,   0.78944576,  -4.98401546,  24.07515907,
        -0.38803595,   2.74100041,   4.34455204,   0.65433931,
        -9.14861298,  -5.51006699,  -5.58521366,  -8.8636446 ,
        -3.75030208,  11.10253048,   1.1931839 , -12.1710577 ,
         2.51708555,  -1.09424806,  -5.61552238,   9.29007912], dtype=float32), array([  3.3432405 ,   4.41349459,  -9.29861927,   0.9062072 ,
       -14.07484627,   0.47179452,  -4.22415495,   2.27590728,
        -3.29075599,  -4.74218845,   5.70857477,  -2.56741548,
         1.04882812,  -4.83102751,  -1.07425749,  -7.00202131,
         1.95986068,  12.78568554,   2.27265477,  -2.23081493,
        -5.89542675,   8.48566914,  -0.86997986,  -1.01156151,
        -5.8519969 ,   7.14367247,  10.00251293,   1.20086348,
         1.48825741,  -2.66509891,  -5.96327877,   5.11083412,
        -9.5931139 ,  -2.13727713,  -6.53018236,   3.83140779,
        -7.18965721,  -9.26127434,  -4.14575386,   7.42749166,
         5.42601442,   7.10298872,  -2.51364279,   5.24902582,
        11.18349266,   0.5986945 ,  11.72228527,   2.63605523,
         0.67079669,  -0.40304506,   0.7981323 ,  -3.27283168,
        -1.73836005,  -2.21747303,   2.28446174,   8.96940422,
        -0.80850244,  -5.12764359,   5.66044855, -14.31655884,
         3.24994946,  -1.89503014,   2.06342483,   6.61130619,
        -6.19684124,   6.03746653,  -2.63627124,  -0.95805436,
        -6.59845781,  -7.82775736,   5.21167183,   8.6591959 ,
        -4.74848127,   8.90591431,   0.14952774,   7.12573385,
        -9.14861107,   7.02125025,  -2.22349977, -11.77456379,
         2.28865266,   0.80843866,  -5.21609163,  24.4072361 ,
        -0.31302017,   2.71907878,   4.35035563,   0.6386975 ,
        -9.40864277,  -5.55986547,  -5.66346216,  -8.87443924,
        -3.72730446,  11.35504341,   1.16720974, -12.30195999,
         2.47938156,  -1.07785046,  -5.68588924,   9.25656796], dtype=float32), array([  3.33588576,   4.42037964,  -9.36738014,   0.89167202,
       -14.09896564,   0.39965943,  -4.17751884,   2.26979756,
        -3.33238721,  -4.8120203 ,   5.82392311,  -2.65471148,
         1.06282616,  -4.89688921,  -1.04734421,  -7.05080557,
         2.00423169,  12.85020065,   2.26092362,  -2.25486279,
        -5.95653105,   8.47180462,  -0.89029437,  -1.00060928,
        -5.85442448,   7.21560383,  10.09105968,   1.24792969,
         1.51177585,  -2.68583941,  -5.98622036,   5.15062141,
        -9.67047691,  -2.17053843,  -6.57042217,   3.88252163,
        -7.22849417,  -9.34016228,  -4.17642641,   7.49280643,
         5.42736053,   7.12221575,  -2.56426311,   5.31769562,
        11.26243687,   0.55314583,  11.79066277,   2.63295245,
         0.67465836,  -0.37334114,   0.83668685,  -3.31813002,
        -1.73626876,  -2.23153615,   2.31690907,   9.08280849,
        -0.86385942,  -5.16298008,   5.7268424 , -14.34876919,
         3.25708032,  -1.90810299,   2.0730381 ,   6.64364767,
        -6.20637846,   6.0576005 ,  -2.66119885,  -0.94004858,
        -6.62817955,  -7.79257965,   5.20609188,   8.69836712,
        -4.7514801 ,   8.9666729 ,   0.13358043,   7.13613701,
        -9.18489075,   7.05406904,  -2.26694965, -11.81344223,
         2.27815819,   0.79090178,  -5.25521231,  24.48697281,
        -0.35442609,   2.73762774,   4.42221642,   0.60619462,
        -9.45222759,  -5.63453579,  -5.71605635,  -8.93297577,
        -3.74441385,  11.4636755 ,   1.13612235, -12.30492878,
         2.52016902,  -1.07216787,  -5.64777899,   9.29412651], dtype=float32), array([  3.57258105,   4.62256002,  -9.89608479,   0.97002769,
       -14.51011753,   0.67951345,  -4.44262457,   2.5996685 ,
        -3.6607461 ,  -4.83143139,   6.06636953,  -2.76631379,
         1.05374563,  -5.08676291,  -1.58272111,  -7.4283123 ,
         2.07254624,  13.6223526 ,   2.53005314,  -2.37609768,
        -5.8033123 ,   8.864398  ,  -0.85557914,  -0.95025891,
        -5.92910433,   7.23806429,  10.40942192,   1.27387285,
         1.43045127,  -2.80085325,  -5.87938118,   5.15323162,
        -9.71973705,  -2.19254327,  -6.79157066,   4.19749451,
        -7.32009029,  -9.9968195 ,  -4.21711206,   7.66491699,
         5.74231243,   7.10482836,  -2.91342402,   5.4941926 ,
        11.98367786,   0.77701533,  12.09563923,   2.67436314,
         0.49851733,  -0.340049  ,   0.55051714,  -3.24722123,
        -2.01373243,  -2.40336347,   2.50801134,   9.35989475,
        -1.02705622,  -5.44035339,   6.10142565, -15.29400063,
         3.15900517,  -2.27273607,   2.44252467,   6.83407021,
        -6.26664639,   6.37957954,  -2.68787169,  -0.7896505 ,
        -6.6601243 ,  -8.22298908,   5.45964575,   8.81119251,
        -5.05442286,   9.00185585,   0.09900528,   7.32118082,
        -9.38522816,   7.45127726,  -2.06528568, -12.200243  ,
         2.34854722,   0.91460091,  -5.27073145,  25.32903862,
        -0.43662745,   2.85241151,   4.79399252,   0.64783013,
        -9.53909302,  -5.92652273,  -5.88528442,  -9.50182629,
        -3.97559237,  11.61818409,   1.27378821, -13.02837467,
         2.80239415,  -1.10058212,  -6.06738472,   9.60219097], dtype=float32), array([  3.58851552,   4.5961771 , -10.0337944 ,   0.95634484,
       -14.67152214,   0.74594402,  -4.47464848,   2.72810483,
        -3.59504128,  -4.9209547 ,   6.22698689,  -2.7886014 ,
         1.06504142,  -5.09220076,  -1.77059138,  -7.46397018,
         2.09490848,  13.84012604,   2.54819107,  -2.41860962,
        -5.78158426,   9.03425598,  -0.74069822,  -0.91204298,
        -5.88753128,   7.34144068,  10.43908119,   1.20090103,
         1.44535935,  -2.74446869,  -5.86588764,   5.14794016,
        -9.76597118,  -2.19990396,  -6.91091681,   4.29517126,
        -7.40055227, -10.16517162,  -4.22231483,   7.70013428,
         5.781991  ,   7.05008268,  -3.08785772,   5.64901876,
        12.13422394,   0.78973699,  12.18391991,   2.74155331,
         0.4700613 ,  -0.36918813,   0.51389408,  -3.19540596,
        -2.10604835,  -2.54910302,   2.45703077,   9.44797897,
        -1.0966146 ,  -5.50860786,   6.10329342, -15.49942112,
         3.1324873 ,  -2.3409586 ,   2.58969331,   6.93837023,
        -6.28883648,   6.33494806,  -2.6742177 ,  -0.93450987,
        -6.66594791,  -8.39332962,   5.5997653 ,   8.92373276,
        -5.2530098 ,   9.06438351,   0.1525847 ,   7.42496872,
        -9.35535622,   7.61505747,  -1.95618868, -12.30610847,
         2.32378316,   0.85624754,  -5.27745867,  25.62404251,
        -0.44279349,   2.92407632,   4.78314829,   0.61973155,
        -9.65702724,  -6.02064991,  -5.84524012,  -9.53730392,
        -4.18446922,  11.77502918,   1.37239707, -13.240942  ,
         2.90432453,  -1.22888982,  -6.13985825,   9.70612526], dtype=float32), array([  3.61049271,   4.62910175, -10.10392284,   0.91755241,
       -14.74196529,   0.72362548,  -4.51174974,   2.74098706,
        -3.56858134,  -4.91429472,   6.24931479,  -2.86555195,
         1.04742813,  -5.15388966,  -1.7582283 ,  -7.53006697,
         2.15357995,  13.87335491,   2.5070312 ,  -2.4070375 ,
        -5.79125214,   8.98581982,  -0.7382955 ,  -0.941544  ,
        -5.93087149,   7.36436033,  10.5309782 ,   1.21947896,
         1.4590497 ,  -2.74468303,  -5.89864874,   5.12350464,
        -9.82543087,  -2.2178297 ,  -6.92442417,   4.34580088,
        -7.44472313, -10.20739269,  -4.21632338,   7.72060728,
         5.81372976,   7.04641294,  -3.14799142,   5.73089695,
        12.16965199,   0.82039082,  12.2157011 ,   2.77940679,
         0.45279756,  -0.34399745,   0.52062851,  -3.22067451,
        -2.07155609,  -2.5484004 ,   2.46309209,   9.51217175,
        -1.08232439,  -5.5428834 ,   6.16163015, -15.56478024,
         3.16520929,  -2.36648417,   2.61596727,   6.96600628,
        -6.35382795,   6.35671806,  -2.69318295,  -0.95057291,
        -6.72874355,  -8.43670082,   5.58127689,   8.93565559,
        -5.22677612,   9.11845589,   0.17694092,   7.48827696,
        -9.36418533,   7.66343212,  -1.96015787, -12.33176422,
         2.3009069 ,   0.86422133,  -5.26172209,  25.75622368,
        -0.45144048,   2.92819715,   4.80689812,   0.56720519,
        -9.71643925,  -6.06352806,  -5.87504864,  -9.5396986 ,
        -4.16885853,  11.81969833,   1.33564651, -13.27681541,
         2.96843123,  -1.21665525,  -6.14272308,   9.78068256], dtype=float32), array([  3.616786  ,   4.57343245, -10.11343956,   0.88949907,
       -14.80593967,   0.70749325,  -4.51956701,   2.77756333,
        -3.61540866,  -4.88478661,   6.26791859,  -2.81843114,
         1.09455478,  -5.18416166,  -1.81702697,  -7.65979528,
         2.1919651 ,  14.01995564,   2.50708628,  -2.47476315,
        -5.87352276,   9.06314564,  -0.80009872,  -0.95672059,
        -5.88747406,   7.44925928,  10.50659752,   1.23677742,
         1.48714185,  -2.70234919,  -5.94018412,   5.19291353,
        -9.83905792,  -2.25603056,  -6.99865103,   4.44574451,
        -7.4453907 , -10.20936966,  -4.17198849,   7.73189831,
         5.9191885 ,   7.11549425,  -3.20656133,   5.78742075,
        12.15455914,   0.79948246,  12.2231617 ,   2.78979182,
         0.51213604,  -0.4852128 ,   0.57914597,  -3.2495203 ,
        -2.01380491,  -2.5534904 ,   2.440768  ,   9.48590279,
        -1.16179085,  -5.52831316,   6.28392839, -15.66546059,
         3.17813826,  -2.32793903,   2.72338915,   7.09071159,
        -6.41170788,   6.33100748,  -2.7144928 ,  -0.99446309,
        -6.7906146 ,  -8.45503902,   5.66709042,   9.04086971,
        -5.28273869,   9.18189526,   0.11635463,   7.54480648,
        -9.50771141,   7.67788982,  -1.95221829, -12.39891529,
         2.33414626,   0.86007369,  -5.33395863,  25.95886993,
        -0.46132466,   2.83628941,   4.79182577,   0.6582045 ,
        -9.73539543,  -6.12194681,  -5.87862396,  -9.6457262 ,
        -4.29419518,  11.86813927,   1.30686378, -13.31690121,
         2.96413136,  -1.23013985,  -6.1624856 ,   9.87344551], dtype=float32), array([  3.58132482,   4.53053665, -10.21503925,   0.84840906,
       -15.07981968,   0.64653099,  -4.41996861,   2.80310202,
        -3.71153831,  -4.92333364,   6.38738966,  -2.91071677,
         1.02985513,  -5.29486942,  -1.77116275,  -7.72565413,
         2.18693924,  14.25436211,   2.46534181,  -2.59045768,
        -5.92013311,   9.2494154 ,  -0.77882737,  -0.99627924,
        -6.03912973,   7.65715218,  10.50644398,   1.14380479,
         1.51735854,  -2.75558209,  -5.94822359,   5.28538561,
        -9.86509705,  -2.29433393,  -7.03530455,   4.44262552,
        -7.47195005, -10.3157196 ,  -4.23695898,   7.7125659 ,
         5.89885378,   7.26005411,  -3.17181134,   5.87790966,
        12.35961628,   0.86685979,  12.36433697,   2.95332479,
         0.56208915,  -0.54552794,   0.70324326,  -3.17070627,
        -2.00614238,  -2.66691351,   2.38320208,   9.49213028,
        -1.28119242,  -5.51473618,   6.32141829, -15.8010397 ,
         3.29211855,  -2.31565762,   2.72804499,   7.19350863,
        -6.51403618,   6.44698   ,  -2.68434215,  -0.96016985,
        -6.8275404 ,  -8.52859783,   5.82552528,   9.0555582 ,
        -5.28256798,   9.20064545,   0.04282822,   7.61623526,
        -9.5493269 ,   7.82108068,  -1.91854143, -12.48495102,
         2.29084468,   0.87448019,  -5.43713427,  26.32719421,
        -0.37242872,   2.86153126,   4.90062523,   0.5996756 ,
        -9.89579582,  -6.29063702,  -5.92734814,  -9.75309277,
        -4.3709631 ,  11.96901608,   1.28960061, -13.50217056,
         2.97783613,  -1.24938738,  -6.20357084,   9.92150784], dtype=float32), array([  3.4371016 ,   4.78911066, -10.47598839,   1.08096504,
       -15.37983131,   0.4930141 ,  -4.5278635 ,   2.87922049,
        -3.79554963,  -5.12810659,   6.23823786,  -2.96968412,
         1.02172995,  -5.29458141,  -1.61129701,  -7.78755236,
         2.14133644,  14.46588421,   2.71375728,  -2.57628036,
        -6.11395454,   9.36176109,  -0.80178362,  -0.89322674,
        -6.16366673,   7.70817089,  10.93259716,   1.1067977 ,
         1.4764992 ,  -2.93535686,  -6.05928469,   5.37779617,
       -10.13559532,  -2.24626589,  -7.26112032,   4.23855162,
        -7.50806046, -10.6457901 ,  -4.44409466,   8.19288921,
         5.89566469,   7.58325863,  -2.933707  ,   5.75976324,
        12.41654873,   0.77969897,  12.81962776,   2.86525178,
         0.5398016 ,  -0.44781652,   0.8533867 ,  -3.32453156,
        -2.04905367,  -2.47852206,   2.51548934,   9.66202259,
        -1.16982198,  -5.58729839,   6.47613192, -15.94490528,
         3.49422359,  -2.28829789,   2.58661914,   7.23779249,
        -6.58178186,   6.48190212,  -2.63825607,  -0.91484779,
        -6.80286407,  -8.72335434,   5.90789986,   9.20976639,
        -5.27654648,   9.30162811,   0.06810142,   7.86190939,
        -9.89860153,   7.82084465,  -2.07926559, -12.68371964,
         2.31958127,   0.92445862,  -5.44570208,  26.81664848,
        -0.46613443,   2.81958961,   4.93800735,   0.56006908,
       -10.12157822,  -6.44939804,  -6.2193284 ,  -9.91977978,
        -4.41403341,  12.26116943,   1.42915201, -13.7252655 ,
         3.05892253,  -1.28589451,  -6.39303017,  10.09792423], dtype=float32), array([  3.55194783,   4.8912425 , -10.58254719,   1.12071872,
       -15.49602222,   0.57312477,  -4.63486671,   2.8422606 ,
        -3.80007076,  -5.12732744,   6.17181063,  -3.0086565 ,
         0.88980645,  -5.36711454,  -1.6759119 ,  -7.80627012,
         2.16584444,  14.5718956 ,   2.68705773,  -2.51844072,
        -6.15284157,   9.38867188,  -0.76188093,  -0.8938002 ,
        -6.19703531,   7.65482044,  10.97791958,   1.17569375,
         1.51586652,  -2.90063262,  -6.10456038,   5.35367393,
       -10.14692879,  -2.31796837,  -7.31770039,   4.3348527 ,
        -7.59557629, -10.71720123,  -4.38157368,   8.19926548,
         5.91991901,   7.62080908,  -3.07292128,   5.85009813,
        12.46586895,   0.76546365,  12.81808662,   3.0285368 ,
         0.5116607 ,  -0.47346026,   0.82085985,  -3.3006742 ,
        -2.07619405,  -2.49108028,   2.5721817 ,   9.63053608,
        -1.14999413,  -5.68425417,   6.57033539, -16.07983589,
         3.55730462,  -2.34928799,   2.57788229,   7.31375408,
        -6.72389317,   6.52108622,  -2.64039707,  -0.95929569,
        -6.92636061,  -8.80707455,   5.857306  ,   9.28163815,
        -5.32149935,   9.28478241,   0.07825132,   8.01312733,
        -9.87393093,   7.90450191,  -2.09506679, -12.73844433,
         2.42001534,   0.95498413,  -5.41268873,  27.0549469 ,
        -0.44564041,   2.88041472,   5.01243114,   0.54199421,
       -10.23972321,  -6.48180056,  -6.22747612, -10.02553368,
        -4.43705845,  12.33818245,   1.43081021, -13.85393333,
         3.23915267,  -1.26677608,  -6.42843819,  10.18428516], dtype=float32), array([  3.55446267,   4.92622328, -10.57813454,   1.14196229,
       -15.5178051 ,   0.53205246,  -4.63330507,   2.86757779,
        -3.84942222,  -5.18002033,   6.159132  ,  -3.04513478,
         0.95269436,  -5.38754606,  -1.65504408,  -7.79066038,
         2.15009832,  14.64227867,   2.69382334,  -2.51575041,
        -6.18246269,   9.41910267,  -0.75325865,  -0.88708472,
        -6.21787262,   7.6751008 ,  11.03033447,   1.21083951,
         1.53218377,  -2.88682461,  -6.15924358,   5.40126991,
       -10.22809887,  -2.30654478,  -7.35251856,   4.35372591,
        -7.63684464, -10.77357197,  -4.48569107,   8.25256824,
         5.92209053,   7.66763592,  -3.07273078,   5.85233164,
        12.46772671,   0.76333368,  12.88229942,   3.00380731,
         0.568901  ,  -0.4835555 ,   0.83379376,  -3.32802916,
        -2.06116438,  -2.56325293,   2.57818127,   9.6976757 ,
        -1.14643705,  -5.68652153,   6.55039835, -16.13202095,
         3.58679414,  -2.34130907,   2.52354503,   7.32540321,
        -6.71920252,   6.53698969,  -2.63707566,  -0.96604538,
        -6.97511244,  -8.80124283,   5.89868355,   9.31371975,
        -5.35500479,   9.34692669,   0.10065974,   8.04864502,
        -9.92510986,   7.89205217,  -2.13157082, -12.80996895,
         2.41138554,   0.96972823,  -5.47969198,  27.15653038,
        -0.40095958,   2.88663483,   4.99854088,   0.57473838,
       -10.29464722,  -6.49438667,  -6.25273132, -10.01392841,
        -4.41128969,  12.38596916,   1.40654194, -13.84875965,
         3.25232339,  -1.28423095,  -6.4403162 ,  10.1797142 ], dtype=float32), array([  3.59546232,   4.90327454, -10.62902355,   1.09145761,
       -15.64677811,   0.58634156,  -4.6848774 ,   2.98062062,
        -3.77732444,  -5.23169041,   6.26772833,  -3.07532454,
         1.02627063,  -5.44762135,  -1.67477322,  -7.82487679,
         2.1256876 ,  14.75174999,   2.63761234,  -2.56073046,
        -6.11505795,   9.35637379,  -0.64636755,  -0.94348514,
        -6.24871016,   7.72343636,  11.15687943,   1.22849107,
         1.58185434,  -2.9039135 ,  -6.21036291,   5.37889767,
       -10.35276127,  -2.33132219,  -7.39344358,   4.51950264,
        -7.7867465 , -10.87769127,  -4.48905993,   8.31633949,
         6.0236001 ,   7.71829844,  -3.08583212,   5.92568922,
        12.5963068 ,   0.7472465 ,  12.88128948,   3.0454967 ,
         0.54735845,  -0.49629754,   0.83320671,  -3.34850883,
        -2.1651392 ,  -2.60221124,   2.56830788,   9.74973679,
        -1.16364837,  -5.79598236,   6.55300617, -16.30760956,
         3.52544451,  -2.40046978,   2.60974216,   7.3559227 ,
        -6.7516942 ,   6.53959608,  -2.71413827,  -1.04006529,
        -7.05189657,  -8.90857315,   5.96918249,   9.45795822,
        -5.44275522,   9.38151264,   0.07739936,   8.04760456,
        -9.88430214,   8.00697803,  -2.11335754, -12.87016106,
         2.39087152,   0.94439757,  -5.48295784,  27.2310009 ,
        -0.34154391,   2.96673584,   5.01086426,   0.61151516,
       -10.29491615,  -6.482831  ,  -6.20124006, -10.03123569,
        -4.41477728,  12.50771904,   1.41197443, -13.97641468,
         3.23774409,  -1.35260141,  -6.40588808,  10.2773056 ], dtype=float32), array([  3.65248036,   4.98762226, -10.85706806,   1.16438007,
       -15.87179279,   0.62548238,  -4.78075552,   3.0188024 ,
        -3.79570365,  -5.20350552,   6.30366755,  -3.06180453,
         0.89072591,  -5.36146021,  -1.65067303,  -7.87003374,
         2.03781414,  14.77684879,   2.64277029,  -2.60618424,
        -6.14348269,   9.59648228,  -0.64603013,  -0.95033711,
        -6.30949306,   7.77171898,  11.2491684 ,   1.15203619,
         1.67638063,  -2.95778823,  -6.2686801 ,   5.36912251,
       -10.38936329,  -2.33782077,  -7.39592123,   4.43942976,
        -7.79954052, -10.9343338 ,  -4.45560646,   8.24353027,
         6.03919888,   7.78024817,  -3.11240053,   5.90185404,
        12.67841721,   0.776438  ,  12.98100758,   3.09031463,
         0.53738093,  -0.48084527,   0.76930821,  -3.35144258,
        -2.14588499,  -2.51842618,   2.65797043,   9.7558794 ,
        -1.10988855,  -5.86057663,   6.56840324, -16.38077927,
         3.5711658 ,  -2.45243454,   2.58900666,   7.30163622,
        -6.87478447,   6.67018366,  -2.72061205,  -0.96501529,
        -7.08216238,  -9.05739403,   6.06963921,   9.57062244,
        -5.42731476,   9.39404488,   0.04878159,   8.22139168,
        -9.95409489,   8.06476688,  -2.1046083 , -12.95783615,
         2.44691491,   0.92881936,  -5.44874954,  27.5521698 ,
        -0.45666268,   3.01645279,   4.99885798,   0.58607244,
       -10.39822388,  -6.50985813,  -6.24098015, -10.18080807,
        -4.44129896,  12.52437878,   1.4104712 , -14.19264507,
         3.4069612 ,  -1.33493018,  -6.48446321,  10.38527393], dtype=float32), array([  3.62299109,   5.00390959, -10.81395912,   1.15542316,
       -15.93278313,   0.59057081,  -4.7807045 ,   3.05441737,
        -3.87515664,  -5.26183224,   6.29243422,  -3.08840609,
         0.96138406,  -5.39208698,  -1.6327908 ,  -7.8716588 ,
         2.03770423,  14.85556221,   2.65896821,  -2.5902102 ,
        -6.18037415,   9.61490154,  -0.62905484,  -0.96186978,
        -6.32316971,   7.81672812,  11.29958916,   1.18982697,
         1.7079258 ,  -2.95210576,  -6.29330683,   5.40313053,
       -10.48574924,  -2.33815455,  -7.42109394,   4.48887348,
        -7.83109713, -10.94860363,  -4.50076675,   8.32076836,
         6.10499287,   7.83995485,  -3.10537672,   5.92451477,
        12.70952988,   0.70780003,  13.03751945,   3.10174417,
         0.62567115,  -0.49239877,   0.80194771,  -3.37234378,
        -2.13863397,  -2.59722304,   2.66407871,   9.82054043,
        -1.15706503,  -5.88073206,   6.55645466, -16.47449303,
         3.59893394,  -2.4399507 ,   2.53705096,   7.3144331 ,
        -6.88584661,   6.70733452,  -2.73751783,  -1.01473355,
        -7.16221523,  -9.03874493,   6.07342911,   9.66318989,
        -5.47850037,   9.44816494,   0.03422618,   8.2553196 ,
       -10.02927685,   8.05838299,  -2.14570379, -13.06432533,
         2.46148062,   0.9770276 ,  -5.47387934,  27.66168785,
        -0.39571631,   3.03252101,   4.96374559,   0.60751474,
       -10.487957  ,  -6.53432465,  -6.29036427, -10.17086983,
        -4.4364872 ,  12.59316444,   1.38329077, -14.17883968,
         3.39439249,  -1.35442781,  -6.47321081,  10.38095665], dtype=float32), array([  3.84471917,   5.21310043, -11.06770897,   1.18139803,
       -16.17097855,   0.54672498,  -4.91849661,   3.18212199,
        -4.01042271,  -5.31968641,   6.27820349,  -3.24191976,
         1.12746084,  -5.45399094,  -1.62864459,  -7.9479475 ,
         2.09735751,  15.01792812,   2.60460258,  -2.54005003,
        -6.24586964,   9.78115654,  -0.60192245,  -0.92903626,
        -6.37450314,   7.83621645,  11.52884865,   1.20474994,
         1.67320096,  -3.00071406,  -6.38377047,   5.53263712,
       -10.65302277,  -2.36536765,  -7.53370237,   4.51382542,
        -8.01419067, -11.17819214,  -4.57009888,   8.45875454,
         6.25953102,   7.9672637 ,  -3.20207357,   5.86673355,
        12.80159092,   0.71429873,  13.1931591 ,   3.0270052 ,
         0.74230528,  -0.46589661,   0.77900958,  -3.36949301,
        -2.21889305,  -2.62541199,   2.64465451,   9.91919518,
        -1.10447681,  -6.02958488,   6.53791475, -16.68671989,
         3.69977045,  -2.56359482,   2.4845624 ,   7.42402411,
        -7.02083731,   6.79073715,  -2.72824979,  -1.00019622,
        -7.24717283,  -9.1086607 ,   6.15417194,   9.85949707,
        -5.58123779,   9.64614105,   0.09393927,   8.45591164,
       -10.17492867,   8.04324245,  -2.31137991, -13.23509121,
         2.42811275,   1.10873652,  -5.51054382,  27.9751091 ,
        -0.31860456,   3.18163252,   5.01730633,   0.68046957,
       -10.63499355,  -6.69093561,  -6.36950254, -10.28525639,
        -4.43941593,  12.66382599,   1.43249261, -14.23219299,
         3.52636862,  -1.40091491,  -6.54104328,  10.50582218], dtype=float32), array([  4.29788923,   5.29466295, -11.20552254,   1.13352728,
       -16.58729362,   0.46002078,  -5.09348965,   3.06911826,
        -3.81393933,  -5.19567633,   6.4963212 ,  -3.01260328,
         1.17900932,  -5.59223032,  -1.71430647,  -8.22890472,
         2.27385235,  15.11257076,   2.60908031,  -2.5778513 ,
        -6.49731207,   9.86436272,  -0.81098711,  -0.9650113 ,
        -6.49665928,   8.16715527,  11.74932766,   1.39962506,
         1.77077484,  -3.20105314,  -6.53200626,   5.77744246,
       -10.82815075,  -2.55399346,  -7.51732349,   4.80455971,
        -8.42429543, -11.28061008,  -4.66306257,   8.53375721,
         6.02583122,   8.24419212,  -3.45829225,   6.05034876,
        12.80428219,   0.70013428,  13.3165741 ,   2.95471478,
         0.64429951,  -0.43217659,   0.95272303,  -3.43996358,
        -2.26169348,  -2.62974334,   2.37881541,   9.90803337,
        -1.03457165,  -6.15280151,   6.51570702, -16.858881  ,
         3.81818104,  -2.44475389,   2.46884871,   7.67836189,
        -7.12635708,   6.57654858,  -2.77308822,  -0.98941368,
        -7.33698702,  -9.22814941,   6.21579361,  10.08402252,
        -5.55206728,   9.91215897,   0.16906469,   8.58454609,
       -10.51192856,   8.26040936,  -2.44475842, -13.30012035,
         2.58222032,   1.09648025,  -5.6498971 ,  28.20166016,
        -0.26492822,   3.26421976,   5.11808348,   0.66477269,
       -10.57093334,  -6.72256565,  -6.42850447, -10.55681324,
        -4.43543434,  12.95677376,   1.41294277, -14.26088715,
         3.41638827,  -1.4532702 ,  -6.64032698,  10.78138351], dtype=float32), array([  4.1769886 ,   5.38720131, -11.37426186,   1.21668339,
       -16.73058319,   0.41846684,  -5.15120125,   3.09681535,
        -3.84222436,  -5.26323128,   6.44896507,  -3.0757432 ,
         1.08592665,  -5.6032486 ,  -1.67823827,  -8.29340267,
         2.26381087,  15.16775608,   2.74768662,  -2.56546617,
        -6.60049391,   9.88609982,  -0.81110883,  -0.87657642,
        -6.52553654,   8.17855644,  11.92934132,   1.30080426,
         1.70773876,  -3.34843469,  -6.48909903,   5.78647804,
       -10.87987709,  -2.54639697,  -7.60972643,   4.67235756,
        -8.35595989, -11.43618107,  -4.63686037,   8.75144005,
         6.05610371,   8.3400383 ,  -3.33486915,   5.9739852 ,
        12.83737469,   0.69363439,  13.53645897,   2.92599702,
         0.54146367,  -0.33606061,   1.04402375,  -3.52823019,
        -2.28997421,  -2.43322158,   2.4765718 ,   9.97346592,
        -1.02961624,  -6.18401051,   6.65958261, -16.91996193,
         3.88511992,  -2.43349934,   2.47395921,   7.67012215,
        -7.16831636,   6.6279912 ,  -2.76486349,  -0.97550774,
        -7.27622795,  -9.35735798,   6.22028351,  10.14714527,
        -5.51024008,   9.88369846,   0.13362637,   8.72170353,
       -10.61377048,   8.28312302,  -2.4625349 , -13.34030342,
         2.60129476,   1.06731713,  -5.54885912,  28.43407249,
        -0.38510704,   3.20746183,   5.19095802,   0.61811471,
       -10.64752769,  -6.7984519 ,  -6.58541632, -10.66281605,
        -4.55539083,  13.09459019,   1.53119874, -14.40482521,
         3.44790888,  -1.45405543,  -6.74094963,  10.91429329], dtype=float32)]
