[array([ 0.69107711, -0.12748739, -2.17805171,  0.61718756, -0.21961652,
       -1.37241077,  0.42787305, -0.62479198,  0.17221752, -1.44619679,
       -1.27312803, -1.71026337,  0.37448633, -0.6857211 ,  0.24118963,
       -1.20127928, -0.24290356, -0.34258136, -0.59740222,  1.806077  ,
       -0.63376182,  0.84115887, -0.1771294 , -0.41134539, -0.71844536,
        1.46005011,  0.26099923, -0.34192699, -0.43504372, -0.91492087,
        1.52811384,  1.19759345, -1.75712311,  0.88248205,  1.69819832,
       -0.23076256,  1.27351856, -2.32710218, -0.40544933,  0.45034236,
       -0.06485936,  0.70764476,  0.10674036,  0.57027155,  0.05601513,
        0.436753  , -1.80149889,  0.19730943, -2.19989896, -0.28977251,
       -0.6072672 ,  0.25937903,  1.35068703, -0.91982085, -0.12664402,
        0.66225076,  0.99492395,  1.57642627,  1.18555665, -0.90131193,
       -0.08489985,  1.01546729,  1.7659471 ,  0.13663752, -0.47807553,
       -0.59844488,  0.57262313, -0.00525408, -0.75234038, -0.24992315,
        0.64698166,  0.17170818, -0.29610795,  1.60799527, -1.01858032,
        1.77512646,  0.52683085,  0.31802806,  0.58460182,  2.30185628,
       -0.56353986,  0.29952723, -0.36111063, -0.62398672, -1.02816164,
        1.05078661, -0.98228073, -1.34136367,  0.31577924,  0.87092197,
       -0.93434352, -2.1640358 ,  1.12953699, -1.54041243, -0.5352478 ,
       -0.44323045,  0.0671068 ,  1.16043007,  1.44024098,  1.50260079], dtype=float32), array([ 0.68431711, -0.10720713, -2.22765803,  0.58072048, -0.20416819,
       -1.27045655,  0.41854617, -0.72770178,  0.23199497, -1.42047417,
       -1.17837942, -1.76197028,  0.42385909, -0.68447435,  0.10074102,
       -1.18224263, -0.24075589, -0.32345241, -0.63519078,  1.73462903,
       -0.75064528,  0.84768176, -0.14153555, -0.41283402, -0.81170595,
        1.46290576,  0.27245632, -0.34879571, -0.37081015, -0.8217659 ,
        1.48166394,  1.12417901, -1.70251369,  0.94745094,  1.64203668,
       -0.24798898,  1.26036251, -2.32436824, -0.41544196,  0.38243833,
       -0.05429653,  0.70460624,  0.19826463,  0.5557248 ,  0.06373038,
        0.41613612, -1.77417648,  0.24272573, -2.05205107, -0.25578234,
       -0.55381227,  0.31401262,  1.2992624 , -0.90212977, -0.10795174,
        0.66788119,  0.97965121,  1.57557762,  1.17324841, -0.95549554,
       -0.07546035,  1.00393701,  1.70151591,  0.17629716, -0.49324337,
       -0.64511395,  0.5832808 , -0.0820023 , -0.69573861, -0.28720069,
        0.67783487,  0.16642316, -0.36976787,  1.54120588, -0.97882086,
        1.74790549,  0.50382334,  0.32581416,  0.59328532,  2.20217633,
       -0.56902176,  0.24745522, -0.37590122, -0.60701078, -0.99863338,
        1.04114127, -0.90298074, -1.31858575,  0.38460729,  0.85027587,
       -0.94941926, -2.17005563,  1.12964272, -1.51018488, -0.53545338,
       -0.44580254,  0.10006382,  1.15008271,  1.46705735,  1.5979991 ], dtype=float32), array([ 0.72046244, -0.02391272, -2.01176548,  0.50903684, -0.25400186,
       -1.25607002,  0.33665481, -0.68603182,  0.17601126, -1.52961028,
       -1.20276999, -1.87705827,  0.50006348, -0.81840158,  0.11142266,
       -1.064744  , -0.33162218, -0.17692198, -0.43279049,  1.89230275,
       -0.78338194,  0.92206353, -0.21732534, -0.59807932, -1.00401688,
        1.38569772,  0.36666539, -0.32065949, -0.51719964, -0.81198573,
        1.50294769,  1.18963003, -1.50724757,  0.79179025,  1.75455415,
       -0.3854093 ,  1.40244007, -2.16188645, -0.43221906,  0.37064865,
        0.07041819,  0.60923457,  0.20906273,  0.32548729,  0.02352873,
        0.25872582, -1.66160572,  0.24969463, -2.0911653 , -0.25763115,
       -0.56014895,  0.27075437,  1.3813076 , -0.98007923, -0.19501074,
        0.89230269,  1.03693938,  1.43940818,  1.19955301, -0.80695492,
       -0.16303466,  1.07144797,  1.66230404,  0.17394762, -0.42829204,
       -0.47230104,  0.47946408, -0.14186697, -0.57207489, -0.11929388,
        0.6569187 ,  0.49068135, -0.18037108,  1.45837986, -0.92967719,
        1.77990282,  0.65993792,  0.34228197,  0.71310782,  2.20589209,
       -0.55572039,  0.0531995 , -0.521258  , -0.69230938, -0.93286777,
        1.03594422, -1.07889235, -1.49033034,  0.49130943,  0.88446915,
       -1.07339489, -2.14200139,  0.89063108, -1.41757393, -0.65698606,
       -0.50472683,  0.07699367,  1.15708137,  1.32163   ,  1.52634645], dtype=float32), array([ 0.81859046,  0.07535794, -2.0176487 ,  0.45197842, -0.35861143,
       -1.09041882,  0.28556472, -0.67477971,  0.27796552, -1.49703777,
       -1.15423954, -1.94031274,  0.56223804, -0.87005126,  0.10855704,
       -1.06840479, -0.34702733, -0.08424796, -0.39057785,  1.92796648,
       -0.92476052,  0.90506405, -0.14766282, -0.64376426, -1.14683843,
        1.42491412,  0.44816634, -0.35790637, -0.5316776 , -0.75506419,
        1.46289897,  1.13706636, -1.43194461,  0.69876021,  1.72720659,
       -0.45094749,  1.34690356, -2.06271839, -0.39894289,  0.42336908,
        0.07845252,  0.51447326,  0.21666685,  0.38459718,  0.08264519,
        0.23347902, -1.6727072 ,  0.33107275, -1.95445752, -0.15335418,
       -0.53718013,  0.25466147,  1.46629095, -0.9391771 , -0.20384774,
        0.96567988,  1.09359598,  1.38471949,  1.1131556 , -0.96888691,
       -0.09126279,  1.28012156,  1.65623629,  0.15718618, -0.33954069,
       -0.3501468 ,  0.49240726, -0.263212  , -0.48149168, -0.04873538,
        0.63722539,  0.58473951, -0.12333233,  1.42504954, -0.90198827,
        1.83809245,  0.63150638,  0.20210837,  0.63419622,  2.20765162,
       -0.6857605 ,  0.02446662, -0.56902099, -0.72865176, -1.06902945,
        1.01527393, -1.06326807, -1.51508641,  0.39608413,  0.97582191,
       -1.21231413, -2.12193847,  0.80274653, -1.44875717, -0.73721981,
       -0.561652  ,  0.10652891,  1.11691988,  1.23539352,  1.46578968], dtype=float32), array([ 0.85038704,  0.05457111, -1.96619511,  0.39596137, -0.41377446,
       -1.17425334,  0.25025409, -0.80654275,  0.28728145, -1.45434606,
       -1.08334541, -2.0115366 ,  0.5458954 , -0.96004534,  0.117457  ,
       -0.94923282, -0.22244908, -0.03583797, -0.34988168,  1.98123634,
       -0.91447622,  0.90173024, -0.13890314, -0.58498913, -1.26795232,
        1.41312742,  0.56103188, -0.41200253, -0.52515668, -0.71502596,
        1.4860673 ,  1.24753344, -1.35570359,  0.66078365,  1.71371555,
       -0.3817029 ,  1.35581136, -2.03519344, -0.44533926,  0.35684118,
        0.07695926,  0.46128544,  0.27521589,  0.27408484, -0.04688851,
        0.18195811, -1.62187839,  0.33418846, -1.91802049, -0.21741998,
       -0.50906789,  0.11587375,  1.44249344, -0.8938325 , -0.25022343,
        1.02209115,  1.13407743,  1.42564237,  1.0791434 , -0.88151866,
       -0.03899705,  1.40516853,  1.59428823,  0.24240549, -0.323028  ,
       -0.31282422,  0.4824709 , -0.28054509, -0.49314246, -0.07415717,
        0.56495214,  0.79547012, -0.08824655,  1.32051301, -0.79544383,
        1.83905756,  0.70203596,  0.09129155,  0.64566135,  2.23441839,
       -0.6309396 , -0.12017269, -0.60583723, -0.74039125, -1.10166728,
        0.92447436, -1.08376467, -1.50471079,  0.44715652,  1.00003874,
       -1.24931979, -2.16392446,  0.80430472, -1.37244785, -0.90665531,
       -0.58952063,  0.10633328,  1.12039423,  1.27532363,  1.42001343], dtype=float32), array([ 0.82664227, -0.00528681, -2.10110736,  0.39025822, -0.32252577,
       -1.12279928,  0.14440261, -0.89019245,  0.39065817, -1.36264205,
       -0.98223597, -2.02453613,  0.69743705, -1.02099919, -0.01324083,
       -0.87421918, -0.2973803 , -0.03424378, -0.38198283,  1.90051699,
       -1.09642124,  0.95497525, -0.10676078, -0.72647667, -1.23894191,
        1.27381659,  0.61900854, -0.27162114, -0.50221837, -0.60146558,
        1.47648954,  1.10005891, -1.32793951,  0.66254532,  1.73941624,
       -0.52817154,  1.46355724, -2.03048968, -0.46329412,  0.2696552 ,
        0.02995491,  0.5249632 ,  0.30074528,  0.3694354 , -0.05558952,
        0.19630456, -1.61162221,  0.30182958, -1.79738855, -0.30080917,
       -0.53294414,  0.29015386,  1.39497221, -0.94028318, -0.10937178,
        0.95187765,  1.02814102,  1.56686342,  1.00434709, -0.99230993,
       -0.10573548,  1.22493529,  1.61773109,  0.29639098, -0.34685865,
       -0.50982356,  0.56323814, -0.45535076, -0.34089887, -0.08771926,
        0.61314309,  0.7286486 , -0.12732276,  1.42096341, -0.76696497,
        1.87204325,  0.65491652,  0.10437499,  0.75188249,  2.09897876,
       -0.66714478,  0.0139579 , -0.6765697 , -0.8227585 , -1.11635208,
        1.03312874, -0.93556321, -1.42997098,  0.60043311,  0.8817988 ,
       -1.23875618, -2.1720953 ,  0.7805745 , -1.36249101, -0.87841439,
       -0.51203799,  0.10679556,  1.09191167,  1.27301908,  1.62244749], dtype=float32), array([ 0.84457278, -0.04713561, -2.11870074,  0.3595944 , -0.37953481,
       -1.15501451,  0.1312575 , -0.92838264,  0.37277278, -1.36333883,
       -0.99825841, -2.01196408,  0.69781762, -1.03945434, -0.03715146,
       -0.87525338, -0.29045889, -0.01199439, -0.37706727,  1.91534007,
       -1.11048269,  0.9680438 , -0.08626934, -0.68968511, -1.2555294 ,
        1.27576602,  0.65653878, -0.31559116, -0.49326748, -0.59865254,
        1.51429904,  1.10705006, -1.34114742,  0.66319615,  1.71984243,
       -0.52286154,  1.43236887, -2.01565003, -0.48249039,  0.24198084,
        0.03951712,  0.50762814,  0.33872616,  0.34288222, -0.05767684,
        0.20084903, -1.57153714,  0.27340758, -1.78239071, -0.25682801,
       -0.51414537,  0.27542004,  1.36381674, -0.94723874, -0.12232287,
        0.93782091,  1.08683157,  1.51439929,  1.01010287, -0.96922976,
       -0.11451594,  1.2364819 ,  1.608307  ,  0.2593298 , -0.32123598,
       -0.50199372,  0.54852182, -0.44353491, -0.36987391, -0.11364184,
        0.60899532,  0.75847083, -0.14095332,  1.36694217, -0.77209675,
        1.89219582,  0.66404903,  0.06289299,  0.81648433,  2.13149953,
       -0.676112  , -0.02581458, -0.64333576, -0.80603808, -1.08272028,
        1.02882063, -0.93487918, -1.42778373,  0.63451642,  0.9002732 ,
       -1.23102403, -2.17422628,  0.80772394, -1.37680399, -0.82770354,
       -0.48856628,  0.11717138,  1.11782527,  1.30310285,  1.58411396], dtype=float32), array([ 0.8858121 ,  0.01199337, -2.15982175,  0.32795614, -0.41033047,
       -1.1256156 ,  0.12949061, -0.92907465,  0.3728846 , -1.36874855,
       -1.03531623, -2.06284976,  0.68385118, -1.01547623, -0.05955911,
       -0.84894794, -0.26834342, -0.01768288, -0.36097431,  1.91987324,
       -1.09807396,  0.99070531, -0.09650245, -0.6925655 , -1.3065964 ,
        1.33380461,  0.65194374, -0.29124245, -0.42496717, -0.59440666,
        1.50314343,  1.1056124 , -1.27015376,  0.66956836,  1.72389054,
       -0.5007503 ,  1.40243292, -2.00343037, -0.45519868,  0.18675053,
        0.07370863,  0.49302182,  0.34128875,  0.35954902, -0.09699537,
        0.15528312, -1.57088876,  0.22874181, -1.75914407, -0.23708218,
       -0.5024119 ,  0.3250666 ,  1.35353482, -0.9835186 , -0.11972054,
        0.88060957,  1.09789693,  1.48391175,  1.00261509, -0.9535197 ,
       -0.1241494 ,  1.25114548,  1.63530409,  0.27675331, -0.29914215,
       -0.54432082,  0.55636245, -0.42327765, -0.35441893, -0.13758036,
        0.59641153,  0.76183826, -0.12139527,  1.35017335, -0.7610172 ,
        1.91324449,  0.62965065,  0.1028074 ,  0.78464603,  2.10239983,
       -0.62811494, -0.0546642 , -0.64272928, -0.84330803, -1.0662148 ,
        1.01739264, -0.9734211 , -1.38482213,  0.60021907,  0.87253612,
       -1.24423063, -2.17722702,  0.83031249, -1.38413644, -0.87266296,
       -0.49496567,  0.10865031,  1.13316679,  1.35078454,  1.582968  ], dtype=float32), array([  9.10515249e-01,   1.06054045e-04,  -2.15653586e+00,
         3.37949604e-01,  -4.37839866e-01,  -1.14779043e+00,
         1.09906487e-01,  -9.60409820e-01,   4.04188424e-01,
        -1.34868073e+00,  -1.02130497e+00,  -2.12272739e+00,
         6.79597676e-01,  -1.00314462e+00,  -3.59677300e-02,
        -8.82598341e-01,  -2.33141661e-01,  -1.70735680e-02,
        -4.19663996e-01,   1.96153450e+00,  -1.08523571e+00,
         9.43276107e-01,  -5.39607778e-02,  -6.71600759e-01,
        -1.33457112e+00,   1.33473670e+00,   6.11204326e-01,
        -3.15067440e-01,  -3.92971963e-01,  -5.99086046e-01,
         1.46547771e+00,   1.07436955e+00,  -1.25193346e+00,
         6.95369303e-01,   1.81559312e+00,  -4.94993180e-01,
         1.42400169e+00,  -2.04885268e+00,  -3.91110837e-01,
         1.80364236e-01,   5.89382611e-02,   4.82580215e-01,
         2.89765358e-01,   4.32625383e-01,  -1.64683565e-01,
         1.31822973e-01,  -1.56884718e+00,   1.82142347e-01,
        -1.80320454e+00,  -3.15648496e-01,  -5.41861475e-01,
         3.23943853e-01,   1.38661301e+00,  -1.00077665e+00,
        -5.49265258e-02,   8.69913161e-01,   1.09897518e+00,
         1.52477241e+00,   9.72773969e-01,  -9.35148060e-01,
        -3.42830159e-02,   1.17287207e+00,   1.63276374e+00,
         2.98101157e-01,  -2.77034193e-01,  -5.57979345e-01,
         5.94811797e-01,  -4.46145922e-01,  -3.57589245e-01,
        -1.46619245e-01,   5.93482256e-01,   7.10811734e-01,
        -1.08321987e-01,   1.32493734e+00,  -7.63332069e-01,
         1.85259044e+00,   6.29138291e-01,   6.80323169e-02,
         8.29264522e-01,   2.04641485e+00,  -5.92901886e-01,
        -1.16124704e-01,  -6.69169009e-01,  -8.51628602e-01,
        -1.05033278e+00,   1.05972004e+00,  -9.13963318e-01,
        -1.32905257e+00,   5.73505342e-01,   8.55880737e-01,
        -1.25250137e+00,  -2.19087434e+00,   8.77943456e-01,
        -1.28288829e+00,  -8.30188751e-01,  -4.50026661e-01,
         1.23927325e-01,   1.14377546e+00,   1.33178508e+00,
         1.60950279e+00], dtype=float32), array([ 0.94103765, -0.03550273, -2.12871838,  0.28125221, -0.47812337,
       -1.23784888,  0.13550961, -0.89662015,  0.36510971, -1.4261862 ,
       -1.00727606, -2.13480353,  0.6343444 , -0.972215  , -0.06085926,
       -0.9056077 , -0.18155551,  0.03682734, -0.37251514,  1.93282318,
       -1.13717079,  1.00506365, -0.06111168, -0.60417324, -1.37218714,
        1.28801429,  0.68174893, -0.29379949, -0.34253454, -0.5666936 ,
        1.49920785,  1.13134968, -1.21887636,  0.66622448,  1.81619191,
       -0.46333104,  1.36137092, -2.00693345, -0.35893056,  0.12066453,
        0.0692522 ,  0.44472504,  0.26333141,  0.41660646, -0.1890365 ,
        0.12062436, -1.56245279,  0.04055281, -1.77017558, -0.28805652,
       -0.44620392,  0.29899672,  1.3967731 , -1.10239673, -0.08759286,
        0.83056766,  1.20002794,  1.52362871,  0.98040366, -0.8864888 ,
       -0.00773341,  1.13775182,  1.67158401,  0.27645695, -0.2629486 ,
       -0.57409811,  0.62778628, -0.41579688, -0.42439958, -0.24118148,
        0.62795347,  0.68536222, -0.18261999,  1.30179715, -0.69437379,
        1.92681873,  0.56650871,  0.06948702,  0.8795709 ,  2.0525527 ,
       -0.54285312, -0.09045582, -0.67489028, -0.88661319, -1.01322198,
        1.00116158, -0.97829956, -1.2363627 ,  0.50092131,  0.83421475,
       -1.27161145, -2.16077352,  0.92209411, -1.32425916, -0.77154481,
       -0.41989902,  0.03487136,  1.11606097,  1.3900876 ,  1.66464138], dtype=float32), array([ 0.94317651, -0.04264239, -2.12365031,  0.28572384, -0.47584367,
       -1.25315487,  0.13554414, -0.89201421,  0.36844355, -1.45082033,
       -1.01685345, -2.15576029,  0.63339162, -0.96763825, -0.06429096,
       -0.88486403, -0.18181255,  0.03318443, -0.35350782,  1.93452477,
       -1.09964657,  1.00251389, -0.08023121, -0.60803324, -1.37397802,
        1.29436553,  0.69748801, -0.3034026 , -0.31978706, -0.56356621,
        1.50304067,  1.1310122 , -1.18789613,  0.63881886,  1.83903456,
       -0.48571226,  1.35040045, -1.98094225, -0.35617062,  0.13895877,
        0.07232398,  0.42876512,  0.24687181,  0.43129829, -0.19175467,
        0.09696192, -1.57308722,  0.05894828, -1.7959193 , -0.28585595,
       -0.43671685,  0.3088735 ,  1.39435875, -1.13504755, -0.10233763,
        0.82275105,  1.20779216,  1.50354826,  0.96425372, -0.89029568,
        0.02717634,  1.14543545,  1.6994344 ,  0.2700972 , -0.2569488 ,
       -0.54807705,  0.63243943, -0.37904987, -0.4245812 , -0.22160886,
        0.61729443,  0.68427765, -0.15823515,  1.28524387, -0.69239491,
        1.96282911,  0.57743353,  0.06521109,  0.84292573,  2.05285978,
       -0.53113097, -0.0988944 , -0.67357492, -0.90454572, -1.01165307,
        0.98755664, -0.99788439, -1.21528232,  0.48657694,  0.83562243,
       -1.29113674, -2.1480639 ,  0.90459418, -1.33384955, -0.7983638 ,
       -0.41179955,  0.02248891,  1.11814666,  1.38945377,  1.65684211], dtype=float32), array([  9.50190902e-01,  -4.88131605e-02,  -2.12968874e+00,
         2.91163772e-01,  -4.57428575e-01,  -1.21987677e+00,
         1.07433818e-01,  -9.12783206e-01,   3.82713079e-01,
        -1.42827117e+00,  -9.91289973e-01,  -2.14947772e+00,
         6.59583926e-01,  -9.33537006e-01,  -1.01101823e-01,
        -8.96818519e-01,  -2.02681988e-01,   5.85606955e-02,
        -3.70959014e-01,   1.94230092e+00,  -1.15731490e+00,
         9.93771672e-01,  -5.11145443e-02,  -6.49029493e-01,
        -1.34375644e+00,   1.25754118e+00,   6.90239549e-01,
        -2.81892002e-01,  -2.94411957e-01,  -5.22868872e-01,
         1.51535523e+00,   1.12696564e+00,  -1.22157681e+00,
         6.56884313e-01,   1.82349145e+00,  -5.10274589e-01,
         1.38583577e+00,  -2.02522731e+00,  -3.57846498e-01,
         1.46390632e-01,   5.11522554e-02,   4.12347525e-01,
         2.52815038e-01,   4.50147241e-01,  -1.83700085e-01,
         8.40150490e-02,  -1.56985044e+00,   6.70915619e-02,
        -1.75947893e+00,  -2.93970823e-01,  -4.27291781e-01,
         3.15383077e-01,   1.36214614e+00,  -1.10329044e+00,
        -8.00537318e-02,   8.09447050e-01,   1.19572127e+00,
         1.51006603e+00,   9.71194685e-01,  -9.19358253e-01,
        -5.84977504e-04,   1.10943735e+00,   1.67160892e+00,
         3.08602154e-01,  -2.67130345e-01,  -5.76570332e-01,
         6.36651039e-01,  -4.43814486e-01,  -4.18273658e-01,
        -2.21399739e-01,   6.29331946e-01,   6.46404862e-01,
        -1.68977380e-01,   1.26833344e+00,  -6.93074703e-01,
         1.97745502e+00,   5.67800701e-01,   8.58987123e-02,
         8.66191804e-01,   2.02842140e+00,  -5.35194874e-01,
        -1.02185875e-01,  -6.63896739e-01,  -8.95347595e-01,
        -1.01616561e+00,   1.01555622e+00,  -9.60260570e-01,
        -1.23756945e+00,   4.91692573e-01,   8.03610206e-01,
        -1.28866208e+00,  -2.15491986e+00,   9.14589405e-01,
        -1.30262446e+00,  -7.95110345e-01,  -4.15033162e-01,
         2.68690139e-02,   1.12621331e+00,   1.39417255e+00,
         1.71304107e+00], dtype=float32), array([ 0.94398755, -0.03480315, -2.13886428,  0.29649729, -0.42990497,
       -1.20241392,  0.09123652, -0.93970442,  0.37961972, -1.43271124,
       -0.964935  , -2.14493442,  0.64518034, -0.94505996, -0.09472686,
       -0.91053385, -0.18654236,  0.05107267, -0.36676842,  1.95908666,
       -1.13879132,  0.96384573, -0.07015721, -0.65587306, -1.36229873,
        1.30006361,  0.69898313, -0.30314964, -0.2934061 , -0.50259143,
        1.48893118,  1.14694929, -1.2363956 ,  0.66770345,  1.811463  ,
       -0.53192943,  1.41531026, -2.034374  , -0.36324567,  0.14445123,
        0.06013765,  0.4304347 ,  0.21181241,  0.46069804, -0.17549509,
        0.10889879, -1.57730365,  0.0775765 , -1.74860251, -0.27740195,
       -0.45219669,  0.33765259,  1.37987041, -1.07666874, -0.09166782,
        0.80857944,  1.15835595,  1.50364637,  0.98174471, -0.94649827,
       -0.00456273,  1.15829718,  1.64850974,  0.30007923, -0.29509526,
       -0.54108018,  0.63305837, -0.42712289, -0.41469157, -0.18138279,
        0.63105279,  0.65648031, -0.14545377,  1.26444006, -0.69016898,
        1.96336591,  0.60165936,  0.1042417 ,  0.84091705,  2.03723001,
       -0.57477164, -0.13541096, -0.64505792, -0.89620459, -1.0180012 ,
        0.99023604, -0.94464684, -1.24415243,  0.50595713,  0.78935969,
       -1.29622352, -2.15967417,  0.87781543, -1.30252302, -0.80749905,
       -0.40618703,  0.02745311,  1.12758446,  1.3679446 ,  1.71038997], dtype=float32), array([ 0.9447791 , -0.02596297, -2.14446664,  0.29290196, -0.42216936,
       -1.19439244,  0.09553632, -0.94782138,  0.38362375, -1.43238652,
       -0.95528513, -2.13956547,  0.64985245, -0.94924361, -0.10136154,
       -0.91675991, -0.18604508,  0.04402288, -0.37147179,  1.95033252,
       -1.15212083,  0.96643668, -0.07454988, -0.66062993, -1.36706305,
        1.30791926,  0.70377189, -0.30278015, -0.28624186, -0.49799755,
        1.4806968 ,  1.13820422, -1.22723973,  0.67766309,  1.80097258,
       -0.5408619 ,  1.4156822 , -2.04057121, -0.36943659,  0.13628492,
        0.0698844 ,  0.43933195,  0.21235859,  0.44786859, -0.1741161 ,
        0.11048383, -1.57827783,  0.08148634, -1.74364686, -0.27079934,
       -0.45480525,  0.34760731,  1.38461852, -1.07511008, -0.09651385,
        0.80420583,  1.15855479,  1.50286686,  0.99082434, -0.94922721,
       -0.00401318,  1.16252494,  1.64650095,  0.29828173, -0.29827988,
       -0.54070443,  0.64107066, -0.43068767, -0.40610111, -0.1852489 ,
        0.6299957 ,  0.65133536, -0.13960747,  1.26911116, -0.69457203,
        1.95728731,  0.59904855,  0.11442938,  0.83478582,  2.03021407,
       -0.58065516, -0.14037859, -0.64624971, -0.89848679, -1.01458716,
        0.98951298, -0.9478426 , -1.23887968,  0.50816262,  0.79269463,
       -1.30058634, -2.15584826,  0.87640035, -1.29851258, -0.81260604,
       -0.41139665,  0.03786298,  1.1311506 ,  1.36635947,  1.71866441], dtype=float32), array([  9.44779456e-01,  -2.55253669e-02,  -2.14054227e+00,
         2.94164687e-01,  -4.18429643e-01,  -1.18791676e+00,
         9.48783085e-02,  -9.47935462e-01,   3.83476526e-01,
        -1.43646812e+00,  -9.62152123e-01,  -2.13619852e+00,
         6.44247591e-01,  -9.47964489e-01,  -1.01844475e-01,
        -9.14291263e-01,  -1.88691661e-01,   4.26694304e-02,
        -3.72417688e-01,   1.95346665e+00,  -1.14977026e+00,
         9.67526078e-01,  -7.30948970e-02,  -6.58307731e-01,
        -1.36193991e+00,   1.30717170e+00,   7.05013335e-01,
        -3.06284666e-01,  -2.88122535e-01,  -4.97083068e-01,
         1.47677243e+00,   1.13936424e+00,  -1.22364473e+00,
         6.81783438e-01,   1.80212963e+00,  -5.41857600e-01,
         1.41763794e+00,  -2.04357171e+00,  -3.66113544e-01,
         1.38890997e-01,   6.89312816e-02,   4.38275874e-01,
         2.12739125e-01,   4.46373075e-01,  -1.75167650e-01,
         1.09559447e-01,  -1.57878673e+00,   9.17719230e-02,
        -1.74284184e+00,  -2.74236619e-01,  -4.62397724e-01,
         3.45274448e-01,   1.38397300e+00,  -1.07065868e+00,
        -9.52932462e-02,   8.07661474e-01,   1.15500569e+00,
         1.50296748e+00,   9.92716908e-01,  -9.56557870e-01,
         1.25199510e-03,   1.16863942e+00,   1.64424872e+00,
         3.02392662e-01,  -3.00032854e-01,  -5.33459544e-01,
         6.33691430e-01,  -4.25060391e-01,  -4.08361316e-01,
        -1.81642815e-01,   6.33135140e-01,   6.48560405e-01,
        -1.37302071e-01,   1.26724815e+00,  -6.96753204e-01,
         1.95786595e+00,   6.03097320e-01,   1.12050369e-01,
         8.36894691e-01,   2.03254700e+00,  -5.83481550e-01,
        -1.45947680e-01,  -6.48141801e-01,  -8.98819029e-01,
        -1.01549852e+00,   9.84468997e-01,  -9.47057903e-01,
        -1.24441743e+00,   5.05373061e-01,   7.94515431e-01,
        -1.30143034e+00,  -2.15717077e+00,   8.74507785e-01,
        -1.30048645e+00,  -8.15952361e-01,  -4.14211988e-01,
         3.81278172e-02,   1.13013196e+00,   1.36530209e+00,
         1.71806324e+00], dtype=float32), array([  9.79687095e-01,   1.93470635e-03,  -2.14390969e+00,
         2.97107458e-01,  -4.15273875e-01,  -1.20588279e+00,
         7.24639818e-02,  -9.59046841e-01,   3.65723193e-01,
        -1.45716810e+00,  -9.76014912e-01,  -2.15661693e+00,
         6.33269370e-01,  -9.32236850e-01,  -9.01658684e-02,
        -9.08580422e-01,  -1.74373105e-01,   6.74656257e-02,
        -3.67829829e-01,   1.96770644e+00,  -1.11830962e+00,
         9.55760539e-01,  -9.03501809e-02,  -6.43168151e-01,
        -1.38111246e+00,   1.32901871e+00,   7.45833874e-01,
        -2.74338722e-01,  -2.60523438e-01,  -4.82884020e-01,
         1.45820069e+00,   1.14324689e+00,  -1.19001544e+00,
         6.45400643e-01,   1.80641818e+00,  -5.25659144e-01,
         1.41061187e+00,  -2.03808713e+00,  -3.53559494e-01,
         1.34698376e-01,   6.37478754e-02,   4.26740855e-01,
         1.87961847e-01,   4.36672270e-01,  -1.92618638e-01,
         6.59216940e-02,  -1.57384765e+00,   6.82230443e-02,
        -1.76094604e+00,  -2.83302456e-01,  -4.53208148e-01,
         3.56015533e-01,   1.37075436e+00,  -1.08738339e+00,
        -1.02265127e-01,   8.06222081e-01,   1.18394458e+00,
         1.47595227e+00,   9.78689551e-01,  -9.37134027e-01,
         2.31463220e-02,   1.18923950e+00,   1.64855742e+00,
         2.95970142e-01,  -2.91094780e-01,  -5.35367489e-01,
         6.58722222e-01,  -4.20113534e-01,  -3.91008645e-01,
        -1.90873876e-01,   6.23551190e-01,   6.50648415e-01,
        -1.21690586e-01,   1.25943887e+00,  -6.85235977e-01,
         1.98818803e+00,   6.33009791e-01,   1.17222972e-01,
         8.00292611e-01,   2.01115608e+00,  -5.44964433e-01,
        -1.66965902e-01,  -6.45567358e-01,  -9.46621656e-01,
        -1.00461125e+00,   9.98342037e-01,  -9.67073798e-01,
        -1.22122014e+00,   4.59127963e-01,   7.84557164e-01,
        -1.33236706e+00,  -2.14736319e+00,   8.82990241e-01,
        -1.28150964e+00,  -8.32118392e-01,  -4.01148915e-01,
         5.78558166e-03,   1.11988044e+00,   1.37775183e+00,
         1.69975531e+00], dtype=float32), array([ 1.00411952,  0.05768253, -2.12835884,  0.26410332, -0.38653809,
       -1.20149887,  0.06132947, -0.91688192,  0.35138264, -1.43366086,
       -0.98654073, -2.14095616,  0.63338441, -0.92123049, -0.08491284,
       -0.89074838, -0.18443735,  0.06052727, -0.33185494,  1.97768223,
       -1.13814867,  0.94854438, -0.07723409, -0.6543898 , -1.40946889,
        1.3567822 ,  0.78702855, -0.28630733, -0.23413852, -0.50557667,
        1.4345932 ,  1.14941955, -1.17196989,  0.60225672,  1.81408846,
       -0.52355313,  1.42763495, -2.03963494, -0.32936463,  0.12025978,
        0.07307009,  0.45941973,  0.17695063,  0.42986554, -0.15595895,
        0.02038196, -1.60045695,  0.09262422, -1.74139988, -0.29568174,
       -0.495038  ,  0.324507  ,  1.36003542, -1.09386742, -0.10823707,
        0.78758192,  1.1687423 ,  1.47661638,  0.99148279, -0.94219029,
        0.04448284,  1.2368567 ,  1.66076279,  0.31802124, -0.25546932,
       -0.50405008,  0.70472157, -0.47505218, -0.35630286, -0.15925305,
        0.59328771,  0.67697293, -0.12438453,  1.27310312, -0.69581866,
        1.96692681,  0.62289643,  0.15060414,  0.72874928,  2.00067663,
       -0.52724087, -0.15984266, -0.66089398, -0.93508917, -1.02191508,
        1.00134456, -1.00509226, -1.22599816,  0.418643  ,  0.79743594,
       -1.36277819, -2.15872025,  0.8634426 , -1.27096474, -0.8954289 ,
       -0.40789604, -0.00412514,  1.11840105,  1.34836495,  1.67876089], dtype=float32), array([ 1.04739976,  0.05006792, -2.1372838 ,  0.24857929, -0.41943705,
       -1.23160529,  0.04464725, -0.89939803,  0.32930359, -1.43924069,
       -1.00735784, -2.15871644,  0.63811803, -0.93518209, -0.10919501,
       -0.89744228, -0.1862651 ,  0.08907499, -0.32575488,  1.96921778,
       -1.14201152,  0.96919417, -0.0928953 , -0.65105212, -1.42753124,
        1.35502362,  0.83349788, -0.30946878, -0.23179275, -0.51887333,
        1.439031  ,  1.15136576, -1.15692425,  0.57712513,  1.78557706,
       -0.51288193,  1.40253782, -1.9984374 , -0.31524059,  0.07346271,
        0.09780002,  0.43351188,  0.20415574,  0.39776438, -0.17208248,
       -0.00935017, -1.58125412,  0.06214232, -1.74446023, -0.26279059,
       -0.46021309,  0.34531295,  1.33309639, -1.12446046, -0.09690858,
        0.75978136,  1.2203095 ,  1.43784487,  1.01332378, -0.92067158,
        0.04090516,  1.24140978,  1.64485669,  0.30298388, -0.24563184,
       -0.5193944 ,  0.69746566, -0.47064283, -0.3375392 , -0.17163573,
        0.57790446,  0.71259552, -0.13533658,  1.24869096, -0.68486905,
        1.9914223 ,  0.62179708,  0.14180106,  0.74892211,  2.02550983,
       -0.50653571, -0.14359602, -0.63279551, -0.93934667, -1.00510108,
        0.99515635, -1.0156281 , -1.18925178,  0.42756122,  0.8022697 ,
       -1.35340583, -2.16850758,  0.86723948, -1.27551031, -0.88351798,
       -0.40551692, -0.01813448,  1.14338982,  1.36847818,  1.66945028], dtype=float32), array([ 1.04822063,  0.05380092, -2.16003633,  0.25843284, -0.41162589,
       -1.21571684,  0.05081485, -0.9125545 ,  0.32433984, -1.42454219,
       -1.01412535, -2.16881394,  0.60909867, -0.9369725 , -0.10037315,
       -0.90969318, -0.17110685,  0.07740217, -0.31058595,  1.95753968,
       -1.13185668,  0.97219878, -0.0945921 , -0.6635446 , -1.46370995,
        1.37863362,  0.83755106, -0.31694266, -0.24349511, -0.51983249,
        1.42802346,  1.15639532, -1.1490463 ,  0.55893749,  1.78645408,
       -0.51034713,  1.39880478, -1.99955416, -0.30485326,  0.08206096,
        0.08986615,  0.45376772,  0.20612855,  0.40266263, -0.17687739,
       -0.01166689, -1.59629858,  0.05838368, -1.73626435, -0.26284721,
       -0.48327839,  0.32303256,  1.33401656, -1.09978127, -0.10659587,
        0.7608878 ,  1.21932054,  1.44729745,  1.00038648, -0.94847339,
        0.04378872,  1.27251303,  1.64727056,  0.32773602, -0.22160921,
       -0.50923496,  0.70661557, -0.46721917, -0.34863722, -0.14105088,
        0.56525993,  0.73163676, -0.12386676,  1.23683202, -0.68610394,
        1.99544883,  0.62911224,  0.12791137,  0.74448687,  2.04397249,
       -0.50522184, -0.13139986, -0.63969123, -0.94610262, -1.02842677,
        0.97966075, -1.01856124, -1.17608047,  0.42280254,  0.8284778 ,
       -1.36967099, -2.17306566,  0.86753708, -1.26728499, -0.89946806,
       -0.40599626, -0.01248613,  1.14280343,  1.36728382,  1.67157412], dtype=float32), array([ 1.03381813,  0.05135049, -2.14129639,  0.26609996, -0.40324381,
       -1.19763589,  0.04733147, -0.91711324,  0.32834446, -1.43407595,
       -1.02750373, -2.15711331,  0.59264773, -0.92486143, -0.09466781,
       -0.91078788, -0.15930331,  0.07706576, -0.30647138,  1.96480966,
       -1.12448144,  0.96720576, -0.09221214, -0.64352769, -1.45748711,
        1.36804903,  0.8190853 , -0.31922156, -0.25287154, -0.50568014,
        1.41832566,  1.16063046, -1.14582217,  0.55391312,  1.79340708,
       -0.50578171,  1.38994658, -2.01371288, -0.29608667,  0.09188828,
        0.07886054,  0.45623064,  0.20673335,  0.38529345, -0.18117043,
       -0.01204585, -1.59364474,  0.08368959, -1.7439965 , -0.27043509,
       -0.50352591,  0.3134791 ,  1.33117092, -1.08004725, -0.1232192 ,
        0.74485165,  1.22321737,  1.4425652 ,  0.98819059, -0.93336052,
        0.04508274,  1.28051937,  1.64626968,  0.33218953, -0.22408867,
       -0.4890424 ,  0.69975555, -0.44542712, -0.3528344 , -0.14075905,
        0.5668053 ,  0.72124344, -0.12295346,  1.22668684, -0.70760506,
        1.9887048 ,  0.64099365,  0.1256945 ,  0.7334556 ,  2.05024934,
       -0.4986949 , -0.13836357, -0.63553262, -0.92983609, -1.03187227,
        0.98076624, -1.01854122, -1.16442597,  0.41620669,  0.84444815,
       -1.37721419, -2.17757368,  0.87110388, -1.26318026, -0.90571213,
       -0.40370303, -0.00848127,  1.13129973,  1.36528826,  1.66328204], dtype=float32), array([ 1.02998638,  0.05173358, -2.14698672,  0.25984514, -0.40103227,
       -1.18517745,  0.0483475 , -0.91833413,  0.34039354, -1.42926002,
       -1.03320611, -2.16305327,  0.60112023, -0.93970662, -0.10273778,
       -0.90877086, -0.16883403,  0.07200919, -0.29598919,  1.94861495,
       -1.13219965,  0.97326446, -0.09134948, -0.6571908 , -1.45392251,
        1.37879395,  0.82581854, -0.31656641, -0.25222588, -0.50250477,
        1.42882812,  1.16558456, -1.12904823,  0.56060636,  1.7784096 ,
       -0.51579738,  1.39016628, -2.0035615 , -0.29617947,  0.08519518,
        0.08290079,  0.46212018,  0.21140438,  0.36949059, -0.18634352,
       -0.01637737, -1.60897291,  0.08919035, -1.74401259, -0.26642597,
       -0.51078695,  0.31853226,  1.32175696, -1.06764185, -0.12425672,
        0.7427367 ,  1.2095691 ,  1.43232453,  0.99333078, -0.9324407 ,
        0.03784353,  1.2914151 ,  1.64230049,  0.33816975, -0.2322237 ,
       -0.48065525,  0.7016027 , -0.44500977, -0.35143727, -0.13149314,
        0.57450122,  0.73175794, -0.11526034,  1.21763992, -0.71116382,
        1.98317719,  0.63869339,  0.13858655,  0.73583698,  2.06042981,
       -0.50817561, -0.13531822, -0.63672119, -0.92306948, -1.02086532,
        0.97161621, -1.02284896, -1.15973461,  0.41086042,  0.85447997,
       -1.37860334, -2.17700553,  0.86159664, -1.27542388, -0.90754497,
       -0.40782401, -0.01432377,  1.13176978,  1.37439919,  1.66684389], dtype=float32), array([ 1.03316903,  0.05952424, -2.14078307,  0.2584939 , -0.39596426,
       -1.18515563,  0.05430694, -0.91724312,  0.33563304, -1.42902827,
       -1.03398097, -2.16067123,  0.59765315, -0.94372874, -0.09920821,
       -0.91244221, -0.17003894,  0.07136379, -0.28281251,  1.94387209,
       -1.12677717,  0.97825426, -0.09777395, -0.65815377, -1.45647657,
        1.37835646,  0.83618617, -0.3160463 , -0.25992906, -0.50755715,
        1.42880774,  1.1680187 , -1.13176799,  0.55827433,  1.77818823,
       -0.51468575,  1.38964319, -1.99558413, -0.29894346,  0.08236379,
        0.07971474,  0.46108252,  0.20255779,  0.36148164, -0.18960264,
       -0.02166754, -1.60775459,  0.08394376, -1.75149369, -0.26435381,
       -0.50534731,  0.31517503,  1.3261435 , -1.07478476, -0.12743236,
        0.74657083,  1.21680689,  1.43049443,  0.99246556, -0.92040861,
        0.04047412,  1.29438007,  1.64213192,  0.33940062, -0.23548374,
       -0.47701797,  0.7002129 , -0.44400951, -0.34521225, -0.13240995,
        0.56690019,  0.7369594 , -0.11594816,  1.22554183, -0.71047705,
        1.98848701,  0.63896692,  0.14008656,  0.73367912,  2.0596199 ,
       -0.50705707, -0.1315583 , -0.63622922, -0.93046343, -1.01586819,
        0.96266133, -1.03043282, -1.15583277,  0.41514099,  0.85496789,
       -1.38390815, -2.17242765,  0.85686833, -1.27396965, -0.91214609,
       -0.41177726, -0.01819749,  1.13025498,  1.37485874,  1.66788447], dtype=float32), array([ 1.03288603,  0.05950012, -2.14160752,  0.25862443, -0.39493135,
       -1.1851294 ,  0.05431051, -0.91910511,  0.33737847, -1.42969775,
       -1.03173423, -2.16064763,  0.59655917, -0.9431054 , -0.09933875,
       -0.91152841, -0.16675201,  0.07008749, -0.28290448,  1.94435549,
       -1.12612653,  0.9774946 , -0.09843502, -0.65417749, -1.4570545 ,
        1.38057959,  0.83650839, -0.3176662 , -0.26057488, -0.50651503,
        1.4260422 ,  1.16851187, -1.12917638,  0.55858487,  1.7804817 ,
       -0.51500827,  1.38802361, -1.99768412, -0.29789793,  0.08344019,
        0.07765862,  0.46050358,  0.2026213 ,  0.36271346, -0.19143011,
       -0.02157307, -1.60691905,  0.08455994, -1.75167942, -0.26517212,
       -0.50581628,  0.31408241,  1.32528389, -1.07813394, -0.12836887,
        0.7463671 ,  1.21734488,  1.43139648,  0.99113405, -0.92192924,
        0.04401327,  1.29666924,  1.64184189,  0.33954784, -0.23541154,
       -0.47637901,  0.70018774, -0.44067037, -0.34637117, -0.13209414,
        0.56791174,  0.73694742, -0.11403963,  1.22392225, -0.71028501,
        1.98928261,  0.63936418,  0.13722149,  0.73275453,  2.06047893,
       -0.5061661 , -0.13248588, -0.63720858, -0.9290604 , -1.01621711,
        0.96160996, -1.03247905, -1.15447474,  0.41361448,  0.85534757,
       -1.38561308, -2.17240119,  0.85720682, -1.27225518, -0.91271514,
       -0.41051885, -0.01934375,  1.12816465,  1.37445605,  1.66643417], dtype=float32), array([ 1.0404923 ,  0.03688399, -2.13537621,  0.23408556, -0.42862076,
       -1.21927643,  0.03770282, -0.91796565,  0.33682629, -1.42590141,
       -1.030761  , -2.15985727,  0.59477609, -0.95934582, -0.10402268,
       -0.89981836, -0.17192435,  0.08305005, -0.26698571,  1.95179272,
       -1.1329143 ,  0.99669939, -0.0769157 , -0.64937359, -1.43951917,
        1.37364852,  0.86894524, -0.33877066, -0.28774202, -0.51154101,
        1.43514109,  1.16743422, -1.13186693,  0.56445599,  1.78570974,
       -0.53496438,  1.39052081, -1.96556199, -0.31864887,  0.06542906,
        0.09007373,  0.45898044,  0.2280121 ,  0.31857508, -0.18570639,
       -0.01400637, -1.59882843,  0.05924229, -1.75994134, -0.23677069,
       -0.50514054,  0.33214262,  1.31312335, -1.0964669 , -0.12031259,
        0.72968298,  1.24157977,  1.39162445,  0.99882156, -0.90772438,
        0.03469188,  1.29340017,  1.62250233,  0.31397286, -0.21608283,
       -0.47910044,  0.68818521, -0.45289099, -0.34646606, -0.13199732,
        0.56258142,  0.74498028, -0.11738236,  1.20841205, -0.70611095,
        2.01694202,  0.64374685,  0.11642382,  0.78945428,  2.09561777,
       -0.51624382, -0.14746884, -0.62678897, -0.93518645, -0.99075353,
        0.95511699, -1.03871179, -1.17755342,  0.4493944 ,  0.85022187,
       -1.37265432, -2.16065693,  0.85719693, -1.26580703, -0.88906902,
       -0.37819886, -0.02952434,  1.13564157,  1.36914909,  1.63813758], dtype=float32), array([ 1.03750753,  0.01532923, -2.13090992,  0.2205873 , -0.44994065,
       -1.24093652,  0.02981574, -0.9320271 ,  0.33271763, -1.4214232 ,
       -1.02665925, -2.15713573,  0.59143186, -0.9650287 , -0.1098506 ,
       -0.90003687, -0.17408372,  0.08737315, -0.25718641,  1.95178497,
       -1.13507879,  1.00311184, -0.06290919, -0.64462304, -1.4458369 ,
        1.37315309,  0.88751155, -0.36292484, -0.30531186, -0.51202726,
        1.44734478,  1.16818678, -1.14863551,  0.56045961,  1.77992094,
       -0.53231782,  1.38171446, -1.93970287, -0.33980516,  0.04837212,
        0.09514761,  0.4609279 ,  0.25174001,  0.30432203, -0.18087478,
       -0.00339649, -1.57882023,  0.05003627, -1.76405656, -0.21609463,
       -0.50319201,  0.32969564,  1.2932688 , -1.09965658, -0.12289061,
        0.72320288,  1.27373636,  1.37104833,  1.00438797, -0.89764875,
        0.02918159,  1.29666817,  1.6105485 ,  0.29713893, -0.20306399,
       -0.48513418,  0.67510957, -0.44896537, -0.35894328, -0.13564728,
        0.566908  ,  0.7562449 , -0.12158539,  1.1904341 , -0.69864994,
        2.02774453,  0.64489663,  0.08953318,  0.82891041,  2.12733364,
       -0.53523701, -0.16717905, -0.61480808, -0.93443674, -0.98178518,
        0.94821709, -1.02696955, -1.1858151 ,  0.46932852,  0.86654657,
       -1.36424053, -2.16382408,  0.86034745, -1.25538039, -0.86341447,
       -0.35802332, -0.02622423,  1.14077556,  1.37155664,  1.61908913], dtype=float32), array([ 1.03962779,  0.03121316, -2.13442612,  0.24050274, -0.42591918,
       -1.22237992,  0.02932674, -0.92505199,  0.32823163, -1.41365945,
       -1.03315973, -2.16808629,  0.58928233, -0.97581184, -0.11683622,
       -0.90712547, -0.18483129,  0.07625141, -0.25002638,  1.94665575,
       -1.11624074,  1.01267457, -0.05027729, -0.66704476, -1.44809365,
        1.37376857,  0.88837361, -0.3424978 , -0.33262086, -0.50841987,
        1.44700348,  1.16134644, -1.12972665,  0.58385974,  1.77013814,
       -0.55210632,  1.40719783, -1.95052433, -0.34944841,  0.06034785,
        0.0967223 ,  0.4810096 ,  0.24667503,  0.29320267, -0.18067759,
        0.00603316, -1.604846  ,  0.06186577, -1.76447833, -0.21977268,
       -0.53788608,  0.33905205,  1.29886425, -1.08518243, -0.12205114,
        0.74222761,  1.24879336,  1.38537812,  0.99327815, -0.90449059,
        0.0056598 ,  1.30625916,  1.5955652 ,  0.31016338, -0.20589022,
       -0.49084541,  0.6746254 , -0.4396444 , -0.34535268, -0.12439631,
        0.55830014,  0.75429529, -0.11243794,  1.20318091, -0.70669281,
        2.02604198,  0.64772719,  0.10172403,  0.83107442,  2.10842085,
       -0.55287361, -0.17195037, -0.62232977, -0.93773323, -0.99082643,
        0.93391073, -1.01783037, -1.18459821,  0.47431514,  0.85279411,
       -1.35104418, -2.157341  ,  0.86311436, -1.24452817, -0.88156009,
       -0.34937093, -0.02920775,  1.13297677,  1.3686496 ,  1.61245108], dtype=float32), array([ 1.05660141,  0.02999036, -2.15808916,  0.25129879, -0.41796571,
       -1.20858824,  0.04955643, -0.90693778,  0.32279745, -1.39569223,
       -1.04540157, -2.1813519 ,  0.59210664, -0.99547088, -0.12996592,
       -0.90389919, -0.19612898,  0.06832506, -0.24755514,  1.9295764 ,
       -1.11037362,  1.01274884, -0.04276485, -0.70062649, -1.43897414,
        1.38707745,  0.87777776, -0.33275285, -0.34926528, -0.50740242,
        1.44180799,  1.14977431, -1.10994112,  0.59544307,  1.75630057,
       -0.57056558,  1.41765797, -1.93618214, -0.34886429,  0.06016295,
        0.09313825,  0.49675775,  0.23976065,  0.30972329, -0.1819635 ,
        0.01651844, -1.62569249,  0.09004597, -1.764732  , -0.21779147,
       -0.56114942,  0.35310936,  1.3115195 , -1.08693087, -0.10885584,
        0.75602293,  1.23256934,  1.38562429,  0.99365509, -0.92285931,
        0.01663266,  1.31931508,  1.59182417,  0.30849358, -0.20211394,
       -0.49786261,  0.67944527, -0.43895212, -0.33996528, -0.11763036,
        0.55303258,  0.76693118, -0.10291832,  1.22774601, -0.71601528,
        2.01686764,  0.64689648,  0.11768865,  0.80612266,  2.09553933,
       -0.56695366, -0.16084415, -0.62941331, -0.93762678, -0.99876183,
        0.91804171, -1.0216136 , -1.16423392,  0.46715221,  0.84399736,
       -1.34427726, -2.14255571,  0.85983449, -1.25653136, -0.89854687,
       -0.345972  , -0.0195148 ,  1.12663472,  1.35405838,  1.61333585], dtype=float32), array([ 1.0292753 ,  0.01345833, -2.17331314,  0.26763874, -0.39596084,
       -1.18536031,  0.05080456, -0.92257845,  0.33897743, -1.37512505,
       -1.04563999, -2.19862652,  0.58486152, -0.98275787, -0.12329064,
       -0.90152556, -0.20607664,  0.0645444 , -0.22374451,  1.90614867,
       -1.12518692,  1.00160182, -0.04820313, -0.69386107, -1.4440726 ,
        1.41171706,  0.87917143, -0.32158226, -0.34719384, -0.53389066,
        1.43397498,  1.15655005, -1.12557077,  0.62584311,  1.7162925 ,
       -0.55555898,  1.41360593, -1.94632268, -0.33720154,  0.07139685,
        0.08166651,  0.49823049,  0.22597712,  0.34420222, -0.18473212,
        0.02183187, -1.63733435,  0.13705541, -1.73464799, -0.21435085,
       -0.56110376,  0.34584379,  1.29842067, -1.02730882, -0.12892105,
        0.76599288,  1.22109795,  1.39713335,  0.98764801, -0.97043729,
        0.02736657,  1.35699677,  1.60519624,  0.30850923, -0.18686008,
       -0.48609534,  0.675883  , -0.42647293, -0.34341615, -0.11536165,
        0.57481927,  0.78146607, -0.12445651,  1.24044108, -0.71768945,
        1.97407115,  0.63383174,  0.13372329,  0.78606397,  2.09851694,
       -0.58182186, -0.14600037, -0.62556648, -0.91431504, -1.03263164,
        0.92712462, -0.99480778, -1.17856908,  0.42658892,  0.86524981,
       -1.36728501, -2.15669227,  0.86615187, -1.29062235, -0.8927632 ,
       -0.37113059, -0.02165272,  1.10875976,  1.35443175,  1.60953629], dtype=float32), array([ 1.062374  ,  0.03694997, -2.18480229,  0.2558133 , -0.39272425,
       -1.17571115,  0.0388894 , -0.9247455 ,  0.3346948 , -1.36257756,
       -1.0331732 , -2.20587397,  0.60615903, -0.97450578, -0.12966394,
       -0.89572912, -0.21918567,  0.05539014, -0.21023704,  1.90215218,
       -1.13178813,  1.01209497, -0.0577014 , -0.70925289, -1.45379078,
        1.42496848,  0.88600051, -0.32712516, -0.3462134 , -0.54448795,
        1.4129802 ,  1.15713131, -1.12387002,  0.61929691,  1.72078824,
       -0.55588984,  1.41429627, -1.93810606, -0.33086255,  0.07237229,
        0.07414065,  0.49541035,  0.23152259,  0.37775278, -0.1705953 ,
        0.0121991 , -1.62289071,  0.1505703 , -1.72160625, -0.20730631,
       -0.56862223,  0.34594408,  1.27974141, -1.02772498, -0.13222253,
        0.78082204,  1.22586024,  1.39573538,  0.98951125, -0.98987299,
        0.02239485,  1.38347995,  1.61607313,  0.30934957, -0.1773181 ,
       -0.48021787,  0.6769706 , -0.44474497, -0.3390885 , -0.10241982,
        0.56213498,  0.78479064, -0.1290984 ,  1.24930763, -0.71341562,
        1.96961653,  0.62396407,  0.14253342,  0.7719357 ,  2.08239603,
       -0.58419693, -0.13769259, -0.62570012, -0.89892942, -1.04128969,
        0.93406266, -1.00232565, -1.18611872,  0.42137069,  0.85473078,
       -1.36541188, -2.15180969,  0.844244  , -1.30087006, -0.90318578,
       -0.38039264, -0.03649049,  1.10736406,  1.34710419,  1.59419084], dtype=float32), array([ 1.0637244 ,  0.03762662, -2.18507957,  0.25646335, -0.39458695,
       -1.17424595,  0.04012838, -0.92167729,  0.33400899, -1.36699724,
       -1.03503299, -2.20850277,  0.60902977, -0.97499442, -0.12915295,
       -0.89479762, -0.21651539,  0.05389553, -0.20863149,  1.90367043,
       -1.13058794,  1.01014054, -0.05744883, -0.70913398, -1.45474648,
        1.42813611,  0.88693076, -0.32760939, -0.34350207, -0.54187381,
        1.41060889,  1.15370536, -1.12168968,  0.61608416,  1.72427082,
       -0.55863845,  1.41144383, -1.93848121, -0.32785618,  0.07381027,
        0.07245971,  0.49603084,  0.23004298,  0.38102445, -0.17072557,
        0.01210664, -1.62533808,  0.1506183 , -1.72422481, -0.20898619,
       -0.57135779,  0.34856272,  1.27547765, -1.03154302, -0.13375124,
        0.78171974,  1.22629035,  1.39098334,  0.98579425, -0.98791254,
        0.02422838,  1.38343668,  1.61819649,  0.30657211, -0.17763811,
       -0.47513399,  0.67965293, -0.44180605, -0.33876032, -0.09863717,
        0.55900806,  0.78557521, -0.12233458,  1.24883056, -0.71255106,
        1.97006118,  0.62495303,  0.14188761,  0.77089471,  2.08319235,
       -0.58323056, -0.13867404, -0.62715024, -0.90223509, -1.04169559,
        0.93240184, -1.00535846, -1.18432152,  0.4209525 ,  0.85198444,
       -1.36471224, -2.14784551,  0.84337604, -1.29897022, -0.90420812,
       -0.38060457, -0.04052014,  1.10936666,  1.35048246,  1.5921669 ], dtype=float32), array([ 1.07937789,  0.05207893, -2.20984983,  0.24881522, -0.40933564,
       -1.16954243,  0.04350769, -0.92032421,  0.32163152, -1.35573256,
       -1.02863443, -2.22692251,  0.60666245, -0.97729069, -0.13281779,
       -0.89941472, -0.19594032,  0.06206255, -0.23303205,  1.89342225,
       -1.12777126,  1.01408589, -0.05442994, -0.7179172 , -1.47967517,
        1.42934132,  0.89854997, -0.32175577, -0.316441  , -0.54914111,
        1.40616751,  1.17256773, -1.09302843,  0.62201804,  1.70590043,
       -0.53824592,  1.4082588 , -1.91687441, -0.3056885 ,  0.04960513,
        0.06199442,  0.46217546,  0.22733377,  0.39295495, -0.18912794,
       -0.01481209, -1.63149154,  0.12792934, -1.70813406, -0.21105176,
       -0.53875971,  0.36898613,  1.27409136, -1.04444098, -0.11384972,
        0.76724297,  1.21717107,  1.40265131,  1.01058304, -0.97241986,
        0.01959959,  1.34930897,  1.61539328,  0.32231548, -0.19041322,
       -0.50970322,  0.68527311, -0.44736105, -0.31988916, -0.08838131,
        0.55449939,  0.80050302, -0.13761349,  1.25051904, -0.69817179,
        1.98382819,  0.59159195,  0.1640275 ,  0.7574271 ,  2.06462169,
       -0.57814306, -0.13295928, -0.62262923, -0.92650652, -1.03281772,
        0.93158299, -0.99602944, -1.16167915,  0.41208422,  0.84282458,
       -1.36849403, -2.15223765,  0.86048299, -1.30683959, -0.9146446 ,
       -0.40157887, -0.03998226,  1.11449158,  1.36907959,  1.6133467 ], dtype=float32), array([ 1.07530344,  0.05280178, -2.19523168,  0.24100544, -0.4085938 ,
       -1.17026782,  0.04540032, -0.9185738 ,  0.31591624, -1.35947633,
       -1.03238261, -2.2249577 ,  0.60388201, -0.97319001, -0.12794085,
       -0.89882308, -0.19993784,  0.06529905, -0.22863074,  1.89578235,
       -1.12772059,  1.01198161, -0.05586777, -0.72264344, -1.48135459,
        1.42454803,  0.89688283, -0.32637489, -0.32363564, -0.55119777,
        1.40914869,  1.17098927, -1.10200262,  0.6151439 ,  1.70566249,
       -0.53808063,  1.40918779, -1.91186619, -0.3068997 ,  0.05016678,
        0.06350434,  0.46608168,  0.22769797,  0.39117369, -0.18173644,
       -0.01430472, -1.62632143,  0.12979345, -1.71138632, -0.21236129,
       -0.54493868,  0.36543834,  1.26415503, -1.04443753, -0.11112142,
        0.77224571,  1.22577202,  1.39706039,  1.00956476, -0.97101438,
        0.01668449,  1.35177183,  1.62220001,  0.32078719, -0.18403806,
       -0.50365853,  0.68145913, -0.44852045, -0.31554785, -0.083238  ,
        0.5583297 ,  0.80711395, -0.136043  ,  1.25658286, -0.69607359,
        1.98217678,  0.59747845,  0.15790246,  0.76695549,  2.07405639,
       -0.57890797, -0.1405275 , -0.62521446, -0.93020529, -1.03675938,
        0.92916429, -0.99977052, -1.17034459,  0.41567379,  0.84268343,
       -1.36674178, -2.15298963,  0.85503042, -1.30203164, -0.91274196,
       -0.40186119, -0.04274853,  1.11913002,  1.36673796,  1.60772789], dtype=float32), array([ 1.0650357 ,  0.05983439, -2.16992974,  0.23442377, -0.40419057,
       -1.17447567,  0.05214418, -0.91158974,  0.319554  , -1.36395943,
       -1.04331791, -2.20491862,  0.60684836, -0.95931602, -0.10786626,
       -0.87441766, -0.19176337,  0.05743186, -0.25698   ,  1.91716349,
       -1.12614286,  1.00997889, -0.07180683, -0.70540601, -1.46827185,
        1.40114641,  0.88467526, -0.31841475, -0.32671782, -0.56725651,
        1.42552018,  1.17173779, -1.10879278,  0.61933619,  1.70149934,
       -0.54465449,  1.41473782, -1.93640304, -0.28886068,  0.06749537,
        0.04975852,  0.46865925,  0.2162618 ,  0.38624418, -0.17940433,
       -0.02135462, -1.62852108,  0.13118571, -1.71254325, -0.22458594,
       -0.55566263,  0.36387035,  1.2729727 , -1.03576624, -0.11757918,
        0.76410228,  1.21937954,  1.38895953,  1.00938606, -0.96965659,
        0.03645322,  1.35823798,  1.64307022,  0.3044368 , -0.16982283,
       -0.49385312,  0.66265768, -0.44121364, -0.33140457, -0.0901382 ,
        0.57936937,  0.81174314, -0.13444838,  1.25471139, -0.70518094,
        1.98773944,  0.59228122,  0.15493228,  0.74010819,  2.0877223 ,
       -0.56742179, -0.14178655, -0.61602622, -0.94730455, -1.0453155 ,
        0.94697136, -1.00318861, -1.17192733,  0.40187374,  0.83920211,
       -1.37016153, -2.15717649,  0.86180109, -1.31070828, -0.90011072,
       -0.4116669 , -0.04862538,  1.1251384 ,  1.36465299,  1.59556365], dtype=float32), array([ 1.0723989 ,  0.03117353, -2.16381741,  0.1990833 , -0.4416132 ,
       -1.20996356,  0.0433816 , -0.90592706,  0.32302618, -1.36608803,
       -1.05653644, -2.19652081,  0.61257219, -0.98098773, -0.11137497,
       -0.85924184, -0.18213502,  0.07540963, -0.25539353,  1.92715764,
       -1.12811446,  1.02161574, -0.06533166, -0.69696653, -1.46289718,
        1.39178753,  0.91418582, -0.3348949 , -0.32841712, -0.57414132,
        1.44213831,  1.16721964, -1.10267913,  0.6054768 ,  1.69781554,
       -0.56267798,  1.40145493, -1.90687871, -0.30818647,  0.04806281,
        0.06294968,  0.46352625,  0.23317681,  0.3616446 , -0.182014  ,
       -0.01100946, -1.6022507 ,  0.10122029, -1.7294023 , -0.19963923,
       -0.53865945,  0.380151  ,  1.25246346, -1.07204843, -0.11811352,
        0.73291349,  1.26244521,  1.34641826,  1.02280414, -0.94029218,
        0.03928705,  1.34852445,  1.64329231,  0.26454535, -0.15845309,
       -0.49637681,  0.65496427, -0.43059611, -0.32629159, -0.10329276,
        0.56552291,  0.82216167, -0.13829289,  1.2366327 , -0.69678259,
        2.01696992,  0.59935915,  0.11988651,  0.77701062,  2.12854171,
       -0.56562173, -0.1620371 , -0.5964337 , -0.96106994, -1.02476168,
        0.93946165, -1.02035356, -1.17671824,  0.43017679,  0.84267765,
       -1.35534739, -2.1492734 ,  0.86628264, -1.31696999, -0.8705377 ,
       -0.37932074, -0.04321088,  1.14310086,  1.37277687,  1.56110966], dtype=float32), array([  1.07783389e+00,   1.38102686e-02,  -2.16101480e+00,
         1.91085830e-01,  -4.71367598e-01,  -1.24900520e+00,
         3.35670374e-02,  -9.21211660e-01,   3.19532633e-01,
        -1.36046374e+00,  -1.05019963e+00,  -2.19627261e+00,
         5.99833310e-01,  -9.83976722e-01,  -1.13638371e-01,
        -8.70206654e-01,  -1.70716479e-01,   7.25590512e-02,
        -2.57265300e-01,   1.93375289e+00,  -1.12322724e+00,
         1.02317667e+00,  -6.16323464e-02,  -6.82212353e-01,
        -1.47707200e+00,   1.39413202e+00,   9.21814501e-01,
        -3.55366379e-01,  -3.37653071e-01,  -5.66594958e-01,
         1.45326698e+00,   1.16959488e+00,  -1.10855007e+00,
         5.97899318e-01,   1.71046245e+00,  -5.51119804e-01,
         1.39208472e+00,  -1.88637614e+00,  -3.25916529e-01,
         2.86292937e-02,   7.25798085e-02,   4.60911453e-01,
         2.42758080e-01,   3.46117496e-01,  -1.85215458e-01,
        -2.12629559e-03,  -1.58637404e+00,   8.43940079e-02,
        -1.73530340e+00,  -1.89206511e-01,  -5.30633986e-01,
         3.72284114e-01,   1.25338995e+00,  -1.08254635e+00,
        -1.12515636e-01,   7.21754432e-01,   1.28952050e+00,
         1.32859933e+00,   1.02881062e+00,  -9.26872551e-01,
         4.91390452e-02,   1.33384252e+00,   1.63266265e+00,
         2.42760539e-01,  -1.53348431e-01,  -4.94705051e-01,
         6.51644051e-01,  -4.32016015e-01,  -3.38652492e-01,
        -1.00195020e-01,   5.64371765e-01,   8.39364588e-01,
        -1.47437423e-01,   1.21661878e+00,  -6.91381097e-01,
         2.01908946e+00,   6.07539177e-01,   9.49915498e-02,
         8.06481659e-01,   2.14371514e+00,  -5.61884880e-01,
        -1.92227766e-01,  -5.85286796e-01,  -9.58399892e-01,
        -1.01271176e+00,   9.49192822e-01,  -1.01179028e+00,
        -1.17420053e+00,   4.47981328e-01,   8.50523233e-01,
        -1.34373343e+00,  -2.14626813e+00,   8.77857506e-01,
        -1.30679679e+00,  -8.48392487e-01,  -3.59185278e-01,
        -4.14567888e-02,   1.14988089e+00,   1.36684167e+00,
         1.55327082e+00], dtype=float32), array([ 1.08398044,  0.02119464, -2.16185999,  0.19051558, -0.4732365 ,
       -1.24967766,  0.03545979, -0.91825241,  0.31561777, -1.36220098,
       -1.05230582, -2.20096493,  0.5981465 , -0.98349476, -0.11512808,
       -0.87055069, -0.16909911,  0.07715394, -0.25791895,  1.93427956,
       -1.11935282,  1.02345526, -0.06562258, -0.68364239, -1.48150098,
        1.3945272 ,  0.92416728, -0.35189936, -0.32912314, -0.56686902,
        1.45067847,  1.17005849, -1.10120702,  0.59314036,  1.71168149,
       -0.54748714,  1.38924992, -1.88229859, -0.31984505,  0.02429166,
        0.0753876 ,  0.45469201,  0.24022442,  0.34649125, -0.18872248,
       -0.01076199, -1.58752394,  0.07876598, -1.73574078, -0.18998627,
       -0.52188617,  0.37514183,  1.25219548, -1.08690429, -0.10931507,
        0.71621627,  1.29250133,  1.33026242,  1.02773988, -0.9224695 ,
        0.04936339,  1.3314966 ,  1.63699532,  0.24314022, -0.15114731,
       -0.50023508,  0.65432578, -0.43069953, -0.33658776, -0.10194314,
        0.56464458,  0.83920604, -0.14688517,  1.21559036, -0.68779027,
        2.02359819,  0.60416591,  0.09786874,  0.80436778,  2.14087844,
       -0.55424708, -0.1925877 , -0.58566827, -0.9661684 , -1.0129714 ,
        0.95085478, -1.0137043 , -1.16740835,  0.44124585,  0.84644955,
       -1.34498906, -2.14587951,  0.87918484, -1.30603433, -0.85471481,
       -0.36182517, -0.04554656,  1.14966619,  1.37153554,  1.5520879 ], dtype=float32), array([  1.07181036e+00,   9.92576964e-03,  -2.17530632e+00,
         1.85422361e-01,  -4.64593291e-01,  -1.22550523e+00,
         3.51625979e-02,  -9.15543735e-01,   3.12409729e-01,
        -1.35088897e+00,  -1.06141376e+00,  -2.19535351e+00,
         5.82857728e-01,  -9.76077497e-01,  -1.27451420e-01,
        -8.57951283e-01,  -1.75174817e-01,   8.46178755e-02,
        -2.64201432e-01,   1.93174708e+00,  -1.12450922e+00,
         1.03008819e+00,  -7.33286068e-02,  -6.85811102e-01,
        -1.48243618e+00,   1.40790796e+00,   9.07327354e-01,
        -3.30558091e-01,  -3.26044828e-01,  -5.79509377e-01,
         1.45292211e+00,   1.17435825e+00,  -1.08730352e+00,
         5.95510840e-01,   1.69580019e+00,  -5.52635312e-01,
         1.37805307e+00,  -1.87802911e+00,  -3.36659044e-01,
         3.83389778e-02,   9.28742662e-02,   4.65575725e-01,
         2.63928801e-01,   3.57604623e-01,  -1.82784036e-01,
        -3.52259260e-04,  -1.58310378e+00,   8.56762901e-02,
        -1.72314870e+00,  -1.84902072e-01,  -5.26723325e-01,
         3.82702678e-01,   1.25153673e+00,  -1.07793510e+00,
        -1.19530722e-01,   7.23974645e-01,   1.28006506e+00,
         1.33605850e+00,   1.03026676e+00,  -9.29633200e-01,
         2.61129234e-02,   1.32235491e+00,   1.65616333e+00,
         2.63233304e-01,  -1.44195214e-01,  -4.96508718e-01,
         6.63245916e-01,  -4.38125879e-01,  -3.36803347e-01,
        -1.13828450e-01,   5.63582361e-01,   8.34538460e-01,
        -1.56533733e-01,   1.23491132e+00,  -6.95389450e-01,
         2.01035810e+00,   6.01470351e-01,   1.01040371e-01,
         7.90864646e-01,   2.12845898e+00,  -5.46396911e-01,
        -1.86133504e-01,  -5.93042612e-01,  -9.65576231e-01,
        -1.00728977e+00,   9.35404897e-01,  -1.01674414e+00,
        -1.16472793e+00,   4.34209347e-01,   8.48817408e-01,
        -1.34886408e+00,  -2.16097784e+00,   8.94690156e-01,
        -1.33061492e+00,  -8.82400095e-01,  -3.81615758e-01,
        -2.05325056e-02,   1.13703954e+00,   1.37713504e+00,
         1.57254469e+00], dtype=float32), array([ 1.08014917,  0.02719046, -2.16711855,  0.18567063, -0.45527259,
       -1.23314595,  0.04181708, -0.91662395,  0.32825026, -1.36397159,
       -1.07696629, -2.20286107,  0.58880019, -0.9596709 , -0.10750818,
       -0.85474533, -0.15871811,  0.08249158, -0.26922143,  1.94642055,
       -1.11559463,  1.01424456, -0.08258053, -0.67738414, -1.49360645,
        1.40096104,  0.89223886, -0.32869941, -0.32812086, -0.56188887,
        1.44771183,  1.1649586 , -1.07625711,  0.57226884,  1.71626997,
       -0.55557674,  1.37540114, -1.879408  , -0.32363546,  0.04608664,
        0.0939045 ,  0.48320976,  0.25285253,  0.3428365 , -0.18331155,
       -0.00450467, -1.56345928,  0.07558464, -1.7449472 , -0.19395903,
       -0.55029142,  0.38082165,  1.26084721, -1.09546685, -0.13161227,
        0.72241712,  1.27828419,  1.31893563,  1.0156889 , -0.93257642,
        0.04014596,  1.31703281,  1.66362417,  0.25860578, -0.12603231,
       -0.47905874,  0.66723347, -0.42923254, -0.34096137, -0.11278313,
        0.57688093,  0.8485558 , -0.13438278,  1.22010374, -0.70337504,
        2.00309777,  0.60085666,  0.1161455 ,  0.76610392,  2.12241197,
       -0.52644777, -0.20238748, -0.59152049, -0.96834588, -1.01069748,
        0.95755595, -1.0176779 , -1.17539406,  0.43244526,  0.84197557,
       -1.36179245, -2.17468524,  0.89478981, -1.3110168 , -0.88729453,
       -0.3780514 , -0.01686899,  1.13283563,  1.37120831,  1.56878853], dtype=float32), array([ 1.08954787,  0.03965276, -2.15901136,  0.1833595 , -0.4447099 ,
       -1.23602521,  0.03565091, -0.897232  ,  0.31455877, -1.3666935 ,
       -1.06167769, -2.19094062,  0.59385824, -0.9669205 , -0.11678046,
       -0.86251163, -0.16276258,  0.0833775 , -0.25413489,  1.95226681,
       -1.11733925,  1.02122641, -0.08510169, -0.69200641, -1.49332142,
        1.4052515 ,  0.900123  , -0.33436772, -0.31611252, -0.55972701,
        1.42900169,  1.15677226, -1.07308638,  0.56525606,  1.71228981,
       -0.56877398,  1.377177  , -1.89251316, -0.32731658,  0.05256619,
        0.1089754 ,  0.48703176,  0.23807251,  0.34276351, -0.19075042,
       -0.00546952, -1.56939626,  0.07960566, -1.73948455, -0.1976587 ,
       -0.56237912,  0.37899038,  1.27567935, -1.09985352, -0.13685104,
        0.7321434 ,  1.2680763 ,  1.31676674,  1.02092397, -0.92998171,
        0.0440644 ,  1.3366648 ,  1.6736387 ,  0.25339547, -0.12313802,
       -0.45858449,  0.67272186, -0.41620135, -0.33947691, -0.10590982,
        0.55528629,  0.84894526, -0.11234315,  1.23557508, -0.70773017,
        2.00353909,  0.6091221 ,  0.11826759,  0.75772262,  2.12319684,
       -0.53440815, -0.20120753, -0.60476041, -0.97170508, -1.01351726,
        0.94728649, -1.04257524, -1.16562486,  0.43900645,  0.83259237,
       -1.36801624, -2.15924001,  0.8783313 , -1.30779397, -0.90711522,
       -0.38042074, -0.0155156 ,  1.1412611 ,  1.3536694 ,  1.56092358], dtype=float32), array([ 1.09193683,  0.04042091, -2.16183281,  0.18478444, -0.4411267 ,
       -1.23574805,  0.03985671, -0.90066659,  0.31395364, -1.37175918,
       -1.06305504, -2.19315767,  0.5886749 , -0.96376586, -0.11609579,
       -0.86242753, -0.15829553,  0.08713715, -0.25303331,  1.95394111,
       -1.11778319,  1.018767  , -0.08176736, -0.68821514, -1.49350214,
        1.40484416,  0.89723623, -0.34089118, -0.31765929, -0.5526346 ,
        1.42273092,  1.15834892, -1.07855308,  0.56311214,  1.71022868,
       -0.56268537,  1.37370741, -1.89453447, -0.32330731,  0.0549623 ,
        0.10906025,  0.48723558,  0.23984331,  0.34228918, -0.19636907,
       -0.00794975, -1.56975293,  0.08103857, -1.74642837, -0.20044324,
       -0.5594877 ,  0.37263703,  1.26826417, -1.09874833, -0.14033611,
        0.72890615,  1.27256632,  1.31630182,  1.01865566, -0.92842609,
        0.04450467,  1.338063  ,  1.66724277,  0.25339127, -0.11925633,
       -0.45874643,  0.67312479, -0.4112075 , -0.34036118, -0.10765857,
        0.55633855,  0.84576553, -0.10985491,  1.2295289 , -0.70700514,
        2.00609517,  0.61491156,  0.1151178 ,  0.76201302,  2.12728882,
       -0.53725803, -0.20301874, -0.60593802, -0.97085935, -1.01647627,
        0.94538522, -1.04515207, -1.16078758,  0.44008118,  0.83518153,
       -1.37020957, -2.15967369,  0.88362825, -1.29831719, -0.90441012,
       -0.378566  , -0.01337557,  1.13835967,  1.35724115,  1.56386793], dtype=float32), array([ 1.08659971,  0.02887104, -2.16076303,  0.19280635, -0.43418926,
       -1.23232424,  0.0460204 , -0.90135682,  0.31324127, -1.37184346,
       -1.0662334 , -2.19099569,  0.58026361, -0.9705382 , -0.11217263,
       -0.8658424 , -0.16570218,  0.09299231, -0.26593035,  1.95616281,
       -1.12698948,  1.0269134 , -0.07620382, -0.6897372 , -1.48199701,
        1.40610707,  0.88634986, -0.33260423, -0.32872784, -0.55012375,
        1.41182971,  1.14947903, -1.07700205,  0.57349807,  1.71346235,
       -0.57165462,  1.35670412, -1.88912976, -0.31927538,  0.054075  ,
        0.10914423,  0.49051458,  0.22646472,  0.33966503, -0.19706115,
       -0.00449387, -1.56933045,  0.09586013, -1.76014662, -0.20477311,
       -0.55547446,  0.37178689,  1.26976407, -1.09889174, -0.1376314 ,
        0.74241275,  1.2743969 ,  1.31847847,  1.02895272, -0.93052977,
        0.0578065 ,  1.33583629,  1.66724205,  0.24945326, -0.11935964,
       -0.45763233,  0.6727913 , -0.41606477, -0.34824854, -0.10329749,
        0.56881541,  0.83631688, -0.09527722,  1.23250031, -0.70593596,
        2.00608945,  0.62865669,  0.11428118,  0.77286845,  2.12725258,
       -0.54395509, -0.20685764, -0.61195517, -0.96634835, -1.01719272,
        0.9383263 , -1.04270792, -1.17177188,  0.42881355,  0.82919067,
       -1.37269855, -2.14500928,  0.88205725, -1.29612637, -0.90379208,
       -0.38409272, -0.01542962,  1.14086986,  1.36038065,  1.57105827], dtype=float32), array([ 1.08097565,  0.03173925, -2.16367245,  0.19626336, -0.43157655,
       -1.23171842,  0.03457688, -0.91341364,  0.32218891, -1.36964619,
       -1.04980063, -2.1867559 ,  0.59234285, -0.95798773, -0.10990937,
       -0.86235154, -0.16449273,  0.08842357, -0.28740668,  1.95308983,
       -1.14477217,  1.01942384, -0.07361295, -0.69829613, -1.46642613,
        1.39010131,  0.8710376 , -0.32212058, -0.31309319, -0.54033494,
        1.40951729,  1.13883972, -1.0900017 ,  0.58258468,  1.72130167,
       -0.58788186,  1.36173713, -1.90363312, -0.31932253,  0.05412725,
        0.10265879,  0.48878777,  0.22918774,  0.34826815, -0.18463746,
       -0.00545131, -1.5626421 ,  0.10463979, -1.75459981, -0.20459123,
       -0.55474275,  0.38102096,  1.27296615, -1.10398543, -0.12664473,
        0.73833734,  1.26136971,  1.32332647,  1.03458154, -0.94541717,
        0.05983923,  1.31523025,  1.6700964 ,  0.25585514, -0.12444142,
       -0.47583354,  0.68063992, -0.44208992, -0.34335431, -0.1105969 ,
        0.58123702,  0.81977195, -0.09946321,  1.23897302, -0.70400512,
        2.00884819,  0.62852728,  0.12005364,  0.77069205,  2.11122966,
       -0.54571825, -0.20683199, -0.60810685, -0.96859723, -1.01790798,
        0.95223695, -1.02440667, -1.1866672 ,  0.43307763,  0.8193934 ,
       -1.36773586, -2.1486814 ,  0.88006872, -1.2940104 , -0.89191258,
       -0.38029757, -0.01852255,  1.15202153,  1.36740863,  1.59150577], dtype=float32), array([ 1.07896149,  0.03321034, -2.16470575,  0.19736744, -0.43083116,
       -1.23041141,  0.03577271, -0.91231585,  0.32440391, -1.37214065,
       -1.04835415, -2.18433022,  0.58989859, -0.95608199, -0.11204375,
       -0.86426729, -0.1597084 ,  0.0870683 , -0.28343022,  1.95271528,
       -1.14468253,  1.01990712, -0.07506571, -0.69975573, -1.46651542,
        1.39384687,  0.87311494, -0.32550544, -0.30691481, -0.54271448,
        1.40387583,  1.13818145, -1.08890009,  0.58278561,  1.72286117,
       -0.59144235,  1.35796332, -1.90400386, -0.31949121,  0.05528606,
        0.0973544 ,  0.48844633,  0.22988006,  0.35555324, -0.18964666,
       -0.0045655 , -1.56394958,  0.1064986 , -1.75540042, -0.20249011,
       -0.55010802,  0.38237774,  1.27131534, -1.11210632, -0.13032982,
        0.74094021,  1.2638613 ,  1.32389224,  1.03127849, -0.94479412,
        0.0621319 ,  1.31667054,  1.67097139,  0.25368893, -0.12056976,
       -0.47767892,  0.68550164, -0.44162008, -0.34711975, -0.11059797,
        0.57667112,  0.81748718, -0.09697501,  1.23733783, -0.70014054,
        2.01331258,  0.63045442,  0.12211603,  0.76871395,  2.11224461,
       -0.54408711, -0.20272093, -0.6082201 , -0.96828812, -1.01837838,
        0.94939393, -1.02607703, -1.18438506,  0.43067306,  0.81969869,
       -1.3708266 , -2.14792347,  0.87742025, -1.29346573, -0.89351165,
       -0.37731099, -0.02079191,  1.1448828 ,  1.36780858,  1.59189534], dtype=float32), array([ 1.07777596,  0.0233011 , -2.16653275,  0.19969882, -0.43008032,
       -1.22099352,  0.03449788, -0.91540956,  0.3288835 , -1.37636435,
       -1.04685402, -2.18257713,  0.59069705, -0.94942236, -0.11785776,
       -0.8635996 , -0.15889689,  0.0858066 , -0.27820402,  1.95315659,
       -1.14482367,  1.01754665, -0.0750562 , -0.69860399, -1.46126616,
        1.39141834,  0.87179404, -0.32812321, -0.30505678, -0.54151368,
        1.40691173,  1.13876998, -1.0974443 ,  0.58463132,  1.72137642,
       -0.58731019,  1.35442972, -1.90815175, -0.32252115,  0.05613187,
        0.10067675,  0.49657598,  0.2299829 ,  0.35573101, -0.1896964 ,
       -0.00785382, -1.56806052,  0.10696825, -1.7533313 , -0.20154276,
       -0.54877079,  0.3822417 ,  1.26753843, -1.11090541, -0.1346315 ,
        0.73771131,  1.26768255,  1.31990707,  1.03480911, -0.94649523,
        0.05554925,  1.31852674,  1.66820347,  0.25515059, -0.11788259,
       -0.48314768,  0.68549258, -0.43758556, -0.35428834, -0.11262386,
        0.57800817,  0.80549645, -0.09837686,  1.23245966, -0.7040776 ,
        2.02120829,  0.62631196,  0.12193921,  0.77114993,  2.11366963,
       -0.55069119, -0.20207864, -0.60603225, -0.97287202, -1.02109253,
        0.94846725, -1.02464354, -1.18220341,  0.43215838,  0.82462072,
       -1.3698262 , -2.14374375,  0.88046706, -1.29292965, -0.88371813,
       -0.3715246 , -0.02059661,  1.14233041,  1.37565887,  1.59436631], dtype=float32), array([  1.08502543e+00,   3.62932533e-02,  -2.15532541e+00,
         2.05819041e-01,  -4.28831726e-01,  -1.22399294e+00,
         5.68813793e-02,  -9.14825916e-01,   3.41060102e-01,
        -1.38458431e+00,  -1.06247592e+00,  -2.19708037e+00,
         5.86056232e-01,  -9.35604095e-01,  -1.07741952e-01,
        -8.67544472e-01,  -1.41524270e-01,   9.11505893e-02,
        -2.90044814e-01,   1.97763097e+00,  -1.14520943e+00,
         9.99528170e-01,  -7.73948580e-02,  -6.79109991e-01,
        -1.48168409e+00,   1.38470912e+00,   8.46957207e-01,
        -3.39199632e-01,  -3.01314116e-01,  -5.18538892e-01,
         1.37765133e+00,   1.11696017e+00,  -1.08350384e+00,
         5.61027169e-01,   1.75540495e+00,  -5.88872135e-01,
         1.35614204e+00,  -1.92580807e+00,  -3.10178190e-01,
         6.91562444e-02,   1.03184186e-01,   5.13427734e-01,
         2.32219547e-01,   3.43563616e-01,  -1.95332751e-01,
        -1.61780585e-02,  -1.54424608e+00,   9.10027549e-02,
        -1.78568566e+00,  -2.27768451e-01,  -5.57165086e-01,
         3.73767883e-01,   1.27397120e+00,  -1.13862991e+00,
        -1.29972860e-01,   7.39507675e-01,   1.28309965e+00,
         1.31629956e+00,   1.01149368e+00,  -9.32434678e-01,
         8.57746452e-02,   1.30914700e+00,   1.67547321e+00,
         2.57109195e-01,  -9.73717123e-02,  -4.72077101e-01,
         7.04368770e-01,  -4.34544623e-01,  -3.59281451e-01,
        -1.21204302e-01,   5.74461639e-01,   8.02947581e-01,
        -8.51272643e-02,   1.21916723e+00,  -7.01672316e-01,
         2.01217151e+00,   6.32688999e-01,   1.23565778e-01,
         7.49715447e-01,   2.10190725e+00,  -5.23835838e-01,
        -2.14132398e-01,  -6.15133405e-01,  -9.72047329e-01,
        -1.01815915e+00,   9.54341233e-01,  -1.02934456e+00,
        -1.18399405e+00,   4.27819014e-01,   8.17380488e-01,
        -1.37846637e+00,  -2.15731072e+00,   8.93841505e-01,
        -1.26172721e+00,  -8.85309398e-01,  -3.60644430e-01,
         1.31215726e-03,   1.12885427e+00,   1.36581707e+00,
         1.59233177e+00], dtype=float32), array([  1.08089089e+00,   3.02733071e-02,  -2.13908553e+00,
         2.05845937e-01,  -4.22914326e-01,  -1.23088038e+00,
         5.48226424e-02,  -9.22326148e-01,   3.47720653e-01,
        -1.39507186e+00,  -1.05570936e+00,  -2.20150304e+00,
         5.77995241e-01,  -9.12879467e-01,  -9.92340818e-02,
        -8.72658014e-01,  -1.22304179e-01,   8.75407159e-02,
        -2.84543991e-01,   1.98073626e+00,  -1.13270688e+00,
         9.94929910e-01,  -8.97816420e-02,  -6.84189975e-01,
        -1.50412643e+00,   1.37894201e+00,   8.38914454e-01,
        -3.47193867e-01,  -2.97473729e-01,  -5.16139746e-01,
         1.36622739e+00,   1.11225998e+00,  -1.09546411e+00,
         5.47002435e-01,   1.75968599e+00,  -6.01189137e-01,
         1.35032225e+00,  -1.92407739e+00,  -2.94469476e-01,
         6.62854537e-02,   9.36794877e-02,   5.19609511e-01,
         2.13547036e-01,   3.58377218e-01,  -1.80856138e-01,
        -2.45554280e-02,  -1.53867137e+00,   8.11617374e-02,
        -1.79894197e+00,  -2.21139610e-01,  -5.65773070e-01,
         3.71854126e-01,   1.27028048e+00,  -1.14616811e+00,
        -1.31451294e-01,   7.24164426e-01,   1.30500925e+00,
         1.31905258e+00,   9.94162142e-01,  -9.32777822e-01,
         8.88407454e-02,   1.30433309e+00,   1.67399132e+00,
         2.53906816e-01,  -8.68296176e-02,  -4.57928687e-01,
         7.07343757e-01,  -4.27505374e-01,  -3.65087867e-01,
        -1.24430537e-01,   5.75070143e-01,   8.13562334e-01,
        -8.27677697e-02,   1.21604836e+00,  -6.94460511e-01,
         2.02483177e+00,   6.27320766e-01,   1.41993284e-01,
         7.34669030e-01,   2.11236143e+00,  -5.10474384e-01,
        -2.03365460e-01,  -6.10554039e-01,  -9.76210833e-01,
        -1.02307403e+00,   9.63604391e-01,  -1.02292836e+00,
        -1.17763340e+00,   4.07682717e-01,   8.21461856e-01,
        -1.39046311e+00,  -2.16112494e+00,   9.00488853e-01,
        -1.24880362e+00,  -8.73298645e-01,  -3.62369388e-01,
        -1.30746316e-03,   1.12289870e+00,   1.37257230e+00,
         1.59260225e+00], dtype=float32), array([  1.08499753e+00,   4.02973033e-02,  -2.14508605e+00,
         2.01698273e-01,  -4.21854019e-01,  -1.23021066e+00,
         6.03209250e-02,  -9.21501935e-01,   3.50010425e-01,
        -1.39527357e+00,  -1.05768085e+00,  -2.19346976e+00,
         5.80425560e-01,  -9.18341815e-01,  -1.08123071e-01,
        -8.68594468e-01,  -1.21773273e-01,   8.12380314e-02,
        -2.96171278e-01,   1.97549307e+00,  -1.13952506e+00,
         9.99590874e-01,  -9.08472836e-02,  -6.82709217e-01,
        -1.50757229e+00,   1.38434625e+00,   8.36149573e-01,
        -3.34572762e-01,  -2.87097245e-01,  -5.16167879e-01,
         1.36800456e+00,   1.11567616e+00,  -1.07972872e+00,
         5.46346128e-01,   1.74966085e+00,  -6.03708208e-01,
         1.34542620e+00,  -1.92822611e+00,  -2.95183778e-01,
         5.88457920e-02,   9.33058709e-02,   5.13103604e-01,
         2.17203394e-01,   3.52118373e-01,  -1.83261961e-01,
        -3.19196768e-02,  -1.54328811e+00,   7.94742852e-02,
        -1.79416728e+00,  -2.23178998e-01,  -5.49058735e-01,
         3.77744615e-01,   1.27198601e+00,  -1.15268397e+00,
        -1.28903404e-01,   7.12818623e-01,   1.30353701e+00,
         1.32237685e+00,   9.97767985e-01,  -9.25200045e-01,
         8.45929086e-02,   1.29881442e+00,   1.68393457e+00,
         2.49749541e-01,  -8.23137686e-02,  -4.71012712e-01,
         7.13796616e-01,  -4.25792694e-01,  -3.52538556e-01,
        -1.37532979e-01,   5.76408029e-01,   8.13977718e-01,
        -8.50135610e-02,   1.22176039e+00,  -6.90067470e-01,
         2.02909994e+00,   6.14025950e-01,   1.51499212e-01,
         7.23593652e-01,   2.10572624e+00,  -5.04695177e-01,
        -1.96548641e-01,  -6.07629597e-01,  -9.84467566e-01,
        -1.02089906e+00,   9.64016497e-01,  -1.02397645e+00,
        -1.16511047e+00,   3.97928536e-01,   8.18772495e-01,
        -1.38812327e+00,  -2.16252017e+00,   9.05157268e-01,
        -1.25557435e+00,  -8.81179154e-01,  -3.68929952e-01,
        -1.08575041e-03,   1.12921107e+00,   1.38455653e+00,
         1.59350741e+00], dtype=float32), array([  1.08558524e+00,   4.35387418e-02,  -2.14932251e+00,
         1.97694167e-01,  -4.19572711e-01,  -1.23147833e+00,
         5.72282784e-02,  -9.20898199e-01,   3.54588121e-01,
        -1.39268899e+00,  -1.05160499e+00,  -2.19750953e+00,
         5.81617832e-01,  -9.19136524e-01,  -1.09272815e-01,
        -8.68084431e-01,  -1.19034797e-01,   8.07863548e-02,
        -2.95115322e-01,   1.97138739e+00,  -1.13671219e+00,
         9.99985993e-01,  -8.92176628e-02,  -6.85159266e-01,
        -1.51469862e+00,   1.38235950e+00,   8.38019133e-01,
        -3.41249585e-01,  -2.86388665e-01,  -5.15563488e-01,
         1.36357176e+00,   1.12124503e+00,  -1.08166027e+00,
         5.45706153e-01,   1.74858820e+00,  -6.08735025e-01,
         1.34442914e+00,  -1.92403114e+00,  -2.91642755e-01,
         5.58458306e-02,   9.54378545e-02,   5.12594461e-01,
         2.15855137e-01,   3.57199550e-01,  -1.85072884e-01,
        -3.85686010e-02,  -1.54446816e+00,   7.37964511e-02,
        -1.79115558e+00,  -2.16723070e-01,  -5.46591043e-01,
         3.77116114e-01,   1.26990366e+00,  -1.15445161e+00,
        -1.26337960e-01,   7.02982962e-01,   1.30329299e+00,
         1.32756257e+00,   1.00070548e+00,  -9.25318480e-01,
         8.86722580e-02,   1.30066717e+00,   1.68218875e+00,
         2.51765996e-01,  -8.14714208e-02,  -4.75249618e-01,
         7.14378059e-01,  -4.32955652e-01,  -3.50107223e-01,
        -1.38891131e-01,   5.74558377e-01,   8.13720167e-01,
        -8.07322636e-02,   1.22470307e+00,  -6.84904158e-01,
         2.03495121e+00,   6.10965192e-01,   1.53590217e-01,
         7.18311846e-01,   2.10812879e+00,  -5.05623102e-01,
        -1.93775505e-01,  -6.06849551e-01,  -9.82847631e-01,
        -1.02440274e+00,   9.65146422e-01,  -1.02113068e+00,
        -1.16336513e+00,   3.95026207e-01,   8.18185091e-01,
        -1.38816071e+00,  -2.16360354e+00,   9.01202619e-01,
        -1.25332773e+00,  -8.78708243e-01,  -3.66543233e-01,
         1.80233095e-03,   1.12755144e+00,   1.38338959e+00,
         1.59258771e+00], dtype=float32), array([ 1.0528903 ,  0.00295935, -2.17550683,  0.21682884, -0.39131194,
       -1.23427498,  0.05009744, -0.92565638,  0.36844286, -1.39601254,
       -1.05781043, -2.15904713,  0.57250726, -0.92814815, -0.0676083 ,
       -0.8461349 , -0.12112291,  0.06764071, -0.30878428,  1.95535338,
       -1.10835373,  1.00308025, -0.08794614, -0.68332034, -1.48244035,
        1.36380243,  0.84150368, -0.32359117, -0.31013995, -0.51505136,
        1.39644659,  1.13221407, -1.0905906 ,  0.55332512,  1.72931397,
       -0.6094178 ,  1.34319186, -1.91764486, -0.30221096,  0.08017994,
        0.07265785,  0.51251709,  0.19577023,  0.34451166, -0.19015399,
       -0.02565317, -1.5696243 ,  0.10578051, -1.81052947, -0.22180711,
       -0.55656409,  0.38028625,  1.27167857, -1.1418581 , -0.14167181,
        0.69355059,  1.28080225,  1.34676826,  1.01244152, -0.93679458,
        0.07884233,  1.2960881 ,  1.68494165,  0.24054761, -0.08524407,
       -0.47593069,  0.70299858, -0.39900416, -0.38048515, -0.15028825,
        0.60039258,  0.80488545, -0.07384001,  1.22037101, -0.69711244,
        2.04891467,  0.61051106,  0.12028409,  0.73371577,  2.14209032,
       -0.49952611, -0.18995705, -0.58898515, -0.98851359, -1.03588653,
        0.95507056, -1.01579976, -1.15357482,  0.36989927,  0.83928901,
       -1.35316586, -2.17111087,  0.90805006, -1.28601623, -0.85369682,
       -0.36148173, -0.01452984,  1.13241184,  1.36998117,  1.60510361], dtype=float32), array([ 1.04798543, -0.0029176 , -2.17551708,  0.23049584, -0.37375343,
       -1.23121524,  0.04748654, -0.93468702,  0.36883885, -1.39735997,
       -1.06585717, -2.14967513,  0.56389302, -0.92964113, -0.06452985,
       -0.84702843, -0.12068205,  0.06688083, -0.31019711,  1.95539522,
       -1.10147452,  1.00376534, -0.08835982, -0.67905617, -1.48556483,
        1.36749291,  0.84042221, -0.317689  , -0.31614804, -0.50983298,
        1.40657032,  1.13820779, -1.09195638,  0.56178069,  1.72130406,
       -0.60859734,  1.34273887, -1.91875231, -0.30958945,  0.08232269,
        0.07051276,  0.52210498,  0.18851075,  0.33856258, -0.18576621,
       -0.02164549, -1.57552707,  0.10665579, -1.81517708, -0.22269166,
       -0.56015611,  0.38121253,  1.27163172, -1.13981032, -0.14813352,
        0.69821024,  1.27461302,  1.34625673,  1.01312149, -0.92989749,
        0.06341536,  1.29750657,  1.68403995,  0.24044716, -0.08634701,
       -0.48513567,  0.70348758, -0.39435279, -0.38515446, -0.16407226,
        0.60084176,  0.79853266, -0.07855523,  1.22350216, -0.70044702,
        2.05113816,  0.62141365,  0.13684851,  0.73061252,  2.14222693,
       -0.50041127, -0.18875916, -0.58599854, -0.9901939 , -1.03298831,
        0.95390069, -1.02043653, -1.15031362,  0.37035939,  0.83094585,
       -1.34316111, -2.17175817,  0.91585255, -1.28578174, -0.85515708,
       -0.36211571, -0.01258553,  1.13500404,  1.36254203,  1.60302162], dtype=float32), array([  1.04705775e+00,  -1.73832243e-03,  -2.17167473e+00,
         2.31193036e-01,  -3.71764094e-01,  -1.23089409e+00,
         4.75034341e-02,  -9.33089256e-01,   3.68775457e-01,
        -1.39839435e+00,  -1.06647313e+00,  -2.14855766e+00,
         5.59285164e-01,  -9.36067879e-01,  -6.43892735e-02,
        -8.45447958e-01,  -1.20824464e-01,   6.64061159e-02,
        -3.08742225e-01,   1.95937049e+00,  -1.10309076e+00,
         1.00357676e+00,  -8.76311436e-02,  -6.82237267e-01,
        -1.48845446e+00,   1.36831975e+00,   8.40974927e-01,
        -3.20243448e-01,  -3.18184972e-01,  -5.05826056e-01,
         1.40533078e+00,   1.13840377e+00,  -1.08789515e+00,
         5.58361590e-01,   1.72142375e+00,  -6.14765465e-01,
         1.34136236e+00,  -1.91600740e+00,  -3.09168041e-01,
         8.27137530e-02,   7.28977472e-02,   5.25109351e-01,
         1.85276479e-01,   3.35274398e-01,  -1.86928004e-01,
        -2.34037470e-02,  -1.57768548e+00,   1.07556731e-01,
        -1.81682909e+00,  -2.22661123e-01,  -5.63903987e-01,
         3.79206538e-01,   1.27300811e+00,  -1.13813138e+00,
        -1.47446647e-01,   6.99313939e-01,   1.27054644e+00,
         1.34514654e+00,   1.01558208e+00,  -9.32346404e-01,
         6.79468885e-02,   1.30349195e+00,   1.68172157e+00,
         2.39156947e-01,  -8.54313523e-02,  -4.78314400e-01,
         7.04401851e-01,  -3.93191010e-01,  -3.83644521e-01,
        -1.60470858e-01,   6.00653529e-01,   7.99280167e-01,
        -6.85255751e-02,   1.22497714e+00,  -7.00014293e-01,
         2.05008864e+00,   6.27229750e-01,   1.36216074e-01,
         7.27122843e-01,   2.14604092e+00,  -5.00119328e-01,
        -1.91329256e-01,  -5.86627126e-01,  -9.91432726e-01,
        -1.03606462e+00,   9.48671997e-01,  -1.02357912e+00,
        -1.15352488e+00,   3.71331185e-01,   8.31669390e-01,
        -1.34520602e+00,  -2.16848588e+00,   9.12797868e-01,
        -1.28170240e+00,  -8.57675552e-01,  -3.60438466e-01,
        -1.14991106e-02,   1.13671958e+00,   1.36022449e+00,
         1.59945714e+00], dtype=float32), array([  1.04318690e+00,   4.40840959e-04,  -2.16962647e+00,
         2.36078933e-01,  -3.70803982e-01,  -1.23252809e+00,
         4.78708036e-02,  -9.36686218e-01,   3.67535233e-01,
        -1.40272486e+00,  -1.06503534e+00,  -2.14440107e+00,
         5.60970128e-01,  -9.30312753e-01,  -6.64433092e-02,
        -8.49134326e-01,  -1.15989380e-01,   5.85687794e-02,
        -3.08103859e-01,   1.95961738e+00,  -1.09792244e+00,
         9.98965263e-01,  -9.06676352e-02,  -6.72993422e-01,
        -1.48828185e+00,   1.37060964e+00,   8.40919912e-01,
        -3.26332957e-01,  -3.18391681e-01,  -5.03553808e-01,
         1.40192378e+00,   1.13701093e+00,  -1.09276831e+00,
         5.62860548e-01,   1.72490633e+00,  -6.15324020e-01,
         1.34380305e+00,  -1.92520523e+00,  -3.08855891e-01,
         8.68526697e-02,   6.76901117e-02,   5.28236747e-01,
         1.86614692e-01,   3.37522268e-01,  -1.80539072e-01,
        -2.98138633e-02,  -1.57581413e+00,   1.07287161e-01,
        -1.81693637e+00,  -2.26674676e-01,  -5.65076113e-01,
         3.78968298e-01,   1.27669573e+00,  -1.13864172e+00,
        -1.53910920e-01,   6.97246790e-01,   1.27712178e+00,
         1.35525572e+00,   1.00862467e+00,  -9.30340230e-01,
         7.18587115e-02,   1.30179191e+00,   1.68074441e+00,
         2.36572608e-01,  -9.09597203e-02,  -4.78706926e-01,
         7.03655839e-01,  -3.83187056e-01,  -3.87011379e-01,
        -1.60514593e-01,   6.05191410e-01,   7.91197062e-01,
        -7.43790045e-02,   1.22323334e+00,  -7.03054488e-01,
         2.05174279e+00,   6.29524529e-01,   1.35152012e-01,
         7.22588480e-01,   2.14428854e+00,  -4.97881502e-01,
        -1.90712899e-01,  -5.83688736e-01,  -9.90266681e-01,
        -1.03670859e+00,   9.51406896e-01,  -1.02043998e+00,
        -1.14399278e+00,   3.73104155e-01,   8.28949332e-01,
        -1.35000920e+00,  -2.16914201e+00,   9.13728654e-01,
        -1.27903688e+00,  -8.61430943e-01,  -3.60933900e-01,
        -8.49121064e-03,   1.13470542e+00,   1.35774624e+00,
         1.59981620e+00], dtype=float32), array([ 1.04640007,  0.00809364, -2.16099215,  0.23766866, -0.36970201,
       -1.23011649,  0.04694837, -0.94342208,  0.36768788, -1.39808583,
       -1.05812728, -2.13850856,  0.55802375, -0.92680985, -0.06065326,
       -0.85490811, -0.11387119,  0.06220144, -0.30379659,  1.96167946,
       -1.10245609,  1.00431359, -0.0962878 , -0.6700542 , -1.49125493,
        1.36335778,  0.83098847, -0.32209507, -0.3142927 , -0.50520289,
        1.40717232,  1.14486337, -1.09927499,  0.55874449,  1.72913051,
       -0.61471117,  1.33730197, -1.9314276 , -0.30694196,  0.09112544,
        0.06210132,  0.52402383,  0.1814961 ,  0.34295616, -0.19140816,
       -0.03131874, -1.57481313,  0.09840528, -1.82074594, -0.22475559,
       -0.56403357,  0.37376362,  1.28084874, -1.14412975, -0.16483949,
        0.68594313,  1.2803967 ,  1.35543704,  1.01338029, -0.9195956 ,
        0.07348676,  1.30842793,  1.68917644,  0.23903784, -0.08410369,
       -0.47194028,  0.7077812 , -0.38657519, -0.39613366, -0.16204278,
        0.60586101,  0.79045415, -0.07884727,  1.2217114 , -0.7011919 ,
        2.04632878,  0.62679583,  0.12705624,  0.71453559,  2.15260005,
       -0.50322986, -0.18657319, -0.57898617, -0.98977983, -1.04164732,
        0.9518196 , -1.02629805, -1.12978947,  0.36713731,  0.83826989,
       -1.35291624, -2.16940713,  0.91955256, -1.27180707, -0.85606593,
       -0.36556298, -0.01556848,  1.13717365,  1.35281956,  1.59262073], dtype=float32), array([ 1.06110299,  0.00466898, -2.15889955,  0.22143592, -0.39232895,
       -1.24508572,  0.04192919, -0.94133651,  0.36122191, -1.39846289,
       -1.06668258, -2.14736509,  0.56694281, -0.93631226, -0.07199763,
       -0.85140711, -0.11098617,  0.07655896, -0.29769176,  1.96730411,
       -1.1063025 ,  1.01239192, -0.09442729, -0.66220653, -1.49588692,
        1.36314118,  0.8535459 , -0.33031595, -0.31576332, -0.50667495,
        1.4145546 ,  1.14119494, -1.09193492,  0.54748994,  1.72663224,
       -0.60773319,  1.32739735, -1.90732718, -0.31093881,  0.07218919,
        0.0732475 ,  0.51663369,  0.19792753,  0.32033831, -0.19458932,
       -0.03583246, -1.55938935,  0.08264859, -1.82311058, -0.2154503 ,
       -0.55445528,  0.38275391,  1.27069736, -1.15178549, -0.16331072,
        0.67565227,  1.30808115,  1.32898784,  1.01724517, -0.90504479,
        0.07041013,  1.30693638,  1.68385756,  0.22240087, -0.07872757,
       -0.47424096,  0.7035746 , -0.38576779, -0.38954213, -0.17078099,
        0.60044837,  0.8021518 , -0.08362418,  1.20951366, -0.70283413,
        2.05452514,  0.62832117,  0.1155805 ,  0.73641461,  2.16139317,
       -0.49829397, -0.20019299, -0.573008  , -0.99263567, -1.03110301,
        0.95304662, -1.03372991, -1.12991786,  0.38048783,  0.8421486 ,
       -1.35197949, -2.167032  ,  0.9182384 , -1.2703445 , -0.8477388 ,
       -0.35503134, -0.02360729,  1.14606261,  1.36520004,  1.57654166], dtype=float32), array([  1.05864441e+00,   2.14304216e-03,  -2.15342760e+00,
         2.23371714e-01,  -3.86403471e-01,  -1.24457192e+00,
         4.44033332e-02,  -9.37058210e-01,   3.54965508e-01,
        -1.40295005e+00,  -1.06852067e+00,  -2.14145231e+00,
         5.63556015e-01,  -9.45093095e-01,  -7.13861510e-02,
        -8.48758876e-01,  -1.11896083e-01,   7.64029622e-02,
        -2.93218225e-01,   1.96673191e+00,  -1.10104954e+00,
         1.01355517e+00,  -9.25294310e-02,  -6.59624100e-01,
        -1.49589396e+00,   1.36283529e+00,   8.54054034e-01,
        -3.39210004e-01,  -3.17147762e-01,  -5.06152511e-01,
         1.41760898e+00,   1.13131666e+00,  -1.09282124e+00,
         5.42222500e-01,   1.72197080e+00,  -6.11714840e-01,
         1.32552803e+00,  -1.90246093e+00,  -3.05891335e-01,
         8.52363333e-02,   7.85872936e-02,   5.19317627e-01,
         1.84772730e-01,   3.15975398e-01,  -1.94083229e-01,
        -3.50632705e-02,  -1.55938780e+00,   9.13622901e-02,
        -1.82641089e+00,  -2.12123185e-01,  -5.58607697e-01,
         3.74384910e-01,   1.27431536e+00,  -1.14840078e+00,
        -1.61541581e-01,   6.80928409e-01,   1.30965567e+00,
         1.33125472e+00,   1.02245915e+00,  -9.13452089e-01,
         7.65384436e-02,   1.31468439e+00,   1.69134569e+00,
         2.18188211e-01,  -7.84248933e-02,  -4.59334731e-01,
         7.07042992e-01,  -3.87275904e-01,  -3.93516392e-01,
        -1.70673519e-01,   5.93568265e-01,   8.08714688e-01,
        -7.88448676e-02,   1.21826208e+00,  -7.06601083e-01,
         2.04777861e+00,   6.37683809e-01,   1.13872908e-01,
         7.29358912e-01,   2.16931701e+00,  -4.87146288e-01,
        -1.96795896e-01,  -5.72947621e-01,  -9.97462571e-01,
        -1.03711903e+00,   9.57654297e-01,  -1.04531026e+00,
        -1.13147616e+00,   3.67957652e-01,   8.44514966e-01,
        -1.35365748e+00,  -2.15905666e+00,   9.13158238e-01,
        -1.28094316e+00,  -8.49277973e-01,  -3.61536086e-01,
        -2.21452396e-02,   1.14306998e+00,   1.36119854e+00,
         1.56637907e+00], dtype=float32), array([ 1.06257558,  0.00665021, -2.15456009,  0.22256543, -0.38833693,
       -1.24501824,  0.04479139, -0.93394238,  0.35265219, -1.40396774,
       -1.07018602, -2.14432383,  0.56377035, -0.94446766, -0.07306306,
       -0.84925669, -0.11025599,  0.07831977, -0.29377255,  1.96653891,
       -1.09927571,  1.01424718, -0.09455512, -0.66045946, -1.49818861,
        1.36381841,  0.85660875, -0.33685532, -0.31206405, -0.50714171,
        1.41555548,  1.13215292, -1.08796179,  0.53968936,  1.72197449,
       -0.60943484,  1.32457876, -1.89970767, -0.30208978,  0.08176618,
        0.07995135,  0.5148595 ,  0.18464592,  0.31598499, -0.19668458,
       -0.03985362, -1.56037712,  0.08803347, -1.82641995, -0.21257977,
       -0.55292428,  0.37651414,  1.27347493, -1.1511898 , -0.15941738,
        0.6778667 ,  1.31182885,  1.33163249,  1.02249205, -0.91030467,
        0.07562394,  1.31314349,  1.69280875,  0.21858989, -0.07764538,
       -0.46333215,  0.70857251, -0.38706052, -0.3905074 , -0.17179602,
        0.59323382,  0.80920923, -0.07926314,  1.21738374, -0.70461059,
        2.05054426,  0.63470447,  0.11564775,  0.728001  ,  2.16680169,
       -0.48372561, -0.19616526, -0.57308125, -1.00094676, -1.03701842,
        0.95817703, -1.04604328, -1.12780738,  0.36503303,  0.84148788,
       -1.35464871, -2.1589458 ,  0.91290432, -1.28065348, -0.85256547,
       -0.36343989, -0.0245462 ,  1.14390671,  1.36506236,  1.56606436], dtype=float32), array([ 1.05604517,  0.00918138, -2.15346384,  0.22244073, -0.38278508,
       -1.2387017 ,  0.04263243, -0.93559015,  0.35577276, -1.4018774 ,
       -1.06686199, -2.14375997,  0.56448823, -0.94925958, -0.07555763,
       -0.84655684, -0.11181286,  0.08036479, -0.28612569,  1.96681392,
       -1.10068524,  1.01649463, -0.08634489, -0.66497982, -1.50045955,
        1.36429012,  0.85979903, -0.33536258, -0.31621671, -0.50739372,
        1.41877568,  1.13413405, -1.0846262 ,  0.54949045,  1.71703744,
       -0.61357367,  1.32700622, -1.89698887, -0.30818194,  0.08707294,
        0.07750315,  0.51422435,  0.18674064,  0.31500879, -0.20059018,
       -0.03441267, -1.56422567,  0.08732321, -1.82861352, -0.21233502,
       -0.55597949,  0.37775612,  1.27372038, -1.14991665, -0.16191597,
        0.68628883,  1.30829239,  1.33528817,  1.01711774, -0.90940213,
        0.07149982,  1.30621994,  1.6927669 ,  0.22052608, -0.08403077,
       -0.46205747,  0.70908076, -0.39097103, -0.3854531 , -0.17080246,
        0.59611654,  0.80438155, -0.08189029,  1.22347331, -0.70428509,
        2.05259824,  0.63560808,  0.11987995,  0.73116875,  2.16507292,
       -0.49349096, -0.19197103, -0.57847822, -1.00401747, -1.03888381,
        0.95312202, -1.04211652, -1.12677383,  0.3640193 ,  0.83951396,
       -1.35503817, -2.15647197,  0.90853536, -1.28144729, -0.85799664,
       -0.35992494, -0.0275586 ,  1.14154744,  1.36001849,  1.57196164], dtype=float32), array([  1.04899931e+00,  -1.97870983e-03,  -2.14357567e+00,
         2.20156506e-01,  -3.88854057e-01,  -1.24308705e+00,
         4.37594652e-02,  -9.46696997e-01,   3.55136663e-01,
        -1.40880477e+00,  -1.06593478e+00,  -2.14444995e+00,
         5.71483672e-01,  -9.45426285e-01,  -7.10936859e-02,
        -8.46880436e-01,  -1.17179178e-01,   8.90707895e-02,
        -2.80962080e-01,   1.97142339e+00,  -1.09798408e+00,
         1.01466000e+00,  -9.27995071e-02,  -6.66821480e-01,
        -1.49990332e+00,   1.36112511e+00,   8.60300362e-01,
        -3.35162044e-01,  -3.24492753e-01,  -5.07514894e-01,
         1.42281139e+00,   1.13431978e+00,  -1.09238493e+00,
         5.43293417e-01,   1.72084963e+00,  -6.07469261e-01,
         1.32698774e+00,  -1.89341509e+00,  -3.06370497e-01,
         9.15322602e-02,   8.35195631e-02,   5.11345148e-01,
         1.91773027e-01,   3.19505215e-01,  -1.94242403e-01,
        -3.31980288e-02,  -1.55284047e+00,   9.30993706e-02,
        -1.82989764e+00,  -2.12583825e-01,  -5.55187285e-01,
         3.70068789e-01,   1.27976227e+00,  -1.14183772e+00,
        -1.64916143e-01,   6.87966883e-01,   1.31939554e+00,
         1.33314884e+00,   1.01689601e+00,  -9.10295308e-01,
         6.88941628e-02,   1.30099678e+00,   1.69239914e+00,
         2.16825396e-01,  -8.26059803e-02,  -4.60172951e-01,
         6.99697733e-01,  -3.87634933e-01,  -3.94987464e-01,
        -1.72007531e-01,   5.95416069e-01,   7.99779058e-01,
        -8.41727555e-02,   1.22222328e+00,  -7.08992898e-01,
         2.05249190e+00,   6.41272306e-01,   1.19819075e-01,
         7.33694077e-01,   2.16975164e+00,  -4.97529894e-01,
        -1.95561245e-01,  -5.70721865e-01,  -1.00433493e+00,
        -1.04342985e+00,   9.54242349e-01,  -1.04259586e+00,
        -1.13447356e+00,   3.57636631e-01,   8.44488800e-01,
        -1.35671294e+00,  -2.14890146e+00,   9.08593833e-01,
        -1.28754771e+00,  -8.50549400e-01,  -3.60616982e-01,
        -2.21797768e-02,   1.14349556e+00,   1.36041331e+00,
         1.56544983e+00], dtype=float32), array([ 1.0533855 ,  0.0040382 , -2.14612079,  0.21748532, -0.39020491,
       -1.24230933,  0.04207708, -0.94262677,  0.35408375, -1.40793741,
       -1.06705701, -2.14515471,  0.57256913, -0.94238615, -0.07359868,
       -0.84850156, -0.11617894,  0.08962981, -0.28015551,  1.96942174,
       -1.09457898,  1.01619709, -0.09339836, -0.67154133, -1.50288594,
        1.365749  ,  0.86100966, -0.32935625, -0.31793052, -0.50842524,
        1.41896749,  1.13273752, -1.08806384,  0.54125822,  1.72330081,
       -0.60869247,  1.32334816, -1.89163113, -0.30483547,  0.091179  ,
        0.08461231,  0.50732261,  0.19355549,  0.32144645, -0.19694807,
       -0.03764163, -1.55349159,  0.0890518 , -1.83020949, -0.21430297,
       -0.55244267,  0.37434924,  1.27830076, -1.14296615, -0.16510031,
        0.68640524,  1.32065356,  1.33535385,  1.01480985, -0.90466779,
        0.06808983,  1.30512488,  1.69219995,  0.21626963, -0.08386933,
       -0.46326652,  0.70506555, -0.38724345, -0.39023995, -0.17108035,
        0.59415865,  0.8015027 , -0.08567157,  1.22707045, -0.70918173,
        2.05429864,  0.63698292,  0.12371992,  0.73206556,  2.16696   ,
       -0.49615216, -0.19194621, -0.57254052, -1.00866365, -1.04589868,
        0.9564442 , -1.04604411, -1.13199675,  0.35608047,  0.83996922,
       -1.35764647, -2.14582753,  0.90566802, -1.28817594, -0.85827553,
       -0.36208463, -0.02343989,  1.14251137,  1.36412799,  1.5599798 ], dtype=float32), array([  1.06047106e+00,   1.86149171e-03,  -2.14035130e+00,
         2.10751340e-01,  -3.96005958e-01,  -1.24093676e+00,
         4.98722941e-02,  -9.34309006e-01,   3.50516438e-01,
        -1.41267121e+00,  -1.07709038e+00,  -2.14749074e+00,
         5.68927944e-01,  -9.46439087e-01,  -6.55105561e-02,
        -8.45462203e-01,  -1.23424791e-01,   9.65594053e-02,
        -2.77715564e-01,   1.97384059e+00,  -1.08358824e+00,
         1.02234960e+00,  -8.96425098e-02,  -6.77470803e-01,
        -1.50163043e+00,   1.36582232e+00,   8.65109622e-01,
        -3.26311827e-01,  -3.18271101e-01,  -5.07546663e-01,
         1.41745603e+00,   1.13208520e+00,  -1.08365822e+00,
         5.32465875e-01,   1.73189223e+00,  -6.08952343e-01,
         1.30659986e+00,  -1.87961352e+00,  -3.01746577e-01,
         8.68690684e-02,   8.49194974e-02,   5.02122879e-01,
         1.86470166e-01,   3.22578102e-01,  -1.91491097e-01,
        -3.83056886e-02,  -1.55587220e+00,   9.05752778e-02,
        -1.84213865e+00,  -2.16606036e-01,  -5.54008543e-01,
         3.80070955e-01,   1.27014637e+00,  -1.15006006e+00,
        -1.62377924e-01,   6.84053838e-01,   1.32256210e+00,
         1.33687174e+00,   1.01449823e+00,  -8.99622679e-01,
         6.83422387e-02,   1.30994189e+00,   1.69578922e+00,
         2.14694008e-01,  -7.88502768e-02,  -4.61218417e-01,
         7.11748004e-01,  -3.86986613e-01,  -3.95435333e-01,
        -1.65399522e-01,   5.90562224e-01,   8.02112520e-01,
        -7.69501328e-02,   1.22873855e+00,  -7.03606009e-01,
         2.05370927e+00,   6.51430488e-01,   1.22565359e-01,
         7.35852182e-01,   2.16570306e+00,  -4.92851615e-01,
        -1.96335748e-01,  -5.76568246e-01,  -1.01382697e+00,
        -1.04963195e+00,   9.49468315e-01,  -1.05164909e+00,
        -1.12905109e+00,   3.43025863e-01,   8.35728884e-01,
        -1.35462272e+00,  -2.14067197e+00,   9.01894927e-01,
        -1.28723097e+00,  -8.69609237e-01,  -3.58168334e-01,
        -3.32757235e-02,   1.14191639e+00,   1.37503600e+00,
         1.55168259e+00], dtype=float32), array([ 1.06333375,  0.0083784 , -2.13074255,  0.22543941, -0.38672554,
       -1.23888266,  0.06836002, -0.9346391 ,  0.35777527, -1.3983047 ,
       -1.08224332, -2.16812491,  0.5751037 , -0.96112722, -0.08137072,
       -0.85880655, -0.09856059,  0.08940636, -0.29358983,  1.98020637,
       -1.07189679,  1.02071583, -0.08760547, -0.6706211 , -1.51427674,
        1.37601936,  0.84216172, -0.35216853, -0.33328462, -0.51428747,
        1.38751447,  1.11146033, -1.06857598,  0.54297632,  1.74625385,
       -0.6064561 ,  1.31855977, -1.88626647, -0.28346729,  0.08123584,
        0.08672608,  0.51790798,  0.17357853,  0.3285881 , -0.19944215,
       -0.03085206, -1.55116999,  0.08690199, -1.86125243, -0.23695758,
       -0.57510561,  0.37982088,  1.27554893, -1.16255903, -0.1474833 ,
        0.69144428,  1.31261528,  1.34476149,  1.00742209, -0.90898693,
        0.08968902,  1.29867816,  1.6980114 ,  0.21909574, -0.07563286,
       -0.45912501,  0.72174746, -0.39833862, -0.38973755, -0.16993225,
        0.59327257,  0.794792  , -0.07568014,  1.22469306, -0.71809042,
        2.03648567,  0.65781385,  0.12783048,  0.75267565,  2.13895917,
       -0.49089378, -0.20836177, -0.58361429, -1.01708424, -1.05796909,
        0.96583891, -1.03142118, -1.11395681,  0.34325314,  0.82537889,
       -1.35907137, -2.14050078,  0.92532659, -1.24934316, -0.87704706,
       -0.33897293, -0.02440624,  1.13104665,  1.37408519,  1.55612361], dtype=float32), array([  1.06399977e+00,   1.34826510e-03,  -2.12890863e+00,
         2.21084177e-01,  -3.94731432e-01,  -1.24807322e+00,
         6.46512508e-02,  -9.38361108e-01,   3.56718600e-01,
        -1.39782631e+00,  -1.08285999e+00,  -2.16626835e+00,
         5.75097680e-01,  -9.64003563e-01,  -8.19039047e-02,
        -8.56454015e-01,  -1.01054966e-01,   9.16662663e-02,
        -2.89613903e-01,   1.98201466e+00,  -1.07335973e+00,
         1.02329659e+00,  -8.40425566e-02,  -6.67693079e-01,
        -1.51310074e+00,   1.37536895e+00,   8.49426746e-01,
        -3.57485533e-01,  -3.40602577e-01,  -5.14202893e-01,
         1.39455283e+00,   1.11178112e+00,  -1.07189524e+00,
         5.41467249e-01,   1.74656665e+00,  -6.07190013e-01,
         1.31670666e+00,  -1.87919128e+00,  -2.90536135e-01,
         7.67191201e-02,   9.01656523e-02,   5.18040717e-01,
         1.82087228e-01,   3.19148183e-01,  -1.96695387e-01,
        -2.85643321e-02,  -1.54521883e+00,   8.25607181e-02,
        -1.86135471e+00,  -2.31441647e-01,  -5.74517250e-01,
         3.79936099e-01,   1.27220070e+00,  -1.16303706e+00,
        -1.48554400e-01,   6.88376784e-01,   1.32108152e+00,
         1.33472800e+00,   1.01006317e+00,  -9.06222939e-01,
         8.80112350e-02,   1.29858875e+00,   1.69367015e+00,
         2.13111162e-01,  -7.25946203e-02,  -4.58515555e-01,
         7.17150629e-01,  -3.98327082e-01,  -3.92565370e-01,
        -1.72493562e-01,   5.93478680e-01,   7.97521293e-01,
        -7.73793012e-02,   1.22018266e+00,  -7.18275011e-01,
         2.03869152e+00,   6.59053266e-01,   1.18786834e-01,
         7.64260113e-01,   2.14792991e+00,  -4.93001252e-01,
        -2.14035481e-01,  -5.79698086e-01,  -1.01689589e+00,
        -1.05245173e+00,   9.64314520e-01,  -1.03124368e+00,
        -1.11737692e+00,   3.51577908e-01,   8.30138326e-01,
        -1.35613179e+00,  -2.13955164e+00,   9.27209139e-01,
        -1.24889886e+00,  -8.69084537e-01,  -3.32016826e-01,
        -2.55549308e-02,   1.13432503e+00,   1.37373042e+00,
         1.54847062e+00], dtype=float32)]
