[array([  1.13094091e-01,   1.08818519e+00,   8.82653952e-01,
        -9.51685607e-01,   3.59612294e-02,   1.24711895e+00,
        -8.77891064e-01,  -2.22488232e-02,  -3.38817239e-01,
         2.51258564e+00,   2.14198947e+00,   8.96142840e-01,
         2.45545149e-01,   1.80039555e-01,  -1.60083342e+00,
         1.45955229e+00,  -4.10202354e-01,   2.78397083e-01,
         1.62830567e+00,  -3.32911348e+00,  -5.18994033e-01,
        -8.68928879e-02,   9.64508832e-01,  -6.61866367e-01,
         2.56589055e-03,  -2.47739840e+00,   9.00547147e-01,
         1.50343430e+00,   7.00755239e-01,   1.28470731e+00,
        -2.75694013e+00,  -1.14399171e+00,   3.05889559e+00,
        -6.56299353e-01,  -2.35808706e+00,   8.10770214e-01,
        -9.87364173e-01,   3.29287553e+00,   5.14558733e-01,
        -1.68739402e+00,   1.89755782e-01,  -1.98617637e+00,
         4.65330720e-01,  -4.75994825e-01,  -5.26276469e-01,
        -1.47575951e+00,   2.20315194e+00,  -1.62772024e+00,
         3.22541380e+00,   1.53352946e-01,   1.31101799e+00,
        -4.88494724e-01,  -1.38003898e+00,  -2.57580340e-01,
         2.46705294e-01,  -1.70563489e-01,  -7.66352594e-01,
        -1.08995163e+00,  -1.05687046e+00,   1.10884261e+00,
        -2.55901843e-01,  -1.84997725e+00,  -2.07396436e+00,
        -1.32574469e-01,   8.36362243e-01,  -3.54502022e-01,
        -1.05828010e-01,  -1.81956565e+00,   1.07601273e+00,
        -5.27569830e-01,  -9.94710982e-01,   3.61347765e-01,
        -1.07364666e+00,  -1.36707282e+00,   1.60687339e+00,
        -2.29178119e+00,  -9.52363789e-01,  -2.42721558e-01,
        -2.64962226e-01,  -3.81797099e+00,   1.87376189e+00,
         4.42215919e-01,   3.18562269e-01,   5.38668334e-01,
         9.26395059e-01,  -4.49008018e-01,   1.01788723e+00,
         2.54054046e+00,  -1.07019866e+00,  -6.98762417e-01,
         6.02889836e-01,   2.28935695e+00,  -1.18658674e+00,
         1.37091184e+00,  -5.85150952e-03,   4.98665988e-01,
        -3.67736340e-01,  -2.10035825e+00,  -1.37939787e+00,
        -1.28944111e+00]), array([ -1.34492298e-01,  -1.29407757e+00,  -1.04965836e+00,
         1.13175130e+00,  -4.27653498e-02,  -1.48308273e+00,
         1.04399430e+00,   2.64584588e-02,   4.02923871e-01,
        -2.98798472e+00,  -2.54726912e+00,  -1.06569944e+00,
        -2.92004038e-01,  -2.14104320e-01,   1.90372249e+00,
        -1.73570997e+00,   4.87815558e-01,  -3.31071792e-01,
        -1.93639269e+00,   3.95900544e+00,   6.17191397e-01,
         1.03333641e-01,  -1.14700076e+00,   7.87096193e-01,
        -3.05137530e-03,   2.94613980e+00,  -1.07093707e+00,
        -1.78789477e+00,  -8.33343116e-01,  -1.52778307e+00,
         3.27857281e+00,   1.36044308e+00,  -3.63766040e+00,
         7.80475860e-01,   2.80425391e+00,  -9.64173707e-01,
         1.17418050e+00,  -3.91591101e+00,  -6.11916906e-01,
         2.00666098e+00,  -2.25658927e-01,   2.36197507e+00,
        -5.53374603e-01,   5.66056433e-01,   6.25851722e-01,
         1.75498370e+00,  -2.62000396e+00,   1.93569649e+00,
        -3.83568504e+00,  -1.82368415e-01,  -1.55907192e+00,
         5.80921401e-01,   1.64115217e+00,   3.06316373e-01,
        -2.93383691e-01,   2.02835315e-01,   9.11351957e-01,
         1.29617824e+00,   1.25683787e+00,  -1.31864352e+00,
         3.04320293e-01,   2.20000611e+00,   2.46637317e+00,
         1.57658502e-01,  -9.94607930e-01,   4.21576327e-01,
         1.25851422e-01,   2.16384042e+00,  -1.27960200e+00,
         6.27389796e-01,   1.18291738e+00,  -4.29717333e-01,
         1.27678825e+00,   1.62573273e+00,  -1.91090527e+00,
         2.72540249e+00,   1.13255779e+00,   2.88646203e-01,
         3.15094965e-01,   4.54035827e+00,  -2.22829097e+00,
        -5.25886318e-01,  -3.78836517e-01,  -6.40588216e-01,
        -1.10167560e+00,   5.33963529e-01,  -1.21047874e+00,
        -3.02122879e+00,   1.27268786e+00,   8.30973238e-01,
        -7.16960882e-01,  -2.72251957e+00,   1.41109739e+00,
        -1.63029811e+00,   6.95865675e-03,  -5.93017141e-01,
         4.37314671e-01,   2.49776097e+00,   1.64038976e+00,
         1.53341254e+00]), array([ 0.10457655, -0.41450334, -0.47218876, -0.2643517 , -1.40329399,
       -1.0841487 , -0.28742325, -0.02895376, -0.09225139, -2.56286225,
       -1.19859915, -1.72053411,  0.56717243, -0.9677639 ,  0.1656384 ,
       -0.72473553, -1.01577516,  0.67335471,  0.06340297,  2.89349372,
       -0.71277139,  0.34325011, -0.20844351, -0.95222946, -1.31001828,
        0.85319446,  0.01713894, -1.22501278, -1.28447327, -1.17851699,
        1.63342191,  1.38017871, -1.48976217, -0.49681205,  2.74523025,
       -1.21046681,  1.46547524, -1.52617028, -0.20624617,  0.29664293,
        0.29987861,  0.40362036, -0.03573191, -1.32528037,  0.29406759,
       -0.27452845, -1.34047924,  0.49919958, -2.26151837, -0.51736845,
       -1.27884639, -0.30815046,  1.28236234, -1.45293893, -0.47353035,
        1.65557516,  1.54172199,  0.14595983,  1.35176107, -0.08924743,
       -0.25732773,  0.95145349,  1.19991882,  0.29973563, -0.06973712,
        0.74318065, -0.48388391, -0.35901067, -0.02452784,  0.99480461,
        1.13782825,  1.17595516,  1.15697411,  0.73987815, -0.8501753 ,
        1.25604684,  1.42384792, -0.27239034,  1.7738052 ,  2.18453346,
       -1.17407313, -1.13167925, -1.14009592, -0.61315677, -0.77819372,
        0.89615226, -1.57332524, -2.83389627,  0.88817818,  1.0386497 ,
       -1.5914838 , -1.85449863, -0.76182611, -0.48070587, -0.58052311,
       -1.11581205, -0.65593992,  1.67894445,  0.54108627,  1.33260941]), array([ 0.1567973 ,  0.72602743,  0.96352517,  0.22653948, -0.26256513,
       -0.13463254, -0.23000328,  1.19435419, -0.76950755,  0.65325896,
        0.02633331,  0.78840923, -0.70780684,  0.5794892 ,  0.247155  ,
        0.13321555,  0.07482263,  0.07315805,  1.40645618, -0.76662681,
        0.75347354, -0.47936131,  0.40618574, -0.32663352,  0.66143578,
       -0.59184847,  0.69506623,  0.28270201, -0.39940937, -0.09505646,
       -1.08467713,  0.47889057,  0.26950214, -0.32686006, -0.87556841,
        0.73560597,  0.28013307,  1.29632402,  0.48333513,  0.10931075,
        0.40721223, -0.94328314, -0.47634478,  0.3591864 , -0.39632641,
       -0.38084862,  0.51257037, -0.81315643, -0.03357653, -0.10082793,
        0.37596435, -0.8887141 , -0.37422317, -0.01802135, -0.23848497,
       -0.08959141, -0.80390022, -0.38738357, -0.10606071,  1.34482156,
       -0.30022787, -0.64106895, -0.41541017, -0.14869733, -0.08280714,
        0.22648503, -0.25699226,  0.34851756,  0.15051701,  0.85347326,
       -0.53755368, -0.04879628,  0.44565981,  0.08111545,  0.56352722,
       -0.13127713, -0.21224063, -0.1353023 ,  0.04275315, -0.55506076,
        0.65244969,  0.27314829, -0.20237593,  0.3926749 ,  0.5038853 ,
       -0.32732452,  0.15667157,  0.88951876, -0.81889894,  0.20224776,
        0.80577812,  1.06034567, -0.70199648,  0.6392147 ,  0.00966695,
        0.52519108,  0.00951337, -0.63832806, -0.9281831 , -1.24340233]), array([-0.04697106, -1.23864726, -1.55531384, -0.53989785, -1.31682099,
       -1.08947417, -0.08337701, -1.29577362,  0.70883736, -3.60271097,
       -1.38971566, -2.78854545,  1.39284691, -1.71232732, -0.07313304,
       -0.96431684, -1.23325871,  0.68772344, -1.41510666,  4.09825277,
       -1.60656593,  0.8968703 , -0.66632669, -0.73656865, -2.18785133,
        1.59521963, -0.71546946, -1.69080422, -1.03711941, -1.23854385,
        3.00283204,  1.06182065, -1.97766045, -0.21887504,  4.04498465,
       -2.15316445,  1.36889669, -3.10476   , -0.74540557,  0.22146939,
       -0.08984663,  1.45600175,  0.463074  , -1.8856026 ,  0.75318945,
        0.09077384, -2.06505565,  1.42700847, -2.5340781 , -0.4812315 ,
       -1.85058393,  0.58957422,  1.85273775, -1.63180209, -0.2858672 ,
        1.97582794,  2.60175537,  0.57545065,  1.64804265, -1.52338033,
        0.02507157,  1.75890776,  1.80261378,  0.4977937 ,  0.00832122,
        0.60493749, -0.27806204, -0.77642733, -0.18702137,  0.22787817,
        1.86121631,  1.38773881,  0.84334852,  0.75489475, -1.56184313,
        1.56595341,  1.84222073, -0.16643041,  1.97022587,  3.06901452,
       -2.02388618, -1.57465504, -1.08141256, -1.11188375, -1.4169926 ,
        1.3643291 , -1.95330263, -4.16047941,  1.87504545,  0.96628293,
       -2.66028134, -3.22829631, -0.12333068, -1.22207457, -0.66982316,
       -1.82312921, -0.7553508 ,  2.58259894,  1.59622684,  2.82887451]), array([  3.50526553e-01,   2.50658329e+00,   2.44774398e+00,
        -1.23876132e+00,  -2.34293717e-01,   1.80285124e+00,
        -1.62851423e+00,   1.28694890e+00,  -1.38187773e+00,
         4.65535892e+00,   3.38153729e+00,   2.27505758e+00,
        -3.99018107e-01,   9.23087352e-01,  -2.23191773e+00,
         2.43175002e+00,  -5.59196526e-01,   5.16677675e-01,
         4.10493573e+00,  -6.05875621e+00,   2.15859858e-02,
        -6.66495216e-01,   1.95905632e+00,  -1.39735626e+00,
         7.36014856e-01,  -4.53232603e+00,   2.17864968e+00,
         2.66586304e+00,   6.54722087e-01,   1.90547833e+00,
        -5.51523705e+00,  -1.26046424e+00,   5.08568347e+00,
        -1.38889412e+00,  -4.65958143e+00,   2.08300579e+00,
        -1.23529023e+00,   6.58824707e+00,   1.34022618e+00,
        -2.51994214e+00,   7.47638261e-01,  -4.15244841e+00,
         2.01119781e-01,  -3.47467065e-01,  -1.26227446e+00,
        -2.73116673e+00,   4.01537150e+00,  -3.44742536e+00,
         5.01088686e+00,   1.28425888e-01,   2.46792698e+00,
        -1.74805938e+00,  -2.57402374e+00,  -4.23078921e-01,
         1.22187645e-01,  -3.66095479e-01,  -2.08906847e+00,
        -2.13457689e+00,  -1.77146713e+00,   3.22372218e+00,
        -7.32764785e-01,  -3.60483029e+00,  -3.70565656e+00,
        -3.72050900e-01,   1.21733649e+00,  -3.04178766e-01,
        -4.50038477e-01,  -2.46207607e+00,   1.85062538e+00,
         1.18832020e-01,  -2.15170775e+00,   5.11537850e-01,
        -1.18714419e+00,  -2.04981559e+00,   3.13853815e+00,
        -3.73211342e+00,  -1.72541275e+00,  -5.29616376e-01,
        -3.67374154e-01,  -6.58972323e+00,   3.65465012e+00,
         9.94393589e-01,   2.74611110e-01,   1.27762771e+00,
         2.00752737e+00,  -1.06497965e+00,   1.76646521e+00,
         4.96057503e+00,  -2.58121206e+00,  -8.69798340e-01,
         1.83531366e+00,   4.75650264e+00,  -2.63399541e+00,
         2.85300033e+00,   1.54013148e-03,   1.36167392e+00,
        -5.65010205e-01,  -3.99366442e+00,  -3.18607779e+00,
        -3.39413528e+00]), array([-0.79270744,  1.08025214,  1.16873407,  0.72281933,  2.97409645,
        2.39275222,  0.5402308 ,  0.86433248,  0.86243456,  0.63142614,
        2.02490114,  0.4719468 ,  0.25336583,  0.83243092, -0.0836775 ,
        0.33141842,  0.27688291, -1.06302605, -1.2378496 , -1.94232662,
        0.1527764 , -0.54419556, -0.71976007, -0.55360887,  1.00049778,
       -0.98225733, -2.1254834 ,  1.93639832,  1.19659323,  0.84894082,
       -2.25568139, -1.39727211,  1.56188447,  1.10795599, -0.82843036,
        0.19997472, -0.07557308, -0.16388423,  1.51479655,  0.63463074,
       -0.27055637,  0.38796609, -1.17013686,  1.06348806, -0.21582794,
       -0.48266082, -0.90688819,  1.32175837,  1.36943389, -0.80405954,
        0.38887288,  0.68258173,  0.6329067 ,  0.68804926,  0.68863386,
       -0.02052153, -2.40186295,  2.00134731, -0.10786843, -1.30100095,
        0.92147461, -1.01959641,  0.0927637 ,  1.43383641, -0.90029446,
       -0.16715542,  0.74914647, -0.5288742 ,  1.28481326,  0.21339737,
       -0.05922923, -2.10138459,  0.2002425 ,  1.40180625,  0.50388496,
       -1.6791309 , -1.27847022,  2.18548166, -3.45362295, -2.50096456,
        1.1457281 ,  1.98300491, -0.26188563, -0.23351016, -0.9043722 ,
       -0.26675624,  0.86486142,  1.44972875, -1.57470653, -1.15710566,
       -0.16708765,  0.79956916, -0.51369578,  0.87792421, -1.4540931 ,
       -0.97434157, -0.2091284 , -1.27806295, -1.24145498,  2.15223892]), array([  0.88099521,  -3.81860731,  -2.56088942,  -0.42192701,
        -2.81636243,  -6.35400166,  -0.8495962 ,  -2.9269472 ,
         2.77630193,  -9.08173578,  -4.70201148,  -6.9780763 ,
         2.78441219,  -4.58609136,   1.35494791,  -2.18615086,
        -0.65065348,   2.89060208,  -3.58718219,  13.35885629,
        -3.1508858 ,   1.78642577,  -2.44124166,  -1.04067669,
        -4.29670357,   5.15432703,   0.65406877,  -5.19561187,
        -2.88443532,  -1.80041197,   9.27973028,   4.14407343,
        -6.92375761,  -1.7801978 ,  10.9024056 ,  -5.00954034,
         5.64353098,  -8.4546722 ,  -2.55197296,   1.43085685,
        -0.6955956 ,   4.35906489,  -1.61706421,  -1.85402366,
        -0.02432732,   2.19926438,  -6.87851088,   4.25704552,
        -8.56068283,  -2.20659531,  -5.81494493,  -0.53921068,
         5.64247162,  -3.11682501,  -0.10182751,   3.69160246,
         6.03299769,   3.74544409,   2.08277969,  -3.74987104,
         0.868744  ,   6.38454631,   5.53284904,   1.62444433,
        -0.61732793,   2.13906536,   0.3312986 ,  -0.21740121,
        -0.96936362,   1.43486788,   3.42675861,   4.71763836,
         3.9391012 ,   2.55902547,  -1.97327346,   7.56082681,
         5.65976027,  -2.80085615,   5.52263046,  11.84455392,
        -5.863096  ,  -4.47077957,  -4.80148408,  -4.14530673,
        -4.89719968,   2.97884514,  -4.3626628 ,  -9.53607623,
         5.42768677,   2.71135271,  -5.57818259,  -9.19274611,
         0.20037185,  -1.724276  ,  -3.56437813,  -2.88835724,
        -0.53342891,   7.6683916 ,   4.23754286,   7.12732229]), array([-1.44732961,  0.91708122, -0.05980758,  2.35666807, -0.12927464,
        0.95778492,  1.75928207,  4.69591569, -2.7090796 , -1.77102305,
       -2.52216474,  2.33420992, -1.89079026,  0.51881083,  1.34071434,
       -1.35609411, -2.90899623, -0.15667853,  2.73543448, -0.13202885,
        0.38577788,  0.04397132, -0.42470144, -1.41078858,  3.56074498,
       -0.30861089,  0.3317534 ,  1.5600352 , -2.9564472 , -3.04876279,
       -0.04106571,  1.77161739, -2.70208431,  1.15811257, -1.51595101,
        0.62337468,  0.73475928, -0.15853383, -0.35360727,  2.19976547,
        0.84463936, -0.05082317,  1.08320861, -1.99993978,  3.53323056,
        0.45904214, -1.11744369,  1.51935126, -1.88838245,  1.43227254,
        1.3464175 ,  0.05475637, -0.40867701, -0.94461502, -3.1308152 ,
        2.03669314, -1.23896355, -0.79292668,  3.41425542,  1.59075005,
       -3.51311233, -0.31641049,  1.90423599, -0.7158521 , -2.01348033,
        0.48631865, -1.96270851,  3.02523969, -0.25722232,  3.20454687,
        2.14088709, -1.70817746,  1.57369682,  4.09963961, -2.13972933,
        1.91536685,  0.44522912,  4.32969572,  0.26621235,  1.61667739,
       -1.68284636,  4.25214687,  0.44643812,  2.62724293,  1.1004343 ,
       -0.40829287, -2.67394315, -3.3262921 ,  0.38165161,  1.26947766,
        0.82747437,  0.66214251, -2.17268306, -4.32725552,  1.16910663,
       -1.86063031, -1.14436825,  1.1561505 , -0.62198793, -0.26048802]), array([  0.80631611,  -3.46520697,  -6.62089937,   2.04036577,
        -2.26186947,  -4.55368089,   1.48341741,  -2.95030931,
         3.79086746,  -9.92230207,  -8.47038833,  -8.66140998,
         1.73286859,  -3.79152123,   4.00798352,  -3.45612794,
         0.10603126,   1.19021598,  -6.42378409,  15.30818179,
        -1.88021219,   1.8722471 ,  -4.8370766 ,  -0.0479807 ,
        -2.88912267,   9.69467008,  -2.14277724,  -4.2689291 ,
        -1.37883945,  -3.64911853,  11.53467716,   2.8570196 ,
        -8.6799627 ,   0.17724094,  12.30143122,  -5.2051935 ,
         4.7521277 , -12.71783812,  -2.31352365,   3.35927543,
        -0.32686731,   7.01745566,  -1.92048087,   2.43201453,
         0.97061532,   4.13590159,  -9.83391455,   5.92706437,
       -10.84273027,  -1.50728939,  -5.68795469,   4.07757436,
         6.26031428,  -2.03532996,  -0.72165892,   0.44142836,
         5.02919677,   5.02087857,   2.07722785,  -6.02993217,
         0.99557472,   7.540985  ,   8.90044425,   2.05146851,
        -1.95755818,  -0.04351744,   1.31390949,   3.79569452,
        -1.75935487,   0.73069911,   4.51764404,   1.89617187,
         4.71597979,   4.1554064 ,  -3.58432252,  10.13339576,
         4.17814204,   0.37905601,   2.76779267,  14.08965221,
        -8.1953002 ,  -2.04628552,  -4.16435475,  -5.01472768,
        -4.50570188,   2.95409289,  -5.58414827,  -9.51250293,
         6.22577665,   1.25697843,  -5.57737993, -11.52960218,
         3.62184888,  -5.22965187,  -2.79009321,  -2.60758741,
         1.05168975,  10.24628118,   7.36687019,   8.57200206]), array([ 1.02703621, -2.10766659,  1.97069009, -2.61686058,  0.12467368,
       -5.6982651 ,  0.47383751, -0.97700687, -2.08188926, -3.29016501,
       -2.7663391 , -1.64701849, -1.51758018, -0.20831615, -0.11719819,
        0.64706228,  3.78308089,  0.61236098, -1.8053045 ,  1.91771821,
        0.74593487,  1.08152464, -3.67442985,  1.95967962, -2.13350897,
        0.95067305,  2.98475042, -2.20200432,  2.21404652,  2.00318347,
        3.28659459,  2.130758  , -0.89300618, -1.9004189 ,  1.1413538 ,
       -0.64975269, -0.36919107, -1.62276894, -2.27014056, -1.44018458,
       -1.65079506,  1.1377468 , -0.07843206, -0.70635395, -0.84555331,
        0.72270001, -0.54951591, -0.11057976, -1.39476742, -3.10535121,
        0.58410774, -0.93771779, -2.87865462, -0.14425375,  0.3611625 ,
       -3.46582721,  0.95922795,  0.96369457, -0.88765045,  1.79958695,
        0.79035746,  2.5176756 ,  1.70259556,  0.80707893, -0.56739531,
       -0.49160255,  0.9389066 ,  2.30251911, -0.77056622, -2.28742425,
       -1.55358568,  2.34166018, -1.03006977, -1.77547603,  1.90791028,
        4.24420776,  0.14041739, -3.03756113, -2.10148874,  2.47822433,
        0.747259  , -2.67438466, -0.75040434, -2.0990347 , -1.27264086,
       -2.4386073 , -2.61202492,  1.00011555,  1.54214233, -2.26034447,
        1.41293157, -2.23532395,  2.73063979, -0.14442105, -1.50167748,
        0.82879431, -0.1670204 ,  0.04705083,  2.1474735 , -0.94752685]), array([  1.78682727,  -4.09018695,  -2.42702295,  -2.89165432,
        -3.49230629,  -7.53537568,   0.51000869,  -3.66940704,
         1.20776747,  -9.87763086,  -5.43160305,  -7.69557122,
         1.42420653,  -4.14052732,   1.06744339,  -2.66478621,
         1.92781753,   2.22927291,  -4.61831186,  11.16975871,
        -3.35028217,   2.44666441,  -3.78370883,   1.30441723,
        -6.52373086,   5.47040667,   1.17987717,  -4.91204029,
        -0.40651996,  -0.18271326,  10.82683715,   4.86872854,
        -5.97108064,  -1.92852253,  10.37388819,  -4.95009903,
         2.08401996,  -7.82946888,  -3.85088812,   0.51360452,
        -1.29965485,   4.03552364,  -0.11143047,  -2.92601553,
         0.72270147,   1.88408892,  -6.2501497 ,   2.66045754,
        -7.51949132,  -2.72446774,  -3.24469481,   0.50030819,
         3.87605756,  -2.99600459,   0.28991829,   0.6431025 ,
         6.73757475,   2.63120724,   2.09474524,  -3.05456276,
         1.76695578,   7.11314694,   6.83589616,   1.10997252,
        -0.28767573,   0.84252028,   1.43911149,   0.64685443,
        -2.07343802,  -1.98005966,   2.93449473,   4.66572302,
         0.3424736 ,   1.08890606,  -1.26176772,   9.63416861,
         3.43798492,  -4.22063219,   2.56404988,  10.90682798,
        -4.39361808,  -5.92038313,  -3.11790193,  -5.73633375,
        -4.84450733,   0.52997417,  -5.61332939,  -7.83634873,
         3.56258965,   0.87250618,  -4.57598927,  -9.24168409,
         3.44137689,  -3.72116649,  -3.15942151,  -1.91272591,
        -1.38631179,   5.42397881,   5.7620059 ,   5.26549841]), array([-1.61564437,  1.44505517,  6.00330921,  1.77786528,  5.52212633,
        3.18194336,  0.10924492,  4.17570374, -0.67142957,  4.33896154,
        5.55371641,  6.05032763, -0.78205897,  2.58560846, -0.09476185,
        0.64264958, -0.03825205, -1.38482059,  0.99756602, -7.27407672,
        1.7865121 , -1.89331863,  1.64296363, -0.39688443,  4.69960932,
       -5.91350868, -0.98190244,  3.2325251 , -0.14693716,  2.15093961,
       -6.79418974, -1.95234857,  2.8203271 ,  1.43980615, -5.83140703,
        2.40644488,  0.03920451,  4.12773632,  2.82409579,  1.22099766,
       -0.28949228, -1.7922681 , -1.90231814,  1.30813207, -0.3853967 ,
       -0.55219253,  2.11968234,  0.04496008,  3.80504402, -0.62320159,
        2.02496038, -2.72379365, -0.86042648,  2.71355061,  0.92101776,
        0.71345937, -5.82695547,  1.54484299, -0.66506914,  1.38347684,
        0.64507329, -4.42828774, -3.27549754,  0.49368328, -1.73563116,
        1.28488405,  0.19792318, -0.51475001,  1.27611262,  2.09008721,
       -1.40357132, -4.34066171,  0.05706283,  1.69551621,  1.56217353,
       -5.05916459, -2.56812841,  2.35022204, -3.64403407, -6.40992025,
        3.26801295,  4.29856647,  0.51695141,  2.80808413,  0.79662595,
       -1.38976875,  3.98993848,  4.77011997, -3.75846757, -1.01942802,
        3.11107128,  5.85754685, -2.64351894,  3.70809408,  0.90841321,
        0.45266115,  0.10800405, -5.07073919, -5.72757139, -0.90344312]), array([-0.48998709,  2.7371737 ,  2.58252517, -1.37939286,  1.59091955,
        2.92024613, -2.42083591, -1.19098695,  0.17733576,  7.18947814,
        6.17325576,  3.98718617,  0.24066089,  2.00331232, -3.77023772,
        4.22774272,  0.88726569, -0.38156079,  4.13420918, -7.09605448,
        1.17753195, -1.43999269,  3.0832077 , -0.5206402 ,  0.73678009,
       -3.73304552,  1.04358539,  1.53968015,  1.80637731,  2.47312066,
       -7.47442436, -2.27759307,  5.96176692, -0.49177758, -7.25978253,
        3.51379787, -1.79666929,  7.44661348,  1.28596459, -2.98724108,
       -0.28354178, -3.49381049,  0.22017226, -1.34277872, -3.03528677,
       -2.7790441 ,  5.97098618, -2.24580675,  7.5786678 ,  1.47836229,
        0.90690986, -2.82305986, -3.02184989,  1.22436419,  1.38437166,
        0.70150758, -2.05546315, -2.27984652, -2.88085971,  1.71073585,
       -0.28571218, -2.60964969, -6.92971119, -0.30343496,  3.00644775,
       -0.06490023, -0.93785508, -4.58740237,  2.40502439, -0.71834115,
       -4.43242379,  1.50112276, -1.90902337, -3.82519567,  2.74727725,
       -7.79050564, -0.08539057, -1.38627819, -1.41529989, -7.42553932,
        5.69414743, -0.87617728,  2.0372904 ,  2.35673128,  0.98268144,
       -0.14156072,  4.74485716,  5.26495706, -2.50998451,  0.49564441,
        1.93610321,  5.98217007, -3.25642036,  5.44691922, -2.42400574,
        0.81066769, -0.13917877, -4.74250271, -3.74262553, -3.88990599]), array([  3.43904424,  -4.25539185,  -9.92183817,   1.24329777,
        -3.52188165,  -4.99024471,  -0.42833073,  -4.6591536 ,
         7.82876716, -11.33174204,  -5.37858611, -11.13282292,
         7.06173051,  -6.50160196,   1.7511319 ,  -5.1121758 ,
        -3.74085662,   4.51827233,  -7.61688132,  17.92810324,
        -7.33388361,   2.77412772,  -1.17897327,  -2.14526991,
        -4.73807232,   7.50254831,  -1.40932595,  -4.6208643 ,
        -2.93902558,   0.1107512 ,  15.97836073,   2.73575874,
       -10.22599887,  -2.54919067,  17.40041783,  -9.89575223,
         7.05237374, -13.76466102,  -3.61391896,   4.75463761,
         0.01823091,   5.73074194,  -0.96832693,   3.65097093,
         1.49754538,   4.37595744, -12.54538823,   6.32079347,
       -11.43072383,  -0.49941854,  -6.33537103,   4.05691654,
        10.57161578,  -3.21092343,   1.11376934,   2.7856439 ,
         7.90522041,   5.65023883,   1.11317659,  -9.9586397 ,
         2.50182   ,   7.30148222,   8.60548569,   3.45814887,
        -1.95905222,   1.52526966,   4.01136187,  -1.15997427,
        -2.78172017,   1.26068032,   6.84023617,   2.37707535,
         4.5581095 ,   5.22037349,  -3.49088275,  14.01560785,
         5.43492582,  -1.48526352,   7.23756637,  15.97176159,
       -12.16280492,  -2.67057118,  -5.66939029,  -7.95685247,
        -7.04641061,   4.58812644,  -4.7965499 , -12.50984124,
         5.43060922,   1.19513338, -10.24522702, -13.86352927,
         2.78497547,  -5.20438461,  -2.95518622,  -2.10142154,
         0.95232163,  11.70563297,   8.18511358,  14.06162587]), array([ 2.32624257,  2.12438455, -3.38792801,  2.80661059,  1.2624696 ,
       -1.35337085, -0.86098477, -1.76387858,  2.98859924, -5.54150331,
       -2.70781326, -7.55320001,  2.3948403 , -2.65996557,  2.79041477,
       -2.2486544 , -1.24505799,  1.16794037, -3.76146287,  9.03874826,
       -2.91695625, -0.45128971, -3.07356709, -3.14773828, -2.6613211 ,
        5.81582367,  1.40912342,  1.27154571,  0.40128307, -0.38145055,
        2.65819383,  1.46499817, -2.9858979 ,  0.10364568,  8.9807744 ,
       -3.62176979,  7.48643374, -8.00894082, -0.13677692,  1.84742753,
        1.46515521,  3.69845837, -5.17609036,  3.53137463, -0.36035793,
        0.50944567, -8.22450197,  3.94799942, -7.66140472, -3.1518133 ,
       -4.34474474,  2.74616289,  6.34338702, -3.10079728, -0.69213687,
        2.00534493,  1.40046406,  6.8223331 ,  1.36774598, -3.17552888,
        2.74267468,  3.29407305,  7.51502514,  3.25944684, -3.38266   ,
       -0.46047372,  3.71004421,  1.01289783,  2.09834778,  2.50376002,
        3.48219967, -0.69537343,  5.28418207,  6.27518183,  0.5843775 ,
        6.9026179 ,  2.87776032,  2.7048229 , -0.62812582,  5.19334102,
       -4.10018712,  0.05642092, -5.73195148, -6.45088995, -3.51733986,
        2.94773811, -3.5013034 , -3.91519678,  1.25710729, -0.03568423,
       -5.41608292, -7.12577558,  0.29149348, -0.35196984, -5.34526226,
       -1.30900154, -0.39553231,  6.11745209,  1.82669938,  8.93063396]), array([  2.21911246e+00,  -3.34683285e+00,  -3.60491369e+00,
         8.35882115e-01,   3.51211853e-03,  -5.01041306e+00,
        -1.50906122e+00,  -3.60328635e+00,   5.76220748e+00,
        -7.59302281e+00,  -5.40185576e+00,  -8.47556089e+00,
         5.11205201e+00,  -4.61337136e+00,   2.65807423e+00,
        -2.86969741e+00,  -2.24398587e+00,   3.85069990e+00,
        -6.65890109e+00,   1.72217890e+01,  -6.45055724e+00,
         2.17572412e+00,  -3.13987370e+00,  -2.29060810e+00,
        -3.49309894e+00,   6.74771603e+00,  -2.70614536e-01,
        -2.81981733e+00,  -3.87725396e-01,  -7.29715337e-01,
         1.25300211e+01,   2.55075415e+00,  -6.90569781e+00,
        -3.47062582e+00,   1.47138851e+01,  -7.33549317e+00,
         8.58969902e+00,  -1.28184777e+01,  -2.89514011e+00,
         2.25373927e+00,  -4.87721189e-01,   6.36887422e+00,
        -3.38893951e+00,   2.33394536e+00,   1.56997026e+00,
         2.60047302e+00,  -9.88233098e+00,   6.49849509e+00,
        -8.34996983e+00,  -2.40227988e+00,  -7.15797221e+00,
         1.57843707e+00,   8.12556642e+00,  -1.73627047e+00,
         6.95024292e-01,   4.09912194e-01,   6.40710827e+00,
         4.89848397e+00,   7.09690442e-01,  -7.94371829e+00,
         1.53169061e+00,   6.03421616e+00,   8.07054802e+00,
         3.58866317e+00,  -7.13901326e-01,   2.32579064e+00,
         3.23460263e+00,  -2.47676713e+00,  -1.27574096e+00,
         1.09207741e+00,   5.31453590e+00,   2.01716631e+00,
         4.66731740e+00,   2.61418594e+00,  -3.21805895e+00,
         9.02769765e+00,   4.18896912e+00,   1.31573522e+00,
         4.18571489e+00,   1.32299905e+01,  -8.62656578e+00,
        -3.27796973e+00,  -6.03606380e+00,  -5.66896939e+00,
        -5.50753584e+00,   4.44161533e+00,  -5.47671669e+00,
        -1.08949544e+01,   5.16860015e+00,  -7.38249557e-01,
        -8.87260304e+00,  -1.24007983e+01,   2.03929064e+00,
        -1.95691440e+00,  -4.00824842e+00,  -2.25732799e+00,
        -4.56826092e-02,   9.66509095e+00,   3.21495084e+00,
         1.18863459e+01]), array([ 1.36682335, -2.05059539, -0.43020121, -2.65315964,  1.18971035,
       -1.3439341 , -1.44897155, -5.09440416,  2.66884416,  0.73397802,
        2.29104132, -2.48836851,  1.2983425 , -3.64288653, -1.162908  ,
       -2.29729734,  2.95542341, -0.63508142, -4.09574832,  0.32343477,
       -3.69288026,  1.36971054, -0.98771569,  0.581461  , -3.85500237,
        0.46925832, -1.03552449, -1.28161483,  3.89389522,  4.61723638,
        0.3246836 , -1.05640637,  1.91653159,  1.31300684,  3.28631697,
       -3.02331042,  1.51567647, -0.90225577, -0.1346171 , -4.2684844 ,
        0.67540685,  0.92439912, -4.11729355,  2.23145003, -3.19923089,
        2.64100082,  0.48848375, -3.14241866,  0.74607766, -0.32828327,
       -1.44358058,  1.10470233,  3.87541801,  0.186037  ,  3.09067021,
       -3.51076234,  1.21590282,  1.7859672 , -1.80876227, -1.43587356,
        2.73485158, -0.74170895,  1.56745685, -1.1934175 , -0.04142341,
        1.51897615,  1.90752895, -1.65000356, -1.34652449, -1.98906954,
        0.51241379, -0.25215086, -0.21003609, -3.46149805,  2.08739239,
       -0.35606024, -1.97908134, -1.5610323 ,  2.4201247 ,  0.21894452,
       -0.74092248, -4.26432582, -0.57445558, -2.73691525,  1.11688165,
       -0.16104576,  2.10452102,  3.54346429,  1.50702755, -3.54488395,
       -1.29073953, -1.1332636 ,  1.26503758,  2.9813039 ,  1.64134051,
        1.34433302,  2.7107203 , -0.80390313, -1.29631453,  3.70784988]), array([  7.31512305e-01,   3.38195466e+00,  -1.62452246e+00,
         1.59182922e+00,   4.55932975e-03,   4.79964407e+00,
        -2.84961621e+00,  -1.70144377e+00,   4.26154344e+00,
         6.41080292e+00,   7.44621700e+00,  -2.50656453e+00,
         7.86519076e+00,  -4.32729407e-01,  -1.68523672e+00,
         3.04808681e+00,  -3.54096453e+00,   2.37354509e+00,
         1.07123390e+00,  -4.50661276e+00,  -5.35032031e+00,
        -1.67383918e+00,   2.38960271e+00,  -4.27700591e-01,
         1.95173215e+00,  -3.96344355e+00,   3.36426502e+00,
         8.81825801e+00,   2.35432519e+00,   3.38503256e+00,
        -2.90245643e+00,  -7.20760436e+00,   5.20712462e+00,
        -7.32234849e-03,  -2.42441878e+00,  -5.55440943e-01,
        -8.30982411e-01,   4.33889149e+00,  -2.82939820e-01,
        -2.09013214e+00,   2.46852999e+00,  -4.63328154e+00,
         1.55730061e+00,   5.93005930e+00,   1.53777130e+00,
        -1.07767770e+00,   1.61976403e+00,  -2.44697246e+00,
         6.35201333e+00,   2.20045083e+00,   6.51406476e+00,
         5.81130442e+00,   7.09253318e-01,  -1.61332594e+00,
        -1.91609977e-01,  -1.20649079e+00,  -1.65842058e+00,
        -1.26431135e-01,  -4.59438492e+00,   6.00719198e-01,
        -1.97860767e-01,  -5.61982004e+00,  -2.33964031e+00,
        -1.12454899e+00,  -2.55863391e+00,  -3.65606760e+00,
         4.21221573e+00,  -4.45280647e+00,   4.59795589e+00,
        -2.60061887e+00,   2.28471481e+00,  -2.38235896e+00,
        -1.47466657e+00,   9.46599125e-01,   5.14821171e+00,
        -1.81648748e+00,  -3.15345110e+00,   1.86771096e+00,
        -1.33411892e+00,  -8.55035205e+00,  -1.04940290e+00,
         5.55738061e+00,  -5.56112745e-01,  -7.56882665e-01,
         3.06400972e+00,   1.98631921e+00,   3.87789856e+00,
         4.70761026e+00,  -9.21437814e-01,  -3.07861406e+00,
        -8.54227636e-02,   1.99295345e+00,  -1.59054046e-01,
        -1.09101238e+00,   2.66301991e+00,   3.71601086e+00,
        -9.03582020e-01,  -1.59876113e+00,   2.66515985e-01,
         1.08781604e+00]), array([ 1.96848205, -0.13832053, -5.53964124,  0.55461897, -1.45232777,
       -1.40873473, -0.02716313, -2.60687067,  2.03541694, -6.77324492,
       -4.23153271, -5.28273453,  0.99412688, -0.85728897,  0.4285588 ,
       -1.9641509 , -0.73548889,  1.35140102, -1.5790873 ,  7.26041396,
       -1.73747181,  0.66984379, -0.03184155,  1.03748192, -5.22589877,
        3.28451569, -1.74232045, -4.34098489, -1.78927925,  0.73876269,
        5.51535599,  2.64615314, -5.16358179, -1.12929607,  9.35684215,
       -3.46006423,  2.47119646, -6.49679905, -0.15583005,  1.83483802,
        0.18665829,  2.74967152,  1.12988368,  0.49509333,  0.54309042,
        0.5103175 , -5.46379435,  4.13090651, -7.58498198, -0.73862044,
       -4.04819697,  1.05615469,  2.97191597, -2.16508824, -1.05342584,
       -0.07183881,  3.97337245,  1.85981115,  0.83638879, -1.27211898,
        1.8441225 ,  3.64540591,  4.87562845,  2.25254944, -0.87638626,
        0.74608721,  2.15203416,  2.66977525, -1.9436488 ,  0.0211798 ,
        1.87107708,  0.21514357, -0.66304228,  2.81590785, -3.64465377,
        6.22624369,  3.23554554, -0.27249765,  0.7224925 ,  5.64297352,
       -3.82732587, -2.7278824 , -1.66856482, -2.72406194, -2.9589943 ,
        2.07637961, -2.58678525, -3.72387978,  1.34780372,  1.40185882,
       -5.37727795, -7.62297627,  2.28587509, -2.48866899, -3.1313303 ,
        0.01015358,  0.43385355,  3.54777279,  4.52475802,  4.03294233]), array([ 1.70168345,  1.94240166, -0.98843236,  0.76764836,  5.67766367,
       -3.1698229 ,  3.18646992, -0.34003743, -4.83421564, -4.13381475,
       -5.48812685, -0.6886478 , -7.65813661,  1.11735262,  4.59139588,
       -5.05734471,  6.44955379, -4.67771319, -3.5861518 ,  1.19172931,
        5.50411722, -0.3508638 , -6.69745867,  0.78148472, -3.50497091,
        6.98778105, -1.67410277, -1.11008638,  3.09771971,  1.30369656,
        0.05984925,  5.7419517 , -3.73896143,  1.45694194,  3.00080331,
       -0.38775787,  3.25171693, -5.41196364, -0.09170391,  2.48544298,
       -2.03646661,  5.0964095 , -6.09059581,  2.35449398, -0.82251003,
        1.88268055, -5.60109833, -0.07944728, -6.47751579, -3.14395256,
       -2.39235584,  0.45543679,  0.87132924,  2.26805719,  0.76659363,
       -5.34020732, -3.87970997,  3.41566615,  2.99237466, -1.32406252,
        1.74485818,  4.45140321,  7.90837229,  1.65143394, -2.95164059,
        1.08645958,  0.85053837,  6.92690102, -3.04407458,  2.26212873,
       -1.10206644, -2.53232133,  1.0817657 ,  2.14803309, -0.53731957,
        6.47836622, -0.60135534,  2.54450748, -8.65750948,  4.68553153,
        1.44679227, -1.62326675,  0.94637964, -4.91541954, -2.25358081,
       -3.70825688, -2.90560079,  1.88431361, -1.82980579, -3.29176135,
        1.1083107 , -2.91236568,  3.42952198, -1.15272914, -3.44447937,
        0.57890184,  0.06567573, -0.18284519,  0.14192491,  1.83359088]), array([ -3.75399676,   2.05359553,   7.99111687,  -0.54709332,
         2.80581959,   2.90613838,  -0.45068964,   5.04228342,
        -4.94608951,   6.36269277,   5.47171198,   7.8730756 ,
        -1.17455738,   5.76530875,  -2.82605818,   6.06626561,
         0.96332447,  -1.90273704,   5.65972719, -13.14810295,
         4.81865846,  -3.18392553,   0.90546937,   2.8229332 ,
         6.09981977,  -7.311845  ,   2.51400727,   2.9897659 ,
         3.11482858,   0.23075682, -11.3611281 ,  -4.56563402,
         7.03607101,   2.9781604 , -12.78835853,   6.72706267,
        -5.05657829,  10.40848392,   2.73136644,  -4.12972608,
         1.35107569,  -5.37296381,   2.56595392,  -0.94461759,
        -0.19119381,  -2.5721332 ,   9.96103067,  -2.75565975,
         8.49891977,   0.03309377,   7.51282541,  -1.03247089,
        -9.78845219,   0.1310447 ,  -1.51327385,  -1.59615253,
        -6.40019218,  -3.34016164,  -2.04186799,  10.13266991,
        -2.08960543,  -7.87658809,  -7.83492966,  -2.78732298,
        -1.50468747,  -1.64343842,  -2.06374853,   2.34702735,
         4.12360912,  -1.35948566,  -3.90751895,  -2.50526628,
        -2.99288195,  -2.4203879 ,   3.4602942 , -10.67145496,
        -3.74508537,   2.66942416,  -5.18998613, -13.85464169,
         7.55912494,   3.88792263,   3.35157553,   7.78116742,
         6.82857203,  -2.4329552 ,   3.85711972,   8.99012371,
        -1.64721992,  -2.50178994,   8.08534502,   9.65387695,
        -3.12869353,   2.67407649,   3.35831951,   1.43439794,
         0.19642344,  -7.82424885,  -5.01837245, -10.31657354]), array([  0.96817445,   2.82922859,   0.03278091,  -3.08855024,
        -6.10420544,   2.11907878,  -2.28144849,  -2.46197355,
        -1.59586385,   3.08881584,   0.17143017,  -3.04577275,
         2.03418977,   5.09424098,  -3.08387249,   7.12046385,
         0.51166498,   3.62384975,   4.32853199,  -2.23319874,
        -1.50551465,  -1.28010418,   2.34697966,   4.85531869,
        -1.70727189,  -5.33806402,   3.59422102,   2.41528346,
         3.07339097,   1.50676432,  -2.19640897,  -5.69761889,
         6.02361285,  -4.25672411,  -1.75184761,   3.4557229 ,
        -8.02465324,   3.80240739,   0.05023823,  -4.11387954,
         1.31521378,  -6.38403679,   6.16731781,   0.60600493,
         0.30981989,  -5.25816264,   7.42635169,  -2.52309956,
         7.09127209,  -0.86963152,   4.45348885,   2.28995375,
        -6.62109103,  -2.20744557,  -3.20408581,  -5.70490242,
         4.05686606,  -4.31647465,  -6.0828057 ,   5.97355567,
         1.11368762,  -3.36711578,  -4.57400872,  -0.43665095,
         3.24763148,  -5.54209083,   2.03264925,  -1.20216313,
         2.91191027,  -9.48829561,  -3.00601446,   0.88821364,
        -7.06395192,  -5.26605268,   3.00712025,  -2.8277766 ,
        -1.98624485,  -5.09165615,  -3.23981169, -10.61747011,
         5.19227005,  -1.42359155,   1.21275409,   0.35531367,
         2.04313537,   0.80466463,   0.04441056,   6.0136054 ,
        -2.20209217,  -1.56043673,   0.7222997 ,   1.02152322,
         4.90592036,  -0.20997753,  -0.42667346,   4.11138755,
        -1.27986314,  -3.17394602,   3.85104678,  -8.62599386]), array([ -1.95645028,   3.25429649,   4.57700114,  -1.68906559,
         1.06061781,  -0.55712653,   0.09644755,   4.63701549,
        -7.02484857,   0.85400826,   4.64557809,   3.79096772,
        -1.59232984,   2.76408741,  -3.65526948,   5.49630599,
        -0.34255669,  -0.10539163,   4.06287775, -10.23327661,
         4.81324568,  -1.98822389,  -2.14888005,  -3.40490598,
         6.42945804,  -5.31337086,   5.23869883,   5.63925636,
         2.04803627,   1.59546607,  -9.25384003,  -0.48242354,
         6.14339081,   0.26335462, -12.24785847,   3.97593128,
        -1.33268342,   8.6247892 ,  -0.76584097,  -0.27234681,
        -0.41696922,  -5.94479479,   2.39441858,  -3.30503035,
        -0.53403656,  -2.86434222,   4.30149982,  -2.31972063,
         8.30550717,  -1.84125163,   6.89965961,  -0.76227173,
        -8.92328055,  -0.61173255,  -0.96614319,   2.68542544,
        -7.94705872,  -0.75278153,   1.51464229,   4.7973499 ,
        -3.33128104,  -3.54709515,  -5.75516154,   0.54077108,
        -2.38190582,  -2.09811681,  -3.37733575,   0.2954522 ,
         4.56980313,   2.6136717 ,  -2.85205235,   1.63961265,
         2.22544912,  -0.56140952,   7.66241432,  -2.42695017,
         0.37851161,   0.32985019,  -6.26684548,  -9.14833543,
         6.75446648,   4.58510174,   1.83267346,   2.06907145,
         0.08550744,  -3.57359225,   0.20805339,   4.13205361,
        -2.70745548,  -1.52869618,   8.03721872,   8.66231537,
        -4.79973514,   0.7960873 ,  -2.08682674,  -1.19096096,
        -4.06224514,  -3.14205116,  -2.73903765,  -3.98285177]), array([  0.85387016,   2.03484328,  -2.63093285,  -0.77841239,
         1.93375457,   4.38289444,   2.24845891,  -0.9638253 ,
        -1.32717392,   5.36944421,   3.96853005,   4.43889025,
        -2.65218501,   0.96264609,  -4.15674394,  -0.16996497,
         2.11868632,  -4.22393689,   3.15407948, -13.71714507,
         3.08452351,   0.54261902,   1.28057644,   0.69070348,
         0.49429188,  -1.60211881,   1.02170401,   0.88255142,
         0.09062086,   3.5927028 ,  -6.04445125,  -0.23923026,
         3.84117593,   3.77399003, -10.61464276,   2.29509687,
        -6.44523221,   6.46483032,   0.22322037,  -2.19047711,
        -1.72825557,  -3.52163177,   3.21306786,  -1.0957867 ,
        -2.74986037,  -1.65090632,   5.87871113,  -4.95029868,
         3.78233832,   1.78739832,   6.508307  ,   1.75871599,
        -7.05001312,   1.55868658,   1.35590514,  -1.87849927,
        -3.51807999,  -2.47280748,  -0.88810602,   4.86987687,
        -0.26464451,  -1.86397464,  -6.78277731,  -0.1836332 ,
        -1.2221182 ,  -4.4741936 ,  -0.58923704,   2.17382427,
         0.14048221,  -2.19969865,  -4.49621646,  -0.50403425,
        -4.40557264,  -1.63583681,   1.81304517,  -2.46729058,
        -3.76553574,  -1.1139923 ,  -3.546303  ,  -7.51130719,
         3.44543948,   2.3364569 ,   5.98216746,   1.86571297,
         4.24642711,  -5.15969213,   3.27259816,   9.24250735,
        -3.66822301,  -0.88015415,   4.93701273,   7.04359435,
         0.56185256,   0.76284409,   2.34133222,   2.14579679,
         1.57830544,  -8.1299288 ,   1.94132551,  -6.21574032]), array([-2.1929966 , -3.9630692 ,  2.01509132,  0.36048312,  4.74658001,
        3.24917486,  1.20775842, -0.59816022,  4.30715849,  3.81204364,
        5.12555633,  5.60574741,  1.57230586, -3.14412237, -3.24811889,
       -0.9340253 , -1.60054782, -1.87845577, -3.07997971, -6.43180262,
       -3.89011562,  2.70078523,  1.97417798, -0.44558451,  3.29434437,
       -3.03539413, -2.51272423, -0.12312272, -0.04381434,  2.38885519,
       -1.04964039, -2.11910146,  1.82575428,  4.79820006, -6.38111963,
       -0.87919735, -1.07033131,  1.53182061, -0.75681685, -2.22121327,
       -0.57253453,  2.14636164,  2.31883082, -3.72962391,  0.33624761,
        3.4477234 ,  2.41778431,  2.54935229,  3.68444689,  3.41095066,
        0.59926967, -0.88347029, -0.36473085,  3.39585691,  1.84610142,
        2.37988468, -1.19992228,  0.33307984,  1.15611819, -1.09514806,
       -1.17152434, -1.82043878, -3.24523848, -1.01298809, -0.45299115,
        1.15929338, -0.25357539, -1.53735806, -1.34127375,  0.09017312,
        0.69793773, -2.67966584, -1.36830947, -0.49724264, -2.43972907,
       -5.58036349, -1.70431185,  3.7499366 ,  3.26160445, -0.74637153,
       -2.19100079,  2.13963998,  2.73696105,  5.5746931 ,  2.46101339,
       -0.93873253,  3.58047516,  1.02106555,  2.01729289,  0.36887333,
        1.40619782,  3.45895978, -1.65954891,  1.24305701,  4.34365187,
       -1.75474756,  2.16845207, -2.68107976, -3.17024248,  3.08814407]), array([ 1.61204614, -0.8911514 , -2.16478032, -0.50986604, -5.46903976,
       -4.6052231 , -1.38644031,  0.39479918, -1.77699438, -4.88603635,
       -5.26644826, -5.50406326, -0.53499724, -3.09206321,  0.84265335,
       -0.92579974, -0.6097539 ,  0.99360527,  1.79712741,  5.32400232,
       -0.89122524,  0.15544484, -1.75741865, -0.89992597, -5.96171172,
        3.69482929,  3.13590929, -4.09235359, -2.4341004 , -5.23413034,
        2.21764635,  3.43620545, -1.76181901, -1.21166774,  5.27480001,
       -1.80981495,  0.52554183, -0.01015486, -0.35292288, -2.62265799,
        2.16396589,  0.48990374,  1.10859593, -5.22403519,  1.36892701,
       -2.63254964, -1.90091539, -0.1213827 , -6.51778818, -1.01041059,
       -0.98349946,  1.6325323 , -0.12224302, -6.71930722, -1.51621346,
        2.67326879,  5.46828455, -1.98852047,  4.52273673,  1.47544235,
       -0.10145734,  3.19106608,  3.62074042, -1.6566575 ,  1.39569684,
       -0.0688043 , -1.50771013,  0.60713091,  1.91341737,  0.83217801,
        2.19665999,  5.45388697,  0.11038175,  1.13053538, -0.87920622,
        3.87717297,  3.00899033, -1.91261254,  4.14191385,  5.0478968 ,
       -0.41698844, -3.07841379, -2.14416584, -2.03042605,  0.2051729 ,
        1.04848502, -4.25982495, -4.22889107,  3.12928309,  3.45053618,
       -2.03741775, -4.64811442, -1.50886112, -2.19859144, -1.40512304,
       -1.6489857 , -2.60062439,  4.40373382,  3.41228078, -1.37304014]), array([ 0.97868938, -1.48074789, -6.03362135,  1.21776771,  1.48661604,
       -1.10228555,  0.40188168, -3.5647291 ,  2.40863385, -4.83270644,
       -2.16315919, -5.91129133,  1.45543467, -3.28583416,  0.04020565,
       -2.73280451, -0.20536983,  0.04634067, -2.66678899,  6.2740074 ,
       -0.57027223,  2.40631388, -0.14080608, -0.81179685, -3.29980891,
        4.71745521, -0.3793056 , -1.63642855, -2.45084002,  0.09396546,
        5.12747171,  0.6814075 , -1.47975813,  2.73803143,  6.70490087,
       -5.0665913 ,  3.72983374, -7.78930849, -1.98302659,  2.82965805,
       -1.9681801 ,  5.77754539, -0.79006839, -1.05402931,  0.34010053,
        2.06355038, -5.26091231,  3.3075267 , -4.85132916, -1.53430939,
       -6.00067516,  3.22051412,  3.46238408, -1.44898238,  0.789414  ,
        3.09865745,  4.96286072,  4.61171696, -0.48751664, -5.49895175,
        1.22013697,  4.46610975,  3.85645714,  1.98779128,  1.23311393,
       -1.44792166,  1.56612364,  0.26892484, -0.13235296, -0.92332982,
        1.92368837,  0.75466802,  1.04376865,  1.77433684, -2.89526832,
        5.56277176,  1.7632964 ,  0.15718856,  2.0682667 ,  3.93935798,
       -3.51459899, -2.0490402 , -1.80540639, -3.28664911, -3.23279821,
        2.59959114, -1.78534872, -3.8223007 ,  1.77706843, -0.71673591,
       -3.85898607, -4.52589725,  3.31744189, -0.36313336, -2.54461055,
       -0.83863375, -0.42790958,  2.6177167 ,  3.30178542,  5.53572058]), array([ -3.11322794e+00,  -3.17959164e-03,   9.70423428e+00,
         4.37483616e+00,   7.93207517e+00,   4.87783328e+00,
         3.69520483e+00,   9.25513566e+00,  -2.29329637e-01,
         7.13032059e+00,   5.21175949e+00,   1.12093948e+01,
        -3.11099118e+00,   6.68429667e+00,   2.10792253e+00,
         1.67330280e+00,   1.92650337e+00,  -3.07179418e+00,
        -1.08120369e+00,  -1.16726734e+01,   5.37683483e+00,
        -2.39024862e+00,   1.93138109e+00,   2.78405644e+00,
         1.07897445e+01,  -7.94866165e+00,  -3.31101204e+00,
         4.18080358e+00,   5.69931513e-02,   9.95598712e-01,
        -7.07784374e+00,  -4.97795539e+00,   3.16473542e+00,
         2.28231841e+00,  -1.14497267e+01,   5.75432860e+00,
        -5.15617604e+00,   4.33181866e+00,   4.21256239e+00,
         4.55174767e+00,  -1.23045916e+00,  -6.26262120e-01,
         1.02152283e-01,   4.61680838e+00,   2.91505592e-01,
         9.35770071e-01,   2.94725170e+00,   2.23281679e+00,
         5.16595774e+00,  -8.40740704e-01,   4.63332500e+00,
        -3.38098552e+00,  -4.29881555e+00,   7.01257749e+00,
         8.46683204e-01,  -2.03555710e+00,  -9.40519997e+00,
         2.65327560e+00,  -2.70400412e+00,   1.87139937e+00,
         1.72849925e+00,  -5.95627621e+00,  -4.97849835e+00,
         1.18127801e+00,  -1.97772782e+00,  -9.71651045e-01,
         1.63559447e+00,   3.48049050e+00,   4.24788761e-01,
         5.05911032e-01,  -3.67559327e+00,  -9.09773570e+00,
        -1.09408783e+00,   2.89142173e+00,   6.20589237e-01,
        -6.52951007e+00,  -6.58054903e+00,   3.06493497e+00,
        -7.79732685e+00,  -8.29126208e+00,   4.35998137e+00,
         9.55850559e+00,   1.57662110e+00,   6.08490578e+00,
         1.18527347e+00,  -3.78209586e+00,   5.27502811e+00,
         8.81292272e+00,  -5.97518529e+00,  -1.26636062e+00,
         7.52263448e+00,   9.59807472e+00,   8.44417446e-01,
         4.08970861e+00,   3.66996033e+00,   1.74619161e+00,
         2.22126706e+00,  -7.30555533e+00,  -5.72325367e+00,
        -4.39719777e+00]), array([  2.05892460e+00,   5.21720304e-01,  -6.77691299e+00,
         1.28944495e+00,  -5.54882604e+00,  -2.19873616e-01,
        -8.22145219e-02,  -4.65408872e+00,   4.60997359e+00,
        -7.98993188e+00,  -7.88201425e+00,  -1.05804308e+01,
         1.01827880e+00,  -3.17131351e+00,   3.14764126e+00,
        -3.43817392e+00,  -5.01977845e-01,   2.15080925e+00,
        -2.04863579e+00,   1.41628511e+01,  -4.55925476e+00,
         1.82391777e+00,  -1.24500979e+00,  -2.66342119e-01,
        -7.13406936e+00,   7.67384573e+00,  -3.75626025e+00,
        -2.09588580e+00,  -2.32015830e+00,  -2.46192831e+00,
         1.03614432e+01,   4.04290296e+00,  -7.23206033e+00,
        -2.88437816e-01,   1.26016948e+01,  -4.33482412e+00,
         2.85408365e+00,  -9.38555437e+00,  -8.95634031e-01,
         2.30749615e+00,   1.43696839e+00,   3.67174229e+00,
        -5.27655013e-01,   2.85073322e-02,   7.30761549e-01,
         1.26159196e+00,  -9.34994119e+00,   4.90476505e+00,
        -9.57096617e+00,   7.58176107e-01,  -6.24669835e+00,
         3.31693649e+00,   9.29286832e+00,  -1.39931697e+00,
        -1.51970297e+00,   6.80595402e-01,   6.78906696e+00,
         1.77050474e+00,   2.49018300e+00,  -4.74200266e+00,
         4.53283463e-01,   7.67397260e+00,   9.30819697e+00,
         2.03589109e+00,   3.71953117e-01,   5.79137134e-01,
         1.46364856e+00,   5.03747242e-01,  -2.01163696e+00,
        -8.68740593e-01,   3.95892147e+00,   1.86566000e+00,
         1.07263027e-02,   3.64873768e+00,  -4.43442079e+00,
         8.54471260e+00,   4.40057522e+00,  -8.80328821e-01,
         2.36503884e+00,   1.20874629e+01,  -6.51261775e+00,
        -5.16014496e+00,  -2.71707481e+00,  -6.18237558e+00,
        -5.18995394e+00,   3.24943667e+00,  -3.60146226e+00,
        -8.82009070e+00,   1.62448461e+00,   4.09101213e+00,
        -7.51637608e+00,  -1.19558911e+01,   3.61306020e+00,
        -6.27728275e+00,  -5.59515848e+00,  -1.54133188e+00,
        -1.62427940e+00,   7.36019320e+00,   7.12507741e+00,
         7.38029306e+00]), array([-0.17644813, -0.07505441, -1.26186724,  0.30203169,  2.33684403,
       -0.55756862,  0.2404846 , -2.9779585 ,  1.37180261,  3.21739466,
       -0.89646155, -0.41104002,  0.45298513, -3.62628705,  1.40751845,
       -0.12754211, -2.35592336, -1.03832357, -1.62752239, -1.60599373,
       -3.41188503,  1.73037118, -2.62689573, -0.927647  ,  0.53885597,
        3.95704571,  1.43611122,  5.0325022 ,  1.41116427, -3.59683459,
        1.78873191,  1.07975847,  0.69963526,  5.4311493 , -3.63735558,
       -1.37942983,  2.17733493, -0.44632009, -3.80426704, -1.30234227,
       -0.79299938,  2.26070171, -2.34520822, -0.40835935, -1.01473333,
        2.16951377, -1.28202571,  2.32652532,  1.88324017,  1.54636405,
       -0.20957414,  0.66059096,  2.27227606,  2.0256036 ,  0.94930815,
        1.99405988, -1.68572329, -0.17319434,  2.65156958, -5.43377358,
       -0.44218046,  2.33194914,  4.59029221, -1.56197967,  2.05835873,
        0.21104506, -1.45080788, -1.1509312 ,  1.58527003, -1.31803752,
        3.14964253,  2.58244191, -0.09375406,  2.80622609, -0.2984391 ,
       -0.98364719, -0.92652971,  3.11389845,  0.31626051,  2.00014047,
       -1.44823867, -0.0975828 , -0.42939052, -0.91338409, -0.05145597,
        1.61144618, -0.30251295, -2.8484465 , -0.77319888, -0.06301608,
       -1.52324421, -0.50582831,  0.42418431, -4.02251989,  0.60578826,
       -3.11776995,  0.07828134,  1.3265292 , -0.38103663,  2.46645041]), array([-2.09223377,  2.5246985 ,  1.40422422,  1.75312989,  5.09225977,
        4.81753721,  1.97152584,  0.27298753, -0.52038132,  1.64358825,
        2.83037607,  3.91949092, -0.27803063,  3.54526564, -0.08037556,
       -0.05938928,  2.53368191, -1.93390185, -0.49157863, -5.48320074,
        3.0262523 , -3.09030398, -1.42208994,  2.40367965,  0.49134383,
       -2.00986075, -4.75508784,  2.7541359 ,  2.40168917,  2.49234131,
       -3.80706211, -0.93154745,  3.80186803, -0.92493304, -3.4571363 ,
        4.38327731, -2.04911044,  0.50942292,  3.22109757,  1.97331048,
       -1.62233179, -0.89928673, -2.71652896,  2.98712823, -2.55904147,
       -1.18136241,  2.15399902,  0.46201303,  3.82243615, -1.57155443,
        0.93581428, -2.50649411, -0.1125946 ,  1.72534556, -1.1266112 ,
       -0.13030149, -4.43987131,  1.83273209, -2.76000055, -0.54465885,
        1.32276731, -2.8633676 , -1.08173329,  0.84555687, -1.92049245,
        0.46158129, -0.45587597,  3.33609753, -0.10949652, -1.0990914 ,
       -0.16509387, -2.04676935,  0.69821816,  0.04472979, -0.32120806,
       -5.00322954, -2.61278804,  2.35205262, -6.39276307, -7.01771861,
        3.53677087,  2.91125552,  0.36458227,  1.68806337, -1.03952241,
       -0.27775089,  1.26580377,  6.79889191, -5.36479701,  0.18039443,
       -0.59711605,  3.82170422,  0.36432656,  1.49730802, -1.0647975 ,
       -1.80070481,  2.04551474, -4.2477459 , -2.49363655, -0.59682657]), array([ 1.24185578, -0.83038432, -4.15083507, -5.45405744, -5.13060063,
       -3.63928991,  3.12676287,  0.96244001,  2.06399368, -5.80776493,
        2.17295351, -0.45530202,  3.36753067, -1.44498848,  0.14806378,
       -2.24273695,  0.3423346 ,  0.98712564, -3.59431333,  0.43511978,
       -3.60304219, -1.21731897, -0.39576492,  3.32363714, -2.08351352,
        2.75569813, -1.02322765, -2.09834835,  3.14679885,  2.20785913,
        5.19473083,  2.73063918, -2.91722589, -3.41663662,  7.33871945,
       -0.3692451 , -3.14883726,  0.64887976, -1.01050146,  1.83303091,
        0.8056167 , -1.49225349,  0.40430074,  3.07605161,  1.45017374,
        0.99099897, -2.79888069, -2.81710257, -1.85297985,  0.65662688,
        5.03373562, -1.44448141,  3.93712691, -5.70287424,  0.82285728,
        0.51447921,  0.51896249,  1.10800552,  0.46339841, -1.60149037,
        4.37484806, -0.01755413,  4.65411175, -1.66023206, -2.1891122 ,
        1.27135898,  3.3706564 ,  1.03904418, -3.38848122, -0.17843249,
        4.15241656,  1.02791474,  1.07472279,  3.43352071,  1.77903393,
        6.97189627, -2.10763821, -1.96980514,  1.16611541,  3.49420819,
       -2.73962121,  0.22885356, -2.77730493, -3.67446984, -1.30343307,
       -0.62618627, -5.19451297, -3.84601738, -2.79596721, -0.11084301,
       -5.11606695, -1.93083361, -0.20159134, -4.85798844,  1.31334601,
       -1.40136671,  2.71119912,  0.8590737 ,  1.37634208,  2.64243498]), array([ 1.88008363,  0.86068686, -5.29754656, -0.06868845, -5.21989929,
       -0.73100169, -1.10247756, -0.85051549,  1.21249472, -4.93664041,
       -3.72290347, -6.06646055,  1.56371925, -0.86394686, -0.7577805 ,
       -0.13570791, -0.64008326,  0.66824091, -0.45474529,  6.83122623,
       -0.92886569,  1.40758237, -2.36838848, -1.87834474, -3.25175614,
        4.93790354, -0.41793221, -1.22568726,  1.01226744, -3.34378229,
        3.20590826,  2.86123775, -0.62146256,  0.2823445 ,  7.01625107,
       -2.42638433,  2.10063195, -4.23590997,  0.48314462, -0.24649   ,
        0.72405152, -0.31547059,  0.53420522, -0.56399162, -0.62079527,
       -1.77383577, -4.3221449 ,  0.40757446, -3.6171304 , -0.3426361 ,
       -0.61988826,  2.45338738,  3.62089054, -4.14298196, -0.9236567 ,
        0.41005142,  1.42025405,  0.38018549,  2.67162373, -0.75927978,
       -0.61699002,  2.3877869 ,  2.83397024,  1.86044135, -0.59889834,
       -1.54012717, -0.23799823, -1.33987453,  0.58309452,  0.22635606,
        1.42696584,  1.90412432,  1.33917445, -0.19279536, -1.19074452,
        3.62797477,  1.09875734,  1.30624173, -0.3898417 ,  2.08200276,
       -1.47042111, -1.44812038, -1.74436501, -2.27263307, -1.59070933,
        3.46084246, -3.65917883, -4.08845678,  0.72003427,  0.77764219,
       -3.99048008, -4.98488242, -0.25671292, -3.15638945, -3.84293626,
       -2.9580105 , -1.77899297,  3.35652502,  2.80353426,  3.47183249]), array([ 0.99806928, -2.44112921, -1.86200268, -0.90237309, -6.68903501,
       -6.10902851, -1.33624863, -1.78817334, -1.07245105, -2.95172136,
       -0.0153717 , -2.62897475, -0.55482501,  1.05908337,  1.81012954,
       -0.68887376,  3.6607878 ,  1.00438093, -1.27000251,  6.05282648,
        0.07792819, -1.6901294 ,  1.10341598,  4.01451114, -2.21202383,
        1.91660976,  0.4097587 , -4.5318952 , -0.32142834,  1.14645325,
        1.31040629, -1.4355315 , -2.2101532 , -2.88577757,  5.66512497,
        0.40350234, -1.6409179 , -1.05435953, -1.08605868,  0.49382665,
        1.47902627,  0.71377989,  0.91927508,  1.63928286,  1.00229918,
        2.68883385,  0.1832353 , -1.33278433, -1.17400067,  1.20002407,
       -1.57053327,  0.09758214,  0.0772585 , -2.21185029, -1.32947824,
       -2.18205168,  5.07576108, -1.98482814, -0.62324511, -1.60597501,
        3.49947004, -0.35414475, -0.58182954, -4.34650899,  2.34392029,
        1.44903821,  1.59268326,  1.12318037, -2.49955728,  0.94512961,
        0.0068708 ,  1.91364349,  1.195939  , -3.20608488,  1.31371375,
        2.20632061,  1.83608425, -5.67119168,  3.07276058,  4.02743199,
       -0.46252945, -5.16446746,  0.06768949, -1.08517838, -1.88498324,
        2.71139766,  0.25734372, -2.03519112,  2.84008987,  0.01217181,
        0.80601094, -1.18539523,  3.58630046,  1.85063958,  3.15236111,
        3.62098399, -0.29272862,  3.97596561,  0.15349152, -1.95424612]), array([ -4.69415528,  -3.26159909,  12.26323594,  -1.97650517,
         6.25109267,   0.77873382,   1.33286244,   3.92623746,
        -2.48542716,   9.07577833,   3.88436928,  12.67664688,
        -2.90698554,   2.96606658,   1.72299379,   2.31448068,
        -0.22708782,  -1.24943373,   8.19975383,  -9.3835345 ,
        -1.27301827,  -1.61146586,   0.58954153,   6.50779916,
         6.27385262,  -7.4551417 ,  -5.0432211 ,   2.2775394 ,
         2.13739547,   2.03578903,  -6.00714697,  -3.46245218,
         1.78661068,  -2.74136046,  -7.16003907,   7.98407597,
        -5.14168813,  11.65663945,  -1.4274913 ,  -2.25716523,
         1.16103633,   0.46248025,  -3.74888403,  -1.60710985,
         3.23397343,   1.74449218,  10.01319506,   0.9941716 ,
         7.47769439,   3.91302644,   1.51279472, -10.10192373,
        -2.30750674,   2.71671347,  -0.81455021,  -2.32590186,
        -1.87433989,  -6.86050657,  -1.35624743,  -0.25554571,
        -0.84697909,  -5.71205098,   0.47878155,  -7.14189056,
         5.62552533,   9.21359792,  -1.58648197,   0.80643436,
        -0.31009053,  -4.13766902,  -3.40548001,  -2.90435533,
        -2.59201627,   1.4946477 ,  -1.70577612, -14.82116469,
        -2.45617219,   1.66310642,   0.80099928,  -4.35618074,
         8.3587232 ,   0.49902188,   0.96492611,  10.16820611,
         3.16078999,  -2.23557564,   1.40659356,   2.96326962,
        -3.25744192,   0.32907756,   2.78074433,   8.39532287,
        -3.31220697,   2.63878648,   2.64675172,   0.77324384,
         3.38356201,  -5.99165042,  -9.34822541,  -7.26812395]), array([-0.05930862, -1.48369816, -3.10532444,  1.0849672 ,  1.83450137,
        3.62652143,  0.24552297, -1.84980059,  2.75105051,  0.18185717,
        0.86076077, -1.5868265 ,  3.66344017, -1.21775745, -0.99825438,
       -1.06891943, -3.98354531,  0.68255223, -4.41501856,  1.28191351,
       -3.82828001,  1.86918489, -0.16330462, -2.33724528,  2.07060049,
       -1.61159793, -2.91653087,  2.40555811,  0.37536639,  1.39792598,
        2.78209396, -3.74559461, -0.04733077,  0.01645634,  1.71453428,
       -3.90729012,  0.82150433, -4.7234454 , -0.64321107,  0.94685466,
       -0.56321043,  0.63989016,  1.43903876,  2.5834577 ,  1.8065224 ,
        1.01679117, -1.43254318,  1.6047437 ,  2.12120464,  0.47422704,
        0.2469101 ,  4.35221502,  1.19213398,  1.98442013,  0.67318811,
       -1.52936058,  0.0401675 ,  0.74988155, -0.34103089, -4.61130936,
       -0.44607683, -1.84079282, -0.67580953,  2.06347574, -1.38788109,
       -0.92206215,  0.97652966, -2.48192747, -0.53250132, -0.88012788,
        2.69121128, -3.19691181,  0.64648228, -0.51936122, -1.38201528,
       -0.08863432, -1.27470562,  3.03208571,  0.40949017, -0.85911896,
       -4.0407948 ,  3.04174273,  0.81340174, -0.24754119, -0.24231099,
        1.1130996 ,  0.17432756, -1.5045847 ,  1.56695855, -3.23735599,
       -2.14405855, -1.75483982,  1.63809012, -1.49938211,  3.11218242,
       -0.58979942,  0.44355401,  2.07163143,  1.39256509,  5.91465465]), array([ -4.13742156,   0.33377545,  10.15677951,  -2.812977  ,
         1.94926185,   2.61445845,  -0.67820903,   4.48637228,
        -4.13418973,   6.77015777,   7.13061469,  10.02527959,
         1.09152048,   7.26081453,  -3.87971707,   7.38535162,
         0.73902215,  -0.85559098,   2.82190842, -12.94706785,
         1.9066027 ,  -4.18549959,  -0.64846506,   4.05445058,
         8.34315698,  -9.80008414,   0.88443166,   1.96334874,
         5.81172835,   1.98254243, -10.53484135,  -5.24896948,
         5.66507789,  -0.65243221, -13.02741636,   7.2718451 ,
        -7.07902369,  10.27934836,   2.67479021,  -5.68779728,
         1.41878952,  -8.790222  ,   3.95853343,   0.61215643,
        -0.21178122,  -3.25050401,  12.62194273,  -3.07852082,
        11.51628658,   0.20840749,  11.56376182,  -1.74383917,
       -11.50871523,   1.1918221 ,  -1.20446256,  -5.90956714,
        -7.85463524,  -5.40510315,  -1.40471099,  10.79466655,
        -1.28057643,  -9.94034316, -10.71038126,  -2.52331623,
        -3.59900417,  -0.4859584 ,  -2.32616199,   0.99074103,
         2.74303916,  -2.32688456,  -3.24039995,  -2.76708298,
        -2.71881992,  -5.01765385,   4.57411974, -12.38285507,
        -4.25261707,   1.70217608,  -6.50296501, -13.32106077,
         7.34153338,   4.23919849,   4.75422937,   9.22964048,
         7.27917435,  -3.11873919,   3.52285049,   8.49813553,
        -1.22255518,  -3.26707398,   7.89952276,   8.77779442,
        -3.38367766,   2.23645277,   5.55227883,   1.0439022 ,
         1.35005034,  -7.05576097,  -4.96009302,  -9.85708965]), array([ 3.501243  ,  2.81784889, -8.63718309, -0.04142213, -2.05633451,
       -1.92251585,  0.8052661 , -2.45197828,  4.72363772, -4.40315508,
       -4.63450132, -4.69514079,  4.29049388, -0.49234057,  3.13490376,
       -1.38027588, -1.50016293, -1.74570046, -6.48429378,  7.98432868,
       -4.19810474, -2.43096413, -2.9802788 , -1.31874455, -1.83173404,
        4.12989569, -2.65007204,  0.22177563, -2.22950767, -2.2628844 ,
        2.44986253,  0.4700382 , -3.2012074 , -1.28512901,  8.52495076,
       -5.65320713,  2.41940952, -8.57780279,  2.93895482,  4.7171242 ,
        0.17559715,  4.01061577, -2.55306167,  3.803458  ,  0.3906496 ,
       -0.18473622, -0.6671036 ,  1.0139745 , -3.73097639, -4.02568889,
       -5.67450276,  5.69920376,  2.69806421, -4.72905851, -3.12149814,
        2.79447789,  2.00029531,  0.3340048 ,  2.2521194 , -8.24025074,
        6.08639826,  2.12009448,  7.73277465, -0.43438271,  4.78823992,
        2.08691375, -1.26233459, -0.73038935, -2.47629391,  2.4188128 ,
        9.00958264,  3.33286357,  5.51063364,  0.58020202, -1.48345473,
        5.90193499, -1.14761428,  3.09546906, -0.26134267,  5.33061198,
       -3.90290949,  0.24532971, -1.77560994, -4.43095183, -1.81479686,
        5.05272707, -3.70440742, -6.44168569,  0.24334142, -2.20225665,
       -5.3011743 , -6.61618918,  1.03699126, -2.44368266,  2.15064185,
       -1.29318653,  1.00676591,  6.57447414,  1.95213588,  4.48935031]), array([ -4.69974013,   7.73348223,  12.32398696,   1.664194  ,
         7.35427941,   9.37470373,   2.32422706,   9.27025183,
       -10.1615022 ,  13.24357287,  11.59697949,  12.83780057,
        -7.35895205,   6.33161953,  -4.36293473,  -0.27733747,
        -0.66334219,  -4.48682154,  20.9338143 , -27.5571121 ,
         9.47285767,  -2.73179282,   8.97233567,  -4.57271603,
         9.43245573, -12.51083214,   3.72983426,   9.47987742,
         0.29317612,   7.85686057, -18.81286143,  -3.10553518,
        11.7669536 ,   2.95555832, -23.78833726,  12.91092879,
        -3.97630695,  22.70203789,   0.72615924,  -1.09668985,
        -0.37059711,  -7.72302716,  -3.10909495,  -5.10884726,
         0.33559844,  -3.31495672,  13.96236486,  -6.69372783,
        14.52239882,   4.24849899,   7.77672631,  -8.40339235,
       -10.02658323,   3.14320697,  -0.76933965,   4.84100735,
        -7.24952544,  -4.40238452,  -4.52115643,  12.12840919,
        -7.47292127, -10.80884547, -10.75254522,  -2.87450622,
         0.91122757,  -0.61640696,  -2.9458239 ,   1.89287608,
         5.661127  ,   4.21575574, -11.40445116,  -6.56410792,
        -2.34676432,  -1.42840571,   5.32887367, -12.58513252,
        -4.85287353,   5.16097373,  -3.59064479, -20.38503066,
        12.30764844,   5.82908916,   5.96182518,  10.69855355,
         7.56110919,  -7.30184255,   6.53481756,  13.19757382,
        -8.99712158,  -1.45249469,  12.61709698,  24.65155191,
        -9.37651004,   7.01210532,   0.63858591,   5.48649834,
        -2.84225767, -16.81837111, -14.70920617, -13.86977303]), array([-1.51138827, -1.11896991, -4.82949302,  2.02437719, -0.74067282,
        6.91591714,  1.91468826, -1.01758777,  2.65438988,  2.75759171,
        3.99655154,  1.33936188,  1.99331511, -1.76840345, -1.38471419,
       -1.53291437, -3.34191599, -1.00669537, -1.8893831 , -6.50134124,
       -1.95579351,  1.13787896,  2.97418811, -0.07281787,  3.69301561,
       -4.41253532, -4.00341288,  3.74396069, -2.53721294,  1.18183127,
       -1.8555468 , -5.27402472,  1.26202493,  4.10236293, -4.28211009,
       -0.82667778, -4.89939055,  1.66350872,  0.68017074,  1.44204794,
        0.03027054, -2.18288738,  3.45586608,  1.6385773 ,  1.36063928,
        2.0537085 ,  1.50602101, -1.32212444,  4.31811616,  3.74927033,
        3.72661623,  4.94840665,  1.18597167,  2.1182549 ,  0.38081667,
        1.60608143, -1.89163312, -0.04566761, -0.18904883, -3.22050883,
       -0.37230779, -3.33097714, -3.22205834, -1.53265774, -1.58452479,
       -2.43145639, -0.74645995, -0.15583046, -0.73657415, -1.53228009,
        2.23194853, -3.8679568 , -1.72230927,  1.2666529 ,  0.12420626,
       -2.06455088, -2.68467826,  0.13459082,  1.98397067, -4.44693284,
       -2.49737328,  5.89916314,  3.32903202,  1.43982848,  1.69415414,
       -0.37686774,  4.62785207,  2.43274881, -0.24812944,  0.39039208,
        1.72750718,  3.70903649,  0.91627304, -3.43080224,  6.58304679,
        0.27157826,  1.15574302, -1.34212615,  2.52289454,  1.55159888]), array([ -5.71639987,   1.44091316,   6.37151618,   5.46172062,
         9.21192223,   9.87479272,   2.50044453,   3.67391717,
         1.277043  ,   3.7534531 ,   6.42075883,   7.5111493 ,
         5.35281842,   3.97946645,  -0.79044673,   2.35918236,
        -3.99417617,  -1.03429377,  -0.69340935,  -9.26657863,
         2.48286504,  -3.57593674,   2.88679047,  -0.38003455,
        10.55600889,  -6.47585729,  -6.63169823,   9.8155363 ,
         0.94442279,   3.68768246,  -4.86745252,  -7.40513591,
         2.82105568,   4.18306505,  -9.60395458,   4.16916986,
         1.77008668,   2.10780171,   3.37920338,   2.93377182,
        -1.22231487,  -1.04141515,  -1.41408893,   7.6919324 ,
        -2.40958777,   3.84885936,   1.38653073,   6.3104835 ,
         7.18351617,  -0.21549583,   1.34035521,  -2.67054794,
         3.00737777,   6.95976296,   0.40534636,   4.23371805,
       -10.55971356,   4.16168777,  -6.89739809,   0.9790923 ,
        -2.9458616 ,  -7.47534074,  -5.32295723,   1.94924181,
        -7.45204841,   0.42792346,  -0.57209254,   1.85448546,
         1.89295641,   0.68655215,   1.30467607,  -7.47120134,
         2.99950112,   5.19998252,  -0.81458886, -11.70510185,
        -2.37415181,   9.1600484 ,  -6.2127248 , -11.43162567,
        -1.26359134,   8.94788629,  -0.70844894,   6.3509599 ,
        -0.42239916,  -0.82366575,   6.58604764,   4.45586343,
        -4.54723695,  -2.08830045,   2.71333151,   6.51375019,
        -2.54664745,   0.14429165,   0.66423618,  -2.36038518,
         3.31223086,  -5.77053214,  -6.47803472,   4.35048273]), array([ -2.92725864,   3.01816599,   8.43377724,   1.09875631,
         6.72468083,   5.36109571,   1.35986157,   6.72071069,
        -3.81195661,  12.79083529,   7.52036892,  16.46938983,
        -4.61449181,   5.92816318,  -3.33426575,   5.81797059,
        -0.26394452,  -2.85208457,   9.72019911, -18.47330666,
         2.92081815,  -1.33610748,   2.74878562,   3.33902285,
        12.73937309, -12.28565308,   2.15046692,   8.86193144,
         0.61956544,   5.85078675, -11.83593236,  -4.99998675,
         6.74511836,   1.5821827 , -18.67860709,   8.17895549,
        -6.66482467,  13.98861954,  -1.11114103,  -0.6116997 ,
         0.67870087,  -4.38125581,   2.31909267,  -2.54220871,
         2.93234798,   0.36569478,  11.30636839,  -3.47929653,
        13.13889526,   4.61650965,   7.470179  ,  -5.18924895,
        -8.21902123,   4.30933015,  -2.57224562,  -2.13419602,
        -8.70588692,  -5.45760259,  -3.92738298,   6.11507294,
        -4.15118839,  -6.41269359,  -7.67426834,  -4.86703888,
         1.54453458,   1.12286058,  -1.92223353,   1.39511968,
        -0.39927978,  -3.26742844,  -5.03103968,  -6.57246706,
        -4.88677687,  -0.4762551 ,   2.8079321 ,  -9.5979787 ,
        -3.83751321,   2.79774521,  -5.34366068, -13.55287279,
         9.55003059,   8.32523434,   6.56529068,  10.00406303,
         5.80955996,  -5.37646962,   4.94825876,  12.07123416,
        -5.80485071,  -2.02002308,  10.70833726,  15.61802382,
        -3.5049559 ,   1.56277474,   3.12429283,   4.93509981,
         0.17540577, -11.09130314,  -7.71437499, -11.4542157 ]), array([-0.98851512,  1.41753166, -1.74885771, -1.1188096 , -3.41056292,
       -0.89474449,  2.61925975,  2.63991111,  3.37450014, -2.14343745,
       -9.13299188, -3.45863617, -2.89249299,  1.21425588,  2.58274037,
        6.31728649,  4.08153418,  1.90628215, -5.04388888,  2.90636596,
       -0.73267939, -2.10005977, -4.54796063,  2.18818637, -0.04922312,
       -0.20039746, -6.87348552,  1.33038869, -1.38451444, -1.55675203,
        2.36007916, -0.77530367,  3.45456767, -4.54038662, -0.93187605,
       -2.06621825, -6.13253659,  3.1036597 ,  5.61519578,  2.82031972,
        1.42402139,  0.05710421,  5.42514025,  1.14532161, -1.06641336,
       -0.15345429, -0.3974242 ,  0.46003766,  0.48379688, -0.9475392 ,
        0.55158685,  5.09820834, -2.6595939 , -0.43245514, -1.14523866,
       -7.06559681, -3.9597963 , -2.88063545,  1.07427071, -4.95587957,
       -0.11938232, -1.77763229,  1.0264124 ,  3.04536624,  4.75175004,
       -0.89541246, -0.99469655, -2.45635422,  1.75227142,  0.28711299,
        2.46957901,  5.788854  ,  2.79119085, -4.55232536,  1.36375115,
       -0.80717038, -3.640876  , -0.48207681, -8.89299472,  2.38412299,
        3.53258955,  2.11654462,  0.48989359,  1.29747032, -4.05026837,
       -1.33371859,  2.206467  ,  0.17816576, -2.63275298,  0.7140977 ,
        2.1222519 , -7.29355748,  3.08759986, -1.34713555, -3.48558933,
       -1.60331796,  1.24692619,  1.66612084,  4.59008681,  3.75165821]), array([ -6.65584677,  -0.76646   ,  13.08541837,   1.73258744,
         1.97371857,   4.98410772,   0.11927669,   5.97180298,
        -7.89597671,  13.08426293,   5.31857935,  14.2192815 ,
        -7.00077505,   0.99675621,  -0.58344057,   6.58917763,
        -0.49770168,   1.3669255 ,   3.66200904, -22.32366425,
         5.77953024,  -2.21126658,   2.51940745,   2.09885321,
        12.54704022, -16.41196978,   5.82522015,   7.68448156,
        -3.86944691,  -1.25736241,  -7.56817137,  -3.15425693,
         8.5470439 ,   1.63026079, -26.58946099,  10.23224951,
        -9.25748808,  20.33804878,   2.4327419 ,  -7.05372437,
        -2.86464217, -14.39330832,   4.35116508,  -4.55215082,
        -0.88447138,  -2.16370153,   9.50771543,  -6.74214538,
        17.17126058,   4.3264576 ,  15.99496544,  -5.94702231,
       -11.54405987,  11.00319285,   1.61922888,  -5.60061147,
       -10.54675026,  -5.03734301,  -1.2849802 ,   9.34862456,
        -6.46917842, -11.67597591, -20.41129275,  -2.48579687,
        -4.47140976,  -5.12367268,  -9.22200902,  -2.39199622,
         3.58964176,  -0.4017927 ,  -2.820967  ,  -0.89716132,
        -7.58082377,  -8.80026981,   7.7802186 , -11.86469867,
        -7.35968628,  -3.92669157,  -2.09190751, -12.6867831 ,
         6.29728361,   9.02047118,   7.39190747,   8.53695716,
         6.77903987,  -7.3548012 ,  11.90660537,  11.45526719,
        -3.8293159 ,   0.09270692,  15.27215857,  14.59921651,
        -3.06228711,   3.34047508,  10.96357433,   1.30609573,
        -3.59063898, -10.52729148,  -3.19366964, -12.53576134]), array([ -6.05956695,   1.13370108,  11.73326269,  -1.1158366 ,
         0.58059086,   0.92698034,   2.33300625,   4.37809751,
        -2.62578626,   4.94497318,   2.94537699,   9.2242492 ,
        -9.53320713,   6.72054091,  -0.62848414,   3.98870332,
         5.55867556,  -1.07373969,  -0.03257638, -11.31023482,
         6.35271551,  -4.83018705,   1.840804  ,   0.20509396,
         3.54423628, -12.51420524,  -0.47149506,   0.09713691,
         0.58580609,   3.33469611,  -9.34697108,  -3.73104678,
         5.13045013,  -4.20954986, -11.52757038,   3.44239876,
        -8.67658422,  10.77676367,   6.23919146,  -3.89013496,
        -0.09640307,  -7.28401949,  -0.18266954,  -2.78627032,
         0.76919062,  -4.37000909,   9.59719375, -10.0223241 ,
         5.48902062,   0.66189482,   6.82274294,  -3.84785288,
        -7.60563139,  -0.71822196,   0.03415449,  -9.12732817,
        -3.1615699 ,   0.45049345,  -5.6134687 ,  11.28484175,
         0.04353391,  -9.20172507, -15.16799389,  -0.08491558,
        -1.21988744,  -3.52896648,  -0.39485091,  -0.34305934,
         1.03553704,  -0.46535853,  -4.30595147,  -0.33772083,
        -0.23057261,  -9.02094213,   6.18259917,  -5.76743285,
        -3.77866289,  -1.70532516,  -7.44031695,  -8.82513938,
         9.76436293,   5.41286949,   5.14895387,   5.50886222,
         4.39744491,  -5.43925966,   6.61852642,  11.84460131,
        -4.77797765,   2.60575759,   6.65589663,   7.34532586,
        -1.93033697,   8.63825159,   5.21435945,   4.28399889,
         2.56693218,  -8.65124441,  -3.37422274,  -8.08581907]), array([  1.75122967,  -0.47423302,   0.55554071,  -8.90013848,
       -13.86221575,  -3.84289809,  -3.01739404,   1.03875349,
        -2.40090056,   6.86601022,  -3.77844533,  -1.5507716 ,
        -3.82626891,  -1.44677714,  -4.69558783,   8.21400359,
        -0.45540225,   3.80520006,   8.90560954,  -6.02760122,
        -0.61050505,   2.84285553,   2.77822712,  -0.44207565,
        -4.19533282,  -4.05725352,   9.88001281,  -0.44688967,
        -0.33016961,  -5.6684559 ,  -3.14623918,  -1.27942521,
         9.90117073,  -5.52281015,  -6.2066247 ,   2.72185568,
        -9.9915724 ,  14.13549612,  -1.98553645, -10.75032676,
         2.57915096,  -7.35438882,   9.36771406,  -7.03022563,
        -0.44796374,  -6.78794227,   9.64214284,  -7.89897628,
         5.4591574 ,   1.48796626,   6.32804668,  -0.40980761,
       -11.73463324,  -7.3980301 ,  -1.44591418,  -3.51877403,
         6.57121438, -10.12303307,  -1.11482148,   9.77207   ,
        -2.42207595,  -0.51294915,  -4.98153492,  -4.54087071,
         9.38209741,  -6.44023231,  -2.05454717,  -3.59956241,
         4.89426185,  -5.41671814,  -4.1564835 ,   9.82747052,
        -7.92333666,  -8.14581021,   4.3125709 ,  -1.32853252,
        -0.64512405,  -9.10049524,   7.20518964,  -4.79729247,
         6.02703494,  -4.52688252,   0.64185902,   2.30079385,
         6.04875836,  -1.93156746,  -3.6241233 ,   4.50827071,
         1.24471   ,   3.03918236,   2.90120081,   3.88078919,
        -1.60085298,  -0.41444195,   2.43361544,   5.02434689,
        -1.97399286,  -2.70299456,   2.76891354, -15.34689669]), array([  0.80165929,  -1.99685142,   7.21976231,   3.57117944,
         3.12666018,   6.53282394,   0.76506897,  -0.46175263,
         0.57687301,   9.33904454,   9.7354627 ,   7.64988455,
         5.33098678,   2.31294877,  -2.55878839,  -3.2753021 ,
        -2.16073092,  -6.35168754,   6.14820907,  -9.73209384,
        -1.16465679,  -1.51453541,   6.1677025 ,  -0.73100274,
         9.41301821,  -5.26041448,  -5.68989582,   6.7214014 ,
        -4.03682632,   6.05152618,  -3.657276  ,  -5.77253655,
         1.60905721,   3.23769289,  -8.26305599,   3.17739372,
         0.12610369,   4.54557781,  -1.58220625,   1.94610541,
        -2.15398653,  -1.4699824 ,  -1.66061123,  -1.65581438,
         0.35567182,   2.77757933,   8.5380159 ,   0.55128865,
         7.90832129,   3.01404706,   0.86951564,  -3.77071407,
         2.8792955 ,   6.01338806,   1.39824145,   4.49240085,
        -0.97528905,  -6.00356622,  -3.45415102,  -2.29074308,
        -2.51273305,  -1.65365116,  -6.56746718,  -5.31759593,
         1.66645032,   3.23900032,  -3.32877736,  -2.89930673,
        -2.8932712 ,  -1.49784707,  -0.84116568,  -7.60776747,
        -1.13638786,  -4.46429083,  -3.51520624,  -9.89476895,
        -2.75110923,   0.56281696,   1.67950611,  -6.31172812,
         3.38615781,   1.13149221,   6.06291532,   7.46623038,
         2.62435476,  -0.92566312,   5.99755172,   3.91863637,
        -5.70358409,   1.49539948,   6.4893777 ,  12.81825701,
        -1.2089787 ,   4.119512  ,   4.93521899,   5.7918724 ,
        -3.60549997,  -6.92926733,  -8.31990619,  -4.86169335]), array([ 3.11322966,  1.11100515, -4.84798251,  0.5268939 ,  2.82681523,
       -0.4376925 ,  1.86180725, -3.13481796,  0.26055328,  1.75630776,
       -3.16490531, -0.73607916, -4.13056908, -2.26331294,  1.12135996,
       -3.16929597,  2.73459112, -2.42026014, -1.48299327, -0.31624845,
        0.57899968,  2.45022639, -2.06879141, -0.88094673, -5.97370784,
        4.37968772,  0.62385033, -0.96904484,  0.41895123,  0.91694722,
        1.38988751,  1.66652763, -1.18305745, -1.77071577,  1.75801217,
       -0.96367061, -0.52324614, -2.08545646, -1.1085946 , -0.82649553,
       -2.77462062,  4.54166674, -3.25972318,  1.21672258, -1.27390881,
        0.04769904, -2.95611474, -1.56910061, -3.18040067, -0.20459802,
       -2.75333984, -0.24215723,  1.46640672,  0.59560018,  1.20881135,
       -2.19507762,  1.64563739,  1.65627571, -1.47237737, -3.64939631,
        1.57631706,  4.53158709,  3.38112587,  1.65890895,  1.81914764,
       -1.3814801 ,  2.23643806,  0.51364212, -1.41119783, -0.89896811,
       -2.77503632,  1.07361036, -1.68410374,  1.41171566, -0.75451063,
        3.93963494, -0.55372022, -0.82898256, -1.43583148,  2.92501144,
       -0.28520925,  0.10558197, -0.43838086, -5.41930368, -1.75372405,
       -2.56721915, -1.58547425,  2.57107426,  0.91713788, -0.84569015,
       -2.85752287, -1.71667357,  1.70943541,  0.55101095, -2.98865997,
        0.22264983,  1.83015884, -0.12214999,  2.98540632,  1.66558798]), array([ -1.83683284,   5.69416302,   1.10879383,  -2.78738834,
        -4.83786174,  -0.76389179,  -1.81242109,   2.45794602,
        -4.93042526,   7.25989587,   4.28553525,  -0.1620495 ,
        -3.28892152,   4.66254026,  -6.58792554,   1.25716793,
         3.642965  ,  -1.20879494,   0.68929364, -10.59664375,
         4.23513589,  -2.6978194 ,   3.06103705,   0.2971625 ,
        -3.50531603,  -2.97318402,   2.07369466,  -4.67780379,
         4.2424688 ,  -1.92538119, -10.04275925,  -4.88433153,
         7.62876005,  -2.09474532,  -6.74905757,   5.74158188,
        -1.4496434 ,   8.62218454,   6.64822693,  -8.34874215,
        -0.67794123,  -8.83875688,   5.07432273,   1.12072565,
        -4.27560165,  -2.39110807,   4.99628162,  -5.41792168,
         7.39481027,   4.29454818,   4.76362096,  -0.89748862,
        -5.29754547,   1.03113137,   4.71707497,  -6.37130037,
        -5.13776083,  -2.42368772,  -2.8610306 ,   5.75145738,
         2.92788387,  -8.37672442, -13.6445333 ,   1.6712582 ,
        -5.41682694,  -1.13814889,  -0.50601672,  -2.05954785,
         4.91285543,   6.52716559,  -5.12572591,   5.08613119,
        -5.69356045,  -5.46353966,   2.78537346, -10.31675162,
        -2.37692835,  -1.15970175,  -4.99424751, -10.52155236,
         6.29312838,  -1.35443408,   2.89441343,   4.93004318,
         3.85157413,   1.56962516,   8.42587602,   6.84979403,
         1.40708043,  -0.33303929,  -2.13227396,   2.22429481,
        -2.82736021,   3.63213326,  -0.82797153,  -1.44639246,
         2.15196211,  -4.76578669,  -0.75937152,  -5.07269314]), array([ -6.75547867,   4.25769205,   7.5682425 ,   3.08214907,
         7.63599241,  12.06063149,   5.2763395 ,   2.45340363,
        -5.12920912,   4.78788403,   4.00004312,  13.23811557,
        -8.0566339 ,   7.39028384,  -3.5969387 ,   1.11982739,
         1.91103845,  -3.7661858 ,   0.32257639, -19.36598852,
         6.53610981,  -4.21247139,   3.84866909,   5.0078571 ,
         5.18731181, -13.70551302,  -7.5769727 ,   5.31984149,
        -0.37041094,   4.90776349, -12.14788137,  -2.54771416,
         6.76350301,   2.70312093, -18.07684335,   9.88183384,
        -8.38889594,   5.85500251,   6.46817811,   0.85999234,
        -2.03700177,  -8.26124707,   2.43737496,  -3.0191198 ,
        -3.94657556,  -2.14247329,   7.39526334,  -1.51319614,
         8.32407059,  -0.93903015,   6.11508092,  -6.99733115,
        -4.29341898,   9.16647893,  -1.07317452,  -2.03459731,
       -11.33763109,  -0.34807289,  -2.61240491,   8.14354307,
         0.04540567,  -9.83760783, -11.62231246,   0.27769907,
        -4.06155702,  -1.41576225,  -3.29941405,   7.2203231 ,
        -1.25344947,  -4.64005385,  -2.67018005,  -6.93324199,
        -7.29740778,  -1.90077225,   0.29404616, -14.43578488,
        -3.59520282,   0.60925142, -10.68803813, -17.2410837 ,
         8.0398333 ,   5.61782517,   8.36297149,   6.21607896,
         0.94929267,  -4.61017222,   9.8028805 ,  14.66500421,
       -11.74304563,   1.81280178,   6.16620095,   9.93779328,
         2.06977692,   1.70614137,   3.51470577,  -1.39853801,
         2.14428013, -12.81709236,  -3.62023045,  -6.94719064]), array([  0.84396141,  -4.15843603,  -5.99475411,  -2.84052977,
         2.84160935, -12.58572883,   2.90212074,  -0.70929007,
         1.46757285, -15.38717467,  -5.16737157,  -1.71390453,
         1.76858423,  -2.8950592 ,   5.04138064,  -2.32827416,
         0.25914935,   2.65857305,  -8.03497309,   6.74703355,
        -0.83799076,  -0.88955248,  -3.53209663,  -1.42837238,
        -6.25631379,   2.21230385,   3.1756024 ,  -5.21803978,
        -4.41015426,   5.32800225,  11.27065537,   2.73525243,
       -10.24064186,  -6.24187792,   8.19633603,  -8.74949044,
         5.03741801,  -6.63175467,  -3.62307049,   6.48429543,
        -2.30846455,   8.53971767,  -1.95751539,   0.54353058,
         0.78856248,   5.42084514,  -6.60434868,   3.80960865,
       -14.5398306 ,  -5.2386152 ,  -4.80106335,  -2.01385473,
        -0.55235834,  -7.18725187,  -1.77040752,   4.69321267,
         2.05750577,   3.56574773,   2.18174995,  -2.78388405,
         3.7626853 ,   4.06017778,   8.20261483,   0.7946172 ,
         1.03224446,   4.70787546,   3.87458071,   6.00863988,
        -4.9961133 ,   4.4525355 ,   8.48458084,   6.04231474,
         9.58151461,   3.57110642,   0.34007552,  13.3171505 ,
         4.91428907,  -5.33163527,   3.40139796,  13.74434096,
        -6.22271414,  -5.6170209 ,  -5.37074709,  -6.82402328,
        -5.75500491,  -0.42860658,  -7.03436378,  -9.52788927,
         3.41572141,  -3.57119858,  -2.08700662, -10.03777357,
        -0.08781312,  -1.24893244,   5.0212471 ,   0.70369599,
         3.17370262,   6.34741475,   1.20137653,   7.87947341]), array([  0.19253464,   5.36805971,  -1.77801212,  -1.05442731,
        -5.58920482,   7.99859414,   2.50267374,   2.65203707,
        -4.63101231,   8.50501871,   1.2083373 ,  -2.5452683 ,
        -0.38180634,  -2.0413018 , -10.10377718,   2.2598063 ,
        -4.92749115,  -2.20911926,   9.34262887, -15.58518269,
        -3.25809453,   2.49918076,  -1.13379498,  -4.49767986,
         4.32245737,  -4.99396831,   2.4143518 ,   7.67881687,
         3.19213993,  -0.66058182,  -9.70768361,  -3.79652591,
        11.3873753 ,   1.55782805, -13.4834243 ,   3.74235634,
        -9.25464109,  12.11459126,  -0.26883422,  -8.57099604,
         3.87250114,  -8.95390221,   9.525869  ,  -4.90564017,
         2.54321654,  -5.56029772,   9.69898082,  -8.9658645 ,
        13.65564278,   3.52278448,  12.43527693,   9.23686018,
       -10.66462802,  -2.41379227,  -2.12479095,  -2.90136379,
        -2.09399834,  -8.18117062,   0.09466826,   6.74628934,
        -6.57146348,  -7.41637996,  -5.99550803,  -0.79562658,
        -1.67453316,  -8.11787214,  -3.97445219,  -1.66923657,
         7.13094447,  -1.82126528,  -4.08248608,   1.5027822 ,
        -5.98408904,  -2.53520355,   4.88895987,  -5.25286791,
        -5.85799161,   7.76732628,  -3.35059947, -14.49785626,
         3.41886614,  11.70366093,   6.18704167,   5.74887265,
         8.90368758,  -5.1502638 ,  -0.56346619,   9.53993836,
         1.95385618,  -1.78683634,   4.13794588,   9.49055538,
        -2.78230176,  -4.9516148 ,  -0.29852736,  -0.44853177,
        -2.64716259,  -4.12739603,   5.7115076 ,  -5.74641471]), array([ -0.51492113,  -2.44901511,  -0.93892422,   7.83047207,
         4.39561339,  -0.76851587,   2.80504164,  -1.91641539,
         5.62679136,  -8.09135834,  -3.22166543,  -6.10894357,
         4.29910993,  -2.33919051,   5.96806711,  -7.31818694,
        -0.92523546,  -4.18421771, -11.86962779,  10.17533945,
         1.76318334,  -2.62148799,  -3.09082245,  -1.92756684,
         2.42157932,   7.72734502,  -6.84443271,  -3.16665878,
         0.89516668,  -1.44699344,   7.46693124,   0.15459789,
        -5.94154534,   2.27373529,  10.14693622,  -1.3005906 ,
         8.83501968, -14.74173833,   3.23260206,   5.54538667,
        -1.7947499 ,   5.26430239, -11.4906246 ,   8.92499171,
        -3.86289937,   3.69209782,  -9.88747453,   6.31640876,
        -8.26091152,  -6.61412852,  -5.22192108,   0.08507466,
        10.89669128,   2.15973813,   3.14125021,   4.0417571 ,
        -2.391179  ,  11.82049831,  -2.05834615,  -8.15261295,
         6.16465843,   1.66460655,   5.12180101,   3.56845524,
        -4.95622877,   1.34995323,   0.57114468,   5.40482674,
        -0.76198119,   3.17542183,   5.80701058,  -3.57215969,
        10.58033588,   2.55382014,  -0.32014527,   3.64973693,
        -0.44867221,   3.9320585 ,   1.45172644,   7.66746561,
        -8.31283442,   2.68655772,  -6.48450126,  -4.77983102,
        -3.42279189,   4.50204559,   0.15823591,  -4.29845821,
         2.63506519,  -1.22178055,  -3.8859475 ,  -5.64980718,
         1.37873709,   0.96283045,   1.16399223,  -3.96780921,
         3.45432424,   9.59088059,   0.3609484 ,  10.19920214]), array([ 11.29002932,  -6.94899152, -23.51598152,   3.8845882 ,
        -4.19547469, -17.04858539,  -4.79470621, -24.77391089,
        16.11483506, -24.2928587 , -18.82264382, -24.14528006,
         9.73447292, -17.15901936,   5.93418626,  -9.4135123 ,
        -0.7817685 ,  -1.83039239,  -9.68407686,  40.31400667,
       -12.47391316,   7.3898967 , -18.31890285,   0.07253275,
       -24.20497347,  27.57041806,  -1.99511603, -11.91851138,
        -6.66173416,  -5.6473169 ,  32.77076372,  13.56842229,
       -26.41446638,  -1.52766851,  41.53052841, -26.9526535 ,
        16.20140598, -36.60596618, -11.64169746,   6.27229144,
        -6.02542387,  22.09666499,  -6.8953883 ,  -0.17759694,
         7.43897339,   2.40216354, -22.57375419,  15.15643775,
       -34.03851111,  -3.40950643, -22.00006212,   9.92551683,
        16.03686639, -15.34994026,  -3.67859764,   3.19285149,
        28.89612402,  11.41393295,   6.24178781, -23.06487133,
         4.35871298,  28.31301526,  31.29006521,   1.89033405,
         4.50837536,   6.72249279,   4.6560441 ,   6.37342444,
        -4.9824154 ,  -6.80953177,  13.73260962,  17.89117161,
         0.17901253,  14.18470985, -11.2406412 ,  30.0957317 ,
        15.94748159,   1.03260608,   9.56946481,  44.72419308,
       -15.16930235,  -9.87378971,  -7.78513279, -18.2402916 ,
       -12.92025244,  15.01559247, -20.85441995, -22.31770876,
        14.04801642,   3.6909827 , -24.10895221, -39.16586935,
         8.09888851, -14.40979902,  -9.52882287,  -5.31223956,
        -2.41136515,  22.93773266,  25.34973585,  19.2898373 ]), array([ -6.91985156,   6.4282713 ,  15.45684343,   0.04694501,
         5.41578904,  14.65292926,   3.10635816,   8.82618983,
        -7.59055993,  10.40926677,  20.56105494,  23.67285215,
         3.40733067,  12.41899527, -10.23179403,   2.73746024,
         1.15022209,  -6.3590234 ,   0.31187638, -27.4169433 ,
         6.89940804,  -8.85616705,   2.36139227,   2.73673542,
        15.90351027, -23.40335626, -13.86624996,   2.89372623,
         4.97195505,  12.30537109, -21.65379245, -12.63169256,
         9.38344493,  -4.60868953, -19.38266536,  13.4011375 ,
       -12.30729082,  11.12163474,  10.93377497,   0.93383051,
        -0.86622231, -14.66121631,   2.37189899,   5.46852021,
        -4.79309906,  -6.47630501,  20.22298933,  -9.28919435,
        24.79544553,  -0.23500976,  12.23763962, -11.53447317,
        -3.70424453,   8.54519032,  -0.97397757,  -1.77993926,
       -16.81444137,   1.9738987 ,  -8.17277272,   8.81406192,
         0.88064666, -19.22268547, -22.692306  ,   2.17496952,
       -11.25925432,   5.06325867,  -5.08118391,   2.48277852,
        -2.10830748,   4.21376288,  -5.97485254, -12.02546985,
         2.25350948,  -7.61603848,   4.37088242, -24.692153  ,
        -8.53269168,  -0.38546958, -12.50397195, -29.23380714,
        13.62343935,  14.51193763,   6.62150178,  13.73922332,
         5.11111613,  -6.11432012,  11.67773458,  24.87211479,
        -7.68217276,  -0.13188974,   7.52853029,  23.46695875,
        -9.6774758 ,  11.41598853,   6.5000531 ,  -2.35060488,
         7.03917712, -16.40415514, -11.34648999,  -5.76394475]), array([  7.1486804 ,  -7.98447128, -13.94605593,   4.31306646,
        -6.98091022, -13.03687248,  -0.87727038,  -2.34170396,
         2.07577661, -14.85943231, -11.55647753, -11.24059472,
        12.30089702,  -4.93257371,   1.10380387,  -9.78762192,
        -1.7600469 ,   3.79943174,  -9.29633949,  19.68693711,
         0.75036776,  -0.57695676,  -2.63206702,   1.07749404,
        -0.8217002 ,  11.30357383,   6.6819598 , -10.19037097,
        -6.1035861 ,  -3.24123979,  15.21245243,   1.11180555,
       -17.6772864 ,   5.05879005,  21.58954066, -11.36305642,
        11.32107823, -19.52429416,  -6.78264805,   2.33799614,
        -3.28667269,  11.44747415,   3.75851567,   6.72251535,
         4.7628743 ,   6.8265653 , -13.10711125,   7.94719134,
       -16.51758773,  -3.23935206,  -9.55991813,   8.55302646,
         9.47533842,  -6.14791326,  -0.37174723,   3.97832697,
        12.17495474,   7.58228053,  -0.04685122,  -6.19808542,
         4.8543833 ,  10.21872439,   8.54507737,   0.22600075,
        -8.3296751 ,  -1.59433945,   3.9807495 ,   6.78675468,
        -4.3239181 ,   4.09457538,   8.71552422,  -0.41027498,
         2.0247585 ,   6.71876562,  -9.7748069 ,  21.77241086,
         4.54504438,  -0.6888645 ,   8.02223107,  15.69815099,
       -16.67429363,  -2.5019293 ,  -6.60290281,  -6.2822651 ,
        -2.86913882,   5.56207582,  -1.03868794,  -9.72407084,
        11.55269694,   1.21567442,  -7.32659068, -16.22729049,
         4.89281262,  -2.74192888,   2.11221661,   3.75875756,
         1.90563096,  13.6039236 ,  10.99263139,  11.21362446]), array([  0.8061676 ,  -3.95768963,   0.57782139,   0.09856243,
        -3.06334416,  -7.26512632,  -1.91571392,   2.6878169 ,
         1.94263675,  -3.99197869,  -1.1414292 ,  -2.35085573,
        -3.81740175,  -1.18654712,   0.04166624,  -2.90645962,
        -1.67157122,  -0.39429146,   4.49168814,   7.93471248,
         1.76713393,   2.32956213,   2.05996557,  -8.06613441,
        -1.71241731,  -2.93814462,   2.82875596,  -3.27740333,
        -6.74624211,   1.09058509,  -0.49252048,  -2.91900566,
        -3.6334361 ,  -6.07754905,   8.7029675 , -11.42095186,
         1.58510456,  -0.84164759,  -0.59393355,   1.8227108 ,
         4.40692743,   4.44756808,  -2.27461421,  -1.72311601,
         8.11346323,  -0.45751132,   0.19043618,  -6.99771798,
       -12.41825826,   0.10191384,  -6.42217604,   4.30938073,
        -1.74997568,  -9.01249283,  -1.2091683 ,  -1.25307605,
        11.26296107,   1.06370038,  -1.30648911,   4.77746084,
         0.81577242,  -0.6255039 ,  -2.09219351,  -3.89966334,
         4.28337531,   1.52597336,   4.38194877,  -0.09216409,
        -0.7834327 ,   1.53555823,  -0.5597248 ,  -0.57983137,
         5.91354766,   0.73487794,   0.92543784,   8.12908665,
         6.8121518 ,  -1.4728535 ,   8.24641079,   7.1109845 ,
         0.15873181,  -0.32244295,   1.28716841,  -0.59203843,
         0.83603497,   0.02468441,  -4.04391423,  -2.14458032,
         3.45760384,  -0.11918912,   0.22626725,  -0.34541755,
        -0.72223278,   7.21729142,   4.14017728,  10.1923669 ,
        -0.45847736,   4.38266093,   1.35712934,  -2.60100375]), array([  1.35664701,  -3.65173654,   1.8109134 ,  -5.00330089,
       -10.32457197, -10.10145226,  -3.36994536,  -0.7954567 ,
         1.01303627,  -6.48850346,  -4.5423807 , -10.80031087,
        -0.72324509,   0.51180037,   1.41022713,   1.45937145,
         3.03587621,   4.34834434,   3.068181  ,  12.63475808,
        -2.13871021,   0.17643238,  -1.06014068,   0.44554933,
        -5.16895086,   6.81805717,   6.18065733,  -5.98870291,
         0.28499172,  -3.40500232,   9.45290119,   5.71009679,
        -3.23957184,  -3.25254246,   4.97703114,   0.24038108,
         0.72448385,   1.52944836,  -4.1251733 ,  -3.70962897,
         3.91331256,  -2.74865379,   1.01350389,  -3.18132764,
        -3.02326611,   2.49861368,  -1.10473167,   0.70288977,
        -5.54765824,   0.4200161 ,   1.07438644,   1.31853698,
        -2.03723163,  -4.15434083,   0.10550727,  -1.36336957,
         5.3352385 ,  -6.71613684,   2.54741671,   3.3737178 ,
        -1.01560095,   5.35309567,   0.45440114,  -1.27712783,
         0.9707706 ,  -0.02403806,  -0.73897583,  -2.2498437 ,
         1.94948979,   0.54671085,  -0.48077648,  10.30563802,
         3.5997538 ,  -2.99904846,   1.79477771,   5.88141833,
         3.78620558,  -7.29680169,   5.18399326,  10.11315308,
        -2.32800657, -12.76576747,  -2.75935567,  -1.56826149,
        -1.01226268,   0.92293087,  -3.98243917, -10.85319297,
         3.70120528,   4.39941303,   0.17071548,  -6.46146061,
         0.58929176,  -3.17522465,  -2.90827805,   0.66712022,
        -3.17024789,   5.70113537,   3.67360308,  -2.7004779 ]), array([ -5.25024902,   2.26977198,  14.36584993,  -1.93613803,
         2.34569371,   3.96330544,  -0.54681506,  12.46733067,
        -5.57493935,  11.89890678,  11.38159706,  14.13073345,
        -5.09556848,   7.24339611,  -5.42294976,   3.75413037,
         3.88200071,  -2.57778335,   6.87335097, -18.29207608,
         6.9230764 ,  -2.14789184,   6.31641763,  -1.26321143,
         9.07049624, -14.13876165,   0.21779509,   0.21500981,
         2.04668982,   2.65763921, -15.39890223,  -6.56362992,
        12.58214673,  -2.41717874, -17.28323912,   7.86026436,
        -7.74072481,  17.01950179,   7.31361947,  -3.97083351,
         1.86164849, -10.26188817,   1.98315588,  -0.11609958,
        -2.03599118,  -2.24881496,  13.98214415,  -9.92873503,
        14.324304  ,   3.50204557,   7.92416635,  -6.31964872,
        -7.30822396,   1.81642547,   0.94293036,  -2.28353676,
        -9.55603592,  -1.62540496,  -6.07164421,   9.91757939,
        -2.60990943, -10.89189882, -16.01058428,  -1.54739725,
        -1.41489763,   1.11710832,  -2.67190895,  -3.83756771,
         2.84251229,   3.13775234,  -7.76293394,  -4.05705397,
         0.03341712,  -6.94139065,   5.60589058, -14.63203359,
        -5.37941137,  -0.33378211,  -1.89291929, -16.45159928,
        11.78899652,   6.9291467 ,   3.47823222,  12.22122014,
         8.05654952,  -6.39998241,   7.02120915,  14.64819969,
        -3.72771323,  -1.79082503,  10.10014095,  17.78149855,
        -9.08563375,   9.54394476,   2.41061874,   1.52155525,
         2.63838239, -11.40575449, -12.14143137, -11.63144424]), array([  0.92628411,   2.37716052,  -7.45234884,   0.86717136,
        -2.80175204,  -1.0243308 ,   4.85710362,  -2.12144321,
         3.03954257,  -4.15144933,  -4.80921992,  -4.72204127,
        -1.61580677,  -6.63463717,   3.96519119,  -6.29537939,
        -0.57815216,   1.06806112,  -2.07626096,   4.74040544,
        -2.90811102,  -0.17551502,   3.59718554,   0.59854625,
        -7.42887345,   7.31831609,  -4.5733898 ,  -2.28149887,
        -3.57728533,  -3.97648867,   9.41616988,   4.85230814,
        -8.29940256,   0.99580434,  11.2871989 ,  -3.52147153,
         2.59996923,  -4.78234346,  -1.62637544,   1.50074894,
        -0.55674689,   6.56865856,   2.83028827,  -4.48358061,
        -0.75761351,   1.66093793, -11.32079362,   2.85652675,
       -14.24366878,  -0.0506367 ,  -5.00197715,   2.77071543,
         9.63540008,  -4.86612967,   2.1459565 ,   1.60966786,
         4.01244744,   3.13137882,   1.67747535,   1.22745948,
         2.62886872,   6.79386588,   3.63024132,   0.58647063,
         1.08597353,  -4.93731778,   5.1670779 ,   1.96783202,
        -3.25972746,  -0.9889586 ,   5.1199882 ,   2.84521557,
        -1.30423808,   8.59830546,  -4.05239046,   7.57201591,
         4.76132385,  -0.2451588 ,   2.88389503,   9.97823063,
        -8.12463613,  -1.54281871,  -0.66594619,  -5.70650881,
        -4.95053663,  -0.11687462,  -1.7173173 ,  -7.62084368,
        -0.95546853,   6.16100278,  -7.27352096, -12.6184772 ,
         5.27637471,  -3.35021291,  -3.04694175,  -1.54784943,
         1.42379458,   2.43080556,   2.9429006 ,   4.35785413]), array([  3.53057829e+00,  -6.44061209e+00,   7.31918849e-01,
        -4.64141734e+00,  -9.55011117e+00,  -1.34745460e+01,
         1.50880702e+00,  -2.30771246e+00,   3.92632663e+00,
        -7.57248235e+00,  -1.42979652e+01,  -1.26259071e+01,
        -7.01591420e-01,  -8.75116842e+00,   1.77990236e-02,
        -4.94777458e+00,   3.04409832e+00,   5.29602191e+00,
        -1.05326829e+01,   2.38786943e+01,  -7.20092370e+00,
         4.19747864e+00,  -2.06401803e+00,   4.29339967e+00,
        -1.14467859e+01,   1.05656123e+01,   4.96482562e+00,
        -1.23309809e+01,  -1.99710803e+00,  -5.13986529e+00,
         1.33435099e+01,   4.35385979e+00,  -6.36261521e+00,
        -5.41475715e-01,   2.05197319e+01,  -9.38421259e+00,
         7.62343156e+00,  -1.15715767e+01,  -4.39061527e+00,
        -4.35063135e+00,   2.31729050e+00,   7.75959114e+00,
        -1.21444138e+00,  -5.45380390e+00,   2.63481919e+00,
         2.83348493e+00,  -9.18686803e+00,   2.88743942e+00,
        -1.79620775e+01,  -6.00142175e+00,  -8.64813286e+00,
        -5.11884198e-01,   7.80850885e+00,  -8.03117043e+00,
         3.65077352e+00,  -3.36996694e+00,   1.06691698e+01,
         9.34536236e-02,   5.90871968e+00,  -2.19663611e+00,
         8.83026897e+00,   8.91004773e+00,   1.39000665e+01,
        -1.30019027e+00,   3.52663417e+00,   1.48572250e+00,
         6.97378668e+00,  -3.72976794e+00,  -2.26246484e+00,
        -2.87782772e+00,   7.37205824e+00,   3.85363589e+00,
        -8.33079909e-01,  -3.05295000e+00,  -5.64332016e+00,
         1.14264322e+01,   5.65790454e+00,  -7.41452223e+00,
         9.08467437e+00,   1.55811468e+01,  -5.32744833e+00,
        -1.69761454e+01,  -6.86778886e+00,  -8.24522393e+00,
        -2.82618197e+00,   6.82548495e+00,  -4.45421266e+00,
        -1.21717375e+01,   5.38273507e+00,  -2.54163075e-01,
        -8.85443746e+00,  -1.77736657e+01,   7.76287309e+00,
         8.10389191e-01,  -3.18059754e+00,   5.06763297e+00,
        -2.06071479e+00,   7.12093930e+00,   5.03641089e+00,
         6.00418743e+00])]
