[array([-0.13969503, -0.84905964, -0.69953865,  0.63491672, -0.08358199,
       -0.96468163,  0.58123231, -0.04123503,  0.18906389, -1.88529027,
       -1.61568689, -0.7093516 , -0.23605125, -0.18839689,  1.10716236,
       -1.11922383,  0.24099553, -0.25995055, -1.24198937,  2.36446095,
        0.32013988,  0.00579259, -0.75908691,  0.42407742, -0.05928737,
        1.74485064, -0.71255565, -1.15114737, -0.56720996, -0.99202663,
        1.94821322,  0.77481663, -2.28272271,  0.42002752,  1.6580534 ,
       -0.64724427,  0.6608724 , -2.45293975, -0.43175474,  1.17013395,
       -0.19546528,  1.38749373, -0.39594203,  0.28885859,  0.32543775,
        1.01617289, -1.66018176,  1.1267221 , -2.40386248, -0.16898276,
       -1.01116729,  0.29795209,  0.94653761,  0.12996523, -0.23689523,
        0.06666174,  0.50008965,  0.73550326,  0.71143723, -0.86408758,
        0.12874414,  1.2884109 ,  1.4513582 ,  0.03902527, -0.66586208,
        0.20047435,  0.01956761,  1.26628685, -0.8402043 ,  0.32637867,
        0.66621703, -0.32029596,  0.72364163,  0.93710488, -1.22639775,
        1.60981679,  0.63541007,  0.11915568,  0.13533545,  2.72009778,
       -1.42055523, -0.37912637, -0.28917015, -0.44929412, -0.73135966,
        0.26922607, -0.79791886, -1.90562701,  0.72113329,  0.45091879,
       -0.49601433, -1.72289467,  0.80580389, -1.05473912, -0.05316384,
       -0.42019302,  0.21010211,  1.47055936,  0.94607121,  0.88062894], dtype=float32), array([-0.14462943, -0.87732732, -0.75626034,  0.59092349, -0.05172508,
       -0.90774512,  0.58211488, -0.14716649,  0.25678965, -1.86322379,
       -1.54642296, -0.74931324, -0.15622276, -0.23074481,  1.04140151,
       -1.08079827,  0.2277177 , -0.25202394, -1.31726742,  2.34051061,
        0.24018188,  0.05413287, -0.76127666,  0.44058427, -0.11471032,
        1.73061919, -0.74366874, -1.12533557, -0.50225675, -0.93763572,
        1.97144425,  0.70138711, -2.20813179,  0.43672571,  1.67395544,
       -0.68488616,  0.61078542, -2.46705413, -0.45490077,  1.11459541,
       -0.22143351,  1.42108572, -0.33100304,  0.24702318,  0.35259536,
        1.01286185, -1.63444006,  1.15912366, -2.29588747, -0.14863622,
       -0.99994367,  0.37223089,  0.94553405,  0.1300201 , -0.2008443 ,
        0.07605786,  0.55795717,  0.74459565,  0.69527823, -0.94949061,
        0.15519539,  1.29795337,  1.43298793,  0.05510041, -0.62631965,
        0.1747409 ,  0.04657008,  1.18437731, -0.81511807,  0.23682314,
        0.6922397 , -0.2984488 ,  0.65546465,  0.8939901 , -1.2236402 ,
        1.55826342,  0.63235801,  0.13061337,  0.12949112,  2.66145349,
       -1.41794074, -0.38486201, -0.25429359, -0.4632397 , -0.74383515,
        0.29230407, -0.77518392, -1.90476167,  0.7711131 ,  0.41692469,
       -0.54656154, -1.74565494,  0.84131271, -1.06626022, -0.04799896,
       -0.44773227,  0.20421927,  1.47219241,  0.99680156,  0.96353596], dtype=float32), array([-0.0688647 , -0.76504862, -0.68201137,  0.4309625 , -0.33315289,
       -0.93943876,  0.41864133, -0.10036973,  0.20454085, -2.02684665,
       -1.47072029, -0.95614529,  0.0252136 , -0.37703562,  0.88396108,
       -0.99586898, -0.02496915, -0.02655665, -1.00610507,  2.52311587,
        0.05302435,  0.14171867, -0.62713701,  0.15765469, -0.36177325,
        1.583341  , -0.56256223, -1.14311206, -0.66333401, -0.98422462,
        1.94856703,  0.88681936, -2.0597806 ,  0.25658965,  1.96208203,
       -0.79092264,  0.8341037 , -2.27254868, -0.38402185,  0.97120118,
       -0.08584305,  1.23742819, -0.2481087 , -0.07888442,  0.36706364,
        0.76254112, -1.57199645,  1.05145895, -2.30222011, -0.21142265,
       -1.05584443,  0.24755153,  1.05789709, -0.20026641, -0.24299832,
        0.45312646,  0.80892289,  0.64428973,  0.87538826, -0.74910456,
        0.0873129 ,  1.26273584,  1.42539024,  0.13286974, -0.48940521,
        0.32705933, -0.04941817,  0.87971646, -0.62868208,  0.4328143 ,
        0.82490265,  0.04919248,  0.80045784,  0.89577395, -1.13689613,
        1.53726661,  0.84166914,  0.06454009,  0.52196515,  2.61855507,
       -1.36324775, -0.53589678, -0.43458277, -0.48178765, -0.74088317,
        0.45418757, -0.94391102, -2.12034202,  0.83133614,  0.58498424,
       -0.76669616, -1.77495646,  0.51745009, -0.92950845, -0.14583668,
       -0.58202577,  0.03698358,  1.56362283,  0.93226546,  1.08306241], dtype=float32), array([  5.67113869e-02,  -6.45023823e-01,  -9.00532782e-01,
         3.73746544e-01,  -5.65436244e-01,  -7.70681024e-01,
         3.17621529e-01,  -2.49330506e-01,   5.09964824e-01,
        -1.84425712e+00,  -1.24456501e+00,  -1.11899126e+00,
         2.00573042e-01,  -5.70374131e-01,   8.36848915e-01,
        -1.07558227e+00,  -9.87909660e-02,   8.58705789e-02,
        -9.15388167e-01,   2.50418162e+00,  -2.96912491e-01,
         1.32315010e-01,  -3.60781163e-01,   1.32060304e-01,
        -5.35781205e-01,   1.55014467e+00,  -5.78577816e-01,
        -9.54950154e-01,  -7.19090104e-01,  -8.54632616e-01,
         2.01186085e+00,   8.61499250e-01,  -1.94314206e+00,
         2.19366163e-01,   2.09620929e+00,  -8.51974368e-01,
         7.32289612e-01,  -2.06226587e+00,  -3.90497923e-01,
         9.67839062e-01,   3.15137528e-04,   1.07364702e+00,
        -2.84919858e-01,  -6.07870035e-02,   3.62456620e-01,
         7.08896458e-01,  -1.65855956e+00,   9.26283479e-01,
        -2.17956543e+00,  -1.53975263e-02,  -1.03771651e+00,
         2.82103300e-01,   1.46138382e+00,  -2.94112146e-01,
        -1.53353542e-01,   5.97190440e-01,   9.82132614e-01,
         6.09154940e-01,   7.92510688e-01,  -1.02249932e+00,
         1.91469297e-01,   1.28867066e+00,   1.48558891e+00,
         4.03401554e-02,  -3.32990825e-01,   3.25240046e-01,
         7.25748390e-02,   5.27131200e-01,  -6.36751235e-01,
         3.25790644e-01,   9.42782462e-01,   1.16462402e-01,
         6.42489970e-01,   9.53508496e-01,  -1.05474210e+00,
         1.64208972e+00,   7.76089787e-01,  -1.01071075e-01,
         7.28564680e-01,   2.63509583e+00,  -1.43090785e+00,
        -6.03327096e-01,  -4.92938608e-01,  -7.06022441e-01,
        -8.36404800e-01,   5.32696962e-01,  -8.02619696e-01,
        -2.16356921e+00,   5.64785779e-01,   7.26951778e-01,
        -1.00231147e+00,  -1.78892124e+00,   4.90042537e-01,
        -1.01540971e+00,  -2.42768988e-01,  -5.28288364e-01,
        -3.04425135e-02,   1.48972344e+00,   9.25794542e-01,
         1.21489644e+00], dtype=float32), array([ 0.13563216, -0.66078275, -0.73953402,  0.18592726, -0.59291357,
       -1.04148138,  0.2381666 , -0.38030669,  0.48441213, -1.8901372 ,
       -1.20254827, -1.16680419,  0.19284701, -0.56050158,  0.73309737,
       -0.92969543,  0.14174162,  0.16901353, -0.83647949,  2.61159396,
       -0.24909648,  0.15480472, -0.40256956,  0.20913389, -0.72017252,
        1.60613132, -0.37332872, -1.11063755, -0.60533679, -0.70317537,
        2.07953882,  1.03435957, -1.89535201,  0.09203581,  2.11045718,
       -0.80787796,  0.76030803, -1.96300805, -0.47862887,  0.85048217,
       -0.06868451,  1.06588161, -0.30154175, -0.21145986,  0.20352492,
        0.66979712, -1.56874561,  0.90764469, -2.13100123, -0.10336505,
       -1.08807755,  0.09303896,  1.38114846, -0.31314537, -0.0640351 ,
        0.59156352,  1.11582232,  0.62030375,  0.72563726, -0.9188    ,
        0.25873631,  1.48303103,  1.42434144,  0.09598379, -0.20222312,
        0.3799645 ,  0.09228431,  0.43938291, -0.5964101 ,  0.2449218 ,
        0.76886111,  0.42728913,  0.59937233,  0.79002005, -0.89659333,
        1.71344292,  0.93069595, -0.38351652,  0.71247816,  2.75079536,
       -1.24305212, -0.9077282 , -0.51122856, -0.79687077, -0.96165568,
        0.49371901, -0.80502039, -2.12454081,  0.59234339,  0.77653259,
       -0.97119427, -1.81864214,  0.49900723, -0.8243348 , -0.51013839,
       -0.5011723 , -0.06467842,  1.45531094,  0.96981519,  1.13584912], dtype=float32), array([ 0.11014224, -0.7894029 , -0.81038266,  0.2426234 , -0.45580912,
       -1.01586747,  0.13364834, -0.48877296,  0.6731149 , -1.79562414,
       -1.12813103, -1.25267982,  0.3872849 , -0.76761729,  0.64503688,
       -0.81297827, -0.03795433,  0.29411316, -1.01423502,  2.65394974,
       -0.48004234,  0.24527118, -0.47455981,  0.07357863, -0.60867798,
        1.39294803, -0.29873097, -0.97686279, -0.60222203, -0.56347919,
        2.06182384,  0.75721937, -1.76731575,  0.00410146,  2.15447712,
       -0.94984525,  0.89873582, -2.04058814, -0.49854627,  0.71225882,
       -0.12187075,  1.10720205, -0.36057737, -0.02683534,  0.19351149,
        0.73795986, -1.63778007,  0.99811321, -1.98828292, -0.18766643,
       -1.12311113,  0.18707144,  1.37524676, -0.33396158, -0.04508328,
        0.55216193,  1.05905247,  0.8018952 ,  0.51557505, -1.08205342,
        0.24653104,  1.35535657,  1.37900305,  0.16924414, -0.28756914,
        0.32639846,  0.15776443,  0.3425259 , -0.4930172 ,  0.2253986 ,
        0.83817774,  0.41133335,  0.69330859,  0.79094571, -0.75561959,
        1.68809187,  0.90332651, -0.30951393,  0.8470329 ,  2.64389729,
       -1.42837095, -0.66637164, -0.71333665, -0.81969845, -0.95443046,
        0.55305129, -0.76483285, -2.01585269,  0.86932456,  0.58358526,
       -1.04669702, -1.89958835,  0.42349786, -0.77073479, -0.44213736,
       -0.5017004 ,  0.02525468,  1.57273328,  0.97525352,  1.41786671], dtype=float32), array([ 0.15549327, -0.85886604, -0.90375853,  0.15940017, -0.60760069,
       -1.09519196,  0.11088858, -0.60605741,  0.63335001, -1.75578249,
       -1.18241   , -1.25297773,  0.40799126, -0.81061429,  0.58958948,
       -0.77838308, -0.05122879,  0.35232911, -0.95585942,  2.67079139,
       -0.51025397,  0.31413737, -0.41239631,  0.14253065, -0.68607092,
        1.41824949, -0.17166542, -1.06012237, -0.60196733, -0.56547314,
        2.16971874,  0.77378458, -1.76174843, -0.04210767,  2.1376431 ,
       -0.94658417,  0.82375693, -1.97478652, -0.60213655,  0.61231941,
       -0.11860122,  1.08251417, -0.20266216, -0.12639625,  0.23402184,
        0.7554875 , -1.48554587,  0.90432179, -1.9286207 , -0.10042905,
       -1.09182441,  0.20323785,  1.26903212, -0.35105157, -0.06212249,
        0.53124732,  1.23060465,  0.6390987 ,  0.5032928 , -1.01052094,
        0.19635108,  1.39204288,  1.31318009,  0.07548676, -0.18427086,
        0.30544317,  0.12187274,  0.33121958, -0.55163687,  0.13129887,
        0.83230478,  0.54863513,  0.59892941,  0.63275152, -0.77261913,
        1.70376408,  0.95654237, -0.42737377,  1.0376724 ,  2.6833787 ,
       -1.44788754, -0.77848583, -0.61783361, -0.7686559 , -0.85486287,
        0.56709266, -0.77582026, -2.03776336,  0.99223316,  0.61734056,
       -1.01749396, -1.89657724,  0.49368089, -0.81899488, -0.30253872,
       -0.43090799,  0.04380468,  1.60860026,  1.07700205,  1.27008104], dtype=float32), array([ 0.20946495, -0.72203767, -1.02722359,  0.11284586, -0.69862372,
       -1.02483642,  0.12338828, -0.64370149,  0.62791926, -1.76312757,
       -1.26768124, -1.41579819,  0.39016807, -0.78271705,  0.56624651,
       -0.70343816, -0.00723392,  0.34688354, -0.89530176,  2.69606376,
       -0.49429083,  0.33548927, -0.48876238,  0.09572516, -0.78603333,
        1.554703  , -0.18164547, -0.99419582, -0.47392389, -0.58667439,
        2.15889883,  0.77656448, -1.63436282, -0.06694705,  2.19235754,
       -0.92826635,  0.77514994, -1.95198691, -0.56545395,  0.54468262,
       -0.06517561,  1.05721712, -0.18053921, -0.08088349,  0.19699411,
        0.66352177, -1.5010885 ,  0.85825574, -1.88932371, -0.11017168,
       -1.05276704,  0.34271064,  1.2354579 , -0.43440312, -0.07437122,
        0.43950751,  1.25651968,  0.60792136,  0.4931871 , -0.9804976 ,
        0.19042876,  1.42995429,  1.3853184 ,  0.1406804 , -0.11994395,
        0.21295771,  0.14179511,  0.3326017 , -0.46536696,  0.08376034,
        0.80646467,  0.62793911,  0.60337377,  0.58763105, -0.70721978,
        1.7478205 ,  0.93209422, -0.38030112,  0.93498665,  2.62867022,
       -1.37547052, -0.8047421 , -0.62260163, -0.8539995 , -0.84428024,
        0.56715256, -0.87366766, -1.96680832,  0.96566421,  0.5687995 ,
       -1.05974603, -1.94114339,  0.52940428, -0.85226184, -0.4322243 ,
       -0.43921995,  0.02721224,  1.64802158,  1.18452919,  1.27737749], dtype=float32), array([ 0.25651565, -0.7423296 , -0.98417252,  0.11955016, -0.69933295,
       -1.02176833,  0.06747571, -0.70200157,  0.69322133, -1.73802352,
       -1.22755444, -1.49679351,  0.43855524, -0.74936736,  0.62495393,
       -0.73590261,  0.04063843,  0.31451041, -1.01174188,  2.74607706,
       -0.40725702,  0.28460887, -0.44876784,  0.09765879, -0.86015451,
        1.57252204, -0.279452  , -1.0849961 , -0.4435674 , -0.57874596,
        2.1135149 ,  0.7114625 , -1.59583163, -0.08190738,  2.3372364 ,
       -0.96147281,  0.84600753, -2.019274  , -0.43472615,  0.55231619,
       -0.03420284,  1.058478  , -0.2927359 ,  0.12256747,  0.04960975,
        0.64463818, -1.50262117,  0.77061248, -1.97455728, -0.21602826,
       -1.14889002,  0.34294969,  1.30270016, -0.38761052,  0.02813278,
        0.37444431,  1.22397387,  0.65752107,  0.41632584, -0.97351271,
        0.34546077,  1.34402657,  1.33852088,  0.18122433, -0.11423554,
        0.23324656,  0.19925371,  0.30607951, -0.47068632,  0.09965474,
        0.76845962,  0.57488835,  0.67572516,  0.49061432, -0.68659276,
        1.63429964,  0.88563901, -0.47767723,  0.96792299,  2.55850148,
       -1.35803068, -0.91941804, -0.68973333, -0.91569853, -0.82325757,
        0.62417138, -0.77244765, -1.83895588,  0.92403919,  0.53029448,
       -1.07782185, -1.95561397,  0.59160644, -0.62504715, -0.35172552,
       -0.34452909,  0.11464567,  1.64020765,  1.14165807,  1.27785265], dtype=float32), array([ 0.33586243, -0.73956531, -0.87224185, -0.00772484, -0.77156168,
       -1.14962387,  0.10889629, -0.59949946,  0.56109637, -1.85907912,
       -1.285092  , -1.56454957,  0.40612856, -0.79645789,  0.6098752 ,
       -0.73727566,  0.06745026,  0.40580377, -0.95667565,  2.70406127,
       -0.49557465,  0.3743048 , -0.527318  ,  0.10327918, -0.94438499,
        1.45726383, -0.09773763, -1.00181794, -0.40027839, -0.46971104,
        2.2118144 ,  0.82638639, -1.51724529, -0.17487423,  2.40737629,
       -1.00434804,  0.80459118, -1.92309821, -0.48109603,  0.48436731,
       -0.01548345,  0.98387277, -0.22258686,  0.03165101,  0.14500754,
        0.59779954, -1.50200009,  0.67873842, -1.95467174, -0.31698781,
       -0.97162461,  0.34485698,  1.23361552, -0.4897483 ,  0.00352768,
        0.30772984,  1.27505326,  0.64566123,  0.47092086, -0.81416476,
        0.34530652,  1.3371309 ,  1.47977245,  0.20435575, -0.14235449,
        0.23029493,  0.25188875,  0.3531293 , -0.4549163 ,  0.05273204,
        0.8333419 ,  0.64797121,  0.60184443,  0.51210517, -0.55219233,
        1.86785877,  0.80617446, -0.51556182,  0.95323044,  2.52750516,
       -1.31633472, -0.89458144, -0.73669708, -0.99250698, -0.79375011,
        0.50625491, -0.94157386, -1.77370799,  0.89416152,  0.42938432,
       -1.03747821, -1.96099091,  0.63982409, -0.72011167, -0.30688155,
       -0.30908209,  0.03332839,  1.57462525,  1.18010724,  1.26349902], dtype=float32), array([ 0.38285673, -0.68906385, -0.97912157, -0.01883332, -0.7823686 ,
       -1.14544034,  0.10983042, -0.57916033,  0.56216133, -1.89545369,
       -1.2728858 , -1.58775055,  0.44298321, -0.77268189,  0.55881149,
       -0.72411412,  0.02525003,  0.41468906, -0.93018341,  2.65326953,
       -0.48676589,  0.3618103 , -0.49369532,  0.08829431, -0.99431479,
        1.46921694, -0.08035869, -1.02905905, -0.36667362, -0.43396118,
        2.21127486,  0.81675142, -1.51011157, -0.20706698,  2.44873881,
       -1.03108084,  0.79468691, -1.88699222, -0.47124255,  0.49201211,
        0.01351281,  0.96882308, -0.16692938,  0.07752976,  0.15485401,
        0.56722558, -1.53099608,  0.67897129, -1.9806999 , -0.29951397,
       -0.9381004 ,  0.3786577 ,  1.19676447, -0.56042635,  0.0063435 ,
        0.3113524 ,  1.27186954,  0.63044292,  0.45181605, -0.79745352,
        0.36465615,  1.31211913,  1.48420405,  0.23285541, -0.14905326,
        0.2162821 ,  0.30540141,  0.36898553, -0.44181269,  0.07184658,
        0.82285202,  0.64197743,  0.57822096,  0.54918033, -0.55149388,
        1.92106092,  0.81218708, -0.4807075 ,  0.92962903,  2.47332573,
       -1.32156217, -0.86984909, -0.73815274, -1.02005935, -0.79338622,
        0.50542641, -0.96448082, -1.74518728,  0.87402242,  0.3988637 ,
       -1.08681786, -1.96808279,  0.61639285, -0.73725778, -0.34207836,
       -0.29581514,  0.0540261 ,  1.57988405,  1.22143662,  1.27265859], dtype=float32), array([ 0.3955766 , -0.70532775, -0.96457499, -0.01208773, -0.72885686,
       -1.10897648,  0.08646087, -0.60309368,  0.599783  , -1.86825705,
       -1.22623193, -1.58459091,  0.50775796, -0.76521641,  0.51811957,
       -0.72624302, -0.02675   ,  0.45008507, -0.97576457,  2.68728232,
       -0.54635996,  0.38874722, -0.48525286,  0.01771789, -0.92107934,
        1.40468264, -0.10057912, -0.98662186, -0.36144921, -0.36325619,
        2.25831795,  0.78240699, -1.51491356, -0.24736628,  2.43789816,
       -1.09871221,  0.8479473 , -1.9575839 , -0.49647108,  0.521227  ,
       -0.01312654,  0.93983763, -0.16507344,  0.12310206,  0.14420207,
        0.5761987 , -1.53117037,  0.69796151, -1.90951836, -0.30604962,
       -0.93884075,  0.39550748,  1.20514059, -0.47953835,  0.03808686,
        0.26717231,  1.25388801,  0.63792777,  0.42859179, -0.86079341,
        0.34392771,  1.28309429,  1.4111141 ,  0.30369526, -0.16924617,
        0.22525601,  0.31443724,  0.27857912, -0.45375228,  0.07747984,
        0.82447141,  0.60642922,  0.61616594,  0.50025982, -0.54386419,
        1.91918707,  0.81125462, -0.46806526,  0.92395109,  2.47051215,
       -1.3651576 , -0.84843165, -0.71508396, -1.02210104, -0.82866418,
        0.5102703 , -0.93976277, -1.76416492,  0.86770636,  0.33754507,
       -1.09875405, -1.97069502,  0.62607598, -0.69885755, -0.33207911,
       -0.29301596,  0.05018829,  1.59553266,  1.20952082,  1.37314212], dtype=float32), array([ 0.38825572, -0.65028572, -1.02588284,  0.00715656, -0.62291354,
       -1.095608  ,  0.03890834, -0.71183532,  0.56456351, -1.83910739,
       -1.17721534, -1.5675739 ,  0.48772991, -0.79031181,  0.52205223,
       -0.78510892,  0.00419803,  0.3937214 , -0.96052384,  2.67738605,
       -0.53081125,  0.34234071, -0.51669437,  0.01278631, -0.95265955,
        1.48207045, -0.09599416, -0.96820521, -0.31811416, -0.30744919,
        2.1616118 ,  0.82579994, -1.55611002, -0.15510198,  2.43032789,
       -1.10971415,  0.96842831, -1.96529901, -0.51815188,  0.49176538,
       -0.01713633,  0.953273  , -0.28774768,  0.1296102 ,  0.12813193,
        0.61748695, -1.52942932,  0.66884315, -1.91191852, -0.25813985,
       -0.97905183,  0.42889613,  1.26925576, -0.46162918,  0.05498837,
        0.2591432 ,  1.20143175,  0.64437735,  0.46814898, -0.8939985 ,
        0.31944311,  1.29977477,  1.43727291,  0.2472274 , -0.23334035,
        0.28529993,  0.27626973,  0.28372076, -0.46931586,  0.12931469,
        0.84354866,  0.58842146,  0.62831885,  0.49974301, -0.53814298,
        1.89451849,  0.86544788, -0.39777198,  0.87863165,  2.48044086,
       -1.35820293, -0.90946561, -0.64604896, -1.04961646, -0.80173677,
        0.5277288 , -0.86326927, -1.77259231,  0.88422012,  0.30176228,
       -1.10049915, -1.98555088,  0.57470018, -0.71583211, -0.36594564,
       -0.28571242,  0.0421928 ,  1.58174253,  1.14680529,  1.41353011], dtype=float32), array([  3.89173716e-01,  -6.40057147e-01,  -1.04247022e+00,
         8.01547244e-03,  -6.11079454e-01,  -1.07488930e+00,
         4.27759252e-02,  -7.34700024e-01,   5.78066468e-01,
        -1.83009171e+00,  -1.16725552e+00,  -1.57395005e+00,
         4.90656286e-01,  -8.02059412e-01,   5.09110212e-01,
        -7.93686390e-01,   2.22484348e-03,   3.78679097e-01,
        -9.77806151e-01,   2.66508675e+00,  -5.62481523e-01,
         3.49224627e-01,  -5.19646645e-01,   5.48205944e-03,
        -9.64849770e-01,   1.50419605e+00,  -9.77418125e-02,
        -9.59334552e-01,  -2.90578514e-01,  -3.07991564e-01,
         2.14121795e+00,   8.09619009e-01,  -1.53839827e+00,
        -1.29003912e-01,   2.41938496e+00,  -1.11230183e+00,
         9.67462122e-01,  -1.97979879e+00,  -5.27635515e-01,
         4.66279984e-01,  -1.20056758e-03,   9.72336769e-01,
        -2.94523299e-01,   1.11949399e-01,   1.26283124e-01,
         6.23617053e-01,  -1.52174711e+00,   6.75635159e-01,
        -1.90574765e+00,  -2.42624447e-01,  -9.91140962e-01,
         4.43922848e-01,   1.28178990e+00,  -4.72019762e-01,
         4.58142944e-02,   2.64653891e-01,   1.21775436e+00,
         6.55147195e-01,   4.77588207e-01,  -8.96931887e-01,
         3.23973060e-01,   1.29998517e+00,   1.45145357e+00,
         2.40632638e-01,  -2.30571762e-01,   2.72573590e-01,
         2.91484445e-01,   2.79420942e-01,  -4.61971104e-01,
         1.16069809e-01,   8.47680449e-01,   5.68673193e-01,
         6.29768133e-01,   5.06871104e-01,  -5.48128366e-01,
         1.87559497e+00,   8.61958325e-01,  -3.67141426e-01,
         8.78841639e-01,   2.46619940e+00,  -1.35846436e+00,
        -9.14548457e-01,  -6.41169012e-01,  -1.05106020e+00,
        -7.91372895e-01,   5.35836220e-01,  -8.70119333e-01,
        -1.76964772e+00,   8.90792370e-01,   3.01651746e-01,
        -1.11717749e+00,  -1.98178387e+00,   5.75435460e-01,
        -7.10009277e-01,  -3.74624312e-01,  -3.01384449e-01,
         5.08373044e-02,   1.58754289e+00,   1.13823164e+00,
         1.43825984e+00], dtype=float32), array([ 0.38954064, -0.64567935, -1.04705191,  0.00685695, -0.60481375,
       -1.05989707,  0.04338579, -0.73062509,  0.5755437 , -1.83809268,
       -1.18525732, -1.56132698,  0.47264028, -0.80166125,  0.50849998,
       -0.79297942, -0.00872756,  0.38240865, -0.98267359,  2.66799903,
       -0.55830932,  0.34934148, -0.51053321,  0.0068123 , -0.94489908,
        1.4950484 , -0.10327261, -0.96821529, -0.29244524, -0.30470714,
        2.13095284,  0.81487453, -1.53197575, -0.11321929,  2.42251587,
       -1.10448182,  0.9684937 , -1.98625791, -0.51245332,  0.47193241,
       -0.00333609,  0.97046626, -0.30380765,  0.10226849,  0.12800559,
        0.61736578, -1.51732862,  0.6984784 , -1.90080595, -0.25476459,
       -1.00918078,  0.44153583,  1.27943039, -0.46293882,  0.05167835,
        0.27785784,  1.21937037,  0.66632426,  0.48743397, -0.91419655,
        0.34218901,  1.30080056,  1.44758415,  0.24782956, -0.22461726,
        0.27843004,  0.27730465,  0.29127553, -0.46928409,  0.11097276,
        0.85242462,  0.56172377,  0.62088817,  0.50970405, -0.55755979,
        1.87278128,  0.86652583, -0.36071876,  0.89006037,  2.46058297,
       -1.35553277, -0.92104286, -0.63936025, -1.05236101, -0.79231566,
        0.53445578, -0.86652106, -1.77618241,  0.87647927,  0.30115789,
       -1.12081897, -1.98447502,  0.57768512, -0.7130757 , -0.37972075,
       -0.31242645,  0.05811173,  1.58512068,  1.129547  ,  1.44122958], dtype=float32), array([ 0.46304926, -0.51364982, -1.11487818,  0.01619887, -0.62654811,
       -1.04515147,  0.00494054, -0.78306633,  0.52325416, -1.8310318 ,
       -1.19842911, -1.66061866,  0.48664847, -0.76752919,  0.52814245,
       -0.75897944, -0.02826631,  0.39776897, -0.93343407,  2.66780639,
       -0.53062987,  0.30182439, -0.51714438, -0.01618091, -1.03226221,
        1.56470549,  0.01569265, -0.8851642 , -0.25172636, -0.30257285,
        2.0675981 ,  0.8336224 , -1.48130107, -0.14779128,  2.4561007 ,
       -1.08064544,  1.01163864, -1.97460282, -0.51882899,  0.46833226,
        0.01941031,  0.93384671, -0.30179402,  0.12624808,  0.14430875,
        0.51552331, -1.53380477,  0.66526037, -1.92241633, -0.29767695,
       -0.98833668,  0.50303507,  1.23961568, -0.51981229,  0.02252176,
        0.2869938 ,  1.22885454,  0.65821469,  0.49471432, -0.86951244,
        0.37598071,  1.31465101,  1.48453867,  0.2755484 , -0.238162  ,
        0.20812105,  0.32823899,  0.28426486, -0.39958683,  0.09812371,
        0.8511622 ,  0.58607745,  0.60101122,  0.53963006, -0.50088251,
        1.92423046,  0.90247905, -0.3556805 ,  0.79521036,  2.36589265,
       -1.30248666, -0.93976682, -0.64989358, -1.15438676, -0.79004478,
        0.55924374, -0.90033215, -1.74681258,  0.81254488,  0.2964274 ,
       -1.14754081, -2.01531434,  0.60934484, -0.72021776, -0.45417204,
       -0.25726834, -0.01263811,  1.59069586,  1.16797507,  1.40170765], dtype=float32), array([ 0.47564083, -0.45408475, -1.05177176,  0.00588159, -0.58583337,
       -1.04448748, -0.02275331, -0.74752808,  0.53059363, -1.78049231,
       -1.20661306, -1.65054035,  0.47980562, -0.73559612,  0.55698806,
       -0.73652202, -0.02110988,  0.39953825, -0.89881217,  2.70277858,
       -0.55623931,  0.27351061, -0.51959544, -0.01948714, -1.07428002,
        1.61106753,  0.0277913 , -0.86028767, -0.18896104, -0.33174637,
        2.05148482,  0.85612136, -1.43387973, -0.19445735,  2.50527   ,
       -1.05077958,  1.05435288, -1.95844948, -0.49747154,  0.44258291,
        0.04279935,  0.96618462, -0.3528187 ,  0.11554407,  0.17419405,
        0.45820749, -1.55337572,  0.69360316, -1.91890585, -0.30721879,
       -1.0276866 ,  0.4553265 ,  1.26504314, -0.55209529,  0.01734926,
        0.2672202 ,  1.24622548,  0.63889021,  0.49059814, -0.8755703 ,
        0.38502121,  1.31392443,  1.54836297,  0.28095758, -0.18354338,
        0.24119733,  0.36612388,  0.22558758, -0.37209761,  0.10652798,
        0.85223615,  0.58074385,  0.58439547,  0.54216766, -0.5324797 ,
        1.88323677,  0.88094676, -0.26672289,  0.74275529,  2.35619569,
       -1.25790346, -0.97092742, -0.6931811 , -1.15487325, -0.78880179,
        0.58782321, -0.94996852, -1.77293873,  0.75962061,  0.27812123,
       -1.21663749, -2.04171038,  0.58296424, -0.68721008, -0.53740746,
       -0.26794633, -0.03919698,  1.57284081,  1.06940186,  1.39724863], dtype=float32), array([ 0.52870101, -0.47622326, -1.06289589,  0.00994515, -0.6449942 ,
       -1.09438264, -0.05725551, -0.72947568,  0.50733823, -1.75578249,
       -1.25877512, -1.70381212,  0.48137733, -0.76382059,  0.53823215,
       -0.7118665 , -0.01851072,  0.42688912, -0.86473417,  2.7129178 ,
       -0.57940638,  0.29081622, -0.54520118, -0.04161131, -1.1140753 ,
        1.60829699,  0.11427329, -0.88484687, -0.19430277, -0.37362292,
        2.06535172,  0.85762811, -1.39373767, -0.23548935,  2.4863801 ,
       -1.07916975,  1.00838637, -1.89741814, -0.50848776,  0.36650753,
        0.07729095,  0.92747951, -0.28831124,  0.05586056,  0.19646347,
        0.40029633, -1.51340878,  0.6712662 , -1.9199239 , -0.30668479,
       -0.96340626,  0.53488886,  1.1791997 , -0.6125918 ,  0.02412823,
        0.22849575,  1.3184253 ,  0.56578231,  0.54035813, -0.85162979,
        0.37669802,  1.3318646 ,  1.52141738,  0.26810279, -0.13954714,
        0.20446368,  0.34875351,  0.20134711, -0.31351706,  0.08232284,
        0.85396987,  0.66891748,  0.55045176,  0.49367693, -0.49577478,
        1.92647958,  0.88991845, -0.3104983 ,  0.78199971,  2.38099504,
       -1.22467768, -0.96973079, -0.66765177, -1.16205239, -0.75328994,
        0.56777179, -0.96775907, -1.74064648,  0.80958217,  0.29071799,
       -1.17593479, -2.05774689,  0.58657372, -0.69196767, -0.51945078,
       -0.24926186, -0.08060239,  1.62215197,  1.14522934,  1.33958149], dtype=float32), array([ 0.55997229, -0.45060444, -1.10902953,  0.01289674, -0.62350112,
       -1.07947159, -0.03269674, -0.75133437,  0.49859062, -1.71382618,
       -1.28772938, -1.68688059,  0.40142193, -0.79149532,  0.55761039,
       -0.73565662,  0.00665567,  0.40093279, -0.86940235,  2.68440914,
       -0.55217284,  0.32532901, -0.54786897, -0.07254876, -1.1727432 ,
        1.63677776,  0.09596916, -0.88343889, -0.20561992, -0.36330119,
        2.03819394,  0.88913637, -1.36394417, -0.26972273,  2.49340558,
       -1.06581926,  1.01280141, -1.88506162, -0.49657691,  0.37186691,
        0.04698433,  0.97696847, -0.31419975,  0.04833725,  0.17931618,
        0.393828  , -1.54115331,  0.64942682, -1.92336977, -0.30371499,
       -1.02380669,  0.49659115,  1.19639862, -0.58729357,  0.03940223,
        0.22864181,  1.31364083,  0.5748961 ,  0.54217786, -0.90705168,
        0.39065179,  1.37449682,  1.56154966,  0.28940114, -0.07954422,
        0.21144389,  0.34997776,  0.20048937, -0.34128246,  0.1107008 ,
        0.8224268 ,  0.68815809,  0.55110192,  0.49000242, -0.50103933,
        1.94219053,  0.88997817, -0.31875271,  0.78292626,  2.40036392,
       -1.19826877, -0.9626978 , -0.67350674, -1.19657385, -0.78157073,
        0.54886615, -0.9782275 , -1.69579804,  0.79953283,  0.31001309,
       -1.19413483, -2.03994703,  0.59056097, -0.6562565 , -0.54726362,
       -0.24441408, -0.0684981 ,  1.61792302,  1.13765013,  1.35582602], dtype=float32), array([ 0.54485899, -0.43889153, -1.09610748,  0.03690217, -0.59533161,
       -1.0264926 , -0.03344543, -0.77417064,  0.51107442, -1.7165494 ,
       -1.29781258, -1.6734488 ,  0.3732    , -0.76391268,  0.55962437,
       -0.73320305,  0.01627583,  0.39973027, -0.85332507,  2.69146347,
       -0.55754197,  0.32604721, -0.52617311, -0.03493076, -1.18341327,
        1.59228802,  0.04196011, -0.89695907, -0.24633706, -0.33326963,
        2.0131669 ,  0.89636368, -1.38218689, -0.25559956,  2.51078725,
       -1.05070007,  1.01220989, -1.92030096, -0.46537223,  0.38263044,
        0.03374967,  0.98199564, -0.29946241,  0.03111025,  0.17590074,
        0.39179823, -1.5369736 ,  0.70346582, -1.94078636, -0.30679417,
       -1.06647301,  0.47061992,  1.20379758, -0.54875976,  0.01257795,
        0.20630825,  1.31576335,  0.58754361,  0.53824902, -0.88051724,
        0.39812174,  1.378461  ,  1.56416917,  0.31045577, -0.08587574,
        0.22468959,  0.34739462,  0.23818703, -0.36492869,  0.09474658,
        0.81433666,  0.64715934,  0.50859642,  0.49956831, -0.54857254,
        1.91559911,  0.90245074, -0.31334937,  0.75171518,  2.38724899,
       -1.18994844, -0.97105724, -0.65670741, -1.157704  , -0.79155576,
        0.56283075, -0.94930786, -1.66903508,  0.78312707,  0.33903497,
       -1.20548975, -2.0660851 ,  0.61826169, -0.65045959, -0.56518334,
       -0.22890426, -0.06637512,  1.58092344,  1.1355226 ,  1.35171819], dtype=float32), array([ 0.55414331, -0.4366979 , -1.1219008 ,  0.03704076, -0.59460837,
       -1.00636256, -0.03548003, -0.78831911,  0.54409659, -1.7063694 ,
       -1.29301465, -1.68661916,  0.3879568 , -0.80100721,  0.53589898,
       -0.73223275, -0.01059116,  0.39346331, -0.85218978,  2.65959072,
       -0.57916617,  0.34455141, -0.52467507, -0.07044007, -1.18640924,
        1.61272502,  0.05030452, -0.88519907, -0.25290444, -0.32291403,
        2.02170539,  0.91392231, -1.36490202, -0.23263146,  2.48051596,
       -1.06602359,  1.02598107, -1.90477061, -0.4727459 ,  0.36525074,
        0.03559349,  0.98022366, -0.27173832,  0.01180992,  0.16815709,
        0.38698289, -1.55488098,  0.7137959 , -1.94795918, -0.2951532 ,
       -1.05312252,  0.48840255,  1.18498647, -0.5454669 ,  0.02420163,
        0.22620367,  1.2998457 ,  0.57634944,  0.55528885, -0.87223423,
        0.37692803,  1.38380408,  1.55556619,  0.32356551, -0.09997265,
        0.20950016,  0.3451744 ,  0.22933839, -0.36057201,  0.11132593,
        0.82149982,  0.66276944,  0.50572973,  0.49944434, -0.55202597,
        1.91812456,  0.90170825, -0.28404018,  0.7669611 ,  2.39814425,
       -1.22188902, -0.96683407, -0.65106755, -1.14811623, -0.77425945,
        0.55204636, -0.95054871, -1.66883802,  0.78231221,  0.34522387,
       -1.20467031, -2.07410502,  0.60353535, -0.66488016, -0.56504071,
       -0.230892  , -0.07303932,  1.57327437,  1.14275873,  1.37179792], dtype=float32), array([ 0.56118733, -0.42631552, -1.12033093,  0.03919374, -0.58053142,
       -1.00318909, -0.02818744, -0.78207785,  0.53662914, -1.70351982,
       -1.29212976, -1.68088865,  0.38696235, -0.80186605,  0.52864748,
       -0.74175775, -0.01072326,  0.38631177, -0.83073819,  2.65042758,
       -0.57886636,  0.35481554, -0.52817404, -0.07834604, -1.20806539,
        1.61660981,  0.06927478, -0.88935614, -0.25828093, -0.3280147 ,
        2.02365923,  0.92221797, -1.37555921, -0.23254246,  2.47924948,
       -1.06964815,  1.0215019 , -1.89965641, -0.47451553,  0.35224113,
        0.03071797,  0.98607367, -0.28095558,  0.00292158,  0.16827965,
        0.37586421, -1.54700184,  0.70090324, -1.96241558, -0.29573995,
       -1.04195702,  0.48650789,  1.18595207, -0.56075603,  0.02274712,
        0.23584765,  1.31573319,  0.57857233,  0.55487549, -0.85143882,
        0.37349212,  1.39217353,  1.55242109,  0.3321903 , -0.10413638,
        0.20500121,  0.35172188,  0.22505231, -0.34591997,  0.1101514 ,
        0.80952162,  0.6732536 ,  0.49927488,  0.5216552 , -0.55431807,
        1.92178822,  0.90213853, -0.27977803,  0.76816815,  2.39360809,
       -1.21892667, -0.95810562, -0.65147829, -1.16021657, -0.7658444 ,
        0.53974038, -0.96099162, -1.66539907,  0.79478139,  0.343173  ,
       -1.21780109, -2.07023787,  0.58815473, -0.66098797, -0.57448691,
       -0.24296804, -0.06698395,  1.56248021,  1.1577934 ,  1.37046456], dtype=float32), array([  5.61825037e-01,  -4.27182466e-01,  -1.13018763e+00,
         3.56344320e-02,  -5.77250183e-01,  -1.00363994e+00,
        -2.54206490e-02,  -7.86349416e-01,   5.39351285e-01,
        -1.70551252e+00,  -1.28664553e+00,  -1.67881203e+00,
         3.86431128e-01,  -8.01362276e-01,   5.26049674e-01,
        -7.43001163e-01,  -3.54593620e-03,   3.82967085e-01,
        -8.33018243e-01,   2.64777637e+00,  -5.77432752e-01,
         3.52012247e-01,  -5.27606964e-01,  -6.93311393e-02,
        -1.20952690e+00,   1.62009490e+00,   6.62499964e-02,
        -8.97273839e-01,  -2.59948134e-01,  -3.22054029e-01,
         2.01732302e+00,   9.24377978e-01,  -1.37094665e+00,
        -2.31677562e-01,   2.48751545e+00,  -1.06862366e+00,
         1.01874244e+00,  -1.90433681e+00,  -4.72080678e-01,
         3.54618073e-01,   2.56143659e-02,   9.88081157e-01,
        -2.82018781e-01,   2.32060859e-03,   1.65763751e-01,
         3.73983592e-01,  -1.54291475e+00,   7.00796366e-01,
        -1.96341991e+00,  -2.99857736e-01,  -1.04345047e+00,
         4.85880494e-01,   1.18261242e+00,  -5.69081426e-01,
         2.38643438e-02,   2.33584478e-01,   1.31970072e+00,
         5.85546315e-01,   5.52555740e-01,  -8.54233861e-01,
         3.84774119e-01,   1.39297283e+00,   1.55141616e+00,
         3.32128763e-01,  -1.01843365e-01,   2.01650262e-01,
         3.53804410e-01,   2.31461242e-01,  -3.47965688e-01,
         1.06453314e-01,   8.11185002e-01,   6.74317896e-01,
         5.00480652e-01,   5.20682931e-01,  -5.55448472e-01,
         1.92591012e+00,   8.98417175e-01,  -2.83297092e-01,
         7.65670657e-01,   2.38971090e+00,  -1.21347630e+00,
        -9.58408713e-01,  -6.51936233e-01,  -1.15744400e+00,
        -7.65662372e-01,   5.43295562e-01,  -9.64605570e-01,
        -1.65920389e+00,   7.88984358e-01,   3.42894167e-01,
        -1.22278035e+00,  -2.06908369e+00,   5.93267441e-01,
        -6.54938817e-01,  -5.75457633e-01,  -2.41615474e-01,
        -6.11603297e-02,   1.55614901e+00,   1.15723205e+00,
         1.36793888e+00], dtype=float32), array([ 0.59497654, -0.47940797, -1.14723456, -0.03028622, -0.67958885,
       -1.08869076, -0.06827263, -0.76769382,  0.53544366, -1.66762364,
       -1.27578247, -1.69099963,  0.37399474, -0.85705972,  0.48875213,
       -0.70433056, -0.04666923,  0.40681428, -0.78044653,  2.65027285,
       -0.62684929,  0.41155276, -0.45630485, -0.09731598, -1.16452885,
        1.6033833 ,  0.18972676, -0.95718724, -0.31963408, -0.35115883,
        1.99534619,  0.91128558, -1.38448441, -0.19082566,  2.48303771,
       -1.13037634,  1.00966108, -1.83087826, -0.5292955 ,  0.28770792,
        0.05139656,  0.96697682, -0.18966794, -0.08683052,  0.22118375,
        0.3797853 , -1.50125456,  0.64887768, -1.96719217, -0.25380653,
       -1.01523876,  0.52986389,  1.10712719, -0.62111235,  0.05897216,
        0.21764843,  1.39356935,  0.527309  ,  0.59340739, -0.80096072,
        0.36993721,  1.40337563,  1.49404609,  0.28984073, -0.03143775,
        0.16478476,  0.35549736,  0.15024568, -0.33246085,  0.11668123,
        0.78056282,  0.7054776 ,  0.45837861,  0.48652545, -0.51877141,
        1.98225105,  0.91093254, -0.34952113,  0.8993271 ,  2.44548821,
       -1.22596586, -0.98958868, -0.62707293, -1.13046408, -0.69221032,
        0.53593946, -0.96332884, -1.73693442,  0.8782047 ,  0.32020354,
       -1.15784681, -2.05986142,  0.57178122, -0.63947678, -0.51542211,
       -0.1719202 , -0.09294864,  1.56950259,  1.1670686 ,  1.30009556], dtype=float32), array([ 0.60073525, -0.5190503 , -1.14917421, -0.06570028, -0.7334559 ,
       -1.14464605, -0.08390751, -0.79643834,  0.52358139, -1.62993324,
       -1.27509618, -1.68599868,  0.36046198, -0.88764656,  0.47439957,
       -0.68851668, -0.06116568,  0.4092952 , -0.75099045,  2.6467731 ,
       -0.65864998,  0.44132954, -0.412305  , -0.08445621, -1.18124354,
        1.59209251,  0.25767654, -0.99110496, -0.36309588, -0.35951719,
        2.00825429,  0.89256364, -1.40060365, -0.20121101,  2.45117831,
       -1.13568771,  0.97469115, -1.76631641, -0.60114962,  0.23070873,
        0.0429795 ,  0.96909744, -0.11080141, -0.13488442,  0.23786254,
        0.39934918, -1.43367231,  0.62514865, -1.96324861, -0.22294433,
       -1.01320314,  0.53311419,  1.03666222, -0.63983881,  0.05871018,
        0.22555722,  1.46832824,  0.47161156,  0.61324275, -0.75801098,
        0.36750144,  1.42526114,  1.45696867,  0.2435122 ,  0.02827393,
        0.14184093,  0.34896061,  0.12409133, -0.34522754,  0.11322989,
        0.7764501 ,  0.75355917,  0.44449741,  0.4501439 , -0.49529818,
        1.99166667,  0.92308742, -0.42377615,  0.9851765 ,  2.50118828,
       -1.25016141, -1.03756404, -0.60048151, -1.11184371, -0.65337855,
        0.51589501, -0.93454444, -1.76625288,  0.92869252,  0.35247302,
       -1.12668025, -2.0551424 ,  0.56979084, -0.61596978, -0.45205986,
       -0.1140458 , -0.09846096,  1.56814706,  1.19381344,  1.23492515], dtype=float32), array([ 0.59719115, -0.50475883, -1.16227412, -0.02979831, -0.69770598,
       -1.12584734, -0.08837175, -0.78687054,  0.5170489 , -1.63069761,
       -1.27817154, -1.70918906,  0.35202536, -0.89804053,  0.46929884,
       -0.70463008, -0.07849498,  0.40324885, -0.72630751,  2.64056706,
       -0.62854356,  0.45827976, -0.39030838, -0.12646924, -1.17369354,
        1.58867061,  0.26689813, -0.95866644, -0.40059868, -0.36241847,
        2.00464892,  0.87822628, -1.37956429, -0.15920262,  2.43161893,
       -1.16412139,  1.01567864, -1.78890741, -0.60672653,  0.26627734,
        0.02958757,  1.00030494, -0.13212797, -0.13792145,  0.22855043,
        0.41261694, -1.4673475 ,  0.63494629, -1.97445655, -0.23521987,
       -1.06639838,  0.54404294,  1.05365896, -0.62385255,  0.05996967,
        0.2712774 ,  1.46670723,  0.50487727,  0.58395433, -0.78168088,
        0.33982819,  1.42846656,  1.45865023,  0.26297098,  0.03983848,
        0.12456927,  0.3499237 ,  0.11709401, -0.32756999,  0.12467424,
        0.76057625,  0.73340285,  0.45430341,  0.467127  , -0.50948495,
        1.99920893,  0.92087364, -0.40297356,  0.99080282,  2.46989775,
       -1.26047516, -1.02801204, -0.61511707, -1.12402272, -0.67196172,
        0.52283025, -0.91896242, -1.75836861,  0.91486281,  0.33232784,
       -1.11878681, -2.03197622,  0.57267523, -0.59646392, -0.47735301,
       -0.11331408, -0.11639827,  1.55103135,  1.18034947,  1.25416577], dtype=float32), array([ 0.61293054, -0.50639594, -1.19511247, -0.0131487 , -0.68443853,
       -1.10528159, -0.07451999, -0.78087199,  0.51184052, -1.62386537,
       -1.29205155, -1.71115351,  0.35924825, -0.91661519,  0.46280003,
       -0.71260881, -0.10762276,  0.38896254, -0.72555751,  2.60812521,
       -0.62014687,  0.45839885, -0.35688701, -0.15411393, -1.15682077,
        1.61261165,  0.25540102, -0.94138104, -0.43070891, -0.35913524,
        1.98823142,  0.86449915, -1.37498677, -0.13652809,  2.42457533,
       -1.18338096,  1.03794479, -1.78249168, -0.60644829,  0.26269141,
        0.01976901,  1.01721048, -0.11266363, -0.13188308,  0.21826755,
        0.42291638, -1.48582363,  0.6706444 , -1.99270582, -0.23802629,
       -1.09042931,  0.55499649,  1.06537473, -0.62270993,  0.08965749,
        0.29199779,  1.4597851 ,  0.51081711,  0.57149005, -0.79364163,
        0.33730787,  1.43365395,  1.44323003,  0.27735418,  0.03443471,
        0.09936324,  0.34824231,  0.11257223, -0.32020867,  0.13277321,
        0.76912272,  0.72853595,  0.46191329,  0.49914068, -0.53145409,
        1.99374616,  0.92440832, -0.37087232,  0.98956144,  2.4584012 ,
       -1.27478409, -1.00781679, -0.61834538, -1.11494339, -0.67980826,
        0.50697976, -0.91373575, -1.76748538,  0.89259273,  0.32677817,
       -1.11390734, -2.03029919,  0.57487381, -0.59599209, -0.49417087,
       -0.10866094, -0.11079717,  1.53686917,  1.17156935,  1.27882588], dtype=float32), array([ 0.60242677, -0.48958105, -1.22386825,  0.02430736, -0.63480902,
       -1.07766557, -0.0576807 , -0.8274008 ,  0.52774322, -1.58192718,
       -1.31609714, -1.70259893,  0.35944903, -0.94031608,  0.50272954,
       -0.70609981, -0.13792004,  0.37528285, -0.70989871,  2.56363893,
       -0.65189183,  0.46438736, -0.38546562, -0.12183817, -1.14589214,
        1.62603521,  0.22235885, -0.85332847, -0.45741057, -0.38461697,
        1.98947084,  0.89342076, -1.39317501, -0.06073525,  2.37037992,
       -1.17282832,  1.06817901, -1.79226983, -0.62023282,  0.28645596,
       -0.02524814,  1.03446996, -0.14750931, -0.10975889,  0.20099667,
        0.4488827 , -1.52335536,  0.73045069, -1.98361075, -0.22449684,
       -1.10461879,  0.53318977,  1.085783  , -0.55979002,  0.08218621,
        0.30714947,  1.40150714,  0.48599043,  0.59154725, -0.86439496,
        0.3376832 ,  1.43439054,  1.50985575,  0.2521047 ,  0.05739266,
        0.13157903,  0.3143695 ,  0.13976498, -0.32375047,  0.10689109,
        0.80065924,  0.74999142,  0.41630384,  0.56637192, -0.55010718,
        1.95414388,  0.89835513, -0.31622559,  0.95168751,  2.46659422,
       -1.29354584, -0.98865986, -0.61698383, -1.11269259, -0.70827037,
        0.53968197, -0.8908627 , -1.7819494 ,  0.83038706,  0.32476184,
       -1.1331718 , -2.0477612 ,  0.61524916, -0.6654256 , -0.48342085,
       -0.1459223 , -0.11821022,  1.51770675,  1.18091762,  1.29002738], dtype=float32), array([ 0.6292277 , -0.48261154, -1.24135625,  0.01622347, -0.63096005,
       -1.07040644, -0.08222321, -0.83883989,  0.53107327, -1.56839311,
       -1.30051661, -1.71191382,  0.38524929, -0.93359578,  0.50125712,
       -0.70876062, -0.14009489,  0.36191866, -0.69054168,  2.56787896,
       -0.65473509,  0.4654749 , -0.39268509, -0.13572784, -1.15543866,
        1.64675367,  0.21726105, -0.85204083, -0.46004757, -0.38794652,
        1.9707011 ,  0.90312201, -1.38176608, -0.06951793,  2.38429451,
       -1.18001211,  1.0661298 , -1.78948641, -0.61984795,  0.29864782,
       -0.03719877,  1.03538024, -0.15625547, -0.08159848,  0.20228283,
        0.43438077, -1.5020324 ,  0.75635773, -1.96538651, -0.22984873,
       -1.11880374,  0.54483783,  1.0670073 , -0.56138515,  0.06334184,
        0.32289907,  1.40833724,  0.4839226 ,  0.59243053, -0.89543331,
        0.32605454,  1.45371008,  1.53965151,  0.25004035,  0.07081544,
        0.14764792,  0.30481687,  0.13186951, -0.31854385,  0.1178281 ,
        0.79161465,  0.74666989,  0.4267346 ,  0.571082  , -0.56131142,
        1.95877504,  0.88313019, -0.29865113,  0.95206702,  2.45392394,
       -1.2918092 , -0.98518497, -0.62399822, -1.09926355, -0.70933282,
        0.54246259, -0.90343237, -1.78216207,  0.82154858,  0.32471475,
       -1.133448  , -2.03228092,  0.59626997, -0.6750648 , -0.50339764,
       -0.14896035, -0.12997079,  1.51714623,  1.16658795,  1.27266741], dtype=float32), array([ 0.63521773, -0.47822547, -1.25800335,  0.01921669, -0.63983995,
       -1.06897271, -0.07454371, -0.83555722,  0.53069842, -1.57956028,
       -1.29582524, -1.71792579,  0.39629129, -0.93145221,  0.4982675 ,
       -0.71195441, -0.13643399,  0.36082646, -0.6869061 ,  2.56497502,
       -0.65346491,  0.46013525, -0.38914409, -0.13283363, -1.15935791,
        1.65105259,  0.21447226, -0.85617089, -0.45582527, -0.37855777,
        1.96377146,  0.89680326, -1.38424778, -0.07710101,  2.39082742,
       -1.17580402,  1.06250036, -1.78796315, -0.61177307,  0.30305943,
       -0.03373755,  1.03465664, -0.15540308, -0.07277156,  0.20632838,
        0.43404195, -1.50621891,  0.74455696, -1.97494566, -0.22780728,
       -1.11462915,  0.5512718 ,  1.06233215, -0.57587063,  0.05992398,
        0.32524711,  1.41502035,  0.47881567,  0.58627725, -0.88723511,
        0.33100149,  1.43794703,  1.53521264,  0.24352245,  0.06683692,
        0.14713848,  0.31496549,  0.13667242, -0.32175776,  0.11995869,
        0.78491396,  0.74178207,  0.42941874,  0.57486576, -0.55359894,
        1.96067441,  0.87878859, -0.29348734,  0.95465821,  2.44843912,
       -1.29521918, -0.97940707, -0.62420219, -1.10746968, -0.71093023,
        0.54198664, -0.9076032 , -1.77834213,  0.82015365,  0.31536397,
       -1.1331147 , -2.02820897,  0.60084933, -0.66685778, -0.49997315,
       -0.14864781, -0.12849362,  1.5211761 ,  1.1758827 ,  1.27458096], dtype=float32), array([ 0.64230615, -0.43696496, -1.2857244 ,  0.01370702, -0.66270983,
       -1.04872501, -0.07151201, -0.83208162,  0.51353234, -1.57730424,
       -1.30125761, -1.77085721,  0.39245918, -0.92818856,  0.50135267,
       -0.71520913, -0.10321824,  0.38020274, -0.70767325,  2.55571985,
       -0.64249861,  0.45025772, -0.39696062, -0.16418764, -1.21086919,
        1.69662941,  0.2373995 , -0.85193264, -0.40762928, -0.40626541,
        1.94959795,  0.91878659, -1.3413204 , -0.08327562,  2.3757174 ,
       -1.15898263,  1.04714155, -1.77165031, -0.57147181,  0.27806631,
       -0.04637598,  0.99447697, -0.15150568, -0.03848416,  0.17795949,
        0.39585721, -1.52680647,  0.74159443, -1.94874239, -0.2374009 ,
       -1.06841815,  0.5952943 ,  1.04516149, -0.5787878 ,  0.0788606 ,
        0.30437621,  1.40572309,  0.50342429,  0.59837234, -0.8785429 ,
        0.3289122 ,  1.42822218,  1.53002262,  0.28880519,  0.04283365,
        0.09289171,  0.32285532,  0.13296708, -0.27326265,  0.16058813,
        0.77705687,  0.78795052,  0.42909214,  0.56000566, -0.51248038,
        1.99154174,  0.84569931, -0.27029905,  0.90914404,  2.43591118,
       -1.30441129, -0.9623028 , -0.63143402, -1.14891505, -0.71715266,
        0.53653336, -0.9045099 , -1.76974261,  0.81898582,  0.30780798,
       -1.14853072, -2.04752183,  0.60398149, -0.68367928, -0.52795643,
       -0.1909951 , -0.13400063,  1.52796543,  1.1960777 ,  1.30089951], dtype=float32), array([  6.22353733e-01,  -4.35199529e-01,  -1.25414813e+00,
        -2.19557062e-03,  -6.53416455e-01,  -1.05237770e+00,
        -5.76195084e-02,  -8.28871489e-01,   4.95829552e-01,
        -1.58565414e+00,  -1.30564570e+00,  -1.76810646e+00,
         3.80071521e-01,  -9.33709800e-01,   5.11416674e-01,
        -7.15891242e-01,  -1.08380362e-01,   3.85047674e-01,
        -6.92771792e-01,   2.54954720e+00,  -6.42903805e-01,
         4.42017525e-01,  -3.93533945e-01,  -1.69299051e-01,
        -1.21743250e+00,   1.68344212e+00,   2.30356827e-01,
        -8.56887639e-01,  -4.26115513e-01,  -4.02644575e-01,
         1.95240247e+00,   9.12325501e-01,  -1.35077393e+00,
        -1.06657371e-01,   2.36213326e+00,  -1.15041423e+00,
         1.03757274e+00,  -1.75674295e+00,  -5.76980054e-01,
         2.77815789e-01,  -3.76332328e-02,   1.00502956e+00,
        -1.56440094e-01,  -5.52687533e-02,   1.84302405e-01,
         3.96645725e-01,  -1.50979292e+00,   7.40149796e-01,
        -1.95135212e+00,  -2.46876717e-01,  -1.08558846e+00,
         5.82475007e-01,   1.02509141e+00,  -5.78688920e-01,
         7.14619607e-02,   3.19629401e-01,   1.42929864e+00,
         4.96383458e-01,   5.91035545e-01,  -8.68711293e-01,
         3.25273722e-01,   1.43079853e+00,   1.53769946e+00,
         2.82480508e-01,   5.95693216e-02,   1.11044034e-01,
         3.13812524e-01,   1.46450818e-01,  -2.67633677e-01,
         1.67735934e-01,   7.80650914e-01,   8.06995213e-01,
         4.44580078e-01,   5.70366383e-01,  -5.08937418e-01,
         1.98211598e+00,   8.62700105e-01,  -2.88046986e-01,
         9.34785962e-01,   2.45781684e+00,  -1.30227792e+00,
        -9.76909637e-01,  -6.39930367e-01,  -1.15096331e+00,
        -7.18203962e-01,   5.12489021e-01,  -9.20960546e-01,
        -1.77788889e+00,   8.29219580e-01,   3.16731036e-01,
        -1.14596093e+00,  -2.04073453e+00,   5.95456779e-01,
        -6.68304265e-01,  -5.22033095e-01,  -1.88331321e-01,
        -1.28165439e-01,   1.53901219e+00,   1.19901323e+00,
         1.28937340e+00], dtype=float32), array([  6.02851272e-01,  -4.03848052e-01,  -1.23611975e+00,
         1.44647120e-03,  -6.47462964e-01,  -1.04104543e+00,
        -4.00375389e-02,  -8.27957809e-01,   5.11010826e-01,
        -1.58946443e+00,  -1.30598330e+00,  -1.72938204e+00,
         3.79918277e-01,  -9.00780499e-01,   5.31499743e-01,
        -6.82849228e-01,  -1.00861736e-01,   3.71583313e-01,
        -7.48509943e-01,   2.56708360e+00,  -6.48882568e-01,
         4.18457240e-01,  -4.03750688e-01,  -1.36409357e-01,
        -1.19333291e+00,   1.64547551e+00,   1.98319092e-01,
        -8.38895023e-01,  -4.54975367e-01,  -4.23976034e-01,
         1.95694375e+00,   9.13461804e-01,  -1.38159060e+00,
        -9.28641632e-02,   2.35321331e+00,  -1.15247548e+00,
         1.03959918e+00,  -1.81770885e+00,  -5.42025685e-01,
         3.04417372e-01,  -4.80293706e-02,   1.00442672e+00,
        -1.50108695e-01,  -5.07735349e-02,   1.72014460e-01,
         3.97751957e-01,  -1.51814091e+00,   7.38788545e-01,
        -1.93892229e+00,  -2.70895749e-01,  -1.10235822e+00,
         5.68458557e-01,   1.03521955e+00,  -5.51191568e-01,
         5.10758497e-02,   3.11839372e-01,   1.39599752e+00,
         4.98902649e-01,   5.84146082e-01,  -8.61674190e-01,
         3.59072536e-01,   1.43810654e+00,   1.53294671e+00,
         2.79136211e-01,   7.17621446e-02,   1.26108006e-01,
         2.84396350e-01,   1.50205269e-01,  -3.07703137e-01,
         1.65436164e-01,   8.34228516e-01,   8.05157363e-01,
         4.36209708e-01,   5.67528427e-01,  -5.12354612e-01,
         1.98423898e+00,   8.58276486e-01,  -2.92227745e-01,
         8.99719596e-01,   2.47504401e+00,  -1.31105340e+00,
        -9.62764502e-01,  -6.27440095e-01,  -1.16479933e+00,
        -7.35569656e-01,   5.29744983e-01,  -9.18587744e-01,
        -1.77617013e+00,   8.10002029e-01,   3.15247357e-01,
        -1.15180123e+00,  -2.05279946e+00,   6.17733896e-01,
        -6.68743134e-01,  -4.84955400e-01,  -1.97968915e-01,
        -1.30536169e-01,   1.54853392e+00,   1.21048331e+00,
         1.27553737e+00], dtype=float32), array([ 0.6137442 , -0.47399649, -1.23533511, -0.07193693, -0.74249756,
       -1.11881196, -0.05322607, -0.81272161,  0.52181888, -1.57177758,
       -1.32228303, -1.73005199,  0.37809294, -0.92035693,  0.50120974,
       -0.65061224, -0.08658044,  0.40834358, -0.72822583,  2.57921481,
       -0.64925677,  0.44449413, -0.39072111, -0.13032117, -1.18251514,
        1.62267792,  0.28088146, -0.87694997, -0.45632377, -0.45766014,
        1.96020734,  0.89724302, -1.37519312, -0.12386684,  2.3402884 ,
       -1.1775676 ,  0.9957931 , -1.75486982, -0.57875425,  0.24368882,
       -0.02915593,  0.97263998, -0.08123545, -0.08494195,  0.20494246,
        0.40351185, -1.46189487,  0.68311578, -1.95599449, -0.23776907,
       -1.03364003,  0.60483354,  0.94214618, -0.61506778,  0.06838384,
        0.25770828,  1.47760594,  0.43045604,  0.61762589, -0.79011595,
        0.35474879,  1.43180454,  1.48146927,  0.21212032,  0.10366904,
        0.09624744,  0.29154471,  0.1300336 , -0.28055596,  0.14851226,
        0.81364387,  0.85085106,  0.38506621,  0.51532036, -0.47676113,
        2.02095151,  0.89363128, -0.36766386,  0.99276417,  2.52907133,
       -1.30613577, -1.01227975, -0.58078265, -1.15099871, -0.69543445,
        0.52214694, -0.93269289, -1.80080712,  0.87409389,  0.31948763,
       -1.10883176, -2.04657197,  0.61837822, -0.66587353, -0.40982854,
       -0.12670472, -0.13888419,  1.57567382,  1.2569505 ,  1.19418824], dtype=float32), array([ 0.62332171, -0.5014056 , -1.22315097, -0.09046662, -0.80885869,
       -1.18339872, -0.08623529, -0.83986747,  0.51570648, -1.55324328,
       -1.2920146 , -1.72821069,  0.34749851, -0.9213022 ,  0.49134994,
       -0.65691108, -0.04810044,  0.40178216, -0.71286923,  2.59078264,
       -0.65600586,  0.44664201, -0.37678123, -0.10664985, -1.22702932,
        1.63748777,  0.32182983, -0.93140429, -0.46830308, -0.43713844,
        1.96866608,  0.8953898 , -1.37484396, -0.14032082,  2.34444904,
       -1.16891539,  0.95359999, -1.71219504, -0.61156929,  0.19718303,
       -0.00951492,  0.96888149, -0.05081857, -0.10602574,  0.19951321,
        0.42110029, -1.42060745,  0.65525609, -1.93947661, -0.20266646,
       -1.01186192,  0.58978736,  0.91587222, -0.62966287,  0.05843817,
        0.23776971,  1.52671444,  0.38639164,  0.62124866, -0.77577299,
        0.37363771,  1.4423691 ,  1.42698729,  0.16908786,  0.12472945,
        0.10151219,  0.3020432 ,  0.12346713, -0.28933018,  0.17388391,
        0.79664743,  0.90801334,  0.38233244,  0.46165219, -0.46587515,
        2.01395535,  0.91800129, -0.44176558,  1.03538835,  2.5586853 ,
       -1.30319643, -1.08321857, -0.5599345 , -1.13262761, -0.67827815,
        0.53010684, -0.91428709, -1.79268634,  0.92934519,  0.33895135,
       -1.08872795, -2.03196335,  0.61894429, -0.64085364, -0.36410162,
       -0.07748332, -0.13947769,  1.57849419,  1.23668683,  1.14582205], dtype=float32), array([ 0.6287517 , -0.48547685, -1.22762477, -0.08965407, -0.81503886,
       -1.17692053, -0.0811156 , -0.83679944,  0.50796652, -1.55414486,
       -1.2970612 , -1.74867535,  0.34506196, -0.91968739,  0.49015531,
       -0.65611911, -0.04618627,  0.40977272, -0.7113924 ,  2.59238362,
       -0.64913666,  0.44139341, -0.38826102, -0.11387394, -1.24026084,
        1.64634466,  0.32447147, -0.9248758 , -0.45145631, -0.44358262,
        1.96444535,  0.89817792, -1.36309516, -0.15462869,  2.35115004,
       -1.16170013,  0.94897753, -1.70469105, -0.60206836,  0.19448845,
       -0.00333994,  0.95870638, -0.05484264, -0.10238492,  0.20009622,
        0.40588716, -1.42603064,  0.65334976, -1.93768013, -0.20804867,
       -0.99746996,  0.60084516,  0.90984768, -0.63527411,  0.05929742,
        0.22995937,  1.52836633,  0.39375746,  0.61913466, -0.76922256,
        0.37534738,  1.43871605,  1.43561423,  0.17686799,  0.12836671,
        0.09010086,  0.30530098,  0.12759931, -0.27892935,  0.17494112,
        0.79738307,  0.91402388,  0.38334003,  0.45676273, -0.45393094,
        2.02019501,  0.91498792, -0.43982166,  1.02532756,  2.55094337,
       -1.2968632 , -1.07924473, -0.56099981, -1.14353025, -0.68120331,
        0.53150666, -0.92112195, -1.7836467 ,  0.92499924,  0.33072358,
       -1.09116948, -2.03607774,  0.62163424, -0.64367789, -0.38155758,
       -0.08240246, -0.14456484,  1.5794059 ,  1.24495888,  1.14472759], dtype=float32), array([  6.22922957e-01,  -4.76265669e-01,  -1.24943423e+00,
        -1.13895431e-01,  -7.97104120e-01,  -1.15670645e+00,
        -7.87688121e-02,  -8.19765329e-01,   4.95952636e-01,
        -1.55121601e+00,  -1.31690991e+00,  -1.71963024e+00,
         3.27402920e-01,  -9.11261141e-01,   4.83734787e-01,
        -6.13550425e-01,  -4.86820899e-02,   4.34651405e-01,
        -7.31222689e-01,   2.59974813e+00,  -6.51501119e-01,
         4.63930845e-01,  -4.02993321e-01,  -9.92340073e-02,
        -1.24159002e+00,   1.67309964e+00,   3.10893446e-01,
        -9.01954353e-01,  -4.40089166e-01,  -4.73462135e-01,
         1.97096145e+00,   8.95258486e-01,  -1.33683395e+00,
        -1.53504372e-01,   2.33561373e+00,  -1.17522013e+00,
         9.13445473e-01,  -1.70660794e+00,  -6.07258916e-01,
         2.18740135e-01,   1.23465164e-02,   9.82597649e-01,
        -8.20935005e-04,  -9.52560678e-02,   2.15740830e-01,
         4.15913165e-01,  -1.43808341e+00,   6.71213090e-01,
        -1.92245710e+00,  -1.97119966e-01,  -1.01680017e+00,
         6.20089650e-01,   9.09570396e-01,  -6.10751808e-01,
         4.53191958e-02,   2.25202292e-01,   1.50370693e+00,
         3.94421548e-01,   6.21256948e-01,  -8.02646518e-01,
         3.39657009e-01,   1.45134389e+00,   1.46322608e+00,
         1.98544294e-01,   1.42022878e-01,   8.99757892e-02,
         3.21657598e-01,   1.18113652e-01,  -2.81843275e-01,
         1.48557290e-01,   7.95184255e-01,   9.18807983e-01,
         3.78056735e-01,   4.96170729e-01,  -4.84954059e-01,
         1.99557948e+00,   9.08929884e-01,  -4.23983872e-01,
         9.94684458e-01,   2.52686453e+00,  -1.28445983e+00,
        -1.06131649e+00,  -5.68516374e-01,  -1.13956261e+00,
        -6.98369861e-01,   5.13362646e-01,  -9.36515987e-01,
        -1.78743231e+00,   9.01516020e-01,   3.30108225e-01,
        -1.10518539e+00,  -2.06067705e+00,   6.44056916e-01,
        -6.75333679e-01,  -4.28680629e-01,  -1.29416719e-01,
        -1.19407035e-01,   1.56834352e+00,   1.26407444e+00,
         1.17168057e+00], dtype=float32), array([ 0.62223768, -0.43930629, -1.2674067 , -0.10442656, -0.78921407,
       -1.16920519, -0.054898  , -0.83255911,  0.53442717, -1.5696317 ,
       -1.32338274, -1.73430002,  0.34214997, -0.8790167 ,  0.48989785,
       -0.62180644, -0.0069829 ,  0.4155733 , -0.74341339,  2.60388422,
       -0.66325951,  0.41665715, -0.41844326, -0.08111703, -1.27141643,
        1.66150963,  0.26736352, -0.90502065, -0.43292415, -0.43226328,
        1.94172597,  0.87831628, -1.33673561, -0.19608721,  2.35981989,
       -1.17531824,  0.90199679, -1.71667552, -0.56913286,  0.24693109,
        0.0219932 ,  1.00602019, -0.0274274 , -0.09153183,  0.1954651 ,
        0.41477674, -1.39107406,  0.6427834 , -1.94199133, -0.21914479,
       -1.04210114,  0.62101984,  0.93123275, -0.65865391,  0.01661593,
        0.22091663,  1.49734342,  0.38474879,  0.61308962, -0.81430709,
        0.39227572,  1.41966391,  1.48499119,  0.19883248,  0.17972104,
        0.1058116 ,  0.3399289 ,  0.11911685, -0.28599879,  0.15463075,
        0.81870669,  0.94358838,  0.42277807,  0.4665702 , -0.48242491,
        1.9730128 ,  0.89866406, -0.41754293,  0.92519069,  2.51155567,
       -1.2429862 , -1.0662905 , -0.56414145, -1.13261104, -0.71077168,
        0.55443597, -0.92134196, -1.78118837,  0.89050096,  0.32612345,
       -1.12708616, -2.08828259,  0.64683574, -0.63976848, -0.43961859,
       -0.11405457, -0.09249482,  1.55939889,  1.24728322,  1.1986649 ], dtype=float32), array([ 0.626656  , -0.43574268, -1.24882185, -0.09858587, -0.77253097,
       -1.1691581 , -0.08218009, -0.80410457,  0.5191862 , -1.5635339 ,
       -1.28634596, -1.72961998,  0.35642648, -0.86544931,  0.47386235,
       -0.63996154, -0.01910597,  0.41411102, -0.70845795,  2.61289501,
       -0.65723163,  0.42367569, -0.4239102 , -0.12071481, -1.26754975,
        1.66203451,  0.2694805 , -0.89584768, -0.40468135, -0.44261631,
        1.91559374,  0.86592418, -1.33756435, -0.19906031,  2.37432337,
       -1.17959321,  0.92345977, -1.73447859, -0.58129567,  0.25070271,
        0.04550094,  1.01344609, -0.05609645, -0.07741746,  0.19716762,
        0.40808183, -1.40417445,  0.64973086, -1.94483459, -0.23064181,
       -1.06600583,  0.61584115,  0.95976621, -0.6658954 ,  0.01573818,
        0.24999765,  1.48701417,  0.3844395 ,  0.61539114, -0.81940758,
        0.3820698 ,  1.4255501 ,  1.51862121,  0.19610508,  0.18391304,
        0.13161126,  0.34684998,  0.12459827, -0.28736174,  0.15979387,
        0.80651224,  0.9256171 ,  0.43253627,  0.49895024, -0.49109209,
        1.96498919,  0.91399372, -0.39992175,  0.93633085,  2.50014234,
       -1.23993111, -1.07000494, -0.58821362, -1.14319706, -0.71116805,
        0.56854647, -0.95038372, -1.78216016,  0.8927471 ,  0.30230254,
       -1.14159787, -2.06831932,  0.61846918, -0.63840687, -0.46572268,
       -0.12294131, -0.10303152,  1.5642885 ,  1.20978069,  1.20130312], dtype=float32), array([ 0.63188118, -0.43299335, -1.252496  , -0.09599179, -0.76596272,
       -1.16335475, -0.07234881, -0.80964565,  0.51693368, -1.57046688,
       -1.28859389, -1.73063898,  0.34726968, -0.86657566,  0.48164877,
       -0.63419521, -0.02090422,  0.41500136, -0.71200407,  2.61466074,
       -0.65900511,  0.41898972, -0.41962731, -0.11588488, -1.27007127,
        1.65913248,  0.25921625, -0.90488225, -0.4091287 , -0.42363891,
        1.9018569 ,  0.86912006, -1.34412444, -0.20225987,  2.37147951,
       -1.17474937,  0.91730469, -1.74258471, -0.57869029,  0.25294814,
        0.04819416,  1.01365733, -0.05549572, -0.07644622,  0.18652439,
        0.39957294, -1.40313923,  0.65726936, -1.95819104, -0.23843299,
       -1.06494009,  0.60433745,  0.94717729, -0.66666222,  0.00997021,
        0.24296255,  1.49302912,  0.38781494,  0.61367446, -0.81223315,
        0.39477307,  1.42345023,  1.5144949 ,  0.19876777,  0.19669561,
        0.12846494,  0.3492474 ,  0.13964246, -0.28644729,  0.15927482,
        0.79901385,  0.92381448,  0.43857709,  0.49007675, -0.48526111,
        1.96419215,  0.92488319, -0.40857348,  0.93340737,  2.50401068,
       -1.24348211, -1.07417405, -0.58726358, -1.14683437, -0.7154029 ,
        0.55914384, -0.95750678, -1.76624036,  0.89325392,  0.30308256,
       -1.13680208, -2.06852365,  0.62771034, -0.62322831, -0.46882004,
       -0.11014429, -0.09794055,  1.56218314,  1.21742153,  1.20579302], dtype=float32), array([ 0.61182845, -0.45601761, -1.26451588, -0.08116531, -0.74256998,
       -1.13702929, -0.04375923, -0.79996878,  0.50357103, -1.56609488,
       -1.29622579, -1.74136746,  0.3362737 , -0.88829219,  0.48088306,
       -0.65225333, -0.05266982,  0.43146947, -0.73918778,  2.60426474,
       -0.69008356,  0.43688643, -0.39174259, -0.14391451, -1.25241482,
        1.6621511 ,  0.22848871, -0.88978654, -0.44797435, -0.41259584,
        1.87767863,  0.84500545, -1.33860469, -0.16928607,  2.3665154 ,
       -1.18963838,  0.89280224, -1.72546935, -0.57067204,  0.26003641,
        0.06770125,  1.02274227, -0.08496848, -0.08134159,  0.18682769,
        0.40759417, -1.40843081,  0.71209651, -1.97784257, -0.25033849,
       -1.05291462,  0.60753286,  0.95818418, -0.65146351,  0.01264272,
        0.27978936,  1.47989666,  0.41747472,  0.64515024, -0.81900394,
        0.42122144,  1.40782475,  1.51488447,  0.20211868,  0.17923974,
        0.12945284,  0.34234506,  0.13702416, -0.29619089,  0.17202312,
        0.82818371,  0.90085733,  0.4801206 ,  0.51475924, -0.49296781,
        1.95619726,  0.94561398, -0.40234029,  0.94849956,  2.49003029,
       -1.27161717, -1.06266558, -0.6068027 , -1.13236642, -0.73060054,
        0.53566694, -0.95102543, -1.78483307,  0.86440504,  0.30435288,
       -1.14534712, -2.0386045 ,  0.63428098, -0.64231867, -0.48050964,
       -0.12975119, -0.06819229,  1.57065821,  1.20263886,  1.22784936], dtype=float32), array([ 0.60334378, -0.45252025, -1.26173139, -0.07989269, -0.73055124,
       -1.13486254, -0.05569954, -0.8154909 ,  0.52012151, -1.57136726,
       -1.26936448, -1.74277925,  0.36139083, -0.87786531,  0.49123093,
       -0.64556462, -0.05085828,  0.42320079, -0.78811836,  2.60100818,
       -0.7116245 ,  0.43572125, -0.39960551, -0.15298414, -1.22190726,
        1.6387248 ,  0.2037731 , -0.8763808 , -0.42339703, -0.40007293,
        1.8789916 ,  0.82132494, -1.34052956, -0.17839038,  2.3719666 ,
       -1.21192026,  0.89979666, -1.75083482, -0.56782335,  0.26307535,
        0.06088018,  1.01452446, -0.08262935, -0.06326704,  0.19859907,
        0.41064322, -1.40028334,  0.73457778, -1.95716166, -0.24302244,
       -1.05737889,  0.61547881,  0.98407227, -0.64618629,  0.01996672,
        0.26936343,  1.45665061,  0.42969859,  0.63968956, -0.84800267,
        0.43329456,  1.39350557,  1.50754476,  0.21680541,  0.16431434,
        0.12110904,  0.35600877,  0.10618807, -0.29232773,  0.16511525,
        0.84542304,  0.87958038,  0.49692944,  0.51698047, -0.49233082,
        1.95182669,  0.9486382 , -0.39107555,  0.9226101 ,  2.47377872,
       -1.28496683, -1.04614818, -0.59583974, -1.13025415, -0.74523956,
        0.54163688, -0.93573225, -1.80288064,  0.86502665,  0.294204  ,
       -1.15557694, -2.04725409,  0.62687683, -0.65076828, -0.46122664,
       -0.13517022, -0.06778545,  1.59346414,  1.20637023,  1.26959729], dtype=float32), array([ 0.60103202, -0.44460508, -1.26972413, -0.08680303, -0.72317678,
       -1.1322552 , -0.0479071 , -0.80948025,  0.52383012, -1.56742907,
       -1.26475573, -1.73811996,  0.3626827 , -0.87703431,  0.4873921 ,
       -0.64832759, -0.04674226,  0.42065471, -0.78520429,  2.59560776,
       -0.71116143,  0.43615711, -0.39502248, -0.15732798, -1.22568905,
        1.64143682,  0.19888961, -0.88120818, -0.41543815, -0.4028233 ,
        1.88284624,  0.82304633, -1.33932948, -0.18841319,  2.3830812 ,
       -1.21361828,  0.90285456, -1.74657869, -0.5686025 ,  0.26785842,
        0.05108549,  1.01982796, -0.07245092, -0.06221323,  0.19737539,
        0.40842837, -1.40782094,  0.74118561, -1.95901859, -0.24659319,
       -1.05364513,  0.62466419,  0.98209149, -0.65124875,  0.02551733,
        0.26974857,  1.4503684 ,  0.43279225,  0.63199985, -0.84457141,
        0.42947677,  1.39125693,  1.49872088,  0.22043896,  0.16694058,
        0.10947077,  0.36839247,  0.11149807, -0.2950868 ,  0.16319099,
        0.83615488,  0.87505817,  0.49924967,  0.52465683, -0.49281934,
        1.95822084,  0.95346528, -0.38375509,  0.92078388,  2.46897531,
       -1.28454208, -1.03738165, -0.59232521, -1.13083839, -0.74900609,
        0.5361656 , -0.93265092, -1.80578935,  0.86692697,  0.29444075,
       -1.16273499, -2.05868196,  0.6276387 , -0.65606272, -0.47192374,
       -0.13336654, -0.0658061 ,  1.57881629,  1.20389569,  1.27082074], dtype=float32), array([ 0.6030519 , -0.45453539, -1.27385449, -0.08439098, -0.72310543,
       -1.12014043, -0.04384069, -0.81250232,  0.53024566, -1.5728513 ,
       -1.26909733, -1.72616243,  0.36546838, -0.87421304,  0.48606068,
       -0.64533979, -0.05338557,  0.42222491, -0.78692359,  2.5981791 ,
       -0.71140701,  0.43260878, -0.399138  , -0.15548855, -1.21225286,
        1.63551557,  0.19051045, -0.88093132, -0.41434458, -0.39585781,
        1.88706553,  0.82000035, -1.35351217, -0.18936591,  2.38493156,
       -1.20902741,  0.89303416, -1.75249827, -0.57687306,  0.27208263,
        0.05534098,  1.02983582, -0.07076451, -0.06740237,  0.20071572,
        0.40618593, -1.40675533,  0.74934715, -1.9603461 , -0.25488117,
       -1.05020261,  0.6264596 ,  0.97366762, -0.64741832,  0.02230789,
        0.26405826,  1.45766151,  0.42371508,  0.63657367, -0.83565229,
        0.41987422,  1.38791418,  1.50035524,  0.22119044,  0.17207307,
        0.09995618,  0.37012368,  0.12500994, -0.30566627,  0.15987585,
        0.83170551,  0.85684365,  0.50024128,  0.51901901, -0.50121057,
        1.96603823,  0.94631666, -0.38477567,  0.92157811,  2.46997166,
       -1.2947731 , -1.03555655, -0.58645886, -1.13494325, -0.75061679,
        0.53350538, -0.9354471 , -1.80651426,  0.87377536,  0.29643837,
       -1.15347373, -2.05416751,  0.63081414, -0.65342522, -0.45642042,
       -0.12465731, -0.06443284,  1.57794702,  1.20674622,  1.27283967], dtype=float32), array([ 0.60751128, -0.43983227, -1.2478596 , -0.08479191, -0.71046954,
       -1.12673783, -0.00596022, -0.80173987,  0.55777735, -1.57519627,
       -1.28753662, -1.74687481,  0.35975814, -0.83078027,  0.48650274,
       -0.64705372, -0.01202919,  0.40933597, -0.8072443 ,  2.64262986,
       -0.70771503,  0.39148423, -0.39958176, -0.11608697, -1.25159597,
        1.6168195 ,  0.1387856 , -0.91330582, -0.38400593, -0.35000503,
        1.83144903,  0.79704267, -1.33720529, -0.23787408,  2.45326543,
       -1.20890188,  0.89569932, -1.79281139, -0.52370477,  0.31199786,
        0.06547837,  1.06782556, -0.08852907, -0.08053007,  0.20511262,
        0.37455815, -1.36818182,  0.71328181, -2.00836968, -0.30901635,
       -1.08051062,  0.63633561,  0.9669643 , -0.71077758,  0.03440069,
        0.23840627,  1.47030425,  0.42606103,  0.60466015, -0.8255617 ,
        0.49086732,  1.36645615,  1.52186513,  0.22205117,  0.21905822,
        0.11407845,  0.42758691,  0.12552932, -0.30953118,  0.13855919,
        0.81182486,  0.85365808,  0.52112311,  0.49394247, -0.49784651,
        1.9322896 ,  0.95132685, -0.39612696,  0.85979772,  2.43645382,
       -1.22782147, -1.05133128, -0.58168525, -1.13239801, -0.76388919,
        0.54465264, -0.9328593 , -1.76359951,  0.85286671,  0.29413986,
       -1.17120016, -2.0836525 ,  0.66518444, -0.60449737, -0.48337534,
       -0.093575  , -0.02765705,  1.54745293,  1.17892134,  1.266289  ], dtype=float32), array([  5.98825276e-01,  -4.38614696e-01,  -1.22353685e+00,
        -7.26879090e-02,  -6.92644298e-01,  -1.14526939e+00,
        -2.30274582e-03,  -8.21833372e-01,   5.71651280e-01,
        -1.58391750e+00,  -1.27124476e+00,  -1.74562454e+00,
         3.35423857e-01,  -7.95662701e-01,   5.07040441e-01,
        -6.57239437e-01,   2.91402582e-02,   3.93345028e-01,
        -7.99738169e-01,   2.64344740e+00,  -6.86717987e-01,
         3.75141323e-01,  -4.30049807e-01,  -1.39563143e-01,
        -1.28906822e+00,   1.60052347e+00,   1.09473266e-01,
        -9.03913677e-01,  -3.70765924e-01,  -3.38689446e-01,
         1.79756570e+00,   7.99017072e-01,  -1.35807157e+00,
        -2.61219919e-01,   2.46704197e+00,  -1.24228525e+00,
         8.74250114e-01,  -1.79774070e+00,  -4.93956208e-01,
         3.14598560e-01,   4.59359996e-02,   1.07439852e+00,
        -1.44283429e-01,  -5.54374121e-02,   2.41463318e-01,
         3.50340605e-01,  -1.35986805e+00,   6.94253862e-01,
        -2.03819442e+00,  -3.09192359e-01,  -1.10001922e+00,
         6.44034147e-01,   9.57568526e-01,  -7.41320312e-01,
         1.84176639e-02,   2.01327458e-01,   1.50616527e+00,
         4.45367098e-01,   5.76453447e-01,  -8.20320010e-01,
         5.04948020e-01,   1.34878635e+00,   1.52293420e+00,
         2.09364370e-01,   2.38495231e-01,   1.39597639e-01,
         4.41703111e-01,   1.49069786e-01,  -3.17513347e-01,
         1.25069961e-01,   8.03326070e-01,   8.84554029e-01,
         5.28338015e-01,   4.97297436e-01,  -4.74556804e-01,
         1.95247352e+00,   9.37774599e-01,  -3.49111348e-01,
         8.15056145e-01,   2.45377302e+00,  -1.19555509e+00,
        -1.01723802e+00,  -5.71778476e-01,  -1.13871443e+00,
        -7.73589671e-01,   5.55232227e-01,  -9.32936132e-01,
        -1.72937930e+00,   8.14459264e-01,   3.05113375e-01,
        -1.18940341e+00,  -2.09176111e+00,   6.78880394e-01,
        -5.77620983e-01,  -4.71153826e-01,  -8.91314819e-02,
        -2.49278136e-02,   1.53964853e+00,   1.19821680e+00,
         1.25904083e+00], dtype=float32), array([ 0.60213119, -0.41243303, -1.23281097, -0.07595084, -0.68905938,
       -1.12864482,  0.00641373, -0.82812595,  0.57902783, -1.58348525,
       -1.27949321, -1.75979125,  0.339663  , -0.7999385 ,  0.49334759,
       -0.64507872,  0.0270522 ,  0.38515976, -0.81162119,  2.63649893,
       -0.69676304,  0.38131133, -0.43729848, -0.14671944, -1.30259991,
        1.62618005,  0.11143108, -0.87704974, -0.35517332, -0.35383147,
        1.79998446,  0.80643082, -1.32643294, -0.27015367,  2.45650983,
       -1.23842502,  0.86778194, -1.80478466, -0.4956412 ,  0.30174023,
        0.04618432,  1.06213832, -0.12601452, -0.05622421,  0.24164394,
        0.33821297, -1.37603545,  0.70507652, -2.03112674, -0.31370199,
       -1.07507002,  0.65349448,  0.95900846, -0.74426818,  0.01460458,
        0.1908403 ,  1.50029635,  0.45738909,  0.57236427, -0.81148016,
        0.48760474,  1.35280013,  1.53515637,  0.21814999,  0.2424977 ,
        0.11954403,  0.45303482,  0.14942206, -0.28836411,  0.10784174,
        0.81417173,  0.89236778,  0.51954991,  0.50266749, -0.46176106,
        1.95161247,  0.92700565, -0.32527861,  0.79444045,  2.44139314,
       -1.19541204, -0.99566144, -0.56918055, -1.14454401, -0.77692902,
        0.55682945, -0.94346225, -1.72330022,  0.80216306,  0.30124256,
       -1.19806969, -2.10436869,  0.6836375 , -0.59967059, -0.49371356,
       -0.10901021, -0.03453827,  1.55039859,  1.21738672,  1.26565647], dtype=float32), array([  6.03586614e-01,  -4.02540237e-01,  -1.24118400e+00,
        -8.05866420e-02,  -6.85108483e-01,  -1.12834978e+00,
         4.60788906e-05,  -8.32625091e-01,   5.90665102e-01,
        -1.57637727e+00,  -1.27389002e+00,  -1.76863790e+00,
         3.39229107e-01,  -8.03006232e-01,   5.01743078e-01,
        -6.43963158e-01,   2.64821630e-02,   3.82667065e-01,
        -8.11264873e-01,   2.63228035e+00,  -6.92210317e-01,
         3.83540064e-01,  -4.35826451e-01,  -1.51674971e-01,
        -1.31154788e+00,   1.62209845e+00,   1.14052415e-01,
        -8.77676964e-01,  -3.58323753e-01,  -3.55648637e-01,
         1.78768694e+00,   8.17203283e-01,  -1.32713807e+00,
        -2.73541451e-01,   2.46303725e+00,  -1.25076461e+00,
         8.67905736e-01,  -1.79976904e+00,  -4.98078972e-01,
         2.97522157e-01,   4.47808765e-02,   1.05900264e+00,
        -1.24547735e-01,  -5.11096753e-02,   2.38846332e-01,
         3.26825976e-01,  -1.37658000e+00,   6.97034061e-01,
        -2.03001928e+00,  -3.09439540e-01,  -1.07420909e+00,
         6.57460630e-01,   9.52909112e-01,  -7.50352919e-01,
         1.93898492e-02,   1.79305822e-01,   1.49912202e+00,
         4.65717345e-01,   5.77926099e-01,  -8.04155290e-01,
         4.95879531e-01,   1.35234809e+00,   1.53511727e+00,
         2.25671187e-01,   2.46100202e-01,   1.13677748e-01,
         4.54678088e-01,   1.26596704e-01,  -2.79929131e-01,
         1.07979365e-01,   8.12402010e-01,   8.95148993e-01,
         5.24792075e-01,   5.12732327e-01,  -4.50461715e-01,
         1.96042824e+00,   9.26462889e-01,  -3.21159512e-01,
         7.86756039e-01,   2.44335675e+00,  -1.19451070e+00,
        -9.91236746e-01,  -5.69134593e-01,  -1.14001501e+00,
        -7.79388368e-01,   5.58182478e-01,  -9.43411767e-01,
        -1.72823346e+00,   7.98186302e-01,   2.97054648e-01,
        -1.19660437e+00,  -2.10496998e+00,   6.76180124e-01,
        -5.95626056e-01,  -4.92687136e-01,  -1.01433560e-01,
        -3.65165547e-02,   1.54710102e+00,   1.21680784e+00,
         1.26376045e+00], dtype=float32), array([ 0.58501548, -0.44443744, -1.28855693, -0.04417718, -0.62548608,
       -1.11402273, -0.02349662, -0.82499093,  0.61508441, -1.59725189,
       -1.27098393, -1.6808331 ,  0.32032683, -0.8015883 ,  0.54953945,
       -0.61291534,  0.01888848,  0.39630562, -0.85548347,  2.60045409,
       -0.65963805,  0.38415489, -0.43747735, -0.16239057, -1.27620745,
        1.59472227,  0.12732272, -0.86370224, -0.41062909, -0.33848292,
        1.82508898,  0.80857795, -1.36016655, -0.24480085,  2.38818669,
       -1.27021205,  0.8742072 , -1.80075467, -0.50700468,  0.33825421,
        0.00352806,  1.0642848 , -0.12584837, -0.04693111,  0.22767401,
        0.35510859, -1.43634439,  0.78106493, -2.06693339, -0.28668422,
       -1.06533623,  0.63839978,  0.93270618, -0.71958905,  0.01509533,
        0.20086467,  1.4298315 ,  0.48476663,  0.60754436, -0.83851194,
        0.46183231,  1.38757908,  1.50198865,  0.22670434,  0.22887179,
        0.12162712,  0.43618649,  0.16636769, -0.32183269,  0.11269534,
        0.85602808,  0.87063611,  0.54427677,  0.51990849, -0.46144366,
        1.99281013,  0.94496709, -0.36929026,  0.80297709,  2.4923327 ,
       -1.2169348 , -1.00175285, -0.56305653, -1.14656556, -0.80729699,
        0.54119176, -0.92077476, -1.7328589 ,  0.76725078,  0.29647186,
       -1.13077903, -2.11630869,  0.65619791, -0.63021004, -0.42584378,
       -0.10821271, -0.04315696,  1.54609227,  1.1843636 ,  1.27183282], dtype=float32), array([  5.63637555e-01,  -4.52317864e-01,  -1.28786123e+00,
        -1.30970329e-02,  -5.86578131e-01,  -1.09879053e+00,
        -3.26312706e-02,  -8.42603326e-01,   6.19660437e-01,
        -1.60507274e+00,  -1.27544546e+00,  -1.66349459e+00,
         3.02713931e-01,  -7.97905207e-01,   5.63046575e-01,
        -6.04687512e-01,   2.20144726e-02,   3.93000811e-01,
        -8.44696939e-01,   2.60132289e+00,  -6.47917986e-01,
         3.87612045e-01,  -4.36190426e-01,  -1.62063479e-01,
        -1.28207946e+00,   1.60134554e+00,   1.34428546e-01,
        -8.48877430e-01,  -4.18041259e-01,  -3.34693432e-01,
         1.84358025e+00,   8.18193972e-01,  -1.36151278e+00,
        -2.19890907e-01,   2.36655235e+00,  -1.27936256e+00,
         8.68258178e-01,  -1.81049037e+00,  -5.21562636e-01,
         3.47895235e-01,   5.25069830e-04,   1.08598924e+00,
        -1.35346517e-01,  -4.87135202e-02,   2.29331553e-01,
         3.61961782e-01,  -1.45057023e+00,   7.91415453e-01,
        -2.07092786e+00,  -2.86312759e-01,  -1.07629859e+00,
         6.43456340e-01,   9.30022836e-01,  -7.14330494e-01,
        -1.21382782e-02,   2.14887008e-01,   1.41769636e+00,
         4.91955519e-01,   6.01022542e-01,  -8.40066969e-01,
         4.38203990e-01,   1.40711975e+00,   1.50846195e+00,
         2.28317693e-01,   2.30235904e-01,   1.01225808e-01,
         4.39520359e-01,   1.70699701e-01,  -3.29604566e-01,
         8.64482448e-02,   8.54563773e-01,   8.55067492e-01,
         5.46565056e-01,   5.29056013e-01,  -4.69434589e-01,
         1.99619198e+00,   9.61363435e-01,  -3.49277347e-01,
         7.86339462e-01,   2.49431658e+00,  -1.22294831e+00,
        -9.92649734e-01,  -5.58684230e-01,  -1.15160811e+00,
        -8.10262918e-01,   5.36608219e-01,  -9.25668061e-01,
        -1.72985351e+00,   7.60446370e-01,   2.87121207e-01,
        -1.11264694e+00,  -2.11514950e+00,   6.60656929e-01,
        -6.35015309e-01,  -4.31837052e-01,  -1.08342327e-01,
        -4.98699211e-02,   1.54688227e+00,   1.16162229e+00,
         1.26686251e+00], dtype=float32), array([ 0.55794615, -0.45003697, -1.28370357, -0.01278931, -0.58193308,
       -1.10059714, -0.03300394, -0.84156471,  0.61941206, -1.60384846,
       -1.26965034, -1.66119111,  0.29425985, -0.80618167,  0.56235105,
       -0.6056999 ,  0.0151655 ,  0.38747373, -0.83823544,  2.60100222,
       -0.65335488,  0.39019462, -0.43443733, -0.16892418, -1.28655171,
        1.60263956,  0.13181622, -0.84918886, -0.42368174, -0.32960749,
        1.84119046,  0.82069081, -1.36018133, -0.22790645,  2.36761785,
       -1.28379774,  0.86776376, -1.80024672, -0.51954448,  0.35032704,
        0.00549102,  1.08857322, -0.13878661, -0.0550509 ,  0.23122299,
        0.35813355, -1.45270562,  0.785716  , -2.07457137, -0.28530145,
       -1.07980311,  0.64068258,  0.93142307, -0.70981055, -0.00651292,
        0.21846132,  1.41429925,  0.49464023,  0.60716319, -0.83989495,
        0.44422421,  1.40592599,  1.50212741,  0.22866681,  0.23118876,
        0.10573113,  0.44178179,  0.16704118, -0.32772532,  0.09141103,
        0.85383672,  0.85517955,  0.55710274,  0.53744739, -0.46507531,
        1.99085629,  0.97319824, -0.35213777,  0.78333527,  2.49992752,
       -1.21921468, -0.99199831, -0.55367821, -1.15095317, -0.81716508,
        0.53118205, -0.92810827, -1.73914206,  0.76131189,  0.28726029,
       -1.11468565, -2.11305141,  0.65783972, -0.62975532, -0.43864113,
       -0.10452512, -0.05024046,  1.54934382,  1.15475273,  1.26806426], dtype=float32), array([  5.58231115e-01,  -4.37799752e-01,  -1.29304433e+00,
        -2.24178075e-03,  -5.82671404e-01,  -1.10070407e+00,
        -3.43912244e-02,  -8.51726711e-01,   6.11942887e-01,
        -1.60971570e+00,  -1.26162410e+00,  -1.64421761e+00,
         3.04759055e-01,  -8.08654249e-01,   5.50857842e-01,
        -6.11822069e-01,   2.29854062e-02,   3.73324633e-01,
        -8.41497779e-01,   2.59420919e+00,  -6.46120965e-01,
         3.81158948e-01,  -4.40971643e-01,  -1.56233504e-01,
        -1.28603077e+00,   1.60656476e+00,   1.24435529e-01,
        -8.56929719e-01,  -4.25646633e-01,  -3.18826646e-01,
         1.83074963e+00,   8.12282920e-01,  -1.37229741e+00,
        -2.15818852e-01,   2.37871337e+00,  -1.29302752e+00,
         8.62508237e-01,  -1.82204175e+00,  -5.18954039e-01,
         3.55210900e-01,  -1.03182078e-03,   1.09686852e+00,
        -1.37611866e-01,  -4.59993519e-02,   2.35302642e-01,
         3.47014010e-01,  -1.45188797e+00,   7.80542135e-01,
        -2.07470822e+00,  -2.87920415e-01,  -1.08230245e+00,
         6.35406733e-01,   9.44060504e-01,  -7.17199087e-01,
        -1.77650880e-02,   2.17941731e-01,   1.42730188e+00,
         5.22021592e-01,   5.97597718e-01,  -8.36525261e-01,
         4.54796880e-01,   1.40585816e+00,   1.49827194e+00,
         2.24552080e-01,   2.22726598e-01,   1.04359083e-01,
         4.48211223e-01,   1.85913906e-01,  -3.34068149e-01,
         9.09037367e-02,   8.54857981e-01,   8.43969166e-01,
         5.45965493e-01,   5.38761258e-01,  -4.68602538e-01,
         1.99343061e+00,   9.80667889e-01,  -3.54441196e-01,
         7.70235598e-01,   2.49790454e+00,  -1.21736050e+00,
        -9.81205702e-01,  -5.46406329e-01,  -1.15636516e+00,
        -8.19585681e-01,   5.37591815e-01,  -9.25095081e-01,
        -1.71183848e+00,   7.65320897e-01,   2.75282502e-01,
        -1.12188053e+00,  -2.11281562e+00,   6.59616351e-01,
        -6.19177878e-01,  -4.42372769e-01,  -9.95538682e-02,
        -4.22339067e-02,   1.54419541e+00,   1.15593064e+00,
         1.26764882e+00], dtype=float32), array([ 0.56028229, -0.41713652, -1.27246618, -0.00331866, -0.57450241,
       -1.09053755, -0.03241539, -0.8654741 ,  0.61145169, -1.59423411,
       -1.24539459, -1.63536859,  0.30327815, -0.80861306,  0.56267059,
       -0.62324572,  0.02538032,  0.38390982, -0.8379069 ,  2.5921669 ,
       -0.65390718,  0.3800554 , -0.44784984, -0.14702652, -1.29784632,
        1.59001851,  0.09772704, -0.8505758 , -0.419314  , -0.32096693,
        1.85455167,  0.83378088, -1.39152825, -0.22447906,  2.3887701 ,
       -1.28504431,  0.85700822, -1.83738983, -0.52017283,  0.36082974,
       -0.00646768,  1.09873486, -0.13733526, -0.05446202,  0.22478154,
        0.33706355, -1.45135581,  0.77124304, -2.08032584, -0.29510453,
       -1.08441007,  0.62984276,  0.94651127, -0.70544159, -0.03494152,
        0.19326147,  1.42062819,  0.52723926,  0.60468203, -0.80844289,
        0.45265514,  1.42058825,  1.49971139,  0.23595987,  0.22486664,
        0.10576786,  0.45551294,  0.18315744, -0.34612525,  0.08676614,
        0.86134756,  0.84493393,  0.53413272,  0.53995049, -0.46993455,
        1.98651791,  0.97345144, -0.35613215,  0.75945807,  2.49789286,
       -1.23708034, -0.97804844, -0.53354335, -1.15338457, -0.82632214,
        0.53631192, -0.929124  , -1.69838035,  0.75822145,  0.29059899,
       -1.12842882, -2.12581229,  0.67485809, -0.60309482, -0.43250653,
       -0.11497831, -0.03777953,  1.55227399,  1.14425135,  1.25061977], dtype=float32), array([ 0.58411419, -0.43238273, -1.27097809, -0.02977582, -0.63492733,
       -1.11688566, -0.03812354, -0.85828829,  0.59747285, -1.57939649,
       -1.27095175, -1.66934526,  0.31283692, -0.81865156,  0.52790505,
       -0.61827856,  0.02524372,  0.4064301 , -0.82212257,  2.60943437,
       -0.66731471,  0.38950127, -0.44518903, -0.14760073, -1.30831194,
        1.59125125,  0.14880298, -0.87254125, -0.41632149, -0.33615553,
        1.85299349,  0.82739794, -1.37562644, -0.2396531 ,  2.38302183,
       -1.27153885,  0.83987993, -1.79371154, -0.53695071,  0.31786892,
        0.01729682,  1.07179785, -0.09878786, -0.08163025,  0.23913756,
        0.32564819, -1.41970491,  0.75601774, -2.07359338, -0.29583219,
       -1.05434048,  0.64848995,  0.90651667, -0.72483462, -0.03087083,
        0.18379289,  1.46799576,  0.48506135,  0.62510097, -0.77680761,
        0.45146212,  1.41745102,  1.49367082,  0.20946202,  0.2409721 ,
        0.10113993,  0.44955817,  0.17013289, -0.32346252,  0.0785308 ,
        0.858729  ,  0.87441307,  0.50869256,  0.51161218, -0.45820025,
        1.99322343,  0.97610021, -0.38780788,  0.80242389,  2.50323296,
       -1.22690451, -1.01033676, -0.52995878, -1.14202833, -0.80295521,
        0.53763479, -0.9378255 , -1.70131683,  0.79191768,  0.30082542,
       -1.10790932, -2.12770987,  0.66891849, -0.59720945, -0.41663384,
       -0.09232765, -0.05365916,  1.57146513,  1.18108642,  1.21000504], dtype=float32), array([ 0.58101898, -0.43219957, -1.26712263, -0.01925026, -0.6273312 ,
       -1.10573316, -0.03769128, -0.86206234,  0.59263307, -1.57774067,
       -1.26597452, -1.65557611,  0.30372381, -0.8231144 ,  0.52956814,
       -0.61921149,  0.01702151,  0.40315586, -0.82025653,  2.60198236,
       -0.6661278 ,  0.38903862, -0.43634084, -0.14250751, -1.31086636,
        1.59292066,  0.13910216, -0.87356728, -0.42070973, -0.33656085,
        1.8550849 ,  0.82175034, -1.38367391, -0.24162146,  2.38183928,
       -1.26927257,  0.84520566, -1.784554  , -0.53333914,  0.3401081 ,
        0.02616992,  1.06938112, -0.11297283, -0.0875544 ,  0.24487753,
        0.3294999 , -1.41824257,  0.76841217, -2.0879066 , -0.29054284,
       -1.05506086,  0.63242102,  0.90994841, -0.72532171, -0.0255451 ,
        0.20225187,  1.46765888,  0.49018586,  0.63739347, -0.78549087,
        0.44727084,  1.41269767,  1.5042876 ,  0.20873575,  0.23246391,
        0.1147327 ,  0.44697747,  0.16962034, -0.33108523,  0.07869238,
        0.85850614,  0.8718341 ,  0.50099969,  0.53285867, -0.45951679,
        1.97551131,  0.99640375, -0.38908455,  0.81065065,  2.51421857,
       -1.21026552, -1.01038373, -0.53033191, -1.14334548, -0.80905813,
        0.54646033, -0.95287949, -1.71602523,  0.78349847,  0.29881778,
       -1.10664475, -2.12357712,  0.65881115, -0.61381513, -0.42041796,
       -0.10701519, -0.05263816,  1.56456542,  1.17525613,  1.2009027 ], dtype=float32), array([ 0.58477336, -0.42309627, -1.27103996, -0.01963999, -0.63269788,
       -1.10244036, -0.0362128 , -0.85778475,  0.58808553, -1.57858288,
       -1.27023947, -1.66809475,  0.30462694, -0.82165927,  0.52743286,
       -0.61933434,  0.01984234,  0.40613666, -0.81929654,  2.60227966,
       -0.66302562,  0.38734278, -0.44244009, -0.14644425, -1.31794333,
        1.59966004,  0.14341202, -0.86919844, -0.41079071, -0.34208474,
        1.85174036,  0.82463229, -1.37553811, -0.24950752,  2.38430166,
       -1.26484036,  0.84390008, -1.77936733, -0.52764833,  0.33664799,
        0.02909895,  1.06196296, -0.11278268, -0.08624437,  0.24389063,
        0.32131508, -1.42177665,  0.76666641, -2.08661294, -0.29354134,
       -1.04570234,  0.63966107,  0.90650141, -0.72949344, -0.02495593,
        0.19797836,  1.47011888,  0.49304372,  0.63744104, -0.78040236,
        0.44605741,  1.41020167,  1.50758862,  0.21318665,  0.23390396,
        0.10681237,  0.44868591,  0.17106825, -0.32176954,  0.07875232,
        0.85790336,  0.87661308,  0.50008398,  0.52913296, -0.45299917,
        1.98002172,  0.99263597, -0.38787493,  0.804811  ,  2.50863504,
       -1.20834589, -1.00653172, -0.53077543, -1.14776134, -0.8099013 ,
        0.5465095 , -0.95646673, -1.71134973,  0.78313178,  0.29317912,
       -1.10873175, -2.12610865,  0.65872341, -0.61597663, -0.42966712,
       -0.11043645, -0.05576373,  1.56699622,  1.18275774,  1.20103431], dtype=float32), array([ 0.5714463 , -0.41859305, -1.26862133, -0.0212704 , -0.6137346 ,
       -1.09681714, -0.03955212, -0.85510099,  0.59104162, -1.57466841,
       -1.26894248, -1.67058527,  0.30669761, -0.83307576,  0.5177862 ,
       -0.61419916,  0.01763328,  0.40727675, -0.80344772,  2.60464382,
       -0.66502106,  0.39893198, -0.42548198, -0.15544803, -1.32728565,
        1.60388339,  0.14785849, -0.86366928, -0.41199312, -0.34174213,
        1.86360896,  0.82712203, -1.3602668 , -0.23007272,  2.37610006,
       -1.27372754,  0.84933251, -1.77437031, -0.53835529,  0.34706184,
        0.01961483,  1.06516588, -0.11510632, -0.08939423,  0.2334173 ,
        0.32954109, -1.43476307,  0.76543528, -2.09457374, -0.29405275,
       -1.05878544,  0.64056855,  0.91241366, -0.72812486, -0.02501497,
        0.21510839,  1.46057391,  0.50017095,  0.62289131, -0.78576541,
        0.43668431,  1.39938581,  1.51041615,  0.21341336,  0.22514462,
        0.11204786,  0.45181757,  0.16482864, -0.31131873,  0.07727876,
        0.86288285,  0.86770803,  0.49875128,  0.54004574, -0.45744407,
        1.98307669,  0.99770862, -0.37512162,  0.80649418,  2.50659466,
       -1.22314978, -0.99728751, -0.54277396, -1.15409696, -0.81428313,
        0.54297858, -0.94859844, -1.70517683,  0.78030145,  0.28557155,
       -1.1140244 , -2.11860943,  0.65166372, -0.61895359, -0.4435643 ,
       -0.10612511, -0.06266211,  1.55891573,  1.17957854,  1.2161988 ], dtype=float32), array([ 0.55737162, -0.43722707, -1.25548923, -0.02641562, -0.62934172,
       -1.09800255, -0.03458225, -0.87164229,  0.58589393, -1.57924402,
       -1.27592862, -1.66179132,  0.31842294, -0.829817  ,  0.5277223 ,
       -0.6155448 ,  0.01021328,  0.42290848, -0.80026406,  2.61345363,
       -0.67071044,  0.39214751, -0.43703952, -0.15479037, -1.32386482,
        1.59962738,  0.1386566 , -0.85444945, -0.42209318, -0.33546367,
        1.87215996,  0.82421029, -1.36770189, -0.24065123,  2.3775878 ,
       -1.26782632,  0.84177709, -1.771649  , -0.53791392,  0.35489371,
        0.02610155,  1.06724036, -0.11444204, -0.08928337,  0.2468531 ,
        0.33460909, -1.41291261,  0.78212208, -2.09094381, -0.30258045,
       -1.06217039,  0.61942947,  0.91814846, -0.71264946, -0.03437534,
        0.21848904,  1.47344935,  0.49141249,  0.62362933, -0.78185368,
        0.43147579,  1.39078653,  1.51201153,  0.20062648,  0.23270631,
        0.12150443,  0.43441442,  0.18012176, -0.32517123,  0.07571009,
        0.86031151,  0.85748774,  0.50276804,  0.53190637, -0.46714708,
        1.97919345,  1.00870836, -0.37729609,  0.80774057,  2.51354885,
       -1.22478318, -1.0107801 , -0.53465873, -1.15089667, -0.81276935,
        0.54169667, -0.95119625, -1.71525407,  0.7745741 ,  0.29053405,
       -1.11238194, -2.09772754,  0.6479587 , -0.62588608, -0.42608139,
       -0.11392219, -0.04477651,  1.56568241,  1.19172955,  1.19965541], dtype=float32), array([ 0.56381482, -0.42847547, -1.26503325, -0.02932125, -0.63802463,
       -1.09213388, -0.03630655, -0.8679387 ,  0.58351254, -1.5770992 ,
       -1.27603102, -1.67017186,  0.32307732, -0.82521373,  0.52090532,
       -0.62076998,  0.01017965,  0.42494538, -0.79824656,  2.60897446,
       -0.6679824 ,  0.39149746, -0.43635407, -0.15996434, -1.33481026,
        1.6097852 ,  0.13756451, -0.84777397, -0.41376105, -0.34038192,
        1.86886454,  0.82420814, -1.36544847, -0.24332306,  2.38341403,
       -1.26628888,  0.83887035, -1.76825547, -0.53539914,  0.35249561,
        0.03030772,  1.06308496, -0.11063876, -0.08380634,  0.24653213,
        0.3275359 , -1.41703057,  0.77336103, -2.09089851, -0.30405119,
       -1.05696011,  0.62399453,  0.91860425, -0.71363407, -0.03483428,
        0.21778385,  1.47326124,  0.49590036,  0.62159014, -0.77264374,
        0.43023875,  1.39030111,  1.51228619,  0.20406614,  0.22902186,
        0.11376181,  0.44414476,  0.18007594, -0.31791866,  0.07791142,
        0.8619321 ,  0.860116  ,  0.49625477,  0.54051131, -0.46366459,
        1.98292375,  0.99991333, -0.37005743,  0.80530506,  2.50474238,
       -1.22602749, -1.00170255, -0.53790146, -1.15559208, -0.81397372,
        0.54650271, -0.95600665, -1.71127546,  0.77670926,  0.28005713,
       -1.11466765, -2.09708047,  0.64648151, -0.62966162, -0.43865442,
       -0.11865001, -0.04592869,  1.5667069 ,  1.20324659,  1.2004931 ], dtype=float32), array([ 0.57040125, -0.43666357, -1.26440024, -0.04089381, -0.66385204,
       -1.08112502, -0.0182834 , -0.84747809,  0.57730538, -1.58971667,
       -1.28274262, -1.68410635,  0.3172676 , -0.82058942,  0.52838653,
       -0.62558115,  0.0083148 ,  0.44685635, -0.78906274,  2.61285162,
       -0.65481973,  0.39550701, -0.4278512 , -0.17129339, -1.34429908,
        1.61111844,  0.14405064, -0.84869343, -0.41398796, -0.33590591,
        1.87009501,  0.82230473, -1.35796046, -0.254439  ,  2.38286233,
       -1.25779819,  0.81015748, -1.74508715, -0.52595556,  0.35121387,
        0.03436556,  1.05283046, -0.11861605, -0.075162  ,  0.25819039,
        0.32899901, -1.42763758,  0.77459538, -2.10228109, -0.30190086,
       -1.04330778,  0.63675624,  0.90298152, -0.72403723, -0.03849923,
        0.21373929,  1.47612941,  0.50194609,  0.62197423, -0.76749498,
        0.42528105,  1.38744712,  1.52015376,  0.2021191 ,  0.23210853,
        0.10818809,  0.45113397,  0.18037742, -0.32344267,  0.09049041,
        0.86044788,  0.856143  ,  0.51216459,  0.54448551, -0.45110664,
        1.987988  ,  1.01999927, -0.37225881,  0.81516623,  2.49596119,
       -1.22681403, -1.00933957, -0.55624223, -1.16709054, -0.82601297,
        0.53738976, -0.95912182, -1.6965512 ,  0.75470704,  0.27212247,
       -1.11497223, -2.08607984,  0.63836634, -0.62994492, -0.4559128 ,
       -0.11650496, -0.04305691,  1.56164539,  1.21732163,  1.19356596], dtype=float32), array([ 0.56526351, -0.43114126, -1.23072231, -0.03103439, -0.64656985,
       -1.07161498,  0.0061274 , -0.83499658,  0.58867592, -1.5630492 ,
       -1.29099739, -1.6902796 ,  0.32400376, -0.83953077,  0.52173936,
       -0.64068401,  0.04064163,  0.4352167 , -0.81743616,  2.62829471,
       -0.64225858,  0.38425791, -0.4210487 , -0.14579615, -1.35828674,
        1.62548256,  0.10928758, -0.89322197, -0.42393878, -0.34568918,
        1.83548367,  0.79483753, -1.33401573, -0.24236296,  2.40038562,
       -1.27214885,  0.82468277, -1.76078582, -0.48889345,  0.3544336 ,
        0.03482424,  1.07720923, -0.16042343, -0.05835136,  0.23938967,
        0.33458462, -1.42211211,  0.77743191, -2.13568139, -0.33216846,
       -1.09156716,  0.63968998,  0.90627557, -0.73911953, -0.01858901,
        0.2105749 ,  1.45939755,  0.4977681 ,  0.60842294, -0.79131287,
        0.47108227,  1.38224018,  1.5430584 ,  0.19772699,  0.24366668,
        0.12492447,  0.47231305,  0.17368534, -0.31128684,  0.09108096,
        0.8566044 ,  0.83561975,  0.53197449,  0.52166641, -0.47059637,
        1.95512509,  1.02315414, -0.38192496,  0.83697671,  2.46792912,
       -1.20900607, -1.03962088, -0.57160223, -1.17785788, -0.8295083 ,
        0.55340552, -0.92497849, -1.66436493,  0.74387974,  0.25453067,
       -1.11996794, -2.07965231,  0.65925711, -0.57309467, -0.47725883,
       -0.08772055, -0.0380139 ,  1.55113363,  1.20770228,  1.1991632 ], dtype=float32), array([ 0.57216138, -0.45176268, -1.23149621, -0.04298664, -0.67054683,
       -1.09190547, -0.00372911, -0.84031785,  0.5846464 , -1.55658567,
       -1.29458439, -1.68754983,  0.31958932, -0.84623098,  0.51307869,
       -0.63541526,  0.02904064,  0.43922982, -0.80849749,  2.63270497,
       -0.65062708,  0.39513659, -0.4095751 , -0.14303863, -1.35594189,
        1.62151551,  0.13557914, -0.90835267, -0.4380483 , -0.34832031,
        1.84190011,  0.79276097, -1.34180808, -0.24138016,  2.39492297,
       -1.27379739,  0.81756741, -1.7445637 , -0.51007277,  0.33340791,
        0.04050777,  1.07261705, -0.13335793, -0.07670791,  0.2508502 ,
        0.33737311, -1.4000442 ,  0.76809359, -2.1299448 , -0.32095543,
       -1.08342528,  0.63637429,  0.88833302, -0.74253958, -0.01539885,
        0.21189195,  1.4829334 ,  0.47846571,  0.62066317, -0.77913088,
        0.46844605,  1.38784146,  1.53046012,  0.18456508,  0.25709045,
        0.12235976,  0.46667126,  0.16207871, -0.31592563,  0.08677961,
        0.85355949,  0.84432942,  0.5199452 ,  0.50946337, -0.46787229,
        1.95647812,  1.02535188, -0.40487009,  0.86432683,  2.48232579,
       -1.20844662, -1.0568074 , -0.562154  , -1.16838956, -0.80891937,
        0.55106586, -0.91867286, -1.67646527,  0.76383066,  0.2631813 ,
       -1.10602355, -2.07726741,  0.6598708 , -0.56818402, -0.45440191,
       -0.07281662, -0.04222125,  1.55479026,  1.21451247,  1.17740703], dtype=float32)]
