[array([-1.05553365, -0.5834989 ,  0.30315864,  1.6162895 ,  0.23284443,
       -1.73501229, -1.06551921, -1.47610509, -0.5836094 ,  0.0384165 ,
        2.42030787, -0.16880803, -0.39751732, -1.67125022, -0.93698269,
       -1.35679591,  0.38260281, -1.70650542,  0.65789372, -1.97713816,
        0.8607406 ,  2.00528598,  0.53415364,  1.84059441,  0.26017356,
       -0.26445013, -0.53671533,  0.47648367, -0.14995928, -0.21588773,
        0.3422229 ,  0.05010583,  0.01922515, -1.17341518, -0.55567604,
        0.51540548,  0.06959939,  0.80427712,  0.95815855, -0.79420847,
        1.61283004,  0.51304734, -0.00717539,  1.23679924,  0.35576516,
       -0.52528906,  0.64547628, -1.06912255, -1.77595854, -0.75601417,
       -0.65433758, -0.31923193,  1.43436038,  0.11260886, -0.32033575,
        2.76317477,  0.85232753, -1.10194635, -0.53466642,  0.23306079,
        0.98232567, -1.62224627, -0.53528464, -0.16950823,  1.32358468,
        0.09130608, -0.56010556, -0.73404831,  0.89197713, -0.35623413,
        0.4342021 ,  0.17566217, -0.23797418, -1.31101346,  2.12921143,
       -0.94017845,  0.30054706, -0.72735745,  0.7136209 ,  0.94160724,
       -0.14363466, -0.41224214, -0.46121195, -1.21218038,  0.03657709,
        2.77244186,  0.30841857, -0.2439229 , -1.05996084,  0.1860417 ,
       -0.70371437,  2.19730353, -0.63393563,  0.15996568, -0.04152835,
        0.15731546,  0.19467452, -0.10029785, -0.65332067,  0.18439212], dtype=float32), array([-1.04275036, -0.58491796,  0.29053986,  1.6209234 ,  0.24430265,
       -1.7492907 , -1.06834948, -1.4771775 , -0.59456444,  0.02950956,
        2.43650079, -0.16610008, -0.3930648 , -1.66134059, -0.94113106,
       -1.35336685,  0.39219216, -1.6927762 ,  0.65409285, -1.99018943,
        0.8679356 ,  2.01719594,  0.52961653,  1.830899  ,  0.25940949,
       -0.28357488, -0.53448248,  0.50268543, -0.16213824, -0.20475036,
        0.32597888,  0.06997582,  0.03087439, -1.15537488, -0.54768801,
        0.52228421,  0.06626796,  0.80857694,  0.96301562, -0.78886956,
        1.61693513,  0.49973968, -0.01718803,  1.23987591,  0.36973819,
       -0.55259472,  0.6339072 , -1.07033372, -1.77386653, -0.76520377,
       -0.65727693, -0.3245436 ,  1.43529689,  0.09221426, -0.30732259,
        2.75179386,  0.84371209, -1.12352288, -0.53671759,  0.23116417,
        0.97585475, -1.61358595, -0.5354203 , -0.14970811,  1.31898463,
        0.07097425, -0.56947422, -0.72650653,  0.90732121, -0.34354058,
        0.43672803,  0.18098752, -0.24243104, -1.28684711,  2.13885236,
       -0.91311735,  0.30383459, -0.7166568 ,  0.6939292 ,  0.92835349,
       -0.1531907 , -0.4263832 , -0.45079419, -1.20990157,  0.01080288,
        2.77641273,  0.29956618, -0.23839003, -1.06541193,  0.18205245,
       -0.69798905,  2.2021935 , -0.64788026,  0.16243991, -0.05019911,
        0.16883121,  0.20520353, -0.0957831 , -0.64937425,  0.1625753 ], dtype=float32), array([-0.81754041, -0.67226821,  0.22383317,  1.40805984,  0.72533941,
       -1.35103226, -1.31913936, -1.1579026 , -0.65066057, -0.14437035,
        2.20406651, -0.2090188 , -0.24462721, -1.48903978, -0.93658906,
       -1.50987422,  0.09843997, -1.76249576,  0.6287328 , -2.18601227,
        0.82968175,  2.29065514,  0.87530035,  1.6037637 ,  0.07198932,
       -0.80768853, -0.54442471,  0.67160851, -0.11148965, -0.24725962,
        0.59101659,  0.21830361,  0.4868322 , -0.97013092, -0.33701399,
        1.17199874,  0.05991938,  0.60508156,  1.34879732, -0.5826984 ,
        1.70777988,  0.56596971,  0.04934265,  1.3860333 ,  0.3640942 ,
       -1.00233436,  0.48339787, -0.79538715, -1.71033227, -1.00359154,
       -0.66402775, -0.58752966,  1.31741548,  0.03900554, -0.13293137,
        2.30013824,  0.75244814, -0.97439897, -0.16000301,  0.1182435 ,
        1.24250412, -1.57402241, -0.28906596,  0.13453683,  1.23281348,
       -0.51240456, -0.75353658, -0.83698565,  1.37461615,  0.04641465,
        0.23442678,  0.4078972 , -0.59607947, -1.06964433,  2.08139706,
       -0.48922321,  0.3135314 , -0.82900745,  0.92824376,  0.49558771,
       -0.15412349, -0.37130749, -0.49855053, -1.34429133, -0.56411457,
        2.44474411, -0.09334061, -0.33895877, -1.190956  , -0.00525409,
       -1.0663687 ,  2.44013262, -0.81198883,  0.14180173, -0.25834656,
        0.22867297,  0.27296159,  0.09031434, -0.48159206, -0.09691292], dtype=float32), array([-0.80975306, -0.55777568,  0.13886978,  1.32259476,  0.76983237,
       -1.20654702, -1.35636401, -1.28385055, -0.75254315,  0.0149854 ,
        2.0783751 , -0.2538923 , -0.2682966 , -1.40611565, -0.85971344,
       -1.57859063,  0.12960425, -1.8005203 ,  0.88223022, -2.31702971,
        0.79087222,  2.30304551,  0.82719749,  1.51123595, -0.03825383,
       -0.66435528, -0.47109744,  0.70117688, -0.11410698, -0.28440937,
        0.75110883,  0.11743261,  0.5974533 , -1.01100767, -0.50618517,
        1.02701867, -0.09377626,  0.644844  ,  1.26444471, -0.6455546 ,
        1.96030879,  0.64877063, -0.04535542,  1.52600622,  0.49935687,
       -1.18434262,  0.31452289, -0.84731561, -1.61538601, -0.88876057,
       -0.57978505, -0.60084355,  1.3623637 , -0.03683666, -0.02615188,
        2.09360671,  0.78252983, -1.03041816,  0.13504583,  0.14934662,
        1.30409646, -1.61336339, -0.18623006,  0.14290015,  1.09451616,
       -0.54887831, -0.77735156, -0.7205736 ,  1.49585557,  0.2334314 ,
        0.27731767,  0.38059139, -0.70721823, -0.84871721,  2.3321557 ,
       -0.71338725,  0.19946234, -0.81915909,  0.67943692,  0.35507691,
       -0.34860289, -0.36883101, -0.30014521, -1.11744583, -0.62074012,
        2.31505775, -0.20158248, -0.39279819, -1.25435126, -0.08732197,
       -1.16114676,  2.32304978, -0.75709528,  0.08970641, -0.02420381,
        0.30425814,  0.54424083,  0.08445775, -0.37098601, -0.42472345], dtype=float32), array([-0.80865872, -0.56185293,  0.13634695,  1.34028804,  0.74806929,
       -1.17957413, -1.36374164, -1.28280151, -0.75965512,  0.01107221,
        2.05155039, -0.26745462, -0.29015949, -1.39822161, -0.8490299 ,
       -1.56359029,  0.14100385, -1.79546392,  0.90552258, -2.30139422,
        0.77613044,  2.31944752,  0.8287769 ,  1.51982033, -0.02334718,
       -0.66006392, -0.46378908,  0.71770293, -0.11687685, -0.2902756 ,
        0.74977845,  0.11304363,  0.61079687, -1.00918138, -0.50847095,
        1.04785359, -0.09551276,  0.63543373,  1.27537513, -0.62957591,
        1.95986366,  0.6438275 , -0.03510586,  1.52720082,  0.47701174,
       -1.18762624,  0.31692758, -0.8574639 , -1.62548327, -0.89278919,
       -0.58982706, -0.60787249,  1.36236835, -0.0134338 , -0.0351712 ,
        2.08255959,  0.7801041 , -1.02019131,  0.11804041,  0.15716483,
        1.30380571, -1.62801766, -0.17703059,  0.14227986,  1.10934627,
       -0.55604857, -0.7682364 , -0.72336161,  1.50069249,  0.2416044 ,
        0.26213902,  0.37736288, -0.69880921, -0.86175501,  2.3265655 ,
       -0.70650685,  0.19707809, -0.83025849,  0.6904496 ,  0.33892217,
       -0.34404945, -0.39396372, -0.32268062, -1.11478698, -0.62642175,
        2.30906892, -0.18624051, -0.4117015 , -1.23480248, -0.11718245,
       -1.18055296,  2.32273245, -0.77060592,  0.11839545, -0.02167207,
        0.31125018,  0.53062594,  0.11644755, -0.36789364, -0.42560369], dtype=float32), array([ -7.40850151e-01,  -5.67614913e-01,   1.53007105e-01,
         1.38307059e+00,   7.62971163e-01,  -1.24923551e+00,
        -1.37886155e+00,  -1.27725136e+00,  -7.61575520e-01,
        -2.08269842e-02,   2.08201408e+00,  -2.38175899e-01,
        -2.67926991e-01,  -1.35470402e+00,  -8.59252214e-01,
        -1.61022127e+00,   1.56193122e-01,  -1.70924425e+00,
         8.45995009e-01,  -2.32635403e+00,   7.74455786e-01,
         2.31507516e+00,   8.61724675e-01,   1.46284592e+00,
        -4.60016429e-02,  -6.94042206e-01,  -4.79347914e-01,
         7.81849325e-01,  -1.61450684e-01,  -2.84740180e-01,
         7.15972424e-01,   1.50726795e-01,   6.25045180e-01,
        -9.78933871e-01,  -5.37810147e-01,   1.00821555e+00,
        -7.88952336e-02,   6.34772658e-01,   1.29260218e+00,
        -6.42526388e-01,   1.95916152e+00,   5.92782736e-01,
        -8.79211053e-02,   1.52982748e+00,   4.58478779e-01,
        -1.22509336e+00,   2.63673127e-01,  -8.62252772e-01,
        -1.61794031e+00,  -8.99569273e-01,  -5.77074528e-01,
        -6.13251030e-01,   1.36035001e+00,  -3.19134668e-02,
         2.03310093e-03,   2.08796453e+00,   7.44597018e-01,
        -1.02414954e+00,   9.15158987e-02,   1.40167460e-01,
         1.29057431e+00,  -1.59113157e+00,  -2.03074977e-01,
         1.90691784e-01,   1.14203274e+00,  -5.93935966e-01,
        -7.84256637e-01,  -6.97037220e-01,   1.50329900e+00,
         2.85221159e-01,   2.69760877e-01,   3.64112556e-01,
        -6.89473391e-01,  -8.01365554e-01,   2.33341146e+00,
        -6.04806185e-01,   2.35394180e-01,  -8.19711864e-01,
         6.69179916e-01,   3.00042331e-01,  -3.50987285e-01,
        -4.48603660e-01,  -2.76984215e-01,  -1.09384310e+00,
        -6.56040907e-01,   2.34131336e+00,  -2.01121107e-01,
        -3.75009656e-01,  -1.28924918e+00,  -1.48677051e-01,
        -1.15220666e+00,   2.32260132e+00,  -7.68062651e-01,
         1.31636873e-01,  -3.56571339e-02,   3.55855107e-01,
         5.21610320e-01,   1.21538706e-01,  -3.93575460e-01,
        -4.35528606e-01], dtype=float32), array([ -7.38833785e-01,  -5.77905357e-01,   1.56437799e-01,
         1.38743937e+00,   7.64748633e-01,  -1.24293303e+00,
        -1.37437940e+00,  -1.27656353e+00,  -7.71341622e-01,
        -2.21234187e-02,   2.08404016e+00,  -2.35723078e-01,
        -2.72921473e-01,  -1.35291874e+00,  -8.52328837e-01,
        -1.60608590e+00,   1.56164497e-01,  -1.70836866e+00,
         8.50516915e-01,  -2.32180929e+00,   7.77682126e-01,
         2.31702781e+00,   8.65043998e-01,   1.46319127e+00,
        -4.03370708e-02,  -6.91662192e-01,  -4.71604615e-01,
         7.97378957e-01,  -1.61669403e-01,  -2.83146709e-01,
         7.17325985e-01,   1.52877390e-01,   6.30675912e-01,
        -9.70435023e-01,  -5.35740972e-01,   1.01310754e+00,
        -9.14224237e-02,   6.31156266e-01,   1.28914011e+00,
        -6.50236011e-01,   1.95674884e+00,   5.95306337e-01,
        -7.98590854e-02,   1.53421783e+00,   4.55796927e-01,
        -1.23574102e+00,   2.71674216e-01,  -8.53396952e-01,
        -1.62077832e+00,  -9.05710638e-01,  -5.90741277e-01,
        -6.15927935e-01,   1.34488356e+00,  -4.07234542e-02,
         1.13971539e-04,   2.08334756e+00,   7.47121513e-01,
        -1.02361786e+00,   8.50020200e-02,   1.45658925e-01,
         1.28628409e+00,  -1.58987415e+00,  -2.00247690e-01,
         1.89283118e-01,   1.13926995e+00,  -5.94191551e-01,
        -7.63666689e-01,  -6.93120062e-01,   1.49926686e+00,
         2.85297155e-01,   2.62633026e-01,   3.68329555e-01,
        -6.90602064e-01,  -8.05903733e-01,   2.33523226e+00,
        -6.06783569e-01,   2.33500391e-01,  -8.17253470e-01,
         6.69700682e-01,   2.95943886e-01,  -3.45987171e-01,
        -4.51617748e-01,  -2.87520826e-01,  -1.09164882e+00,
        -6.64531171e-01,   2.33396339e+00,  -1.98789746e-01,
        -3.83285433e-01,  -1.29306531e+00,  -1.45838350e-01,
        -1.15748012e+00,   2.33004904e+00,  -7.65466869e-01,
         1.31727889e-01,  -4.75685298e-02,   3.62852722e-01,
         5.26635647e-01,   1.24702401e-01,  -4.00367677e-01,
        -4.36711460e-01], dtype=float32), array([-0.72737598, -0.58196104,  0.14596191,  1.39221799,  0.77836686,
       -1.237095  , -1.38861549, -1.27627945, -0.77882868, -0.01553571,
        2.07792258, -0.23248832, -0.26974368, -1.35918593, -0.85508132,
       -1.60349071,  0.15447946, -1.69731092,  0.84926677, -2.31477904,
        0.78945875,  2.32575011,  0.858123  ,  1.46899438, -0.04502995,
       -0.69618404, -0.45825818,  0.81113714, -0.16528936, -0.29105258,
        0.71426231,  0.15495722,  0.62106007, -0.95125383, -0.53366601,
        1.02665555, -0.09665839,  0.6299842 ,  1.28711569, -0.64704293,
        1.95883965,  0.58295494, -0.08355516,  1.54183185,  0.44822106,
       -1.24164259,  0.25848469, -0.85580802, -1.62137401, -0.90418273,
       -0.59567201, -0.6132285 ,  1.35037017, -0.04064279, -0.0037758 ,
        2.07558036,  0.75183272, -1.02720988,  0.0816965 ,  0.14101996,
        1.29560006, -1.59595764, -0.19650897,  0.19432005,  1.13075626,
       -0.58809948, -0.76180631, -0.69136548,  1.49371719,  0.29603785,
        0.24881673,  0.37815949, -0.68055135, -0.81890059,  2.33679986,
       -0.59847212,  0.22467703, -0.8070907 ,  0.66831666,  0.29307461,
       -0.33869419, -0.46015692, -0.28222522, -1.09128296, -0.67465842,
        2.341748  , -0.18696792, -0.39020982, -1.29274535, -0.15150984,
       -1.16180539,  2.315099  , -0.76739496,  0.1447518 , -0.04780554,
        0.34751022,  0.5235194 ,  0.12047172, -0.39165187, -0.44474471], dtype=float32), array([-0.6778273 , -0.66022813,  0.14045298,  1.45653486,  0.8626582 ,
       -1.17883539, -1.39002502, -1.32662296, -0.77460247,  0.03836025,
        1.94585586, -0.20539556, -0.28411782, -1.32827604, -0.84254003,
       -1.61567998,  0.20504883, -1.6223464 ,  0.89607161, -2.26653504,
        0.82044631,  2.36566639,  0.89333016,  1.49396062, -0.08221927,
       -0.65761316, -0.41729352,  0.81985343, -0.19839706, -0.3287386 ,
        0.69693375,  0.17897254,  0.55771947, -0.8477571 , -0.57002741,
        1.00794446, -0.08865023,  0.61315137,  1.29530489, -0.65771532,
        1.93753302,  0.4762992 , -0.12666552,  1.54137659,  0.35317403,
       -1.25903499,  0.17640615, -0.92153621, -1.71300244, -0.87340188,
       -0.56361669, -0.61188787,  1.36282969,  0.03272185,  0.035454  ,
        2.00731802,  0.76714182, -1.07624173,  0.1087418 ,  0.134544  ,
        1.36249387, -1.6767714 , -0.22679   ,  0.16444756,  1.14297986,
       -0.62128681, -0.73549634, -0.69422549,  1.54930532,  0.29218417,
        0.14849176,  0.505005  , -0.55411053, -0.89825994,  2.32772565,
       -0.52961552,  0.26446187, -0.75363332,  0.61304915,  0.26635289,
       -0.32230279, -0.52568668, -0.16518134, -1.08054161, -0.67959523,
        2.37384319, -0.16019319, -0.417808  , -1.33598363, -0.22855942,
       -1.18418372,  2.24476528, -0.82695919,  0.24721335, -0.06166963,
        0.36081862,  0.50320774,  0.11999554, -0.38763505, -0.47484076], dtype=float32), array([-0.66846466, -0.66527683,  0.14657907,  1.48073947,  0.84922802,
       -1.16848731, -1.42666709, -1.31088316, -0.78654605,  0.04570207,
        1.91326082, -0.20312333, -0.27860153, -1.34723914, -0.83365631,
       -1.60556507,  0.18106872, -1.63345802,  0.87155229, -2.25599098,
        0.83094037,  2.35528803,  0.89261127,  1.48408294, -0.06258504,
       -0.66854143, -0.38479763,  0.83693039, -0.22466488, -0.37259319,
        0.69185954,  0.19959839,  0.54803234, -0.82121706, -0.57579195,
        1.00381541, -0.11856242,  0.61271924,  1.32100856, -0.64925891,
        1.94976532,  0.49067956, -0.07805988,  1.55744624,  0.30641028,
       -1.25894964,  0.1711466 , -0.88978487, -1.69487011, -0.87301368,
       -0.60289752, -0.62046748,  1.34480524,  0.03310513,  0.0178042 ,
        2.0019145 ,  0.77575767, -1.07766342,  0.08089654,  0.10272725,
        1.37401664, -1.7198329 , -0.20443906,  0.1450339 ,  1.16318369,
       -0.5831908 , -0.71118504, -0.65241343,  1.53776479,  0.32064915,
        0.16977793,  0.4799639 , -0.56423271, -0.91847688,  2.32174301,
       -0.52235287,  0.24086583, -0.74219525,  0.64641124,  0.25896025,
       -0.29989538, -0.53336686, -0.17760959, -1.05970597, -0.69971156,
        2.38737345, -0.13146609, -0.43634093, -1.35020971, -0.2391275 ,
       -1.19007254,  2.23444223, -0.82272667,  0.30379909, -0.07885309,
        0.33821493,  0.50019687,  0.15345497, -0.38663504, -0.49159724], dtype=float32), array([-0.60522413, -0.71325135,  0.09527995,  1.44394422,  0.88936508,
       -1.14284194, -1.39481342, -1.30090666, -0.83315164,  0.23546317,
        1.96906877, -0.07557268, -0.28546616, -1.44794858, -0.89210433,
       -1.58923602,  0.20150386, -1.69163954,  0.84802604, -2.23855186,
        0.9859013 ,  2.36170745,  0.90145373,  1.44754267, -0.06789128,
       -0.75589782, -0.27267203,  0.87362707, -0.28490442, -0.49957797,
        0.71954668,  0.0963727 ,  0.45933044, -0.79911661, -0.52503699,
        0.99886644, -0.1867768 ,  0.72179508,  1.39390254, -0.4237822 ,
        1.96163189,  0.44152546, -0.04632019,  1.57246351,  0.24336942,
       -1.21012604,  0.10980684, -0.79202843, -1.74721146, -0.77614397,
       -0.66500187, -0.64767402,  1.3592751 ,  0.03562145, -0.02384665,
        1.9617393 ,  0.83001286, -1.13260067,  0.06433606,  0.05212729,
        1.36177897, -1.72426128, -0.16799836,  0.13939784,  1.12117338,
       -0.54871958, -0.7462458 , -0.51793891,  1.45273829,  0.39829877,
        0.19840567,  0.43572983, -0.59672934, -1.02031624,  2.24929929,
       -0.53617632,  0.24527919, -0.77240539,  0.69405133,  0.25917864,
       -0.24658555, -0.5071308 , -0.09628224, -0.91923553, -0.70925146,
        2.43022442, -0.19436526, -0.52174258, -1.37145364, -0.23919775,
       -1.2278825 ,  2.11920905, -0.75108337,  0.31827065, -0.02832845,
        0.31158531,  0.5084973 ,  0.05157713, -0.46837068, -0.59030133], dtype=float32), array([-0.59137988, -0.71328497,  0.09326837,  1.45265365,  0.88588303,
       -1.16292381, -1.3993547 , -1.30681336, -0.83763349,  0.20933168,
        1.97526324, -0.07167272, -0.28385693, -1.42763722, -0.89478493,
       -1.59826458,  0.20833744, -1.67227805,  0.8393923 , -2.24970245,
        0.98315418,  2.35659504,  0.91303104,  1.44046319, -0.06872237,
       -0.76219016, -0.27783355,  0.88446653, -0.29728308, -0.48798728,
        0.70973259,  0.10768946,  0.46523842, -0.78793001, -0.51714903,
        0.99810928, -0.18215871,  0.71237725,  1.40273845, -0.42374036,
        1.9594115 ,  0.4243533 , -0.05220061,  1.57083368,  0.2451487 ,
       -1.2243489 ,  0.10290562, -0.79668015, -1.73547769, -0.7854799 ,
       -0.65244573, -0.65251195,  1.3559382 ,  0.03197863, -0.0039246 ,
        1.96163154,  0.81374758, -1.1411705 ,  0.04690361,  0.04797822,
        1.36049616, -1.71493149, -0.1693445 ,  0.14798827,  1.13699722,
       -0.56201774, -0.74580485, -0.52139056,  1.45317745,  0.40574738,
        0.20359439,  0.44386169, -0.58744711, -1.00402558,  2.24747777,
       -0.5165512 ,  0.2445178 , -0.75920492,  0.68885726,  0.25695288,
       -0.25033593, -0.52359205, -0.08022923, -0.91140503, -0.72246617,
        2.43642116, -0.20931777, -0.51874286, -1.37623644, -0.24240825,
       -1.2140435 ,  2.12305307, -0.74819481,  0.32279295, -0.04083376,
        0.32768065,  0.50859904,  0.05475632, -0.47529829, -0.6089009 ], dtype=float32), array([-0.61083376, -0.68631142,  0.0737816 ,  1.46884692,  0.88900906,
       -1.195593  , -1.41782856, -1.31511939, -0.84421283,  0.16465005,
        2.00571537, -0.02778328, -0.25585866, -1.40757787, -0.90015954,
       -1.59715831,  0.24666005, -1.62454402,  0.8259297 , -2.26444769,
        0.97612542,  2.36584139,  0.91024154,  1.41927528, -0.05820738,
       -0.77398443, -0.30627313,  0.91060644, -0.32935271, -0.43940014,
        0.6577152 ,  0.15576227,  0.50339299, -0.78647071, -0.49364963,
        1.01499081, -0.1742471 ,  0.7431643 ,  1.35383058, -0.41866437,
        1.97322965,  0.39491373, -0.10133544,  1.5470475 ,  0.27616993,
       -1.26260436,  0.08088648, -0.83194917, -1.73178756, -0.79237783,
       -0.64297122, -0.66822213,  1.36100578,  0.01689573, -0.00966487,
        1.96177018,  0.79971558, -1.16424692,  0.03560797,  0.06534525,
        1.31564653, -1.69964492, -0.16599686,  0.21812181,  1.13558769,
       -0.59225261, -0.76276171, -0.53802675,  1.43082309,  0.39703843,
        0.21880907,  0.44146335, -0.56472242, -0.96792442,  2.24282217,
       -0.49619547,  0.26104841, -0.73537719,  0.65433377,  0.23947838,
       -0.23155154, -0.55015761, -0.07219247, -0.93332118, -0.73041296,
        2.44871831, -0.20622879, -0.44747165, -1.36243069, -0.25008675,
       -1.17531991,  2.14122748, -0.79596502,  0.32817003, -0.08014518,
        0.3568781 ,  0.50391346,  0.06081836, -0.45916587, -0.6428529 ], dtype=float32), array([-0.60551965, -0.69802225,  0.06794664,  1.50149608,  0.92935646,
       -1.18838692, -1.41380811, -1.31816459, -0.82797468,  0.17923328,
        1.98606312, -0.00507311, -0.25290847, -1.41907275, -0.89752752,
       -1.60119331,  0.27593097, -1.58063233,  0.82441944, -2.2344811 ,
        0.99022555,  2.36587644,  0.89790261,  1.41290808, -0.09802089,
       -0.78912276, -0.31407034,  0.92916375, -0.34826499, -0.41275814,
        0.6309557 ,  0.18918689,  0.51028699, -0.73729104, -0.50975317,
        1.01949167, -0.1889126 ,  0.75477988,  1.34056067, -0.44761223,
        1.98039007,  0.35189193, -0.13476442,  1.54948831,  0.25039563,
       -1.29398143,  0.0307657 , -0.87134075, -1.75596035, -0.78451729,
       -0.64578706, -0.66017395,  1.37205255,  0.01407217,  0.01875046,
        1.93667758,  0.81627536, -1.19011688,  0.05590648,  0.05998261,
        1.3066963 , -1.70519125, -0.17885081,  0.27154738,  1.14389479,
       -0.61061418, -0.78018129, -0.53400272,  1.44916117,  0.37740412,
        0.19741435,  0.49336627, -0.52959353, -0.95230079,  2.24530983,
       -0.4671956 ,  0.28660938, -0.7025075 ,  0.60341179,  0.21338072,
       -0.20361482, -0.55651015, -0.03189553, -0.95204765, -0.74890161,
        2.43920302, -0.20495687, -0.4298487 , -1.36643362, -0.28116342,
       -1.15683961,  2.12208152, -0.84395242,  0.35583466, -0.08670219,
        0.35397953,  0.48619375,  0.05559596, -0.43047678, -0.66451705], dtype=float32), array([-0.60576457, -0.69764841,  0.06672829,  1.50203049,  0.92892122,
       -1.18882465, -1.41272664, -1.31839442, -0.8273778 ,  0.17765471,
        1.98749006, -0.00564255, -0.25242385, -1.4167105 , -0.89874113,
       -1.60037625,  0.27645692, -1.58048546,  0.82517838, -2.23550963,
        0.99074262,  2.36548567,  0.89706391,  1.41270971, -0.09761866,
       -0.79084009, -0.31370628,  0.92993289, -0.34920651, -0.41178352,
        0.62928021,  0.19120181,  0.51088268, -0.73654634, -0.50949049,
        1.01890707, -0.18801442,  0.75395274,  1.34070516, -0.44760042,
        1.97960055,  0.35028106, -0.13651232,  1.54934251,  0.25138876,
       -1.29502511,  0.03161234, -0.87115383, -1.7556504 , -0.78563017,
       -0.64589083, -0.66052401,  1.37136388,  0.0131978 ,  0.01860278,
        1.93603086,  0.81559825, -1.19207072,  0.0558297 ,  0.06079582,
        1.3056761 , -1.70386362, -0.17922279,  0.27329427,  1.14389539,
       -0.61162412, -0.78158724, -0.53404784,  1.44933105,  0.37650084,
        0.19764017,  0.4930279 , -0.52996814, -0.95037061,  2.24575162,
       -0.46552548,  0.28777456, -0.7010144 ,  0.60258144,  0.21342757,
       -0.20342012, -0.55732077, -0.03128193, -0.95272398, -0.75021631,
        2.43995285, -0.20467244, -0.42973152, -1.36537421, -0.28080672,
       -1.15725243,  2.12271643, -0.84487104,  0.35565937, -0.08664709,
        0.35461006,  0.48698375,  0.0571265 , -0.43074793, -0.66473943], dtype=float32), array([-0.60196543, -0.71579665,  0.06475743,  1.47924459,  0.92813635,
       -1.14618433, -1.42255843, -1.31438565, -0.84727675,  0.222817  ,
        1.96316612, -0.01186016, -0.25150973, -1.46456182, -0.86436379,
       -1.60751319,  0.23044445, -1.60359073,  0.81963527, -2.25752115,
        1.00836754,  2.37085724,  0.88727194,  1.42840695, -0.09258775,
       -0.80494881, -0.26863381,  0.91701871, -0.33051643, -0.45957279,
        0.65659213,  0.13991237,  0.48186556, -0.74052966, -0.49341363,
        1.04727745, -0.19029585,  0.73301274,  1.33872283, -0.42505282,
        2.03219008,  0.36817884, -0.10726536,  1.57128644,  0.22877155,
       -1.26423812,  0.05863225, -0.84210455, -1.7413888 , -0.77280676,
       -0.64917803, -0.67035991,  1.38991499,  0.03754517, -0.01978764,
        1.91051722,  0.80997175, -1.1751765 ,  0.04860145,  0.06951549,
        1.32948685, -1.76276088, -0.14707246,  0.24366759,  1.13580227,
       -0.5820449 , -0.81346154, -0.52748376,  1.43726945,  0.40038306,
        0.1956317 ,  0.47732252, -0.53442305, -0.99397677,  2.20896268,
       -0.49541265,  0.25547722, -0.70968825,  0.63604915,  0.23918322,
       -0.18153137, -0.5495193 , -0.03730129, -0.93995708, -0.75993896,
        2.43272352, -0.18498901, -0.45525971, -1.34583294, -0.26798007,
       -1.17184341,  2.07941127, -0.83291817,  0.33837444, -0.05719277,
        0.35630262,  0.49677891,  0.04087793, -0.39296007, -0.64587706], dtype=float32), array([-0.59629202, -0.67970407,  0.05121078,  1.41891694,  1.04858375,
       -0.97932732, -1.45863962, -1.20480311, -0.74372035,  0.24706052,
        1.886971  , -0.10703596, -0.20627443, -1.53370762, -0.90130728,
       -1.61404979,  0.1354868 , -1.60948789,  0.85648656, -2.22522664,
        0.88411146,  2.32044411,  0.84993184,  1.43691063, -0.1033034 ,
       -0.85568637, -0.3387374 ,  0.75759393, -0.19520019, -0.41436934,
        0.69263905,  0.14905031,  0.6477707 , -0.77503079, -0.43222734,
        1.10686243, -0.1509643 ,  0.7090826 ,  1.31951702, -0.41099137,
        2.04407835,  0.29347515, -0.13556942,  1.51540232,  0.20454533,
       -1.25318635,  0.05581968, -0.82870775, -1.74847841, -0.79189682,
       -0.58154356, -0.68912256,  1.48841166,  0.23187864, -0.06464957,
        1.8208952 ,  0.8991279 , -1.13876784,  0.09075226,  0.06091041,
        1.49423778, -1.86444271, -0.17271253,  0.33799255,  1.2391305 ,
       -0.6545099 , -0.83975613, -0.57743454,  1.45517468,  0.3848772 ,
        0.2090389 ,  0.43898475, -0.57538438, -1.06520164,  2.15778255,
       -0.50568819,  0.22491339, -0.76509184,  0.69640112,  0.20546398,
       -0.20229736, -0.61418217, -0.03678866, -0.90439159, -0.79100913,
        2.44897461, -0.1799233 , -0.4786278 , -1.21407521, -0.37247655,
       -1.18083954,  2.09043765, -0.94538432,  0.33547443, -0.04150021,
        0.299512  ,  0.44054618, -0.00391065, -0.28297344, -0.64627105], dtype=float32), array([-0.59066123, -0.68385655,  0.05143197,  1.42461801,  1.05023992,
       -0.97606575, -1.46077478, -1.20531595, -0.75038242,  0.24777751,
        1.88449848, -0.10774607, -0.2075742 , -1.53552389, -0.89875513,
       -1.61367404,  0.13060623, -1.6089375 ,  0.85403234, -2.2229104 ,
        0.88692999,  2.32033587,  0.85126239,  1.4379611 , -0.09950127,
       -0.85615259, -0.33306381,  0.76658136, -0.19445547, -0.4178845 ,
        0.69322914,  0.14933304,  0.64969552, -0.76555794, -0.43221951,
        1.11128879, -0.15552895,  0.70735317,  1.32309902, -0.41304174,
        2.04642582,  0.29549628, -0.13481849,  1.51647842,  0.20191745,
       -1.25642335,  0.0545151 , -0.82478875, -1.74845028, -0.79375011,
       -0.5866251 , -0.68949443,  1.48482847,  0.22873412, -0.06617709,
        1.81675184,  0.90050948, -1.13796973,  0.08623518,  0.05477925,
        1.4933008 , -1.86558163, -0.17027287,  0.33408973,  1.24039352,
       -0.65280086, -0.83369732, -0.57729995,  1.45537388,  0.38650388,
        0.20494525,  0.43930331, -0.57558399, -1.07092118,  2.1549623 ,
       -0.50529873,  0.22382906, -0.76285338,  0.69654399,  0.20419909,
       -0.19728911, -0.61412793, -0.04089595, -0.90461099, -0.79490185,
        2.44599843, -0.17574297, -0.48127919, -1.21566606, -0.37160823,
       -1.18226957,  2.08842683, -0.94111019,  0.33944124, -0.04527257,
        0.30113178,  0.44222239, -0.00261615, -0.28317121, -0.64466822], dtype=float32), array([-0.59893441, -0.5969851 , -0.04895787,  1.57633913,  1.11394095,
       -1.05946803, -1.53977442, -1.29712844, -0.74506241,  0.09472363,
        1.88970017,  0.03311146, -0.16961223, -1.39177418, -0.90276009,
       -1.59778202,  0.34589949, -1.35972595,  0.89608353, -2.19081473,
        0.89982712,  2.37114835,  0.84835082,  1.38582623, -0.08343686,
       -0.84818196, -0.38544467,  0.92979652, -0.36005518, -0.28084683,
        0.53967059,  0.29801971,  0.70160854, -0.640706  , -0.43432322,
        1.08873677, -0.13315079,  0.76073039,  1.13003814, -0.46721852,
        2.07145977,  0.11775691, -0.30825156,  1.49251842,  0.27229348,
       -1.3798821 , -0.14181314, -0.97583026, -1.80568802, -0.79035735,
       -0.56301445, -0.72343403,  1.42575753,  0.18778947, -0.02608137,
        1.77089548,  0.86895275, -1.26372266,  0.06688446,  0.14224915,
        1.32152045, -1.83580101, -0.20262669,  0.53512704,  1.20857906,
       -0.77339488, -0.86941892, -0.62117845,  1.42648983,  0.32566935,
        0.17240809,  0.54112226, -0.44239467, -0.9709844 ,  2.16081834,
       -0.38607487,  0.26265582, -0.61497873,  0.51292491,  0.12168708,
       -0.09853214, -0.73589498,  0.05939356, -1.00811005, -0.81331056,
        2.49570203, -0.14223008, -0.25514302, -1.15982592, -0.46567208,
       -1.10511494,  2.05042315, -1.13224804,  0.43399432, -0.13263315,
        0.38278627,  0.40469134,  0.08446235, -0.23727806, -0.70750016], dtype=float32), array([ -5.83540857e-01,  -5.75942993e-01,  -9.61529166e-02,
         1.60524225e+00,   1.07612026e+00,  -1.11453211e+00,
        -1.46186447e+00,  -1.33276308e+00,  -7.73514092e-01,
         8.49117190e-02,   1.90944481e+00,   7.13035911e-02,
        -1.15335427e-01,  -1.37250614e+00,  -9.58297074e-01,
        -1.51494181e+00,   4.61171269e-01,  -1.28060842e+00,
         9.15766656e-01,  -2.20144129e+00,   9.23229814e-01,
         2.38205814e+00,   8.39799702e-01,   1.39679265e+00,
        -7.66201466e-02,  -8.99092495e-01,  -3.78284246e-01,
         9.90094960e-01,  -4.48465258e-01,  -1.82426512e-01,
         4.01974112e-01,   3.54073673e-01,   7.51066566e-01,
        -5.65044582e-01,  -4.41265583e-01,   1.04131472e+00,
        -1.05703346e-01,   7.08726048e-01,   1.06618190e+00,
        -4.73426074e-01,   2.01722527e+00,  -2.43705092e-03,
        -3.37954998e-01,   1.51470017e+00,   3.59492958e-01,
        -1.45379007e+00,  -1.59612849e-01,  -1.03725064e+00,
        -1.78328860e+00,  -7.82980859e-01,  -5.06545007e-01,
        -7.29589343e-01,   1.37556207e+00,   1.77691430e-01,
        -1.41017931e-02,   1.75463998e+00,   7.69565880e-01,
        -1.33529055e+00,   5.43750189e-02,   1.98895946e-01,
         1.24075592e+00,  -1.82747114e+00,  -2.25984409e-01,
         5.92387259e-01,   1.25889802e+00,  -8.49406540e-01,
        -8.90001357e-01,  -5.87277293e-01,   1.42749774e+00,
         2.49633461e-01,   1.63439348e-01,   6.21482372e-01,
        -3.93997431e-01,  -8.85071695e-01,   2.16987419e+00,
        -3.37505311e-01,   2.78760254e-01,  -5.29448509e-01,
         3.64302546e-01,   1.09989353e-01,  -1.03723966e-01,
        -8.12719703e-01,   2.55288500e-02,  -1.06187236e+00,
        -8.47773433e-01,   2.54967618e+00,  -7.25822374e-02,
        -2.47195423e-01,  -1.09273684e+00,  -4.60064143e-01,
        -1.07260144e+00,   2.04444957e+00,  -1.24908745e+00,
         4.80105996e-01,  -1.73970565e-01,   4.17519867e-01,
         3.96567017e-01,   1.59032032e-01,  -2.65871733e-01,
        -6.70351207e-01], dtype=float32), array([-0.58754206, -0.59581178, -0.10742768,  1.63803303,  1.0830456 ,
       -1.11943936, -1.48672271, -1.32948017, -0.81890887,  0.04891589,
        1.90309227,  0.10487787, -0.13644071, -1.3341527 , -0.98535359,
       -1.51285934,  0.47741607, -1.22842681,  0.90894765, -2.22964454,
        0.97144365,  2.40012789,  0.84706599,  1.3544451 , -0.09885257,
       -0.90423417, -0.38357204,  1.07661498, -0.47546145, -0.14696826,
        0.38540298,  0.39637288,  0.71344179, -0.48704195, -0.42492747,
        1.05697465, -0.10822549,  0.73858923,  1.02020395, -0.49479455,
        2.01197767, -0.03038891, -0.40226522,  1.51542366,  0.35821995,
       -1.50535488, -0.22447844, -1.04047441, -1.74551737, -0.79413456,
       -0.51169902, -0.75862712,  1.38076031,  0.13798271,  0.01709262,
        1.81592882,  0.78401202, -1.30459285,  0.07124014,  0.16767086,
        1.13040841, -1.80473864, -0.19602422,  0.62900794,  1.26237071,
       -0.85736853, -0.87538886, -0.54964185,  1.38636696,  0.24146676,
        0.17356452,  0.62770212, -0.48815915, -0.85701853,  2.15410042,
       -0.32012767,  0.27808923, -0.4725149 ,  0.32776347,  0.08225294,
       -0.07148726, -0.79395932,  0.01376729, -1.0501579 , -0.87197542,
        2.53465939, -0.07608879, -0.20478573, -1.05553555, -0.39577252,
       -1.10983241,  2.03368449, -1.2534405 ,  0.52604347, -0.18683501,
        0.44398135,  0.41061381,  0.14859708, -0.28769687, -0.69735402], dtype=float32), array([-0.48435557, -0.62126333, -0.09731326,  1.66543746,  1.08961439,
       -1.2303623 , -1.50756538, -1.34502888, -0.81702948, -0.04528142,
        1.8853898 ,  0.09035884, -0.15987174, -1.28261578, -0.99400353,
       -1.52402437,  0.50429142, -1.13225043,  0.89895278, -2.24295449,
        0.98005837,  2.35893583,  0.89947081,  1.30171311, -0.07582796,
       -0.93231583, -0.39639348,  1.13657415, -0.58203918, -0.10312033,
        0.33442858,  0.45243058,  0.73801029, -0.39082947, -0.38761371,
        1.07898009, -0.07660966,  0.72437161,  1.1106497 , -0.46455383,
        2.01118445, -0.06430677, -0.4175314 ,  1.54767644,  0.352507  ,
       -1.57259667, -0.25343013, -1.03610504, -1.69591749, -0.78522557,
       -0.48321411, -0.79107022,  1.32492757,  0.11180652,  0.11527932,
        1.82156897,  0.6914252 , -1.32109535, -0.06738492,  0.12583522,
        1.1060282 , -1.77391207, -0.22258627,  0.65540695,  1.32842636,
       -0.89817291, -0.85079843, -0.54987645,  1.36825895,  0.27856725,
        0.20517142,  0.66773182, -0.46320069, -0.79656631,  2.11630678,
       -0.21914551,  0.23809294, -0.4165872 ,  0.34939423,  0.02981122,
       -0.09959755, -0.86516774,  0.09410508, -1.02853465, -0.94122189,
        2.52668905, -0.1278712 , -0.16176297, -1.07898664, -0.41763595,
       -1.02138722,  2.00110793, -1.24006915,  0.54244041, -0.24511296,
        0.48707131,  0.39954683,  0.1663681 , -0.34258217, -0.77051717], dtype=float32), array([-0.48439381, -0.62128913, -0.09732463,  1.66545463,  1.08960962,
       -1.23031235, -1.50752473, -1.34504962, -0.81703073, -0.04522806,
        1.88535357,  0.09036547, -0.15988719, -1.28261685, -0.99399745,
       -1.52401006,  0.50435334, -1.13225067,  0.89899266, -2.24296308,
        0.98010123,  2.35895705,  0.89946151,  1.3016808 , -0.07583306,
       -0.93232578, -0.39636803,  1.13656628, -0.58210796, -0.10313454,
        0.33441472,  0.45239136,  0.73799342, -0.39084607, -0.38762832,
        1.07895303, -0.07658331,  0.72439277,  1.1106683 , -0.46453315,
        2.0112052 , -0.06434452, -0.41749749,  1.54767394,  0.35246867,
       -1.57261086, -0.25340644, -1.03608334, -1.69596326, -0.78518945,
       -0.48327732, -0.79105717,  1.32490575,  0.11183065,  0.11530565,
        1.82155228,  0.69143504, -1.32112575, -0.06737774,  0.12585518,
        1.10604525, -1.77394843, -0.22264552,  0.65535879,  1.32843637,
       -0.89818621, -0.85080904, -0.54981256,  1.36824405,  0.27854651,
        0.20513532,  0.66770232, -0.46318209, -0.79656863,  2.1163168 ,
       -0.21910726,  0.23815933, -0.41660026,  0.34932137,  0.0298055 ,
       -0.09958766, -0.86516303,  0.09411067, -1.02855527, -0.94124615,
        2.52667522, -0.12782562, -0.16178054, -1.07895577, -0.41762957,
       -1.02137756,  2.00106406, -1.24011803,  0.54245645, -0.24503745,
        0.48705277,  0.39955848,  0.16642071, -0.34253514, -0.77052236], dtype=float32), array([-0.48418853, -0.63666195, -0.08208622,  1.65544975,  1.09420955,
       -1.21690786, -1.49494553, -1.33357477, -0.82444632, -0.02861726,
        1.8906225 ,  0.07669719, -0.17406227, -1.30068791, -0.98721516,
       -1.53597295,  0.46455377, -1.1761173 ,  0.9010331 , -2.23865747,
        0.97584963,  2.35160112,  0.90209395,  1.31419718, -0.07038333,
       -0.92922115, -0.39316776,  1.1162281 , -0.54434526, -0.12425718,
        0.36901754,  0.42977992,  0.74645871, -0.41149056, -0.38955313,
        1.08786535, -0.09896235,  0.7234239 ,  1.13668597, -0.45896262,
        2.02824211, -0.01863758, -0.39181265,  1.54048491,  0.33450991,
       -1.5617497 , -0.22893959, -1.00815415, -1.69540691, -0.8054468 ,
       -0.50888044, -0.78845978,  1.32472992,  0.10463069,  0.10391937,
        1.81656718,  0.72286832, -1.30734944, -0.06150571,  0.11598241,
        1.12549639, -1.77131224, -0.21883352,  0.63449973,  1.32478762,
       -0.88667387, -0.83170503, -0.55032855,  1.38369167,  0.29048336,
        0.20030347,  0.64529097, -0.49039721, -0.82122666,  2.11313033,
       -0.23781069,  0.23792262, -0.44502696,  0.36826992,  0.03740778,
       -0.1019424 , -0.84598511,  0.06896139, -1.01197255, -0.93400991,
        2.51327848, -0.12031911, -0.18987136, -1.08901691, -0.41304916,
       -1.04137218,  2.0281415 , -1.2109257 ,  0.5267095 , -0.2464505 ,
        0.48394245,  0.41549626,  0.15758628, -0.3448565 , -0.76918709], dtype=float32), array([-0.46918738, -0.71676272, -0.02929703,  1.73504424,  1.08687484,
       -1.17947602, -1.44025266, -1.34073365, -0.90365165, -0.06197466,
        1.86668181,  0.08851787, -0.25733724, -1.26549566, -0.91231841,
       -1.53470969,  0.4382945 , -1.16917408,  0.92263681, -2.18458295,
        0.99187148,  2.3628211 ,  0.96463013,  1.32335854, -0.00677737,
       -0.90302974, -0.35864219,  1.21958375, -0.51505119, -0.14162484,
        0.39288679,  0.41854182,  0.80979079, -0.3244988 , -0.3972221 ,
        1.10880482, -0.14595461,  0.66413414,  1.16457272, -0.54006326,
        2.07099295,  0.06292126, -0.32928386,  1.56544173,  0.2927818 ,
       -1.61252582, -0.18719502, -0.95299   , -1.70738125, -0.84827566,
       -0.6122961 , -0.83052462,  1.17955005,  0.05703153,  0.11686333,
        1.7664603 ,  0.76669335, -1.27397859, -0.08871241,  0.12203491,
        1.05194652, -1.75746691, -0.18792023,  0.59426385,  1.3245101 ,
       -0.91009659, -0.71023619, -0.51862019,  1.39668345,  0.28737414,
        0.1483836 ,  0.67334032, -0.54983675, -0.8478148 ,  2.08650589,
       -0.22920924,  0.21543582, -0.43218437,  0.31960723,  0.00851947,
       -0.0684303 , -0.88401657, -0.02304929, -1.00032234, -0.96629608,
        2.44342041, -0.06173421, -0.23011777, -1.09645748, -0.40412897,
       -1.08447719,  2.08853197, -1.19643855,  0.52905399, -0.35724938,
        0.57764906,  0.4130055 ,  0.17494671, -0.36603048, -0.7698859 ], dtype=float32), array([-0.4125624 , -0.71252543, -0.14345387,  1.70580244,  1.05052912,
       -1.30726922, -1.36883807, -1.34319055, -0.86076432, -0.13467917,
        1.90746546,  0.08555216, -0.23639232, -1.20874345, -0.89655578,
       -1.56619418,  0.510665  , -1.07204258,  0.9135738 , -2.2299962 ,
        1.0158031 ,  2.38129091,  0.95969212,  1.29065311,  0.01824999,
       -0.95569098, -0.39615604,  1.26602733, -0.52863204, -0.09366189,
        0.34299091,  0.45558915,  0.79300606, -0.28804868, -0.37905037,
        1.04368627, -0.08747631,  0.66266352,  1.17586613, -0.55045325,
        2.09826326,  0.03879939, -0.43120134,  1.59963739,  0.33180404,
       -1.65919673, -0.22832043, -0.98958379, -1.61023271, -0.88766044,
       -0.56052154, -0.79154229,  1.19006062, -0.05573204,  0.15537271,
        1.74001062,  0.74025661, -1.34282577, -0.10613249,  0.17391072,
        0.98740554, -1.65249574, -0.24176124,  0.68092567,  1.32075524,
       -0.93677884, -0.72044349, -0.54144621,  1.4069792 ,  0.29380846,
        0.14142551,  0.63618195, -0.58501089, -0.74225634,  2.05661321,
       -0.13288012,  0.18330076, -0.36163306,  0.26322973, -0.02416317,
       -0.0750882 , -0.95108259,  0.05295869, -0.98533452, -1.02811158,
        2.45683432, -0.11532498, -0.14379176, -1.06438184, -0.42971751,
       -1.09330857,  2.04740286, -1.24673355,  0.55302596, -0.38887209,
        0.62945884,  0.45354578,  0.21196944, -0.35506433, -0.77200717], dtype=float32), array([-0.40678903, -0.71421367, -0.15053141,  1.70892465,  1.05354691,
       -1.31808484, -1.36490738, -1.34820819, -0.85941929, -0.14354251,
        1.91170716,  0.08875574, -0.23787886, -1.1971941 , -0.89842117,
       -1.56841278,  0.52015996, -1.05876195,  0.91528594, -2.22832823,
        1.02151871,  2.38281202,  0.95753509,  1.28467607,  0.01718898,
       -0.95857531, -0.40195072,  1.27778745, -0.53486139, -0.08516221,
        0.33266038,  0.46192592,  0.79103559, -0.27664718, -0.37397999,
        1.03758693, -0.07688383,  0.66430902,  1.17078698, -0.55317611,
        2.09533286,  0.02927834, -0.4418315 ,  1.60322213,  0.33609694,
       -1.66353941, -0.23291956, -0.99210238, -1.60419953, -0.88982576,
       -0.55929893, -0.79153097,  1.18896556, -0.06869001,  0.15919222,
        1.7397691 ,  0.7352705 , -1.35141158, -0.10855291,  0.17778657,
        0.97077054, -1.64270949, -0.24230115,  0.68777931,  1.32220733,
       -0.94166493, -0.72439998, -0.53560126,  1.41037214,  0.28959882,
        0.14039154,  0.63629031, -0.58476371, -0.73103613,  2.05127549,
       -0.12056138,  0.18023464, -0.34918275,  0.25063381, -0.02803708,
       -0.07174511, -0.95820767,  0.05807126, -0.98552221, -1.03609765,
        2.45563912, -0.11711404, -0.13132191, -1.05903602, -0.42491648,
       -1.09537482,  2.04009175, -1.25115371,  0.55915183, -0.39645973,
        0.63673216,  0.4568269 ,  0.21350257, -0.3590478 , -0.77659231], dtype=float32), array([-0.41456354, -0.70597208, -0.15065864,  1.70684397,  1.0488863 ,
       -1.32328677, -1.36941659, -1.34697819, -0.85904396, -0.15024097,
        1.92391729,  0.0900387 , -0.23262456, -1.18923414, -0.90153998,
       -1.56752789,  0.52569956, -1.05645406,  0.91081077, -2.23634338,
        1.0192368 ,  2.38107038,  0.95167863,  1.27986288,  0.01886074,
       -0.96062082, -0.40267634,  1.2747364 , -0.53601182, -0.07777821,
        0.32598132,  0.4698377 ,  0.79371732, -0.28210288, -0.37062415,
        1.03762591, -0.07418377,  0.66876483,  1.16012406, -0.55393511,
        2.09548259,  0.02684037, -0.44896027,  1.59752357,  0.34544849,
       -1.66520357, -0.22967464, -0.99519062, -1.5994091 , -0.89062065,
       -0.55615497, -0.79265285,  1.19381464, -0.07180006,  0.15026186,
        1.7434895 ,  0.73327637, -1.35436368, -0.10778828,  0.18094383,
        0.96350706, -1.63926733, -0.23822339,  0.69795042,  1.31648135,
       -0.94109356, -0.73069823, -0.53502911,  1.40359092,  0.28807065,
        0.14304698,  0.62892985, -0.58223075, -0.72132379,  2.05410171,
       -0.12239186,  0.18358533, -0.34468725,  0.24584368, -0.0262063 ,
       -0.07224639, -0.95973164,  0.05713743, -0.98915005, -1.03455269,
        2.45999455, -0.11712765, -0.1213728 , -1.05627334, -0.42049488,
       -1.09184575,  2.04418302, -1.25397325,  0.55273247, -0.3985348 ,
        0.63960958,  0.45749387,  0.21353585, -0.35545412, -0.77904063], dtype=float32), array([-0.41455159, -0.70596707, -0.15081565,  1.7067275 ,  1.04911447,
       -1.32308459, -1.36933064, -1.34691095, -0.85879672, -0.15025738,
        1.92375612,  0.08992849, -0.23254913, -1.18939567, -0.90152097,
       -1.56779504,  0.52582115, -1.05681407,  0.91063136, -2.23645377,
        1.01905954,  2.38122249,  0.95181924,  1.27966356,  0.01883735,
       -0.96091723, -0.40276775,  1.27476299, -0.53579932, -0.07764935,
        0.32621258,  0.46937355,  0.79356819, -0.28234974, -0.37056747,
        1.03806758, -0.07400918,  0.66867995,  1.16025329, -0.55388767,
        2.09598494,  0.02703039, -0.44900769,  1.5974288 ,  0.34516603,
       -1.66517317, -0.22964415, -0.99482059, -1.59952533, -0.89041013,
       -0.55614048, -0.79252291,  1.19413686, -0.07145426,  0.15019116,
        1.74334109,  0.73350853, -1.35420632, -0.10761202,  0.18102057,
        0.96345633, -1.63942254, -0.23825645,  0.69772297,  1.31631327,
       -0.94133043, -0.73050892, -0.5351336 ,  1.40322936,  0.28834808,
        0.14284749,  0.6288563 , -0.5824914 , -0.72143358,  2.05419183,
       -0.12261007,  0.18354575, -0.34465426,  0.24600224, -0.02623237,
       -0.07209757, -0.95971102,  0.05700747, -0.98888534, -1.03486109,
        2.45993066, -0.11683698, -0.12141298, -1.05602217, -0.42079315,
       -1.09203064,  2.04401159, -1.25381923,  0.55234134, -0.39826015,
        0.63957864,  0.45777458,  0.2134414 , -0.35520172, -0.77917212], dtype=float32), array([ -4.06170219e-01,  -7.28635430e-01,  -1.36966929e-01,
         1.69827592e+00,   1.05336392e+00,  -1.31608009e+00,
        -1.35834908e+00,  -1.35100985e+00,  -8.63171160e-01,
        -1.03734642e-01,   1.91666245e+00,   1.15775846e-01,
        -2.23153412e-01,  -1.21698487e+00,  -8.78506243e-01,
        -1.59241045e+00,   5.27600586e-01,  -1.05949056e+00,
         9.09013271e-01,  -2.22581959e+00,   1.05551946e+00,
         2.39987183e+00,   9.48989630e-01,   1.27824330e+00,
         8.29016732e-04,  -9.67712343e-01,  -3.79823655e-01,
         1.25743639e+00,  -5.51578820e-01,  -1.08368449e-01,
         3.45054716e-01,   4.46970224e-01,   8.09431851e-01,
        -2.94751763e-01,  -3.67467731e-01,   1.03876245e+00,
        -9.97353569e-02,   6.88216865e-01,   1.20242274e+00,
        -5.45747101e-01,   2.09965467e+00,   6.72623236e-03,
        -4.47743118e-01,   1.59150648e+00,   3.31272542e-01,
        -1.65433300e+00,  -2.28844628e-01,  -9.71404135e-01,
        -1.63287699e+00,  -8.75597239e-01,  -5.73201716e-01,
        -7.87611365e-01,   1.19205225e+00,  -8.55997056e-02,
         1.67037457e-01,   1.72609925e+00,   7.27768362e-01,
        -1.35698450e+00,  -1.12439357e-01,   1.57001764e-01,
         9.83557642e-01,  -1.62756515e+00,  -2.44504049e-01,
         6.81104779e-01,   1.30523622e+00,  -9.33210850e-01,
        -7.09840178e-01,  -5.29241562e-01,   1.39257193e+00,
         3.08917135e-01,   1.51169151e-01,   6.54485404e-01,
        -5.58445990e-01,  -7.44537592e-01,   2.04063892e+00,
        -1.22243665e-01,   2.04549566e-01,  -3.58502269e-01,
         2.22201139e-01,  -3.81970629e-02,  -3.32875587e-02,
        -9.50388968e-01,   1.11239843e-01,  -9.76293862e-01,
        -1.01799297e+00,   2.47109723e+00,  -1.30442739e-01,
        -1.56079397e-01,  -1.08123410e+00,  -4.33775961e-01,
        -1.09133089e+00,   1.99573445e+00,  -1.26400387e+00,
         5.66378176e-01,  -4.04261023e-01,   6.30630553e-01,
         4.56992000e-01,   2.03073248e-01,  -3.74882549e-01,
        -7.88565755e-01], dtype=float32), array([-0.40210238, -0.73268837, -0.13639285,  1.70210874,  1.0559634 ,
       -1.30950546, -1.36363435, -1.35096323, -0.86920589, -0.10088954,
        1.91266775,  0.11226329, -0.22463311, -1.22008014, -0.87598282,
       -1.59235406,  0.52001464, -1.06218541,  0.90423095, -2.22465014,
        1.05773365,  2.39994884,  0.94967645,  1.28041494,  0.00335519,
       -0.96608764, -0.37461618,  1.26434302, -0.55025226, -0.11489701,
        0.34996206,  0.44533801,  0.80849093, -0.28685468, -0.36700404,
        1.04491603, -0.10359517,  0.68748957,  1.20803678, -0.54543257,
        2.10215855,  0.00762183, -0.44567415,  1.59403074,  0.32691321,
       -1.65341306, -0.23086095, -0.96774721, -1.63315666, -0.87553418,
       -0.57893401, -0.78667098,  1.19319916, -0.08561653,  0.16408148,
        1.72309637,  0.72922927, -1.35456419, -0.11473324,  0.14900145,
        0.98627496, -1.63196826, -0.24073568,  0.67651534,  1.30368102,
       -0.92898726, -0.70442086, -0.53063917,  1.39259577,  0.31248698,
        0.14842477,  0.65368527, -0.55876976, -0.75204068,  2.03849792,
       -0.1246581 ,  0.20267592, -0.35819042,  0.22582999, -0.03734805,
       -0.02801782, -0.94820702,  0.10803122, -0.97580534, -1.02008605,
        2.46906686, -0.12680213, -0.16157077, -1.08257377, -0.43238056,
       -1.09444785,  1.99198592, -1.25818908,  0.57006508, -0.40349987,
        0.62841147,  0.45566869,  0.20126033, -0.37411702, -0.78707498], dtype=float32), array([-0.40812263, -0.74056131, -0.11965444,  1.73389864,  1.05735159,
       -1.27535188, -1.35291481, -1.33611953, -0.84001333, -0.11975724,
        1.88144958,  0.07339731, -0.22140306, -1.21712554, -0.84559232,
       -1.62269878,  0.5034197 , -1.06747723,  0.92463273, -2.2030375 ,
        1.04367876,  2.42520165,  0.94611275,  1.30001986,  0.04658042,
       -0.97756487, -0.36288565,  1.25350308, -0.51705921, -0.16000137,
        0.36108571,  0.42752126,  0.84049636, -0.30253896, -0.38942295,
        1.0716095 , -0.07504509,  0.65427023,  1.24320269, -0.5958932 ,
        2.09774947,  0.05538329, -0.41937032,  1.60790968,  0.31376207,
       -1.62455821, -0.17501833, -0.92666703, -1.62754083, -0.8743223 ,
       -0.59510851, -0.8043403 ,  1.11279547, -0.08099561,  0.1452145 ,
        1.70726275,  0.73896235, -1.3119278 , -0.13242258,  0.15061565,
        1.00933945, -1.64930451, -0.22549522,  0.67217654,  1.30174601,
       -0.95592624, -0.70508206, -0.57280499,  1.40622318,  0.32432967,
        0.13079146,  0.66713387, -0.60539246, -0.7553606 ,  2.01485157,
       -0.14251234,  0.20227402, -0.40189296,  0.27859744, -0.03017456,
       -0.01907169, -0.94680566,  0.07530416, -0.98994815, -1.0305413 ,
        2.47314358, -0.1179752 , -0.19341664, -1.08445966, -0.46618342,
       -1.12739706,  2.0078063 , -1.26372302,  0.57760829, -0.42223138,
        0.62336153,  0.40941295,  0.23192449, -0.36701247, -0.72788411], dtype=float32), array([-0.43969512, -0.75713325, -0.09142102,  1.7178129 ,  1.05043375,
       -1.28557956, -1.34280741, -1.36341727, -0.87337452, -0.11483366,
        1.88406467,  0.02065781, -0.22970781, -1.17767203, -0.85381001,
       -1.60699153,  0.51710206, -1.08101916,  0.9025923 , -2.24816036,
        1.00199068,  2.41483855,  0.9761045 ,  1.31288099,  0.12759267,
       -0.93528163, -0.30766907,  1.20816815, -0.53597301, -0.18168221,
        0.32044983,  0.39820245,  0.84542608, -0.32395431, -0.40426755,
        1.06384182, -0.11733369,  0.6339879 ,  1.24077618, -0.65017533,
        2.09835052,  0.02860941, -0.35238412,  1.59577119,  0.31508443,
       -1.61388743, -0.11841372, -0.93395835, -1.62727392, -0.91737473,
       -0.59102499, -0.80992484,  1.1215781 , -0.03603392,  0.1369791 ,
        1.7207936 ,  0.68918699, -1.27841675, -0.14607267,  0.1477613 ,
        1.05053186, -1.65218174, -0.26307422,  0.64026755,  1.31414723,
       -0.93348598, -0.74640167, -0.53878778,  1.40601981,  0.2760044 ,
        0.10734664,  0.69794756, -0.58240712, -0.7527473 ,  2.02420545,
       -0.08344783,  0.23446509, -0.36385986,  0.28963616,  0.03141659,
       -0.03010317, -0.94919878,  0.06227295, -1.01975262, -0.99164319,
        2.50147295, -0.11333514, -0.25493911, -1.09900701, -0.4270415 ,
       -1.0969739 ,  2.02587795, -1.26197588,  0.5604279 , -0.40921831,
        0.62391591,  0.41698128,  0.24007508, -0.36430496, -0.71342659], dtype=float32), array([-0.43301293, -0.76587933, -0.08715861,  1.7233932 ,  1.05240023,
       -1.27965271, -1.34377491, -1.3628006 , -0.88224894, -0.1087826 ,
        1.8809346 ,  0.02019902, -0.23326373, -1.18353546, -0.85014838,
       -1.606704  ,  0.50656927, -1.08466816,  0.90041339, -2.24455547,
        1.00505376,  2.41284776,  0.97822917,  1.31552482,  0.13086793,
       -0.93400651, -0.30086344,  1.2159965 , -0.5312041 , -0.18993977,
        0.3251825 ,  0.39647728,  0.84802127, -0.31670281, -0.40457296,
        1.06990087, -0.12770003,  0.63281542,  1.24642181, -0.65088248,
        2.10103464,  0.03616432, -0.34813815,  1.59669709,  0.30764198,
       -1.6140219 , -0.11669403, -0.92739707, -1.62863803, -0.92131478,
       -0.60098308, -0.81029093,  1.11776853, -0.03978629,  0.13326463,
        1.71673942,  0.69439059, -1.27491462, -0.15031455,  0.13827159,
        1.05214918, -1.65496528, -0.2570833 ,  0.631841  ,  1.31394577,
       -0.92893386, -0.73618621, -0.53789335,  1.40719223,  0.28123435,
        0.10200617,  0.69501352, -0.58294207, -0.76536816,  2.02165389,
       -0.08841639,  0.23418276, -0.36449102,  0.29259616,  0.03029861,
       -0.02470388, -0.94622332,  0.05501729, -1.01695395, -0.99416357,
        2.49578261, -0.1069537 , -0.2610454 , -1.10215867, -0.42570344,
       -1.10222495,  2.02646375, -1.25108755,  0.56349796, -0.41244239,
        0.62404597,  0.42089963,  0.2408582 , -0.36472225, -0.71268117], dtype=float32), array([-0.19060607, -1.08660448,  0.06042545,  1.92707777,  1.08564293,
       -1.01840901, -1.32925451, -1.33354425, -1.19797635,  0.09356184,
        1.71100628,  0.01234376, -0.38812229, -1.3414253 , -0.67941368,
       -1.56039906,  0.13039897, -1.1894027 ,  0.83789867, -2.05760336,
        1.09432101,  2.30206943,  1.06566155,  1.39903986,  0.26705948,
       -0.85415787, -0.06145583,  1.52370012, -0.35322437, -0.44898638,
        0.49637118,  0.32867327,  0.95882803, -0.04796493, -0.42020082,
        1.26392698, -0.52686572,  0.55742466,  1.41577005, -0.68144256,
        2.17260671,  0.31632704, -0.16005147,  1.60903084,  0.02915083,
       -1.61193168, -0.04115838, -0.65259588, -1.6807344 , -1.05191886,
       -0.94973713, -0.81236506,  0.90507138, -0.18413532,  0.009144  ,
        1.50463128,  0.87495893, -1.14070225, -0.29483488, -0.16031094,
        1.06125283, -1.71705723, -0.04212287,  0.32610101,  1.27716422,
       -0.77722597, -0.29082331, -0.49606988,  1.41687405,  0.45336497,
       -0.11756901,  0.58711487, -0.59534711, -1.20959735,  1.89310241,
       -0.25528473,  0.22931273, -0.39547858,  0.36690593, -0.0283158 ,
        0.1779554 , -0.83817917, -0.23883045, -0.89675903, -1.07413733,
        2.20188332,  0.14067876, -0.48380527, -1.17706251, -0.38390395,
       -1.26756132,  2.05296946, -0.87009561,  0.68483537, -0.57144296,
        0.66757083,  0.52634394,  0.28766388, -0.37406319, -0.69495273], dtype=float32), array([-0.18636525, -1.09017289,  0.0616666 ,  1.92919743,  1.08727849,
       -1.01391864, -1.33065176, -1.33236253, -1.20184422,  0.09752525,
        1.7081058 ,  0.011578  , -0.38858277, -1.34487236, -0.67745852,
       -1.55966842,  0.12398417, -1.19065416,  0.83531183, -2.05537629,
        1.09576118,  2.30045462,  1.06516516,  1.40020633,  0.26802298,
       -0.85396469, -0.05691509,  1.52707267, -0.35092866, -0.45407614,
        0.49893552,  0.32759324,  0.95813864, -0.04300334, -0.41956639,
        1.26761425, -0.53150773,  0.55598831,  1.41863596, -0.68103892,
        2.17307782,  0.31894293, -0.15823881,  1.60908806,  0.02514694,
       -1.61137354, -0.04120997, -0.64860755, -1.68003237, -1.05219615,
       -0.95448446, -0.8117972 ,  0.90404063, -0.18528321,  0.00628591,
        1.50099277,  0.87672031, -1.13861859, -0.29682088, -0.16667224,
        1.06318212, -1.7186116 , -0.03883988,  0.32160267,  1.27583456,
       -0.77347809, -0.2861231 , -0.49564499,  1.41645718,  0.45630285,
       -0.11989372,  0.58562541, -0.59505254, -1.21580267,  1.89052892,
       -0.25775683,  0.22818431, -0.39519599,  0.36900356, -0.02856986,
        0.18153076, -0.83625919, -0.24137065, -0.89512265, -1.0756669 ,
        2.19883919,  0.14411783, -0.48737228, -1.17794263, -0.38339496,
       -1.26963782,  2.04999948, -0.86399889,  0.68687582, -0.57173783,
        0.66606855,  0.52757019,  0.28783527, -0.37322524, -0.69317484], dtype=float32), array([-0.18435578, -1.0907191 ,  0.06270572,  1.92966068,  1.08621848,
       -1.01064837, -1.33131087, -1.33163249, -1.20397663,  0.09894566,
        1.70773923,  0.00969263, -0.38998732, -1.34562671, -0.67699558,
       -1.55815792,  0.1216381 , -1.19240999,  0.83573121, -2.05274034,
        1.09557736,  2.30034518,  1.06399286,  1.40128791,  0.26925451,
       -0.85391426, -0.05393625,  1.52918911, -0.34876278, -0.45658788,
        0.5001561 ,  0.32685757,  0.95761615, -0.04200203, -0.42005354,
        1.26936126, -0.53313959,  0.55572677,  1.42003405, -0.68004829,
        2.17182612,  0.32092929, -0.15705816,  1.60913384,  0.02266623,
       -1.61078417, -0.04101772, -0.64731139, -1.67934167, -1.05483723,
       -0.9566825 , -0.81055522,  0.90388161, -0.18514784,  0.00346095,
        1.50052345,  0.87726724, -1.13694966, -0.29894391, -0.16811043,
        1.06402874, -1.71959949, -0.03723114,  0.31962213,  1.27518356,
       -0.77153808, -0.2830168 , -0.49512187,  1.41695178,  0.45906535,
       -0.12124317,  0.58288389, -0.59508157, -1.21943092,  1.89009893,
       -0.25946313,  0.2265605 , -0.39575675,  0.37120074, -0.02910146,
        0.18218674, -0.83609706, -0.2454533 , -0.89426905, -1.07647836,
        2.19771147,  0.14643791, -0.48991576, -1.17684293, -0.3834596 ,
       -1.27219951,  2.04936337, -0.86103767,  0.68779266, -0.5708468 ,
        0.66445738,  0.52832842,  0.28844219, -0.37259001, -0.69221956], dtype=float32), array([-0.1830105 , -1.09153771,  0.06386141,  1.92982185,  1.08691108,
       -1.00734425, -1.33217609, -1.33064902, -1.2053895 ,  0.10202073,
        1.70627022,  0.00947979, -0.39126232, -1.34779716, -0.67550009,
       -1.5574249 ,  0.11951698, -1.19279516,  0.83461672, -2.05137515,
        1.09616506,  2.30050254,  1.06442034,  1.40161753,  0.26921079,
       -0.85427314, -0.05185084,  1.52998686, -0.34766638, -0.45925289,
        0.50183523,  0.32523724,  0.9581722 , -0.04041999, -0.42027852,
        1.27086639, -0.53518891,  0.5561071 ,  1.42083716, -0.68013036,
        2.17224526,  0.32256159, -0.15565562,  1.60894978,  0.02060099,
       -1.61015606, -0.04030614, -0.64584666, -1.67927194, -1.05506957,
       -0.95871186, -0.81101841,  0.9029327 , -0.18476908,  0.00331345,
        1.49850631,  0.8786236 , -1.13605297, -0.30049926, -0.17072245,
        1.06503236, -1.72013426, -0.03658251,  0.31599671,  1.27543271,
       -0.77107072, -0.28144401, -0.49486282,  1.41624653,  0.46029869,
       -0.12282394,  0.58252943, -0.5940842 , -1.22222757,  1.88907433,
       -0.25973547,  0.22683121, -0.39561251,  0.37071884, -0.02910019,
        0.18302894, -0.83465421, -0.24658316, -0.89388698, -1.07698107,
        2.1964283 ,  0.14755082, -0.49194887, -1.17797387, -0.38392234,
       -1.2727021 ,  2.04876661, -0.85852683,  0.68878645, -0.57079279,
        0.66297162,  0.52944291,  0.28813425, -0.37175348, -0.6916241 ], dtype=float32), array([-0.18858862, -1.08218348,  0.06327178,  1.9239943 ,  1.09147358,
       -1.00744843, -1.33872259, -1.32754064, -1.18925762,  0.1072304 ,
        1.70840478,  0.0078908 , -0.38276041, -1.35819483, -0.67707604,
       -1.56516469,  0.11802364, -1.20126593,  0.83612567, -2.05229878,
        1.09223616,  2.29652309,  1.06407142,  1.40375781,  0.26449165,
       -0.85711354, -0.05930927,  1.51660955, -0.34370556, -0.45725754,
        0.50549847,  0.32033041,  0.95523536, -0.05660415, -0.42119393,
        1.27089989, -0.52740788,  0.55641675,  1.42108321, -0.67119664,
        2.17652178,  0.32784045, -0.15523373,  1.60499394,  0.01706616,
       -1.60598516, -0.04202607, -0.64819509, -1.67940927, -1.05117822,
       -0.95054793, -0.80841428,  0.91374457, -0.17294797, -0.00256113,
        1.50335193,  0.88072419, -1.13274539, -0.28824633, -0.16504857,
        1.07286429, -1.72336805, -0.0388992 ,  0.31916475,  1.27422619,
       -0.77391183, -0.29482359, -0.50275224,  1.42032456,  0.46412718,
       -0.12035653,  0.57779408, -0.59560478, -1.22183883,  1.89248478,
       -0.26545823,  0.22740148, -0.40116408,  0.38274318, -0.03000176,
        0.17932805, -0.83290589, -0.24352798, -0.89368528, -1.07338917,
        2.19746375,  0.14153653, -0.48848805, -1.17827857, -0.39130574,
       -1.27530885,  2.05216575, -0.86248308,  0.68250889, -0.56429791,
        0.65508556,  0.52746511,  0.28559557, -0.36933425, -0.69210291], dtype=float32), array([ -1.40101582e-01,  -1.15210152e+00,   9.96404961e-02,
         1.97691965e+00,   1.08756340e+00,  -9.33786809e-01,
        -1.31006753e+00,  -1.32377231e+00,  -1.25402761e+00,
         1.82922289e-01,   1.66773188e+00,   2.28363592e-02,
        -4.14817214e-01,  -1.39653242e+00,  -6.36232615e-01,
        -1.54935575e+00,   5.01925573e-02,  -1.20137942e+00,
         8.31827343e-01,  -1.99413502e+00,   1.14942241e+00,
         2.26466346e+00,   1.06017041e+00,   1.41459358e+00,
         2.93709368e-01,  -8.37598979e-01,   1.26432488e-02,
         1.55999172e+00,  -3.37439239e-01,  -5.28246760e-01,
         5.32248020e-01,   2.88264602e-01,   9.59636807e-01,
         3.47558688e-03,  -4.48569745e-01,   1.29698169e+00,
        -5.98378479e-01,   5.22038162e-01,   1.47024286e+00,
        -6.74463868e-01,   2.18023157e+00,   3.58610153e-01,
        -1.04828082e-01,   1.59504497e+00,  -6.37484416e-02,
        -1.60013604e+00,  -6.93891477e-03,  -5.77865541e-01,
        -1.68502605e+00,  -1.05838811e+00,  -1.03236985e+00,
        -8.17653179e-01,   8.62361550e-01,  -2.01544657e-01,
        -2.76423935e-02,   1.45291173e+00,   9.11901236e-01,
        -1.10627961e+00,  -3.30905408e-01,  -2.43917912e-01,
         1.07617545e+00,  -1.74876964e+00,   2.15943830e-04,
         2.23310784e-01,   1.26502836e+00,  -7.37244666e-01,
        -2.19079643e-01,  -4.69843388e-01,   1.40009081e+00,
         4.89992142e-01,  -1.70004427e-01,   5.45657516e-01,
        -5.78852415e-01,  -1.30744946e+00,   1.84599972e+00,
        -2.98261434e-01,   2.66921014e-01,  -4.04965997e-01,
         3.65940034e-01,  -2.80895531e-02,   2.33327553e-01,
        -8.03345025e-01,  -3.02895248e-01,  -8.68900716e-01,
        -1.09795141e+00,   2.14620590e+00,   2.17929691e-01,
        -5.60902536e-01,  -1.18631005e+00,  -3.72807562e-01,
        -1.31487370e+00,   2.00529814e+00,  -7.84945726e-01,
         7.34509706e-01,  -5.76031983e-01,   6.45758808e-01,
         5.56244433e-01,   3.20140511e-01,  -3.61571521e-01,
        -6.66166723e-01], dtype=float32), array([ -1.39045313e-01,  -1.15289533e+00,   1.00268215e-01,
         1.97749960e+00,   1.08764374e+00,  -9.32707906e-01,
        -1.30973077e+00,  -1.32325888e+00,  -1.25480020e+00,
         1.83268502e-01,   1.66853797e+00,   2.24199761e-02,
        -4.15664166e-01,  -1.39612877e+00,  -6.35331750e-01,
        -1.54947758e+00,   4.87994887e-02,  -1.20213091e+00,
         8.31393301e-01,  -1.99310052e+00,   1.15021002e+00,
         2.26398802e+00,   1.05967438e+00,   1.41388178e+00,
         2.93761700e-01,  -8.37931514e-01,   1.35828750e-02,
         1.56145430e+00,  -3.36783618e-01,  -5.29232144e-01,
         5.33069611e-01,   2.88905472e-01,   9.59466815e-01,
         4.38735494e-03,  -4.48290318e-01,   1.29745281e+00,
        -5.99571347e-01,   5.21310925e-01,   1.47041583e+00,
        -6.75442457e-01,   2.17976165e+00,   3.60712647e-01,
        -1.04153320e-01,   1.59507942e+00,  -6.43697456e-02,
        -1.60027564e+00,  -5.88095328e-03,  -5.76477766e-01,
        -1.68526423e+00,  -1.05909538e+00,  -1.03405511e+00,
        -8.17725420e-01,   8.61006200e-01,  -2.03678101e-01,
        -2.83045135e-02,   1.45223057e+00,   9.12267506e-01,
        -1.10596848e+00,  -3.31427664e-01,  -2.44587913e-01,
         1.07527363e+00,  -1.74770427e+00,   1.23859826e-03,
         2.22484857e-01,   1.26439166e+00,  -7.36389637e-01,
        -2.16861099e-01,  -4.69453126e-01,   1.40047646e+00,
         4.90594685e-01,  -1.70195386e-01,   5.44565797e-01,
        -5.79818726e-01,  -1.30752456e+00,   1.84611475e+00,
        -2.99296319e-01,   2.66786635e-01,  -4.05133307e-01,
         3.66302788e-01,  -2.81934552e-02,   2.34261841e-01,
        -8.02301586e-01,  -3.04561555e-01,  -8.68331075e-01,
        -1.09897244e+00,   2.14459705e+00,   2.18878418e-01,
        -5.62170982e-01,  -1.18741572e+00,  -3.71483415e-01,
        -1.31584203e+00,   2.00580430e+00,  -7.82584548e-01,
         7.34116435e-01,  -5.76218963e-01,   6.45702481e-01,
         5.57355762e-01,   3.20002854e-01,  -3.62187803e-01,
        -6.65985644e-01], dtype=float32), array([-0.13491179, -1.15588474,  0.10221027,  1.97823644,  1.08844984,
       -0.93146223, -1.31014478, -1.32257855, -1.25893569,  0.18496832,
        1.66803539,  0.02273788, -0.41641518, -1.3974539 , -0.63406968,
       -1.54848099,  0.0434558 , -1.20305097,  0.82783598, -1.99134517,
        1.1504091 ,  2.26115179,  1.05989051,  1.41327977,  0.29442033,
       -0.8373304 ,  0.01662023,  1.56442869, -0.33453965, -0.53268504,
        0.53449672,  0.28882071,  0.96027684,  0.00811721, -0.4478071 ,
        1.29955792, -0.60390866,  0.52120042,  1.47273231, -0.67445642,
        2.17984939,  0.36392373, -0.10319046,  1.59420192, -0.06732056,
       -1.59966028, -0.0054885 , -0.57338119, -1.6839155 , -1.06129825,
       -1.03766143, -0.81754678,  0.85983294, -0.20632763, -0.02972661,
        1.44988501,  0.91345328, -1.10478747, -0.33431342, -0.24945167,
        1.07530689, -1.74692893,  0.00453304,  0.21940456,  1.26361215,
       -0.73406392, -0.21339509, -0.46836588,  1.40097868,  0.4935191 ,
       -0.17230672,  0.5429042 , -0.57932764, -1.31139863,  1.84436655,
       -0.2999751 ,  0.26647827, -0.40424728,  0.36738369, -0.02803783,
        0.23557125, -0.8001827 , -0.30647737, -0.86594987, -1.10023081,
        2.14144444,  0.22080475, -0.5635289 , -1.18942988, -0.37095001,
       -1.31628966,  2.00583959, -0.77577698,  0.73390877, -0.57786983,
        0.64564228,  0.55975485,  0.3193779 , -0.36273524, -0.66632503], dtype=float32), array([-0.13197675, -1.15872073,  0.10536058,  1.97038472,  1.09617651,
       -0.92466575, -1.31436467, -1.31716824, -1.25280023,  0.20079705,
        1.66917229,  0.0211253 , -0.41268033, -1.41489315, -0.63241398,
       -1.55004036,  0.02584087, -1.22096515,  0.82437778, -1.9887321 ,
        1.14644456,  2.25257564,  1.05661869,  1.42022645,  0.2916384 ,
       -0.83885211,  0.01759007,  1.55637789, -0.32266   , -0.54161125,
        0.54675096,  0.28014469,  0.954431  , -0.00434394, -0.43963632,
        1.30173981, -0.60637611,  0.52783567,  1.48053896, -0.65898412,
        2.17890143,  0.37826926, -0.09913372,  1.59083939, -0.07705107,
       -1.59081948, -0.00485795, -0.56938505, -1.67955792, -1.05972397,
       -1.04205298, -0.81281674,  0.8689422 , -0.19611226, -0.0452591 ,
        1.4552592 ,  0.92462301, -1.09557366, -0.32680264, -0.25945166,
        1.0882858 , -1.75413907,  0.00857962,  0.20875819,  1.26084435,
       -0.72666705, -0.21711865, -0.47169766,  1.40527928,  0.50277776,
       -0.168312  ,  0.52836943, -0.58385652, -1.32787907,  1.84752858,
       -0.31172353,  0.25822958, -0.41443953,  0.380447  , -0.02603196,
        0.23194523, -0.79236072, -0.31012648, -0.8557595 , -1.09756219,
        2.13742256,  0.22147886, -0.56762254, -1.19093132, -0.37049183,
       -1.32609212,  2.00484705, -0.75981784,  0.72525215, -0.56681138,
        0.63263047,  0.56000501,  0.31313404, -0.36356884, -0.66530746], dtype=float32), array([-0.13198861, -1.15872157,  0.10536751,  1.97037685,  1.09614837,
       -0.92468101, -1.31434309, -1.31718123, -1.2528069 ,  0.20079806,
        1.66919756,  0.02115404, -0.41267815, -1.41490471, -0.63241154,
       -1.55002975,  0.02582892, -1.22097242,  0.82439208, -1.98871267,
        1.14646816,  2.25259137,  1.05663908,  1.42022705,  0.29162005,
       -0.83886898,  0.01758834,  1.55635893, -0.32266882, -0.54159588,
        0.5467332 ,  0.28013286,  0.95441502, -0.00434839, -0.43964827,
        1.30171931, -0.60637093,  0.52782106,  1.48054338, -0.65900105,
        2.17889047,  0.37826642, -0.09910078,  1.59082651, -0.07704546,
       -1.59082079, -0.00484365, -0.56937772, -1.67954469, -1.05973637,
       -1.04204023, -0.81282485,  0.86892909, -0.19612443, -0.04525618,
        1.45529211,  0.92463046, -1.09555995, -0.32681099, -0.25945759,
        1.08826613, -1.75413513,  0.00856959,  0.20875384,  1.26083696,
       -0.72667253, -0.2171265 , -0.47169349,  1.40525639,  0.50275862,
       -0.16829637,  0.52836818, -0.58386105, -1.32785654,  1.84754074,
       -0.31172693,  0.25822282, -0.41443491,  0.38045225, -0.0260044 ,
        0.23195519, -0.792355  , -0.31011644, -0.85573667, -1.09756923,
        2.1374445 ,  0.22146747, -0.56762666, -1.19093537, -0.37048629,
       -1.32609141,  2.00483751, -0.75981551,  0.72525364, -0.56681305,
        0.6326254 ,  0.56000698,  0.31313646, -0.36359167, -0.66530335], dtype=float32), array([-0.04290716, -1.22185183,  0.13976783,  2.00145531,  1.11296916,
       -0.82112199, -1.30975151, -1.3077184 , -1.31836987,  0.31067342,
        1.60481334,  0.01411911, -0.41727504, -1.49582577, -0.57591921,
       -1.48075783, -0.08961861, -1.22418189,  0.78449064, -1.92000353,
        1.17090976,  2.23939657,  1.0558486 ,  1.43498492,  0.29749888,
       -0.87654823,  0.12055361,  1.59836984, -0.2804223 , -0.62162119,
        0.57051122,  0.25201952,  0.95613837,  0.10851   , -0.43367034,
        1.35015452, -0.69748992,  0.48195985,  1.52761865, -0.67149657,
        2.1663425 ,  0.4077428 , -0.04506963,  1.56942511, -0.1500165 ,
       -1.59379137,  0.01041184, -0.48429728, -1.64315808, -1.07152581,
       -1.11473644, -0.81521249,  0.8125906 , -0.21376768, -0.06930571,
        1.36098671,  0.96658319, -1.0742439 , -0.3958438 , -0.3917127 ,
        1.12585723, -1.76794589,  0.03769219,  0.08560777,  1.26217055,
       -0.69826066, -0.15612423, -0.45497286,  1.39290595,  0.53466588,
       -0.21738324,  0.53021288, -0.55450803, -1.43665445,  1.79472089,
       -0.31764108,  0.25081488, -0.3975696 ,  0.36786538, -0.02621335,
        0.29291481, -0.75199419, -0.33456188, -0.82452345, -1.13547409,
        2.0916059 ,  0.29260156, -0.65230423, -1.22246337, -0.3809402 ,
       -1.34406781,  1.94825184, -0.6643675 ,  0.77689517, -0.57674521,
        0.58795375,  0.60258299,  0.33482397, -0.34189546, -0.61117721], dtype=float32), array([-0.04371413, -1.22131824,  0.13928241,  2.00109577,  1.11283553,
       -0.82187414, -1.3104248 , -1.307657  , -1.31801891,  0.3103219 ,
        1.60588884,  0.01477298, -0.41636381, -1.49628758, -0.57615441,
       -1.48096383, -0.08919885, -1.22363353,  0.78370273, -1.92050219,
        1.17059326,  2.23956728,  1.05553842,  1.43434036,  0.29786447,
       -0.8766008 ,  0.11969983,  1.59841287, -0.28104389, -0.621126  ,
        0.56998312,  0.2525214 ,  0.95725459,  0.10781644, -0.4329477 ,
        1.35034394, -0.69747216,  0.4832353 ,  1.52699971, -0.67144078,
        2.16717863,  0.40753344, -0.04612487,  1.5691433 , -0.14943641,
       -1.59365654,  0.01018234, -0.48508459, -1.64342523, -1.07100534,
       -1.114591  , -0.81494468,  0.81298238, -0.21376376, -0.06928048,
        1.36170757,  0.96641994, -1.07403183, -0.39609724, -0.39176899,
        1.12519181, -1.76767194,  0.03760354,  0.0866276 ,  1.2619642 ,
       -0.69853002, -0.15720081, -0.45543867,  1.39237988,  0.53452581,
       -0.21672265,  0.53003979, -0.55361319, -1.43634665,  1.79497349,
       -0.31822297,  0.25103307, -0.39738354,  0.367836  , -0.02631486,
        0.29232106, -0.75201875, -0.33478728, -0.82500029, -1.13477898,
        2.09217882,  0.29285252, -0.6504944 , -1.22227478, -0.38108137,
       -1.34350669,  1.94858003, -0.66505343,  0.7763021 , -0.57694757,
        0.58781195,  0.60299855,  0.3344177 , -0.34184709, -0.61165434], dtype=float32), array([-0.03318423, -1.22510791,  0.14557661,  1.9924686 ,  1.11497772,
       -0.80909473, -1.32102859, -1.29588783, -1.32099533,  0.32563719,
        1.60678482,  0.00538673, -0.41634193, -1.51463628, -0.5756163 ,
       -1.48164129, -0.11897622, -1.24636173,  0.77663964, -1.91044998,
        1.16470265,  2.22714305,  1.04740429,  1.44130898,  0.29778227,
       -0.87401503,  0.12849966,  1.59948611, -0.25856814, -0.63895857,
        0.5869289 ,  0.24474812,  0.9476577 ,  0.1027685 , -0.42818058,
        1.36311781, -0.70865673,  0.48655429,  1.53740406, -0.65667659,
        2.16297936,  0.42843434, -0.0376157 ,  1.567312  , -0.16404332,
       -1.58114243,  0.00940729, -0.47477934, -1.63559163, -1.07853532,
       -1.12804341, -0.80289191,  0.82577777, -0.20902066, -0.09568362,
        1.3656019 ,  0.97646677, -1.05510545, -0.39443022, -0.40751249,
        1.13793635, -1.77548349,  0.05312948,  0.07597796,  1.25059831,
       -0.67714572, -0.14482589, -0.4554601 ,  1.39573991,  0.55310005,
       -0.21815298,  0.50694454, -0.56061143, -1.46232355,  1.7949264 ,
       -0.33989492,  0.2331219 , -0.40515855,  0.39723253, -0.02521248,
        0.2946668 , -0.74028581, -0.35420388, -0.81213623, -1.13428903,
        2.08098698,  0.2986044 , -0.65993053, -1.21911383, -0.37667474,
       -1.35865045,  1.94310141, -0.63417238,  0.76849324, -0.56483132,
        0.56996822,  0.60563409,  0.32651412, -0.33992416, -0.60835445], dtype=float32), array([-0.03046432, -1.22319615,  0.15292387,  1.97278881,  1.12759531,
       -0.79825455, -1.33312392, -1.2786417 , -1.30926454,  0.34343219,
        1.60803533, -0.00377415, -0.41289958, -1.54271615, -0.58093834,
       -1.49176729, -0.15015841, -1.2829504 ,  0.76912332, -1.90890944,
        1.15326333,  2.20726919,  1.04054677,  1.44985008,  0.29366264,
       -0.86948317,  0.12308112,  1.57850468, -0.23006074, -0.6568957 ,
        0.61516082,  0.22934148,  0.93550014,  0.075248  , -0.41715565,
        1.37261081, -0.70850396,  0.49872947,  1.55009425, -0.62830269,
        2.16775274,  0.45910925, -0.0295608 ,  1.56100631, -0.18006741,
       -1.55869353,  0.00816154, -0.46923321, -1.63021612, -1.0775485 ,
       -1.13396025, -0.78970963,  0.85280132, -0.18802397, -0.1246576 ,
        1.37930977,  0.99353522, -1.03220582, -0.37549341, -0.42045647,
        1.16004789, -1.78899002,  0.06463545,  0.06587365,  1.24070716,
       -0.66010582, -0.15003099, -0.46129659,  1.40439761,  0.57334113,
       -0.21370769,  0.47644922, -0.57192689, -1.48844159,  1.7989856 ,
       -0.3703514 ,  0.21503291, -0.42495716,  0.4338679 , -0.02378097,
        0.28776518, -0.72516572, -0.36874312, -0.79405886, -1.12466359,
        2.07103109,  0.29807788, -0.66376591, -1.21623552, -0.37719956,
       -1.37647772,  1.94236743, -0.60292345,  0.74774683, -0.54246742,
        0.54492885,  0.60879415,  0.30815035, -0.33811501, -0.60997218], dtype=float32), array([ 0.00702024, -1.27497482,  0.17415957,  1.99556482,  1.10192525,
       -0.78469169, -1.30566525, -1.27126873, -1.38261676,  0.33082032,
        1.60871613,  0.00734515, -0.45358095, -1.51824677, -0.5419364 ,
       -1.46676815, -0.1994129 , -1.2740159 ,  0.74674106, -1.89512587,
        1.17154205,  2.1664381 ,  1.05176961,  1.42757452,  0.33540791,
       -0.83311641,  0.17010622,  1.65145838, -0.21459983, -0.6772247 ,
        0.60956615,  0.23479369,  0.95541042,  0.12768406, -0.43131804,
        1.37352824, -0.77552021,  0.48657641,  1.54652894, -0.66333103,
        2.15659475,  0.50240791, -0.01815468,  1.564116  , -0.20842446,
       -1.57095635,  0.04687375, -0.41578314, -1.63327086, -1.10833192,
       -1.19588542, -0.79285061,  0.78441107, -0.25777391, -0.1449472 ,
        1.35587025,  1.00903785, -1.00538218, -0.42473155, -0.44596663,
        1.1062851 , -1.75990903,  0.10504004,  0.01759837,  1.22290349,
       -0.62492746, -0.04645493, -0.42861593,  1.38764369,  0.58518678,
       -0.25323617,  0.43992248, -0.59142101, -1.53321099,  1.76896524,
       -0.3837457 ,  0.21089643, -0.4026621 ,  0.45017186, -0.01761617,
        0.31730175, -0.69343656, -0.43545344, -0.76467127, -1.11874092,
        2.01740909,  0.33133858, -0.69256729, -1.22596765, -0.33160761,
       -1.39240217,  1.95119107, -0.51197088,  0.75290787, -0.59691858,
        0.59513509,  0.65947384,  0.33197311, -0.35816127, -0.60173208], dtype=float32), array([ 0.00700501, -1.27495611,  0.17410903,  1.99555099,  1.10189259,
       -0.78475195, -1.30565476, -1.27126586, -1.38258457,  0.33078426,
        1.60877752,  0.00736661, -0.45356452, -1.51827085, -0.54192847,
       -1.46674967, -0.19937122, -1.27399302,  0.74674946, -1.89515471,
        1.17154956,  2.1664381 ,  1.05174339,  1.42755222,  0.33541274,
       -0.83314914,  0.17007932,  1.65148652, -0.21459331, -0.67718416,
        0.60954082,  0.23480114,  0.95539331,  0.1276498 , -0.43132472,
        1.37350011, -0.77548033,  0.48659536,  1.54650712, -0.66334862,
        2.1566298 ,  0.50237209, -0.01819066,  1.56415415, -0.2083942 ,
       -1.57099271,  0.04688982, -0.41583744, -1.63326192, -1.10833251,
       -1.19584084, -0.79284936,  0.78443336, -0.25778055, -0.14494552,
        1.35590494,  1.00905168, -1.00538969, -0.42473775, -0.44591206,
        1.10626161, -1.75989735,  0.1049915 ,  0.01764319,  1.22290325,
       -0.62491345, -0.04649347, -0.42863941,  1.38763893,  0.58516967,
       -0.2532258 ,  0.43989757, -0.59142047, -1.5331533 ,  1.76897514,
       -0.38372871,  0.21086381, -0.40267345,  0.45019549, -0.01759955,
        0.31726673, -0.69345587, -0.43545988, -0.76468349, -1.11874855,
        2.01746011,  0.33132476, -0.692536  , -1.22594118, -0.33160281,
       -1.39238644,  1.95118487, -0.5120132 ,  0.75292754, -0.59693038,
        0.5951165 ,  0.65950119,  0.33195469, -0.3581557 , -0.60172957], dtype=float32), array([ 0.02661932, -1.28118777,  0.17902628,  2.00650454,  1.10652328,
       -0.76857585, -1.30163693, -1.26524818, -1.39308691,  0.33563435,
        1.59341466,  0.00985282, -0.46231663, -1.51632297, -0.53937083,
       -1.46917748, -0.2226778 , -1.27828825,  0.74511123, -1.8867079 ,
        1.17257118,  2.1528573 ,  1.04808879,  1.42694151,  0.34019709,
       -0.82990837,  0.18029632,  1.65675676, -0.20235591, -0.69765049,
        0.62569064,  0.23347543,  0.9619996 ,  0.13657944, -0.42705217,
        1.38466406, -0.78093559,  0.48827571,  1.55305159, -0.66411847,
        2.16175103,  0.52374399, -0.01027204,  1.55869198, -0.22047788,
       -1.56508398,  0.04865252, -0.40840372, -1.6279875 , -1.11817169,
       -1.20575631, -0.80186391,  0.76886362, -0.26494744, -0.14787397,
        1.34463227,  1.01273537, -0.98868912, -0.43177542, -0.45913196,
        1.10009468, -1.75317466,  0.11877389,  0.00520806,  1.22663212,
       -0.61985886, -0.03552437, -0.4336485 ,  1.39258862,  0.59561783,
       -0.26259989,  0.43398678, -0.59429449, -1.5494802 ,  1.75768781,
       -0.39524037,  0.20862478, -0.41207361,  0.45229179, -0.02518119,
        0.32252458, -0.68673229, -0.44698352, -0.76153588, -1.11753333,
        1.99781787,  0.34122336, -0.69581854, -1.22436988, -0.32710111,
       -1.39790118,  1.94626629, -0.49415839,  0.75603747, -0.60382265,
        0.5942902 ,  0.6633082 ,  0.33154702, -0.35535944, -0.59824204], dtype=float32), array([ 0.01547087, -1.2741493 ,  0.16114537,  2.00025344,  1.08739018,
       -0.79261714, -1.2900672 , -1.27160192, -1.38222885,  0.33342594,
        1.62303817,  0.02382619, -0.45132369, -1.53321302, -0.53933507,
       -1.46794927, -0.19637689, -1.26378727,  0.76363039, -1.90543914,
        1.17343092,  2.1513083 ,  1.04329193,  1.41580904,  0.3512789 ,
       -0.83915925,  0.17011864,  1.66737187, -0.22220625, -0.67383468,
        0.59811699,  0.22861712,  0.95243287,  0.10899954, -0.44161281,
        1.36602759, -0.76659775,  0.50228816,  1.54454601, -0.66710544,
        2.1918211 ,  0.49754339, -0.01774252,  1.56767654, -0.20347758,
       -1.57852292,  0.05639247, -0.42591071, -1.63118851, -1.10800529,
       -1.1895715 , -0.79292196,  0.78264457, -0.26385015, -0.13515782,
        1.35664332,  1.01581693, -0.9973734 , -0.435036  , -0.42150953,
        1.08727634, -1.74666393,  0.08162506,  0.0182265 ,  1.2261821 ,
       -0.61661559, -0.0609376 , -0.42770991,  1.3813951 ,  0.57231158,
       -0.24884324,  0.42355075, -0.57685381, -1.52023327,  1.76923323,
       -0.38937327,  0.21107914, -0.41398996,  0.45747441, -0.02011629,
        0.30159882, -0.69704962, -0.44279936, -0.78083551, -1.11762679,
        2.03240323,  0.3333973 , -0.67573017, -1.21811199, -0.32464406,
       -1.38449931,  1.94118297, -0.53692532,  0.76577157, -0.60365325,
        0.58543515,  0.66717368,  0.32727665, -0.35526139, -0.59561425], dtype=float32), array([ 0.01574076, -1.27446806,  0.16176058,  2.00079942,  1.08722472,
       -0.79238296, -1.28985083, -1.27152169, -1.38293397,  0.33354294,
        1.62266827,  0.02322028, -0.45132098, -1.53379738, -0.53948712,
       -1.46793354, -0.19682516, -1.26422715,  0.76345778, -1.9052192 ,
        1.17336464,  2.15055895,  1.04352415,  1.41566145,  0.35159421,
       -0.83901268,  0.17056029,  1.66752267, -0.22179355, -0.67384136,
        0.59766573,  0.2284316 ,  0.95226085,  0.10964046, -0.44121018,
        1.3661654 , -0.76742005,  0.50245458,  1.54469252, -0.66718537,
        2.19153261,  0.49787149, -0.01690039,  1.56789243, -0.2036881 ,
       -1.57838511,  0.05624565, -0.42578596, -1.63052464, -1.10783529,
       -1.18982875, -0.79269075,  0.78254062, -0.26332459, -0.13544749,
        1.35691798,  1.01582801, -0.99661428, -0.43549013, -0.42189631,
        1.08725607, -1.74724865,  0.08201654,  0.0179724 ,  1.22617543,
       -0.61613673, -0.06048035, -0.4271794 ,  1.38106728,  0.57230592,
       -0.24905145,  0.42378503, -0.57707697, -1.52039421,  1.76903605,
       -0.39025491,  0.2109983 , -0.41362664,  0.4578343 , -0.01997275,
        0.30164802, -0.69706798, -0.44384053, -0.78027999, -1.11790919,
        2.03192496,  0.33368593, -0.6759795 , -1.21849775, -0.32420155,
       -1.38460052,  1.94095087, -0.53674024,  0.76600349, -0.60389662,
        0.58522236,  0.66726172,  0.32745162, -0.35544166, -0.5952217 ], dtype=float32), array([  1.74542964e-02,  -1.27574956e+00,   1.73673168e-01,
         1.99959075e+00,   1.08875442e+00,  -7.83881247e-01,
        -1.29335737e+00,  -1.26665974e+00,  -1.38360131e+00,
         3.42646331e-01,   1.61934221e+00,   1.29789319e-02,
        -4.48861003e-01,  -1.55073571e+00,  -5.43382406e-01,
        -1.47129452e+00,  -2.13605598e-01,  -1.28436744e+00,
         7.59145737e-01,  -1.89744544e+00,   1.16887152e+00,
         2.14137769e+00,   1.04395247e+00,   1.41986036e+00,
         3.47162545e-01,  -8.39344442e-01,   1.73724219e-01,
         1.65957320e+00,  -2.05849558e-01,  -6.79007530e-01,
         6.03799045e-01,   2.21277237e-01,   9.45004582e-01,
         1.10262342e-01,  -4.33255762e-01,   1.37375546e+00,
        -7.75692999e-01,   5.01989484e-01,   1.55093455e+00,
        -6.58791900e-01,   2.18603635e+00,   5.11572838e-01,
        -1.07498374e-03,   1.56602669e+00,  -2.11622924e-01,
        -1.56926441e+00,   5.37029728e-02,  -4.19118762e-01,
        -1.61931515e+00,  -1.10682309e+00,  -1.19379437e+00,
        -7.86250412e-01,   7.91438699e-01,  -2.49818176e-01,
        -1.49703801e-01,   1.36267114e+00,   1.02113998e+00,
        -9.81701314e-01,  -4.31096971e-01,  -4.33284849e-01,
         1.09693182e+00,  -1.75899947e+00,   9.18951258e-02,
         1.38635328e-02,   1.22136438e+00,  -6.07863069e-01,
        -5.59954643e-02,  -4.23884928e-01,   1.38041508e+00,
         5.79140782e-01,  -2.48715550e-01,   4.21026707e-01,
        -5.85175633e-01,  -1.52952540e+00,   1.76843309e+00,
        -4.09137160e-01,   2.02550724e-01,  -4.14375633e-01,
         4.72975224e-01,  -1.78222507e-02,   3.04471046e-01,
        -6.93018079e-01,  -4.57163423e-01,  -7.67041147e-01,
        -1.12187624e+00,   2.02400398e+00,   3.34957570e-01,
        -6.83656871e-01,  -1.22166693e+00,  -3.22768569e-01,
        -1.39236951e+00,   1.93809402e+00,  -5.25922656e-01,
         7.60143757e-01,  -5.97022355e-01,   5.72152555e-01,
         6.64913535e-01,   3.22863758e-01,  -3.55906993e-01,
        -5.90231895e-01], dtype=float32), array([ 0.01136237, -1.2631073 ,  0.17514949,  1.9997642 ,  1.0895282 ,
       -0.78102654, -1.29885626, -1.26328766, -1.3695358 ,  0.34580618,
        1.6248498 ,  0.01288134, -0.44016778, -1.5472436 , -0.54790211,
       -1.46970344, -0.21854888, -1.28892791,  0.77903926, -1.9141233 ,
        1.16850185,  2.14403796,  1.03410029,  1.41117811,  0.34439197,
       -0.85069066,  0.17256026,  1.6417737 , -0.21004698, -0.67548728,
        0.60825163,  0.21798047,  0.94928479,  0.08975842, -0.43151298,
        1.37791288, -0.76636958,  0.50502074,  1.54590905, -0.65979707,
        2.18610549,  0.51585573, -0.00598016,  1.56440568, -0.20256612,
       -1.56438196,  0.06795904, -0.42717189, -1.62858701, -1.10570538,
       -1.18272448, -0.79346937,  0.7899434 , -0.24093516, -0.15730776,
        1.36507654,  1.01996124, -0.98330724, -0.43220234, -0.41703561,
        1.09448969, -1.76052964,  0.09047946,  0.0176291 ,  1.21615982,
       -0.61162806, -0.06383216, -0.42838931,  1.38819885,  0.57560813,
       -0.24650866,  0.41260967, -0.59750581, -1.52104998,  1.76960754,
       -0.41375294,  0.20451917, -0.42533198,  0.47903174, -0.01676345,
        0.29823914, -0.686064  , -0.45561063, -0.77454954, -1.11175311,
        2.02766895,  0.33157787, -0.68429989, -1.21616328, -0.33356369,
       -1.39041233,  1.95015585, -0.53392094,  0.7550016 , -0.59591222,
        0.57778567,  0.67123491,  0.32700419, -0.35360178, -0.58649832], dtype=float32), array([ 0.01550116, -1.26716506,  0.18533699,  2.00227118,  1.0890336 ,
       -0.77588898, -1.30057192, -1.26136851, -1.37620604,  0.35334826,
        1.62046909,  0.00384195, -0.43807286, -1.56375265, -0.55146372,
       -1.47159207, -0.23262107, -1.30325747,  0.77231675, -1.90722454,
        1.16729248,  2.1332159 ,  1.0372808 ,  1.41367042,  0.34273657,
       -0.84974355,  0.17844795,  1.63941193, -0.19924818, -0.67888469,
        0.60729897,  0.21259815,  0.94019151,  0.09747414, -0.42398757,
        1.38283646, -0.77748376,  0.50508189,  1.55274856, -0.65445751,
        2.18052125,  0.52217311,  0.01126618,  1.56628585, -0.20917962,
       -1.55941045,  0.06276245, -0.42211384, -1.61416066, -1.10240865,
       -1.18759036, -0.78645486,  0.79608834, -0.22999999, -0.16747648,
        1.37160659,  1.0227536 , -0.96904868, -0.43384713, -0.43034655,
        1.10217357, -1.7721802 ,  0.09874227,  0.01345092,  1.21208966,
       -0.60207689, -0.05894364, -0.42249984,  1.38184249,  0.57910711,
       -0.24653503,  0.41412985, -0.60142577, -1.52744651,  1.7682749 ,
       -0.43057859,  0.19676062, -0.42034295,  0.49079877, -0.01209014,
        0.30292538, -0.68424612, -0.46766543, -0.76100928, -1.11821663,
        2.02236438,  0.33433041, -0.69005334, -1.22101414, -0.32829571,
       -1.39548767,  1.94115674, -0.52571976,  0.75563002, -0.59254599,
        0.56514823,  0.668845  ,  0.32535276, -0.3560133 , -0.57953459], dtype=float32), array([  1.25423130e-02,  -1.26320601e+00,   1.82144016e-01,
         1.99924624e+00,   1.08632123e+00,  -7.82600403e-01,
        -1.30124700e+00,  -1.26068687e+00,  -1.37156916e+00,
         3.48989666e-01,   1.62528265e+00,   2.10688496e-03,
        -4.34328079e-01,  -1.56665921e+00,  -5.55292606e-01,
        -1.47606516e+00,  -2.28748009e-01,  -1.30472672e+00,
         7.71411836e-01,  -1.91109467e+00,   1.16563773e+00,
         2.12878442e+00,   1.03685021e+00,   1.41258585e+00,
         3.42373341e-01,  -8.51907194e-01,   1.73260450e-01,
         1.63565290e+00,  -1.96882814e-01,  -6.75156951e-01,
         6.05598986e-01,   2.12586716e-01,   9.36249673e-01,
         9.03954431e-02,  -4.20394480e-01,   1.37884140e+00,
        -7.72767186e-01,   5.08849084e-01,   1.55363107e+00,
        -6.52227461e-01,   2.18131876e+00,   5.20353198e-01,
         1.02401311e-02,   1.56982327e+00,  -2.06468269e-01,
        -1.56031239e+00,   6.09494708e-02,  -4.29601073e-01,
        -1.60847318e+00,  -1.10116839e+00,  -1.17989993e+00,
        -7.85010517e-01,   8.03944767e-01,  -2.24175617e-01,
        -1.67478740e-01,   1.38016319e+00,   1.02177250e+00,
        -9.67589974e-01,  -4.31484282e-01,  -4.26811934e-01,
         1.10490644e+00,  -1.77557528e+00,   9.53775421e-02,
         1.91111993e-02,   1.21553159e+00,  -6.00886524e-01,
        -6.47663400e-02,  -4.24308151e-01,   1.38199043e+00,
         5.80175459e-01,  -2.42597282e-01,   4.12350297e-01,
        -6.04191959e-01,  -1.52149248e+00,   1.77275169e+00,
        -4.32509989e-01,   1.92230493e-01,  -4.20771539e-01,
         4.96942282e-01,  -1.11507671e-02,   2.96368212e-01,
        -6.86671913e-01,  -4.68415588e-01,  -7.58116722e-01,
        -1.11869156e+00,   2.02828860e+00,   3.28400344e-01,
        -6.85124576e-01,  -1.22323143e+00,  -3.27408761e-01,
        -1.39527988e+00,   1.94248867e+00,  -5.28121054e-01,
         7.55184114e-01,  -5.91748297e-01,   5.62331557e-01,
         6.68795466e-01,   3.21947366e-01,  -3.56778681e-01,
        -5.81256211e-01], dtype=float32), array([ 0.0211023 , -1.27312005,  0.19545357,  2.01675558,  1.07719553,
       -0.77079487, -1.28575015, -1.26035559, -1.38873637,  0.34043491,
        1.62012362, -0.01246557, -0.43502301, -1.57351851, -0.55376339,
       -1.47012448, -0.2342747 , -1.30830276,  0.77162647, -1.90971291,
        1.16036618,  2.11690235,  1.04721701,  1.40376902,  0.35304937,
       -0.85284883,  0.19149981,  1.63841832, -0.19052045, -0.67405844,
        0.59135705,  0.21750663,  0.9418056 ,  0.1068774 , -0.4137297 ,
        1.37648714, -0.79680097,  0.49797395,  1.55378199, -0.67463511,
        2.16821194,  0.52813089,  0.03479058,  1.57445228, -0.21045761,
       -1.55818236,  0.08034798, -0.41802391, -1.59653234, -1.09631312,
       -1.18707108, -0.78158188,  0.78441828, -0.22277904, -0.17201795,
        1.38783216,  1.01777911, -0.94321054, -0.4528515 , -0.43243235,
        1.09528971, -1.77809942,  0.10528596,  0.01111229,  1.20877934,
       -0.59384215, -0.04557623, -0.41078374,  1.37141085,  0.56888413,
       -0.25018328,  0.42364457, -0.59929872, -1.5203371 ,  1.77095377,
       -0.45804173,  0.19603932, -0.40753272,  0.50707352, -0.00547543,
        0.29914826, -0.68710172, -0.49797475, -0.7491495 , -1.13119256,
        2.01940322,  0.339268  , -0.69558918, -1.23552978, -0.32435369,
       -1.40065491,  1.94916081, -0.53103322,  0.75619322, -0.60807854,
        0.57191122,  0.6718539 ,  0.33218595, -0.36546519, -0.56797892], dtype=float32), array([ 0.02671082, -1.27973449,  0.20767446,  2.01814485,  1.07888818,
       -0.76515138, -1.28697252, -1.25980318, -1.39526927,  0.35247344,
        1.61344755, -0.02000385, -0.43368715, -1.59072864, -0.55744946,
       -1.47140777, -0.24989708, -1.32306612,  0.7654655 , -1.9002105 ,
        1.16115165,  2.10750723,  1.04912007,  1.40570617,  0.35046694,
       -0.84995598,  0.19805427,  1.6375941 , -0.18090674, -0.67887563,
        0.59214497,  0.21147276,  0.93281519,  0.11637178, -0.40831789,
        1.38338125, -0.8096596 ,  0.49902183,  1.56078768, -0.66652369,
        2.16357255,  0.53499168,  0.05380594,  1.57426357, -0.21855111,
       -1.55369675,  0.07378788, -0.41010278, -1.58563972, -1.09483111,
       -1.19518518, -0.77368301,  0.78909427, -0.2145108 , -0.18090059,
        1.39016926,  1.02076983, -0.93022007, -0.45329192, -0.44758362,
        1.10179126, -1.78860199,  0.11372743,  0.00540604,  1.20209193,
       -0.58413678, -0.03860168, -0.40277982,  1.365412  ,  0.57391518,
       -0.24982674,  0.42704931, -0.60360777, -1.53012168,  1.76663077,
       -0.47315562,  0.18882763, -0.40150401,  0.51666451, -0.00269492,
        0.30726221, -0.68479383, -0.50836802, -0.73644781, -1.13585424,
        2.01125336,  0.34324113, -0.7014147 , -1.23935127, -0.31855762,
       -1.4056071 ,  1.93687189, -0.52092135,  0.75664639, -0.60303855,
        0.55919117,  0.67083406,  0.32938796, -0.36819449, -0.56168801], dtype=float32), array([  2.82062702e-02,  -1.28124607e+00,   2.11826757e-01,
         2.01910210e+00,   1.07869291e+00,  -7.62961745e-01,
        -1.28688848e+00,  -1.25906634e+00,  -1.39816582e+00,
         3.55615914e-01,   1.61156082e+00,  -2.30965111e-02,
        -4.33322400e-01,  -1.59623682e+00,  -5.58361173e-01,
        -1.47247839e+00,  -2.54983127e-01,  -1.32865798e+00,
         7.63648868e-01,  -1.89676464e+00,   1.16138268e+00,
         2.10330343e+00,   1.04977894e+00,   1.40658593e+00,
         3.49902719e-01,  -8.49337399e-01,   2.00226218e-01,
         1.63699269e+00,  -1.77071452e-01,  -6.80860400e-01,
         5.91986299e-01,   2.09025234e-01,   9.29604530e-01,
         1.18896946e-01,  -4.06366915e-01,   1.38481021e+00,
        -8.13870370e-01,   4.99051541e-01,   1.56295192e+00,
        -6.64071798e-01,   2.16175985e+00,   5.38412690e-01,
         5.97860925e-02,   1.57512999e+00,  -2.21418872e-01,
        -1.55121255e+00,   7.14898780e-02,  -4.08052087e-01,
        -1.58117998e+00,  -1.09367537e+00,  -1.19705129e+00,
        -7.71025777e-01,   7.90868640e-01,  -2.10670128e-01,
        -1.84194207e-01,   1.39169967e+00,   1.02199149e+00,
        -9.25193369e-01,  -4.53531444e-01,  -4.52572674e-01,
         1.10456300e+00,  -1.79243898e+00,   1.16852641e-01,
         3.53355450e-03,   1.20059061e+00,  -5.80336273e-01,
        -3.65616605e-02,  -4.00109291e-01,   1.36351728e+00,
         5.75955451e-01,  -2.49962166e-01,   4.27117556e-01,
        -6.06004655e-01,  -1.53341651e+00,   1.76524734e+00,
        -4.79490489e-01,   1.86199486e-01,  -3.99926007e-01,
         5.20546496e-01,  -1.36924151e-03,   3.08804810e-01,
        -6.83853149e-01,  -5.13269246e-01,  -7.31074750e-01,
        -1.13760030e+00,   2.00837302e+00,   3.44808310e-01,
        -7.03688860e-01,  -1.24114931e+00,  -3.16125304e-01,
        -1.40740156e+00,   1.93319392e+00,  -5.17045915e-01,
         7.57323742e-01,  -6.01631701e-01,   5.54560840e-01,
         6.70410395e-01,   3.28974277e-01,  -3.69177252e-01,
        -5.59634149e-01], dtype=float32), array([  2.80999951e-02,  -1.28122783e+00,   2.11765364e-01,
         2.01919508e+00,   1.07853258e+00,  -7.63010561e-01,
        -1.28680611e+00,  -1.25908780e+00,  -1.39809203e+00,
         3.55554432e-01,   1.61148441e+00,  -2.32982133e-02,
        -4.33343619e-01,  -1.59627497e+00,  -5.58318019e-01,
        -1.47244227e+00,  -2.54711896e-01,  -1.32862949e+00,
         7.63801932e-01,  -1.89674532e+00,   1.16132140e+00,
         2.10328770e+00,   1.04979599e+00,   1.40657187e+00,
         3.49984854e-01,  -8.49382102e-01,   2.00160459e-01,
         1.63703287e+00,  -1.77013233e-01,  -6.80735230e-01,
         5.91805041e-01,   2.08992109e-01,   9.29549932e-01,
         1.18822291e-01,  -4.06428665e-01,   1.38470769e+00,
        -8.13787460e-01,   4.99131650e-01,   1.56287384e+00,
        -6.64126992e-01,   2.16176701e+00,   5.38355947e-01,
         5.97592853e-02,   1.57521462e+00,  -2.21447349e-01,
        -1.55124891e+00,   7.14777261e-02,  -4.08287644e-01,
        -1.58116412e+00,  -1.09365594e+00,  -1.19687808e+00,
        -7.71024227e-01,   7.90971458e-01,  -2.10437074e-01,
        -1.84209019e-01,   1.39169705e+00,   1.02199662e+00,
        -9.25178230e-01,  -4.53506172e-01,  -4.52409089e-01,
         1.10460556e+00,  -1.79255462e+00,   1.16777070e-01,
         3.59526742e-03,   1.20083284e+00,  -5.80333054e-01,
        -3.66228968e-02,  -4.00150508e-01,   1.36362875e+00,
         5.75797141e-01,  -2.50071555e-01,   4.27205861e-01,
        -6.06008768e-01,  -1.53328001e+00,   1.76523530e+00,
        -4.79489058e-01,   1.86230034e-01,  -3.99963439e-01,
         5.20484746e-01,  -1.41859788e-03,   3.08698416e-01,
        -6.83998227e-01,  -5.13398707e-01,  -7.31120169e-01,
        -1.13759077e+00,   2.00843406e+00,   3.44840854e-01,
        -7.03639448e-01,  -1.24114525e+00,  -3.16216439e-01,
        -1.40746272e+00,   1.93313694e+00,  -5.17307878e-01,
         7.57600367e-01,  -6.01570964e-01,   5.54532409e-01,
         6.70414627e-01,   3.29093367e-01,  -3.69121850e-01,
        -5.59488356e-01], dtype=float32), array([  2.76951175e-02,  -1.28108358e+00,   2.12030441e-01,
         2.01905131e+00,   1.07838178e+00,  -7.63012230e-01,
        -1.28616107e+00,  -1.25896132e+00,  -1.39789379e+00,
         3.55064332e-01,   1.61173892e+00,  -2.32475959e-02,
        -4.33738500e-01,  -1.59594285e+00,  -5.58250725e-01,
        -1.47256601e+00,  -2.54767478e-01,  -1.32908916e+00,
         7.64130116e-01,  -1.89658105e+00,   1.16102910e+00,
         2.10306668e+00,   1.05012906e+00,   1.40661371e+00,
         3.49968702e-01,  -8.49272430e-01,   1.99683130e-01,
         1.63673711e+00,  -1.76421985e-01,  -6.80348635e-01,
         5.92151940e-01,   2.08926693e-01,   9.29702401e-01,
         1.18500359e-01,  -4.06431377e-01,   1.38458776e+00,
        -8.13631713e-01,   4.98775542e-01,   1.56277943e+00,
        -6.64238036e-01,   2.16211772e+00,   5.39016426e-01,
         6.00306392e-02,   1.57511640e+00,  -2.21455410e-01,
        -1.55137515e+00,   7.19216689e-02,  -4.08079922e-01,
        -1.58108974e+00,  -1.09404635e+00,  -1.19693995e+00,
        -7.71205008e-01,   7.90575325e-01,  -2.10447505e-01,
        -1.84039086e-01,   1.39174044e+00,   1.02238750e+00,
        -9.25039530e-01,  -4.53231692e-01,  -4.51792985e-01,
         1.10418570e+00,  -1.79245341e+00,   1.16608799e-01,
         3.75121995e-03,   1.20097017e+00,  -5.80489337e-01,
        -3.63064222e-02,  -4.00099248e-01,   1.36396253e+00,
         5.75665236e-01,  -2.49972135e-01,   4.27179933e-01,
        -6.06636286e-01,  -1.53301167e+00,   1.76526093e+00,
        -4.79585111e-01,   1.85981154e-01,  -4.00285065e-01,
         5.20607233e-01,  -1.58704293e-03,   3.08391869e-01,
        -6.84175372e-01,  -5.13906419e-01,  -7.31025755e-01,
        -1.13753533e+00,   2.00804162e+00,   3.44656050e-01,
        -7.03675568e-01,  -1.24104619e+00,  -3.16138804e-01,
        -1.40758717e+00,   1.93408573e+00,  -5.17477334e-01,
         7.57049739e-01,  -6.02097869e-01,   5.55117071e-01,
         6.70518517e-01,   3.28822494e-01,  -3.69347215e-01,
        -5.59688270e-01], dtype=float32), array([  2.76951175e-02,  -1.28108358e+00,   2.12030441e-01,
         2.01905131e+00,   1.07838178e+00,  -7.63012230e-01,
        -1.28616107e+00,  -1.25896132e+00,  -1.39789379e+00,
         3.55064332e-01,   1.61173892e+00,  -2.32475959e-02,
        -4.33738500e-01,  -1.59594285e+00,  -5.58250725e-01,
        -1.47256601e+00,  -2.54767478e-01,  -1.32908916e+00,
         7.64130116e-01,  -1.89658105e+00,   1.16102910e+00,
         2.10306668e+00,   1.05012906e+00,   1.40661371e+00,
         3.49968702e-01,  -8.49272430e-01,   1.99683130e-01,
         1.63673711e+00,  -1.76421985e-01,  -6.80348635e-01,
         5.92151940e-01,   2.08926693e-01,   9.29702401e-01,
         1.18500359e-01,  -4.06431377e-01,   1.38458776e+00,
        -8.13631713e-01,   4.98775542e-01,   1.56277943e+00,
        -6.64238036e-01,   2.16211772e+00,   5.39016426e-01,
         6.00306392e-02,   1.57511640e+00,  -2.21455410e-01,
        -1.55137515e+00,   7.19216689e-02,  -4.08079922e-01,
        -1.58108974e+00,  -1.09404635e+00,  -1.19693995e+00,
        -7.71205008e-01,   7.90575325e-01,  -2.10447505e-01,
        -1.84039086e-01,   1.39174044e+00,   1.02238750e+00,
        -9.25039530e-01,  -4.53231692e-01,  -4.51792985e-01,
         1.10418570e+00,  -1.79245341e+00,   1.16608799e-01,
         3.75121995e-03,   1.20097017e+00,  -5.80489337e-01,
        -3.63064222e-02,  -4.00099248e-01,   1.36396253e+00,
         5.75665236e-01,  -2.49972135e-01,   4.27179933e-01,
        -6.06636286e-01,  -1.53301167e+00,   1.76526093e+00,
        -4.79585111e-01,   1.85981154e-01,  -4.00285065e-01,
         5.20607233e-01,  -1.58704293e-03,   3.08391869e-01,
        -6.84175372e-01,  -5.13906419e-01,  -7.31025755e-01,
        -1.13753533e+00,   2.00804162e+00,   3.44656050e-01,
        -7.03675568e-01,  -1.24104619e+00,  -3.16138804e-01,
        -1.40758717e+00,   1.93408573e+00,  -5.17477334e-01,
         7.57049739e-01,  -6.02097869e-01,   5.55117071e-01,
         6.70518517e-01,   3.28822494e-01,  -3.69347215e-01,
        -5.59688270e-01], dtype=float32)]
