[array([-0.4437941 ,  0.98571324,  2.18837857, -0.78141427,  1.96708584,
        0.61253953, -0.72056609,  1.41425288, -2.31173658,  0.21693291,
        1.65515196, -1.01148498,  2.26241899, -0.51180899,  3.03330779,
        2.30837607, -2.22497869, -1.36280859, -3.45304012,  0.87325835,
        1.9348824 , -0.7966423 , -1.21367419,  1.92291009,  0.19989818,
        1.02714026, -1.77062809,  0.61881953, -1.00883305, -0.37429595,
        0.05065156, -1.55520654,  0.39933872, -0.50870359,  2.03843451,
        0.04018059, -1.44336259,  0.19749394, -0.5171833 ,  1.78564   ,
       -0.42486122,  0.08755375,  2.58566737,  0.83033204,  0.51782316,
       -0.5557059 , -2.01525617, -0.10122097,  1.87895894,  0.8667224 ,
       -0.0796767 , -0.59350502,  0.26551434,  1.05455887, -1.83329868,
        0.38193515,  0.47188717,  2.01929307, -1.36227298,  2.13992143,
        2.1190145 ,  0.6757009 , -0.04989365, -1.99341428,  2.51095295,
       -0.3932462 , -2.11238766, -0.57476449, -0.94284171,  1.77008784,
        0.24717794,  0.29945654, -0.0282933 , -0.46328714, -1.5892117 ,
       -0.94284695, -0.10303976,  0.85308093,  0.29485601,  0.68390572,
       -1.08464134, -0.72713542,  0.208142  , -1.61507142,  0.82797694,
       -1.87443209, -1.89078355, -0.17093313,  0.90804422, -1.66440773,
       -1.83788216,  2.699049  ,  0.88858318, -0.59285986,  0.52496916,
        0.86594158, -1.13633239, -1.21830678,  4.06702709, -2.64560747]), array([ 0.69435711, -1.24878392, -2.04483742,  0.77515988, -2.43596301,
       -0.61594943,  1.01887797, -0.64773315,  2.32618144,  0.50179647,
       -1.07433212,  1.18939052, -2.27525253,  0.62302749, -3.13899858,
       -1.90531309,  1.99691424,  1.70138067,  2.88514221, -0.65534636,
       -2.00581624,  0.68522859,  0.80774788, -1.91555153, -0.17819056,
       -1.15008388,  2.59409561, -0.27964348,  0.79681706,  0.09947001,
        0.47520386,  1.38374527, -0.23074856,  1.18931135, -2.35742854,
       -0.37771732,  1.2513361 , -0.02299004,  0.25676134, -1.47294869,
        0.65519641, -0.06083929, -2.69540937, -0.77165483, -0.18004266,
       -0.04829436,  2.20386144,  0.3100812 , -1.37202581, -0.39882333,
       -0.58495108,  0.59738992, -0.3967914 , -0.5341867 ,  2.09569647,
       -0.96690519, -0.46553358, -1.16146904,  1.01641365, -1.86110155,
       -1.99999092, -1.60273724,  0.0234922 ,  2.44303088, -2.60088553,
        0.65767222,  2.66765154,  1.00294156,  1.21925763, -1.62679957,
       -0.42738311, -1.56173305,  0.2283969 ,  0.40657039,  1.71396231,
        0.3078217 , -0.19347083, -1.71403289, -0.36233982, -0.4870271 ,
        0.80161657,  0.35492998, -0.3726127 ,  1.30517121, -0.86912514,
        2.30704564,  1.71094051,  0.43427605, -1.13390489,  1.60831348,
        2.13944211, -2.25642741, -0.53275485,  0.26880852, -0.78061966,
       -0.38286851,  1.37140153,  1.64531289, -3.46960095,  2.92917889]), array([ 1.25588025, -1.41484877, -1.09818373,  0.48439315, -1.46159998,
       -0.64139232,  0.20837891,  1.31320021, -0.28052238,  0.60822522,
        0.74649303,  2.80276976, -0.2755986 , -0.0215424 , -1.74154306,
       -1.38165134,  1.35709464,  0.67812292,  0.7598774 ,  0.37100364,
       -1.79409854,  0.17111629,  0.17372761, -1.21382265, -0.46944417,
       -0.33567035,  0.81533736, -0.66926899,  0.42357329,  0.32863032,
        1.67138188,  0.67998693, -0.27627716,  1.4306396 , -1.32257334,
       -1.30265909,  0.7395803 , -0.48548156,  1.03659717, -0.07046463,
        0.1158324 , -0.39386219, -1.83883209, -1.02082045, -0.12171027,
        1.46878307,  1.33599102,  0.01538544, -0.849192  ,  0.2508418 ,
       -0.89481045,  1.54744494, -0.76712913, -0.21764597,  0.84484164,
       -1.65737875, -1.68475877,  0.67713721, -0.19060134,  0.236916  ,
       -1.97136759, -1.71303923,  1.23694017,  2.03258258, -1.70894729,
        0.83029605,  1.5046166 ,  0.94132262, -0.09100651, -0.34194633,
        0.92594483, -1.65524248, -1.57139796,  0.66864161,  0.42849258,
       -0.47506554,  1.19789423, -2.5533287 , -0.2713749 ,  0.36751566,
       -0.00742168, -0.52122645, -1.61677176, -0.3501046 , -0.11322737,
        0.53449512, -0.34106054,  1.87829431, -0.77128077,  1.78685137,
        1.19209825, -1.06796011, -1.55633468, -0.50643087,  0.57332545,
        0.44600952,  0.35359746,  1.09773562, -2.01514828,  0.22916802]), array([-0.55279769,  0.78819084,  2.93564154, -0.38196298,  3.0054256 ,
        0.68872656, -1.44114649,  1.85593917, -3.4829869 ,  1.00816867,
        2.04299312, -0.98771359,  2.36237216, -1.42045998,  3.49312794,
        1.83999932, -1.5532024 , -2.3135318 , -3.52619164,  1.29319622,
        2.13109694, -1.89339864, -0.75196333,  2.07797636, -0.06766672,
        1.93816767, -3.66375162,  0.11184657, -1.99579021, -0.58222801,
       -0.42597987, -1.73080939, -0.16801768, -1.97464727,  2.65077318,
       -1.14562942, -1.78503077,  0.27452586,  0.65017195,  1.91290654,
       -0.4113763 , -0.24279738,  4.24144582,  1.44681501, -0.44088501,
       -0.02823063, -2.9377869 , -0.86912321,  0.97115089,  0.77161675,
       -0.15250965,  0.57791097,  0.54476401,  0.76855166, -2.97586017,
       -0.55495619, -0.36129271,  2.18339709, -0.76326248,  2.91881829,
        1.65414061,  1.81782403,  1.44874707, -2.77366893,  3.34723401,
       -0.32971789, -3.47982184, -1.30464516, -2.66549573,  2.68343118,
       -0.07679866,  0.60535826, -1.93998174, -0.39499457, -3.10967473,
       -1.67112575,  1.65061269,  1.97904607,  0.25373244,  1.4062269 ,
       -1.23235202, -0.65140205, -0.84611304, -1.65641414,  1.81009729,
       -2.07519804, -2.01850513, -0.05601611,  0.30128949, -1.29184545,
       -1.40313206,  2.66405509,  0.73406218, -0.45868921,  2.32793313,
        2.32886778, -2.88597555, -2.33336276,  4.20419484, -3.85737938]), array([-0.07339397, -0.93330842, -3.38762092,  1.51021881, -3.41158149,
       -0.78967397,  1.92150569, -4.27254632,  5.63541213,  1.36372478,
       -2.22519241, -1.68571515, -5.56968751,  1.15711606, -5.51805194,
       -2.41764303,  3.03218915,  2.108245  ,  5.23784512, -1.66403977,
       -2.57198306,  0.06090714,  1.52868606, -1.74371841, -0.06405717,
       -1.08908501,  4.76443901, -0.47141848,  1.01377335,  0.09642961,
       -2.25634192,  2.25679701, -1.94903229, -0.08506118, -2.82074321,
       -0.16490932,  2.20238033,  1.12976725,  0.09937132, -2.91274309,
        0.45922112, -0.3743211 , -0.93818403,  0.90947331, -2.53943586,
       -2.60666063,  2.57853356, -1.15772943, -4.8052791 , -1.47268576,
       -0.39171588,  0.22758832,  1.51993422, -0.67138513,  3.85962207,
       -0.47379967,  0.77627236, -3.37422387,  2.82996885, -2.69812467,
       -1.02994613,  0.2079775 , -1.36897367,  2.63655351, -3.09107181,
       -0.88727771,  1.89807549, -0.08483811,  1.4993416 , -4.08545837,
       -3.20695979, -1.51594165,  0.88279631, -0.63320946,  1.56994272,
        0.32162402, -0.78887292,  1.75534636, -0.24465878, -1.22345425,
        0.32415891,  2.44900751,  1.74595399,  3.96042513,  0.54430614,
        4.23831364,  4.64462855, -1.60791794, -2.62208941,  0.44420383,
        5.50005027, -3.6422696 ,  2.86828982,  0.66799758, -1.25873802,
       -0.74497884,  1.47564251, -0.53546115, -4.7180792 ,  6.88205654]), array([-1.01192502, -0.87087127, -1.5796628 ,  0.76466877, -2.82018267,
       -0.88815704,  0.24824887, -3.48069844,  3.91533391, -0.7326864 ,
       -3.49356971, -1.09945809, -2.47252605,  1.03461972, -2.49103629,
       -3.59535478,  1.35126816,  2.13651155,  4.31694939, -0.70152602,
       -0.92131911,  2.30316344,  2.01845082, -4.22844942, -2.01647875,
       -0.98418242,  1.50541325,  0.28803907,  1.28777041,  1.40562796,
       -1.72321197,  2.2830261 , -1.3159647 , -0.85150541, -2.698828  ,
        1.76792428,  2.60121824,  0.18056464,  1.08995231, -3.18066989,
        0.16702545, -0.64538791, -2.13074777, -0.1406287 , -0.65289475,
        0.36076643,  0.21337914, -0.870001  , -2.31291018, -1.30060642,
        1.57875774, -1.20382448,  0.43195424, -1.58891681,  1.79476219,
        1.5353936 ,  0.79871496, -3.6349996 ,  1.99712054, -3.47781963,
       -2.88562973,  0.62662196,  0.28962309,  2.16105593, -2.35033423,
        0.73920613,  0.78205408, -0.28029593,  0.90343099, -1.38915677,
       -1.22547829,  1.60981257,  1.00729467,  0.33305764,  2.26820869,
        0.68828813,  0.29599942,  2.46406311, -1.11891537, -1.47219828,
       -0.37941627,  1.38361341,  0.09823132,  2.73190938, -0.57758676,
        1.93745666,  3.99457467, -0.87005931,  0.26340019,  0.54419511,
        1.78484101, -4.46656832, -0.7876846 ,  2.40843667,  0.37079991,
       -1.13116461,  1.60201868,  1.9015142 , -5.07182781,  4.03941478]), array([ 2.65067268,  0.90692759,  1.81883515, -0.87926236,  2.84831466,
        1.33315699,  0.47478186,  2.67906702, -1.92724077, -0.15212743,
        0.47652272,  3.02689422,  0.84429173, -1.84170568,  1.38016153,
        1.24393102,  0.90520802, -0.59303477,  0.17344239, -0.0278931 ,
       -0.08935624, -0.54406627, -0.01460371, -0.30102826,  0.95068917,
       -1.07725033, -0.78541535,  1.24400122, -1.01485301, -0.53518746,
        1.58734008,  0.7638322 ,  2.52104406,  0.40104514,  0.36181434,
        1.06242067, -2.61558869, -0.08605336, -1.36499788, -0.96345814,
        2.8049179 ,  1.5943375 , -4.20059332, -0.55713004,  2.92281358,
        0.07693736,  0.2072298 ,  2.35392745,  2.70436177,  0.40707548,
       -1.04663499,  1.87844614, -1.69391763, -1.86357707, -1.26967368,
       -3.27894586, -1.90268513,  2.24922151,  1.75172513, -2.79015743,
       -1.56744721, -1.55947785,  2.12669153,  0.47090475,  0.15933934,
        1.41949929,  3.74036875,  0.86180277, -0.72156203,  0.85251962,
        1.17368693, -0.85661487, -1.43259966,  1.47719024,  1.55447762,
        1.50510862,  1.09434998, -4.20642767,  0.86795032,  1.36358529,
        3.96850607, -2.3862874 , -4.00514405, -0.750225  , -1.90357701,
        0.175223  ,  0.46453707, -0.7809678 , -2.40420193,  1.91187986,
       -2.25032346,  1.62337988, -2.32186076, -2.17762572, -1.80219529,
        0.61873674, -1.49170098,  2.72038524,  0.21234283, -2.29465137]), array([-0.76952351, -0.57019304, -2.46635913,  1.55512141, -1.17462976,
       -0.42166425,  0.44357958, -4.22798507,  3.99220691, -0.30799368,
       -4.0916366 , -1.35400046, -4.44830662,  0.05982101, -3.82324414,
       -3.81068719,  3.90261452,  0.96609101,  6.45018721, -1.87350156,
       -1.68117328,  0.20926436,  2.96605283, -2.44560133, -0.15294818,
       -0.72104295,  0.55679141, -1.09319417,  0.47861   ,  0.14663464,
       -2.812785  ,  2.30383365, -1.18996706, -2.46539109, -2.01403251,
        0.16710856,  1.78700297,  0.28257051,  1.18812623, -3.64126526,
        0.79182487, -0.07991987, -1.30333798,  0.23216214, -2.11051427,
       -0.04134529,  1.57760517, -0.71276296, -4.07996906, -2.3182302 ,
        1.23009976,  0.70610228,  0.73506074, -2.35500522,  1.5479316 ,
        0.173312  ,  0.13604521, -5.06085816,  3.9180115 , -4.02948124,
       -2.64118755,  2.0780606 ,  0.31001309,  0.80914362, -2.28141067,
       -0.13040944,  1.04423914, -0.82112691,  0.11779832, -2.32571812,
       -2.10598583,  1.82786018, -0.20380537,  0.23412774,  1.09983763,
        1.79111157,  0.77873088,  2.74694843, -0.3432468 , -1.09772363,
        2.19224632,  2.33719842,  0.35974324,  3.91000542, -0.48769911,
        3.15394868,  4.39522833, -1.89191293, -1.71037986,  1.77871345,
        2.98989354, -4.54563774, -0.12705507,  2.09581949,  0.26997121,
       -0.71311198, -0.06172863, -0.07975359, -6.1050054 ,  4.0186537 ]), array([-1.27318781, -2.94586854, -5.99464642,  0.89682719, -6.06495205,
       -3.15504318, -0.07536852, -6.49065744,  8.49964099,  0.52126451,
       -5.7569643 , -2.67639307, -8.39308392,  1.11176202, -5.04791026,
       -8.84169974,  5.32216578,  0.78615215,  8.42781947, -2.78917309,
       -5.72025633,  1.27800872,  3.34376236, -3.17670608, -0.6771094 ,
        0.31905626,  2.2017579 , -1.76346353,  0.8006923 , -0.5880101 ,
       -1.87475945,  1.10536357, -1.58433075, -2.27846251, -4.69000377,
       -0.53148403,  2.81702121,  0.62521142,  6.85025988, -2.8947414 ,
       -2.85694327, -1.38435783,  0.42065601, -0.51194298, -3.30415755,
       -0.10825961,  3.62061409, -3.54544679, -6.12086249, -3.2684271 ,
        1.62298796,  0.85975261,  0.11213604,  0.12553335,  0.22134424,
        0.71999804,  1.07868141, -7.39001074,  3.85056711, -3.40569852,
       -3.71123057,  2.29998809, -2.55597996,  1.12833814, -3.38635163,
        0.7812343 ,  0.60513013, -1.4394755 ,  2.37177633, -3.62080307,
       -2.21459259,  1.98320774,  3.23442743, -2.31229902,  2.22635599,
        1.15031668, -1.53167936,  1.43766261, -1.49894578, -1.87754915,
        4.06433766,  4.74243363,  3.69776768,  5.20197155, -0.05979894,
        3.8553343 ,  5.98968879, -1.47847626, -1.04625055,  2.85733314,
        3.85837508, -8.00508352,  0.36427441,  5.38794921,  1.01828559,
       -1.9035206 , -0.2893703 , -0.25434615, -9.47366839,  7.43634787]), array([ -0.93459527,  -0.74882368,  -4.33572692,   3.34010776,
        -3.45937843,   0.32233096,   1.51070322,  -5.06293436,
         5.39114877,  -3.37933582,  -7.08709968,  -0.16796378,
        -4.93434003,   1.78978036,  -8.31525927,  -4.99396627,
         5.56759216,   3.68579253,  10.52918667,  -2.66291942,
        -1.65756121,   3.14289673,   5.11166558,  -6.07292661,
        -1.82692154,  -4.42128306,   2.57925127,  -1.74240319,
         3.14813775,   2.32427889,  -2.24267137,   3.73831567,
        -0.885696  ,  -1.67182086,  -3.84881486,   0.99510082,
         5.86472258,  -1.2317446 ,   0.29690317,  -6.24723041,
         3.22122307,  -0.89949366,  -6.72673918,  -4.11198685,
        -0.81237185,   2.73897234,   2.62072984,   1.94975893,
        -5.57618602,  -3.51672781,   1.78373121,  -0.21195347,
        -0.70095584,  -3.93329021,   5.44836257,   2.13688033,
        -0.30187592,  -9.11921061,   5.01236423,  -7.1773086 ,
        -5.72431048,  -0.5504757 ,   1.58596189,   3.56501932,
        -6.32070769,   1.23564   ,   3.35701201,   1.38338929,
         1.27917785,  -4.25623233,  -1.45348841,   2.39515211,
        -1.13163998,   1.65631613,   2.87589346,   3.4924661 ,
         0.26867533,   2.10209574,  -0.64312255,  -2.56949598,
         1.04409462,   1.26497783,  -0.26211352,   4.9273613 ,
        -2.41763174,   2.75743311,   5.5512315 ,  -0.81278068,
         0.76252484,   4.41973052,   3.94874775,  -8.20704992,
        -4.31998972,   3.22406025,   0.05501164,  -2.23469395,
         4.20509974,   3.75120907, -11.05321746,   6.00826406]), array([  0.1356129 ,   3.0932102 ,   8.98631545,  -2.94013175,
         9.45078686,   2.99865844,  -2.96486321,  10.41817124,
       -12.60165862,   1.5803109 ,   8.09691192,  -0.01719752,
        10.23538085,  -3.43639708,  12.43713649,   9.7777015 ,
        -7.07914523,  -6.24219537, -14.44662319,   3.57798485,
         6.81169939,  -4.78128606,  -5.15552561,   9.03448401,
         2.8051773 ,   3.78006379,  -8.67988402,   1.57959251,
        -5.28609592,  -3.33456831,   3.43944028,  -7.16902289,
         4.09143558,  -0.71192513,   8.31139022,  -2.61274341,
        -7.82715083,  -0.27145608,  -2.14193503,   8.54989586,
        -0.2106656 ,   1.4123304 ,   8.08183699,   1.48047452,
         3.84472696,  -0.47396256,  -5.94060107,   2.04720183,
        10.18893899,   4.31042943,  -2.2548789 ,   0.4753225 ,
        -1.32242394,   4.24184746,  -8.71024339,  -1.89666023,
        -0.5751854 ,  10.33392284,  -5.85743204,   8.96066724,
         7.20366017,   0.05061772,   1.46530218,  -8.25789241,
         9.78150193,  -0.05493419,  -5.46134113,  -0.52808314,
        -4.16654931,   8.76186839,   3.09264246,  -1.19485787,
        -1.92298588,  -0.64875788,  -6.79343505,  -3.46149233,
         0.30406703,  -2.61942426,   1.72942517,   4.25924265,
        -1.05009245,  -4.94733006,  -1.85518101,  -8.59462742,
         1.3427422 ,  -7.17579053, -10.63528653,   1.31819723,
         2.5229275 ,  -3.41560521,  -9.02615099,  12.54609468,
         0.50876574,  -3.76231414,   1.8711358 ,   5.00973426,
        -5.73612384,  -3.26377714,  16.63020284, -14.21289829]), array([ 1.16295846, -0.7828273 , -1.81629986, -0.93034016,  0.13129713,
        0.52279889,  0.06536393, -2.68346776,  1.83260024,  0.55380145,
        0.49603357,  1.31002927, -0.99411847,  1.3405534 , -3.54797451,
       -0.88813228, -0.05127374,  0.11878685,  1.5189124 , -0.05841219,
       -2.03657137,  1.19436418, -1.26505928,  0.72408546,  1.05495383,
        1.62056376,  0.9564159 , -2.26554581,  0.56316151, -0.14347219,
       -3.25885699,  1.07853224, -0.48268355,  0.06875636, -0.1955928 ,
        2.3625028 ,  1.5597846 ,  0.87090597, -1.23257667, -0.74937948,
       -0.28097481,  0.78506428, -0.82483499,  3.11161881, -1.68693519,
        0.52315856,  1.06116299, -0.55962329, -4.56920526,  0.77203171,
        0.46955081, -0.0465462 ,  1.22884887, -1.16307924,  1.26392828,
       -0.4537837 ,  0.00518197, -1.32758179, -0.45997491, -0.02868525,
        2.10427694,  1.93614411, -0.74300495,  1.49408653, -0.88282396,
       -2.39697179, -0.71321616, -0.78613862, -0.32141215, -3.11757045,
       -0.43399175,  1.01611867, -0.68284206, -0.01054992,  1.14170373,
        1.30854372,  1.19764785,  1.04037366, -0.03544055,  0.3184254 ,
       -0.67683462,  1.40106341, -0.10908116,  2.00313842, -1.44634224,
        2.66176266, -0.40020453, -0.78685558, -0.80373372, -1.62680193,
        1.33489252,  0.07465777,  2.26116464, -1.10858456, -0.21779068,
       -2.39420697,  0.55018146, -1.2001913 , -2.22303457,  3.17977391]), array([-3.30638262,  1.21903692, -0.06716304, -1.15406353, -1.31141542,
        0.41360684,  1.26296789, -2.58996455,  3.89199822, -1.39713975,
       -2.72097131, -2.82017623, -1.13142738,  2.76957502,  0.89783946,
       -0.90758315, -0.78388075,  4.28405115,  0.75439999,  0.33789962,
        1.2503606 ,  3.59608762,  0.66095916, -0.97907331, -2.94271227,
       -1.11244262,  2.55509806,  2.28174955,  1.3402111 ,  1.39699446,
       -1.91206667,  0.79645301, -1.64336379, -1.88220759, -1.81232767,
        4.67715724,  2.88982281,  0.67483717, -0.25819678, -1.66493406,
       -1.1951878 , -0.86416591, -2.21820575,  2.4763721 ,  0.691048  ,
       -1.31891194, -2.59971628,  0.33955425, -0.1360636 , -0.05389353,
        2.80623358, -5.59549639,  2.77001532, -2.05349621, -0.95834591,
        4.15860128,  4.33486805, -1.76172521,  0.79068529, -3.34392223,
       -0.2915954 ,  2.12478719, -3.98597586,  0.21947337, -0.3460855 ,
       -1.59135969, -0.61711751, -0.6036575 ,  1.19243038, -1.68975161,
       -2.36141912,  3.19817917,  5.42213155, -1.10593426,  2.60443279,
        0.86111875, -1.9915177 ,  4.66901194, -0.20479323, -1.0148855 ,
       -2.86487129,  1.33508772,  0.37418073,  2.22760629,  0.02470913,
        0.81198095,  3.28751494, -1.84017501,  2.56256561, -3.18538972,
        0.36232623, -2.11218881,  1.1490431 ,  1.29944552, -1.69148   ,
       -1.8159928 ,  2.63808875,  1.56492429, -1.709932  ,  4.7641972 ]), array([ -3.38276014,  -0.06858558,  -8.8811503 ,   2.25986184,
        -6.01255087,  -2.19817237,   4.92933054,  -7.71661602,
         9.36634405,  -3.5072253 ,  -5.89848645,   0.90511174,
        -7.75617446,   3.94529464,  -8.09423221,  -4.64908954,
         7.27031523,   8.17782711,   9.77551533,  -2.8008699 ,
        -4.06622327,   2.38816439,   5.06017242,  -2.50473833,
        -1.53829411,  -4.04184981,   8.60694578,  -0.61932602,
         6.86099482,   3.09362292,  -1.41083369,   7.09383666,
        -7.03477185,   0.53402972,  -6.75719221,   1.03653257,
         6.91596209,  -1.3116381 ,  -1.29411596,  -5.10595583,
        -2.40742567,  -1.5299494 ,  -6.68111232,   0.95342396,
        -6.28099347,  -0.35037124,   5.63047005,  -0.600204  ,
        -6.72085846,  -3.93432362,   4.12140018,  -3.80664877,
         6.07109916,  -6.04254106,   6.45018746,   3.9625202 ,
         2.00428703,  -6.82921865,   3.13282474,  -5.58737106,
        -4.77185942,   1.7819776 ,  -6.36586709,   5.38956536,
        -8.18841071,  -4.53925513,   4.42302632,  -0.33709892,
         4.81961975,  -8.26866164,  -3.33332921,   2.12693399,
         4.70772269,   0.42425636,   4.33567689,   4.45561884,
        -1.95114735,   4.80300998,  -0.38259577,  -4.08406714,
        -1.52851625,   5.90203149,   2.12492506,   5.92623356,
         1.95823183,   5.21399544,   7.33599731,  -0.37738721,
        -2.46988576,   0.85264589,   9.62266967,  -8.74035624,
         1.52504846,   0.08314239,  -4.32350935,  -5.31709025,
         6.02729372,  -1.81110312, -13.11918694,  11.71695982]), array([ 1.10499529,  0.03139856,  4.9323385 , -2.1701093 ,  1.58596729,
        1.21974233,  0.51891992,  6.90254851, -4.09388569,  1.92206956,
        5.01764818, -0.26354251,  3.30870241, -1.00352659,  5.89755773,
        3.98812224, -3.63658014, -2.67860553, -7.94607529,  2.03460785,
        1.30895546, -1.20891646, -2.53933601,  3.56654938, -0.85403442,
       -0.48969163, -0.91109183,  2.19751483, -2.00072459, -0.53089046,
        3.8682414 , -4.96456387,  2.41444315,  1.10175309,  2.60669269,
       -0.53148004, -2.42934174,  0.64510179,  2.4550951 ,  5.06008299,
       -0.0747324 , -0.38513326,  3.64217882, -1.94556418,  3.9223962 ,
       -2.14924317, -2.62988914,  1.20060725,  3.9092154 ,  2.3671008 ,
       -2.77349597, -0.12135464, -2.44356203,  4.58089828, -3.6252492 ,
       -1.25901606, -0.61017158,  6.16286911, -2.63246086,  5.43837835,
        2.96431434, -3.10146247,  1.2849138 , -2.161997  ,  4.32348955,
        1.90188826, -2.4548929 ,  1.78415219, -1.21578875,  3.1801547 ,
        1.21887241, -2.99129796, -0.30352926, -1.66756306, -2.93768803,
       -3.3519139 , -0.90146473, -4.63311889,  0.09779455,  1.76782742,
       -1.16541177, -4.10234482, -1.02391646, -4.75188021,  2.23075822,
       -4.88284819, -4.31824407,  0.89833304,  1.8039384 , -0.36581526,
       -3.8663569 ,  4.91394249,  0.61636691, -0.70076633,  1.44527341,
        3.88475948, -1.61452216,  0.85343013,  8.35375253, -3.76017671]), array([ 2.42867088,  0.34363157,  3.81848621, -3.34960651,  3.56502986,
        2.31154966, -1.99577534,  4.46983624, -4.27816105,  1.07922184,
        3.93527508,  1.62808156,  3.8727932 , -0.67785788,  3.59098768,
        2.44371223, -3.55490541, -3.70787668, -5.8689146 ,  2.36303139,
        0.61079282,  0.41539159, -3.3814764 ,  3.13511872,  0.23399304,
        2.44300175, -3.72017097, -0.13759667, -2.83352447, -1.37917268,
        0.85214871, -4.24192715,  3.55748963, -0.90770143,  3.21844959,
        1.85833156, -2.13481092,  0.63413012,  1.69777358,  3.67244387,
        0.40827152,  0.28841358,  1.77672911,  0.9602893 ,  3.21678925,
        1.3666054 , -3.73812985,  0.97463799,  1.3617295 ,  3.0019691 ,
       -1.3459971 ,  0.78260392, -2.00431609,  2.18794823, -5.51850796,
       -2.58007002, -1.15778804,  3.79797149, -2.39458966,  3.67501426,
        3.34413791, -0.16465366,  1.80026376, -2.21510243,  4.05775595,
        0.83842319, -3.06097245, -0.39578286, -2.82581639,  2.40121388,
        1.95511758,  0.1024262 , -2.02106476, -1.28704226, -1.54449964,
       -1.36407447,  0.91072404, -3.23482108,  0.32024398,  3.47701883,
        0.07235175, -3.32146311, -2.91311812, -3.12890339, -1.11287344,
       -3.42523122, -4.693151  ,  0.04005523,  2.0489378 , -1.1373955 ,
       -5.28511715,  5.18279839, -0.86445534, -1.57406676,  2.22484493,
        1.28617632, -3.02117085,  0.76411998,  5.40049314, -4.72975349]), array([ 0.24949604,  1.43318497,  0.49590535,  0.77280296,  1.09765259,
        0.94366443,  1.09688393,  3.19214368, -2.32604532, -0.38959137,
        3.99915058, -0.09120057,  0.42646365, -0.1815684 ,  2.47990676,
        4.79349436, -0.62788581, -0.3461283 , -2.92673113, -0.11123813,
        2.12444458, -3.40577043,  0.04346604,  4.05764017,  1.32542598,
       -0.38688962,  0.37094498, -0.38598753,  0.98138167, -1.54110023,
        2.98025202, -1.12165485, -0.31351113,  2.42013967,  2.40434156,
       -4.17135944, -2.51808077, -0.68193548, -2.68589428,  2.60010146,
       -2.33543097, -0.31889538,  3.01087008, -2.09503693, -0.5151584 ,
       -0.73495652,  2.98936448,  1.32896911,  1.70572028, -0.04544028,
       -1.94553911,  1.66931176,  0.78214683,  2.54714148,  1.16427114,
       -0.79758194, -0.41231684,  4.36722569, -1.75045105,  2.12331628,
        1.632862  , -1.97766115, -2.72362003, -2.09780586,  0.42156146,
       -1.68278896, -0.05563504,  0.15203652,  0.51525027,  0.18055529,
        0.2165107 , -2.89615879, -1.01328307,  0.44115055, -2.77930545,
       -1.22918052, -2.7527267 , -1.3360312 ,  1.91239876, -0.25801703,
       -0.02861698, -0.0556754 ,  2.18463767, -1.514014  ,  2.39214103,
       -2.52745695, -3.04946673,  1.56433358, -1.06913173,  0.33047787,
       -0.48681649,  3.56669559,  0.93733348, -3.43301394, -1.11940706,
        0.6139931 , -0.43247713, -2.89922   ,  4.10193901, -2.79466075]), array([  9.87793447e-01,  -3.74690044e+00,   2.65645321e+00,
        -3.61182590e+00,   9.27369457e-01,  -1.93893468e+00,
        -2.02491964e+00,   4.07479371e+00,  -4.50405767e+00,
         2.75167774e+00,   6.58827382e+00,   4.51324532e+00,
         4.07333321e+00,  -6.37727099e-01,   5.67102805e+00,
         3.98271359e-03,  -3.77567620e+00,  -2.64670958e+00,
        -5.96545378e+00,   1.63597115e+00,  -1.19531351e+00,
        -1.65629422e+00,  -2.07434291e+00,   5.10094514e-01,
        -1.43116764e+00,   3.74121271e+00,  -2.63593529e+00,
        -1.14291945e+00,  -3.61360534e-01,  -6.90225412e-01,
         1.75892635e+00,  -3.32854245e-01,   2.35772117e-01,
         1.99654351e+00,   2.80977252e-01,  -5.89001862e-01,
        -1.66175130e+00,   1.45567407e+00,   1.83788525e+00,
         5.26120357e+00,  -3.55590345e+00,   1.33974248e+00,
         3.70306411e+00,   1.94038705e+00,  -4.97101310e-01,
         1.55335346e+00,   4.85667613e-01,  -2.50440618e+00,
         2.27391915e+00,   3.06383895e+00,  -3.85560745e-01,
         1.16544073e+00,  -3.49764295e-01,   1.96901253e+00,
        -3.39751679e+00,  -5.75610859e-01,  -3.35785278e+00,
         7.86639917e+00,  -4.54743426e+00,   5.03479011e+00,
         1.13005213e+00,  -3.27507292e-02,   2.27217691e+00,
        -3.78675371e-01,   2.85288109e+00,   1.23184387e+00,
        -4.20374729e+00,   9.09534107e-02,  -2.97284983e+00,
         3.62261686e+00,   1.45601358e+00,  -4.47494366e-01,
        -2.62334285e+00,   8.69366310e-01,  -9.66927447e-01,
        -2.97131294e+00,   3.06358125e+00,  -2.05316335e+00,
        -1.83258200e+00,   4.54916896e-01,  -1.45076171e+00,
        -3.81793986e-01,  -2.85074410e+00,  -3.95916794e+00,
         1.55458245e+00,  -1.25275875e+00,  -4.77648203e+00,
         3.03436251e+00,   1.30451396e-01,  -1.42730920e+00,
        -2.47757320e+00,   2.08011649e+00,   9.12078796e-01,
         2.22653318e-01,   2.84152487e+00,   1.00723723e+00,
        -2.27749831e+00,  -1.14326722e+00,   3.09491369e+00,
        -2.82072734e+00]), array([ -2.05745738,  -0.79816046,  -7.49496963,   5.12194825,
        -6.51442016,  -1.76206062,   4.10802815, -12.305583  ,
        11.58954235,   0.96591982,  -8.25005317,  -4.5963238 ,
       -12.42039882,   0.77002524, -11.36241294, -10.76916927,
         8.2671258 ,   4.93452696,  13.42029616,  -3.51938068,
        -5.04757635,  -1.46273472,   7.43880599,  -4.56870058,
        -0.1409813 ,  -1.98864824,   8.2563558 ,  -2.63651596,
         4.49759343,   1.68426783,  -4.82391403,   5.79044226,
        -4.77846498,  -2.30698688,  -6.70562385,   0.23634998,
         7.25920531,   1.1451008 ,   2.42844281,  -6.98839266,
        -2.38512411,  -1.15342216,  -2.26039251,   2.70172941,
        -6.93750877,  -1.685497  ,   6.55496488,  -2.50054659,
       -12.94802343,  -4.27251066,   3.42719565,   0.21024105,
         5.37800512,  -2.66984365,   7.81627037,   4.3064966 ,
         2.48412703,  -9.95662158,   5.86613787,  -6.44092919,
        -4.77390903,   3.13473844,  -2.98226744,   4.17593583,
        -7.09728427,  -2.59083347,   2.60220797,   0.23705724,
         4.34825188,  -8.03802204,  -6.12269463,   1.83780839,
         1.76422776,  -0.61970569,   3.06413338,   5.48305628,
        -2.4365465 ,   4.5532388 ,  -0.02076333,  -3.11942465,
         0.2866795 ,   7.38068368,   5.92597216,  10.40056505,
         1.26407531,   7.06735972,   7.56999467,  -4.1694807 ,
        -3.80159612,   2.67074428,  12.37937488, -11.7327194 ,
         3.76511495,   5.8416212 ,  -1.68164966,  -3.68389482,
         3.65834603,  -3.11151117, -12.65970747,  16.22166143]), array([ -6.68862063e-01,   8.10409445e-01,  -2.71115514e+00,
         7.20143878e-01,   3.05193741e-01,   4.97516238e-01,
         3.60948480e-01,   2.48779358e-01,  -3.06436201e-01,
        -1.19480211e+00,  -2.03352722e+00,  -8.73602605e-02,
         4.64819894e-01,   5.89636184e-02,   1.21375009e+00,
         6.22763173e-01,   1.84158741e+00,  -6.13126074e-01,
         1.57048714e+00,  -1.21147359e+00,  -1.14790262e+00,
        -1.05257676e+00,   7.16210472e-01,   2.53264774e+00,
         6.88558288e-01,  -9.89368992e-02,  -8.92562549e-01,
        -9.88673630e-01,  -9.01636936e-01,  -1.25092423e-01,
        -1.17912867e-01,   1.08396169e+00,  -4.84017203e-01,
        -5.34671698e-01,   5.42220339e-01,   2.91973776e-01,
         9.14333468e-01,  -5.02252620e-01,   7.87801233e-01,
         2.42479771e-01,  -1.15429271e+00,  -1.30273874e-01,
         4.72207973e-01,   8.87192821e-01,  -1.53232564e+00,
         2.21650212e-01,   5.64454692e-01,   5.62075495e-01,
        -1.18211098e+00,  -2.73543850e-01,   1.59161387e+00,
        -6.64075814e-01,   1.41626796e+00,  -2.12401062e+00,
        -7.30454895e-01,  -2.90199991e-01,   4.04391214e-01,
         2.75186514e-02,   2.81747337e-01,  -1.31348551e+00,
         2.46244145e-01,   1.00730998e+00,   2.36644246e-01,
        -8.96104968e-01,   2.67767679e-01,  -3.18884433e-01,
        -5.03652971e-01,  -1.14482770e+00,   2.89256991e-02,
         7.49843483e-02,   2.43424850e-01,   1.23204609e+00,
         4.28621922e-01,   7.76414061e-01,   3.53582869e-01,
         1.42456170e+00,   9.96476393e-02,  -2.59281717e-04,
         7.17458100e-01,   2.09745391e-01,   1.77091238e+00,
         1.91360811e-01,  -1.38227326e+00,   6.84300544e-01,
         1.23533971e+00,   8.86627509e-01,   5.85554041e-01,
        -1.21687899e+00,  -7.89526632e-01,  -1.44610313e-01,
         6.71890063e-02,   1.06924579e+00,  -1.18023506e-01,
        -4.53157951e-01,  -1.05086039e+00,  -8.98753120e-01,
        -1.62313242e+00,  -2.68637732e+00,  -2.44596263e+00,
         3.87471758e-02]), array([ 3.52936756, -1.54923271,  0.3896311 , -2.04401996, -0.77255413,
       -0.07304767, -0.78420818,  1.26622255,  0.31015985,  1.39240756,
        2.76224602, -0.21663806, -1.46926583,  1.27325918, -1.27645391,
       -0.47846625,  1.36403065, -2.25401349,  0.58193928, -1.25187987,
       -1.42422409, -0.67703295, -1.72307944,  0.73702265, -0.46919864,
       -0.51394472,  1.05102096, -1.58216139, -2.63127332,  0.94159497,
       -0.79488664, -2.64244404, -0.39953595, -0.83673403,  0.82527105,
        0.14559254,  0.5648043 ,  3.08098646,  4.08260601, -0.69154676,
        2.52482459, -1.48696565,  0.567936  , -4.40568757, -0.19331439,
       -0.77469528, -1.41899287, -2.75791633, -3.24049198,  0.1386177 ,
       -1.60147585,  1.30092523, -1.06626388,  0.93652975,  0.21923118,
       -4.16693609, -3.14302376, -1.73674357,  1.98232236, -0.17142222,
        0.76368528,  0.21631786,  1.08020843, -1.54252752,  0.30228441,
        1.34971362, -2.14920492, -0.94857556, -2.06934212, -1.79314538,
       -0.26969604, -0.92722835, -2.58569453, -5.06709293, -0.64521229,
       -3.55503065, -0.38566333, -2.51153017, -0.67584403,  0.10842876,
       -0.40282928,  0.24995999,  0.51119723, -0.66040405,  2.30103471,
       -1.60797642,  2.08104596, -1.84294037, -0.31709186,  1.77481209,
        2.09809079, -1.35823029, -0.91975013, -1.67234593, -0.21423851,
        1.10334718, -2.81009955, -0.07653317, -0.34739652,  0.47498654]), array([ -5.50827769,  -1.85821465, -11.33450693,   6.35321087,
        -8.33778843,  -3.05679568,   3.65496734, -12.58240642,
        12.13415928,  -1.84760753, -11.59896559,  -3.80507758,
       -12.30348772,   3.32288541, -12.17192048,  -9.98265188,
        10.74909247,   7.9119549 ,  16.02921712,  -5.10570208,
        -3.72529579,  -0.83857815,   8.68759269,  -6.10573368,
         2.2841279 ,  -2.94234953,   8.3374166 ,  -4.14022421,
         6.45612787,   0.86377626,  -5.05224333,   8.28678919,
        -7.26925081,  -1.78858951,  -9.69564298,  -3.44935518,
         7.04945937,  -0.30723202,  -1.82149005,  -7.30523808,
        -2.02918697,  -1.21956057,  -3.92880078,   1.59995504,
       -10.58098288,   0.19672365,   9.28289452,  -1.55417167,
        -8.55604469,  -4.69575457,   5.59740203,  -2.3846083 ,
         7.27546575,  -5.68789083,   8.68205462,   5.52578325,
         2.75121239, -12.11506904,   3.46328387,  -8.01383447,
        -7.19522061,   3.28003201,  -6.18338508,   3.6107208 ,
       -10.20740243,  -3.15116362,   4.33232733,  -1.44323501,
         7.45120385,  -6.67817693,  -5.74502974,   2.24966703,
         4.38869824,   1.07589886,   3.94633371,   6.14898544,
        -4.37382077,   6.01478263,  -1.61163385,  -4.59139672,
        -0.48239413,   9.22759897,   7.64819481,  10.0639001 ,
        -0.89266478,  10.37404325,   7.5352448 ,  -3.09249767,
        -2.85319912,   3.38004927,  14.5397721 , -14.05861721,
         0.38977219,   5.81225469,  -3.0024221 ,  -5.40940741,
         5.2747949 ,  -3.84611048, -17.65566075,  14.5360918 ]), array([  2.93654106,  -0.90387179,   4.71359904,  -2.84303295,
         3.15714948,  -0.89632802,  -4.52852151,   6.92762088,
       -10.61674528,  -1.1377246 ,   4.5181459 ,   4.20698969,
         9.87509619,  -3.07319878,   6.42821869,   4.4317488 ,
        -6.44577596,  -7.29825041,  -8.53272073,   0.66179834,
         2.23917377,  -1.66843188,  -3.54166524,  -0.36175704,
         1.25707561,   0.97457825,  -5.32272767,   0.3681751 ,
        -1.9582236 ,  -0.43826793,   5.83218618,  -4.00616775,
         6.9686927 ,   3.21738556,   3.46742888,  -1.74272943,
        -4.30538416,  -0.99394193,  -0.13656729,   6.70545324,
         2.88928254,   2.26059091,   1.25497993,  -5.90001285,
         5.26469249,   3.46924051,  -2.50894348,   1.08897859,
        11.02152847,   2.69666712,  -2.02793194,   2.34147729,
        -6.76978234,   4.43498609,  -3.58286871,  -0.16846023,
        -5.212399  ,   5.83565086,  -5.52265943,   6.04259499,
         1.94815554,  -5.31270495,   6.63082278,  -2.39439244,
         4.05653935,   6.84764397,  -1.56675579,   2.77720242,
        -1.84266815,   8.21783987,   5.92169678,  -1.58156223,
        -3.99918961,   0.98217519,  -1.39431173,  -1.71382994,
         0.24516487,  -8.06319058,  -1.41433432,   1.09355496,
         1.78798993,  -5.91054027,  -1.76574126,  -9.3910376 ,
        -2.36882484,  -7.36966575,  -7.82782539,   3.5074971 ,
         4.55354878,   1.55479493,  -8.26993225,   5.28602157,
        -5.57217563,   1.28411886,   1.40062079,   1.17619288,
        -1.18980366,   2.95698544,   8.39405529, -12.39920281]), array([-1.83835205,  1.10857894,  0.20285033,  1.01627224, -1.38592491,
       -0.84012115,  0.74565324,  1.85775155, -1.32954409,  0.25646714,
       -0.02891769, -2.67473479,  0.65204039, -1.97010606, -0.26996873,
        1.19859714, -3.26736813, -0.31416704, -1.59439723, -0.22864986,
        1.87356176, -1.56038476,  0.06216191,  1.97534625, -1.303605  ,
       -0.77707916, -0.83527058,  2.92187025, -3.18428217, -0.53180333,
        3.44076145, -4.45535295,  2.69249124,  1.42567749,  2.78442626,
       -2.12188253,  1.47397329, -3.68014442,  2.07381255,  1.69345952,
       -1.31976631,  0.09044955,  3.78791058, -4.90403294,  4.07939511,
       -0.0317221 ,  0.40306437,  1.73646725,  3.58512172, -1.50757014,
       -1.8108661 , -0.20865712, -2.30624701,  4.1631785 ,  1.37751721,
        3.62472766,  2.56302495, -3.89323213,  1.1745203 ,  1.98455204,
        1.59886348, -3.10960773,  0.86865073, -2.04935341,  3.11368855,
        1.45724181,  0.67323746,  4.54014588,  1.14079818,  0.17645693,
       -0.40585323, -1.43939759,  4.39386485, -2.42996318, -0.95870257,
       -2.52226805, -1.11673172,  0.69159241,  0.99811666, -2.13199411,
        0.96403178, -0.24129742,  1.98277525, -3.36512065,  1.28010978,
       -1.75468456, -0.86541821,  3.19119759,  3.24366625,  0.54911274,
       -3.90388568,  2.33758318,  2.07453008,  3.14937593,  0.3554831 ,
        1.70045401,  2.02885732,  1.41636407,  4.83181092, -2.44042511]), array([-0.49986002, -1.68370832, -0.51262248, -2.06117138, -1.80139206,
       -4.19069743, -2.160042  , -2.4322314 ,  0.90998318,  1.16502049,
       -1.95075274, -1.91575118,  2.12595521, -0.17755007,  6.37497685,
       -2.65498926, -1.52980546, -2.10533492, -1.08265427, -0.38035764,
       -3.39456639,  2.03817621, -3.09062542, -2.089622  , -2.10100425,
        1.8308167 , -1.0143897 ,  2.042126  , -3.28940759,  3.40504093,
       -2.81837324,  1.73298088, -2.83500647, -1.18198228, -0.41542761,
        4.48847992, -1.04176675,  3.30223652,  5.34649125, -0.66307059,
       -1.73523832, -0.58095642,  1.83484235,  3.83353982, -1.00297073,
       -2.50469598, -5.6358024 , -6.37581585,  1.3957685 ,  0.75124313,
        2.36110356, -2.42007727,  0.3990499 , -3.4929024 , -4.08207883,
        0.74499179,  1.76237453,  2.59290075,  0.46174229, -1.62502166,
       -0.50395435,  4.82716812,  1.21858798, -0.3106883 ,  3.44258685,
        1.86670484, -3.58895319, -3.61893357, -1.8920773 ,  1.7225328 ,
        1.29809862,  3.39127817,  3.28763497, -0.67214542,  3.02394372,
       -1.52269229,  4.10743716,  2.36700385, -1.08496886,  0.12797736,
       -0.13505843,  0.19993618, -1.65414675,  0.53074097,  3.093852  ,
        0.95833092,  5.86357648, -2.79265406, -1.09419702, -4.56467538,
        0.20370708, -1.50528074,  1.14868407,  1.8359849 , -0.8532512 ,
       -0.11393677, -4.51062406, -1.30094235, -0.65900981, -0.15367002]), array([  2.61969283e+00,   3.68465469e+00,   4.14826995e+00,
        -4.88824197e+00,   9.24989762e-01,   6.73641041e+00,
        -1.91068640e+00,   2.59356349e+00,   8.10681556e-01,
        -1.89528027e+00,   3.22317709e+00,  -1.54684925e+00,
         3.66865170e+00,  -4.05186366e-01,   1.41064182e+00,
         5.47394410e+00,  -8.42270705e+00,  -5.55544539e+00,
        -2.11539805e+00,   1.00534735e-01,   3.97226018e+00,
        -4.04970194e+00,   9.76100524e-01,   1.62748872e-02,
         5.02735787e-01,   1.45977021e+00,   1.13448580e+00,
        -1.42221342e+00,  -1.87774538e+00,  -1.81182581e+00,
         2.06558251e+00,  -3.54320072e+00,   3.36228209e+00,
        -1.43936198e+00,   3.00798071e+00,   4.37433671e+00,
        -1.37924222e+00,   1.47294348e+00,   1.34789135e+00,
         4.94793282e+00,  -3.44130173e+00,  -9.71125283e-01,
         5.90106281e+00,  -5.63732674e+00,   1.96764226e+00,
         3.42627367e+00,  -1.47838902e+00,   1.92246340e+00,
         5.28879426e-01,   3.10131061e+00,   2.34062459e-02,
        -1.55504798e+00,   2.53200836e+00,   3.88227482e+00,
        -5.49076479e-01,   1.28778557e+00,  -3.12807282e+00,
         1.03798191e+00,  -2.28205376e+00,   2.43822291e+00,
         1.44979453e+00,  -2.31087584e+00,   1.96807271e+00,
        -4.11332576e+00,   5.98394774e+00,   3.53700455e+00,
        -6.24991693e+00,  -1.84274946e+00,  -6.29942792e-01,
        -1.84085342e+00,  -2.47641204e+00,   4.26664950e-01,
        -3.34300907e+00,  -2.01959928e+00,  -2.31535605e-01,
        -3.18488132e+00,  -2.86812927e+00,   1.01878718e+00,
        -1.24125356e+00,   1.93555899e+00,  -2.06821235e+00,
        -3.43855170e+00,  -1.28072019e-01,  -5.63266661e+00,
         1.85670919e-01,  -4.36308785e+00,  -4.18995659e+00,
        -2.79179405e+00,   7.04992418e+00,   6.90518332e-01,
        -2.70714140e+00,   3.88224817e+00,   6.76722595e-01,
         4.12944021e-03,   4.80776016e+00,  -2.47476976e+00,
        -3.30959592e+00,  -7.71246123e-01,   5.48649936e+00,
        -2.75707834e+00]), array([ -2.9925042 ,  -5.01780367,  -9.43840239,   2.77805833,
        -8.83188129,  -4.86746459,   0.85908373, -10.19420556,
        12.69492916,   2.00700084,  -8.4671995 ,  -3.11649216,
       -11.82852926,   2.27745924,  -9.1593898 , -12.15946372,
         7.92830187,   3.96599488,  13.37635916,  -4.2350276 ,
        -7.37934298,   1.35463574,   4.74039193,  -5.38937172,
         0.36689632,   0.71373138,   4.60973192,  -3.07810299,
         1.75949484,  -1.31354251,  -4.72368787,   4.61468183,
        -3.96873611,  -1.73145147,  -8.12655923,  -1.34344522,
         4.44103684,   1.04585432,   4.96945604,  -5.66741161,
        -3.3339176 ,  -0.47796089,  -0.6357914 ,   2.21181641,
        -6.56460233,  -1.21970858,   7.42468213,  -4.57263711,
        -8.44901545,  -4.04096079,   2.60094415,   0.16922006,
         2.15033178,  -1.78171971,   3.85772944,   1.34130731,
         2.29657722, -10.2663782 ,   4.75894829,  -6.12279239,
        -5.13836832,   3.4897445 ,  -4.02476073,   3.3336941 ,
        -6.32812754,  -0.59459159,   2.82827457,  -1.55294725,
         4.3862733 ,  -5.49479318,  -4.40755456,   1.59329242,
         5.22189199,  -1.13678662,   4.17446098,   1.9310838 ,
        -1.14613184,   3.87782321,  -2.54066045,  -3.79051437,
         4.10712991,   8.24606082,   5.15992251,   8.58873098,
        -1.40822259,  10.50009308,   8.52738226,  -1.7399624 ,
        -3.3285683 ,   2.6646249 ,   8.13922455, -11.47791496,
         2.70239572,   6.84113597,  -0.07656709,  -3.0142213 ,
         1.51865016,  -0.83748194, -14.56788864,  12.78001481]), array([ 2.00217924,  1.85034255,  2.58742994, -1.56948613,  2.57520205,
        1.97463436,  1.63718903, -0.43965988, -0.95059785, -0.56973477,
        1.42686394,  1.72049267,  1.54919691, -2.01890729,  1.79661081,
        2.60698422, -2.02980021,  1.40167078, -2.34172512,  1.27041276,
        0.10950193, -0.637821  , -0.8619272 , -0.89716652, -0.47793583,
       -0.48711525,  0.74200724,  3.64858526,  0.46163583,  2.26096039,
        0.34678311,  2.08196425, -0.66983691,  0.64508791,  0.23064409,
        2.79697158, -2.83065451,  0.83037934, -1.27597799, -1.51024323,
        1.67236707,  1.18585148, -2.43718341,  1.94610674,  0.73023167,
       -1.69136324, -3.45653202,  0.75541654,  1.49971461,  1.88570471,
        1.43413812, -0.42712877,  1.53375029, -2.23043549, -0.36990811,
       -1.56665336, -1.75394446,  4.52244022,  1.18545473, -0.90267745,
       -0.88370741, -0.04946585,  3.15893085,  2.33541518,  0.8478682 ,
       -0.21630676,  1.21149502,  0.5931221 , -0.08158246,  0.35891845,
       -0.0108716 ,  1.01405071, -1.81145662,  0.92143189,  0.92688636,
       -0.42277501,  2.49165184, -0.63351355, -0.50718526,  0.79332606,
       -0.17583297, -1.74739869, -3.87860145, -0.2387059 ,  0.92174771,
       -0.47373683,  2.02758475, -1.50554796, -1.72674617, -0.25165513,
       -0.54010925,  1.3512178 , -0.25320793, -1.94075992, -1.31877202,
        0.32277293, -0.49650931,  1.23794285,  2.25421718, -0.3397968 ]), array([ 1.67610924,  0.11348738,  4.42158349, -0.22181378,  1.1094375 ,
       -1.38321299, -4.1057489 ,  6.38591771, -5.20880349,  0.94864277,
        6.82431627,  2.2491316 ,  2.69588511,  0.69422007,  6.47657317,
        1.57930638, -1.2560055 , -1.92166212, -5.25932079,  1.54138511,
        1.53848467,  1.22198335, -1.85584876,  3.51890396, -2.38244647,
       -1.32447589, -6.63868428, -2.67738553, -0.26417465, -0.860172  ,
        0.98234215, -2.73198176,  1.39664581,  1.62900988,  4.6422726 ,
       -2.30574727, -1.3088148 ,  0.37413878,  0.39883186,  3.80434367,
        0.71125732, -2.09921816,  2.30961864, -3.76950553,  2.9605241 ,
        2.09272132, -1.70034927,  0.44083978, -0.72081754,  0.20125295,
       -0.04325766,  3.72189079, -4.05397982,  6.21543682, -1.55199703,
       -4.82835098, -1.53674951,  5.89448687, -2.31323601,  5.34009037,
        1.75261359, -0.88558055,  0.46979433, -3.61138329, -0.54370235,
       -1.01439665, -1.76624977, -0.05862877, -3.42874575,  5.94334787,
        2.14342209, -3.00083332, -4.74145283, -3.32003026, -6.42922641,
       -3.81224973,  0.48416569, -4.34840482,  0.56060526, -0.74534279,
        1.20944418, -1.32471161,  1.05830932, -1.3601506 ,  2.3825917 ,
       -6.81670669, -5.20091561,  4.34939504,  2.74757015,  1.81066599,
       -1.55249857,  2.98519524, -3.2288501 , -3.90953714,  1.75777515,
        1.57037821, -0.82194546,  1.74872111,  6.09074233, -6.63473557]), array([ 1.75559326, -0.18692208, -2.55312947,  0.74960083, -1.45163373,
       -0.78872937,  2.99457729, -6.23328815,  3.97677223,  0.23020349,
       -5.08518573,  1.76187303, -6.24823636,  0.92971214, -8.06466063,
       -4.16264115,  3.73166338,  4.90303063,  9.05527559,  0.20739877,
       -3.07128795, -0.1159611 ,  2.22900902, -4.46231315,  1.82341649,
       -1.45158786,  3.92359057, -1.10947853, -0.59639147,  2.62340193,
       -6.20744548,  7.73659118, -3.25057311, -4.70911107, -4.67386117,
        4.75689443,  2.26341469,  1.23488691, -2.37895091, -6.05493344,
        1.60390807,  1.40457965, -7.94926202,  4.6467222 , -2.78232801,
        1.40653725, -1.2761677 , -1.27447422, -4.03376475,  0.25763446,
        4.00451818,  2.7007122 ,  7.29704015, -9.53521038,  1.05656787,
        2.47640541,  2.08888382, -1.32967854,  1.60350641, -6.20496023,
       -7.42179521,  4.83134881,  1.22148612,  3.45195362, -2.86357658,
        0.70295453,  3.79609924, -2.67116713,  0.80537733, -4.21131586,
       -4.28629365,  1.31044767, -0.53494098,  1.62255828,  5.02143304,
        3.8613612 ,  1.87324522,  2.91105168,  0.74010144,  2.52699518,
       -2.8741441 ,  1.70653183, -2.39397236,  6.80978763, -3.37473686,
        6.39105325,  5.46485895, -5.28301423, -5.93192459, -1.04422056,
        9.37403685, -7.61133086, -1.32370887, -1.29848925, -3.02841658,
       -1.85226344, -0.38209406, -0.4420073 , -8.90665185,  4.72700166]), array([ 5.01424179, -2.78791514,  0.82357143, -2.03189784, -1.30147773,
        0.67672447, -4.57271747,  5.54385739, -5.08417023,  1.03160106,
        3.41194495,  3.10051479,  6.28854805, -0.45946343,  3.45333803,
       -3.05345893, -0.79094095, -2.77990882, -2.74466222, -0.50112103,
       -1.62715268,  0.97639725, -2.14293455,  0.21662166, -4.2112294 ,
        2.05217346, -3.77246137, -1.45154703, -4.5095959 ,  0.75917079,
        3.45637915, -5.50246761,  3.55775517,  3.98568765,  2.65150921,
        0.39201275,  3.08631248,  0.74384067,  7.58664784,  1.29140412,
        1.16620545, -2.10771542, -0.48372403, -6.20469732,  3.95622463,
        6.37131307, -2.09508701, -0.59314615,  0.3143854 ,  2.35430429,
       -1.79487472, -0.12883367, -5.33828267,  0.98390598, -2.25409757,
       -5.10626333, -4.90548188, -0.84784254, -0.24956015, -0.99651265,
        0.34374676, -4.08495623,  4.81972421, -1.97373235,  0.92028738,
        4.91809728, -2.39792629,  1.23486511, -3.81618249,  2.61575404,
        5.52657044,  1.1023783 , -3.05402856, -4.80416766,  2.26256562,
       -3.78366491,  0.93102675, -9.47725054, -0.72041807,  0.53822465,
        1.35629614, -1.9760749 , -3.4842858 , -3.01290198,  1.01302402,
       -4.66550745, -2.76308543,  2.40238479,  4.77050109,  4.3244998 ,
       -5.78705158,  2.15061863, -6.77069673,  1.17941338,  0.80858369,
        0.74015828, -3.59358836,  3.91569777, -0.32558275, -3.23449891]), array([-0.512258  ,  0.22020391, -0.81307958,  2.88025143, -3.03422413,
       -2.91958962, -2.70453188,  1.59372456, -1.29833986, -0.19428187,
        0.15546806, -5.20442166,  3.1407852 , -1.14657873,  0.90182814,
        2.60391497, -4.08748168, -4.12642496, -4.03334875, -0.57826094,
        1.30901183,  0.7124701 , -4.30920513,  3.02590347,  2.35470805,
        0.77776539, -3.58137777,  1.08748387, -3.12329855, -1.60499074,
        3.145834  , -6.28030175,  2.5321012 ,  4.11791344,  4.76784527,
       -4.93072387, -3.30964884, -3.09096719,  2.16542937,  2.12493492,
       -0.98315003, -0.99970015,  7.45080147, -6.59237493,  3.26346312,
       -1.91448616,  0.05125086, -1.75696054,  4.75517619, -2.32505172,
       -4.04136762,  1.81863361, -6.81589826,  8.53228625,  2.36977253,
        0.21949861,  2.66797506, -3.11182519, -1.95595808,  6.33630152,
        4.85198746, -3.48776914, -0.73978205, -2.50403419,  2.71737224,
        1.74892575,  0.11157195,  1.42716183,  2.80001276,  2.58367056,
        4.49673034, -3.47254735,  3.54534971, -2.3348738 , -3.95917081,
       -4.53460387, -2.51709207, -1.52963417,  0.48194279, -2.4354041 ,
        2.19062635, -0.87087117,  8.0191748 , -4.07720984,  0.08220422,
       -3.74392256, -2.64340911,  4.18332485,  3.09426868,  0.02872879,
       -6.34450974,  4.80868883,  1.68691355,  1.35269209,  1.06728752,
        2.0945932 ,  0.73520083,  0.09469215,  8.86545503, -7.54468709]), array([ -2.82948222e+00,  -8.53766157e-03,  -6.33102728e+00,
         6.19104253e+00,  -1.86193556e+00,  -1.60382912e+00,
         5.51883920e+00,  -8.58437889e+00,   6.61329394e+00,
         5.92756275e-01,  -7.12892039e+00,  -1.79347794e+00,
        -5.60643558e+00,  -1.12315127e+00,  -1.08679790e+01,
        -4.56094790e+00,   7.02328592e+00,   6.46041472e+00,
         1.22187334e+01,  -3.89989010e+00,  -1.67344854e+00,
        -5.86900230e+00,   5.09642829e+00,  -4.27029618e+00,
         4.85502509e+00,  -1.17315937e+00,   5.00985297e+00,
        -9.00450530e-01,   1.42920260e+00,   2.58372444e+00,
        -1.10288319e+00,   7.80049614e+00,  -6.10502451e+00,
         1.23906048e+00,  -3.72380770e+00,  -1.51333739e+00,
         3.71382254e+00,  -2.52129373e+00,  -5.05488737e+00,
        -8.89327546e+00,  -1.41512499e+00,   1.93826057e+00,
        -5.10922827e+00,   9.33964809e-01,  -8.23211923e+00,
         1.51717909e+00,   6.59302699e+00,   1.46893528e-01,
        -2.97843646e+00,  -3.57893263e+00,   1.81042221e+00,
        -1.25805181e+00,   8.70672436e+00,  -9.46463575e+00,
         1.01300708e+01,   4.73073589e+00,   1.62005223e+00,
        -9.92201602e+00,   4.57744787e+00,  -8.54666531e+00,
        -3.85907069e+00,   3.18519005e+00,  -4.63919004e+00,
         2.11854287e+00,  -4.51469577e+00,  -2.93484430e+00,
         5.62303486e+00,   9.14604139e-01,   5.61619271e+00,
        -4.70628194e+00,  -2.39256427e+00,   5.46761099e+00,
         4.22700395e+00,   4.51740581e+00,   2.55942882e+00,
         4.99054817e+00,   2.12231673e+00,   7.35247280e+00,
        -3.29332241e-01,  -2.85841877e+00,   1.23181523e+00,
         6.94172682e+00,   2.33228481e+00,   3.59285534e+00,
        -1.31633106e+00,   9.30121269e+00,   6.61611970e+00,
        -1.51799246e+00,  -7.06555418e+00,   2.56040833e+00,
         1.09415183e+01,  -6.32296108e+00,   1.98129578e+00,
         2.63931257e+00,  -5.86081199e+00,  -5.04251654e+00,
         1.31950318e+00,  -4.96618227e+00,  -9.72342842e+00,
         7.05353920e+00]), array([ -2.02170749,   3.90369352,   9.16759763,  -1.50673821,
        11.38321029,   4.36210916,  -0.08135703,   8.37095429,
        -6.09782048,   2.82655402,   6.51172893,   1.63658602,
         7.10644963,  -2.81538161,   7.29917193,  11.01003124,
        -8.37566503,  -2.47855633, -11.74622872,   6.0900733 ,
         4.71039189,  -3.20349224,  -4.17726264,   2.81982591,
         3.82802829,   2.77927494,  -4.57477271,   0.79254352,
         1.19705639,  -4.36083452,   3.36859279,  -1.21188608,
         3.20735266,  -0.28782988,   3.19483806,   0.44420096,
        -7.80211192,  -0.69065824,  -6.952855  ,   5.30343224,
        -0.33663587,   7.93195329,   1.86475218,   4.51143987,
         1.49749705,   1.27384418,  -3.75937892,   4.55672571,
         8.13931745,   2.72823212,  -5.07706185,   1.93202678,
         0.92835539,   1.70518438,  -8.18429456,  -2.30708555,
        -2.12754558,  11.34411925,  -6.93616034,   7.19867315,
         3.92364305,  -0.04783655,  -2.2967541 ,  -1.28043348,
         5.34718033,  -1.41651461,  -1.94325342,   1.02605934,
        -1.8684823 ,   5.77068622,   0.33502742,  -0.19765445,
        -5.27234454,   4.66484732,  -7.58425468,  -0.36132103,
         2.78963459,   0.4809487 ,  -0.44846822,   5.97452554,
         0.37248136,  -5.38563212,  -5.6412157 ,  -6.25861565,
        -0.0902343 ,  -3.25397733,  -8.64930935,   3.38812021,
        -3.29396543,  -2.1930868 ,  -6.90822305,  12.10922109,
         1.60303307,  -3.89834764,   2.23664055,   3.56003558,
        -1.28682144,   1.21373557,  12.92382438,  -7.83110638]), array([ -1.29582465,  -0.97885831,  -3.68272285,   3.59361999,
        -1.47851541,  -2.91607039,   3.67810597,  -2.3342731 ,
         1.80117279,   8.38973405,  -0.63075405,  -1.1566203 ,
        -5.76150118,   0.08042274,  -6.3823163 ,  -3.64138422,
         4.15285044,   5.14594271,   2.82170136,  -0.67195284,
        -2.86005667,  -5.93173453,  -1.65757739,  -1.05783266,
         6.1712031 ,   1.55423608,   4.35500208,  -2.79122023,
        -1.60306364,  -1.22570305,  -0.63839068,   3.24043941,
        -0.55672322,   4.03964998,  -5.72898951,  -6.17859726,
         0.50345098,   0.97554898,  -4.02293078,  -2.07505012,
        -2.49345856,   3.03252753,   0.05072425,   7.68495438,
        -6.07759337,   0.66546994,   5.85168109,  -0.69153201,
        -1.26662402,   3.1604991 ,  -0.56029584,   3.13469973,
         6.6962258 ,  -1.31499059,   3.94307133,  -0.16371583,
         4.00496265,  -1.60218951,  -0.32202482,  -3.5234712 ,
         0.44224931,  -0.68907911,  -5.97485677,   0.51065902,
        -2.35141176,  -5.52971859,   2.40737854,   3.99813234,
         5.0577122 ,   1.69864266,  -1.73529282,  -2.79118212,
         2.83521613,   1.66453509,   0.29421668,   2.26982256,
        -0.24710439,  -1.60110168,   3.09981179,   1.52348475,
        -2.23206898,   4.83461854,   5.36539799,   5.59975586,
        -0.66334498,   6.9649274 ,  -2.15228459,   1.32379841,
        -7.91677627,  -1.45948626,  10.27848867,  -0.69543176,
         2.49165208,   0.21387851,  -6.04569564,  -0.64050458,
         0.53071171,  -6.72209085,  -2.95250191,   7.4565925 ]), array([  5.25761064,   3.67662014,  18.24322483,  -8.63543376,
        14.94237725,   5.90578777,  -7.97302369,  20.4596471 ,
       -23.544073  ,   3.65722998,  21.35161401,   0.35348434,
        19.49743241,  -2.35868013,  23.89401804,  18.22151157,
       -17.96965268, -12.96107267, -30.39637824,   9.36905171,
         8.36571043,   0.0907023 , -12.37109219,  17.40845606,
        -2.38682901,   6.3757467 , -17.0359133 ,   1.38925458,
        -9.21026282,  -6.76940835,   4.41878072, -15.78993403,
         9.63302007,   0.81784142,  16.77157554,  -0.15085138,
        -9.69635748,   2.53230016,   0.33798278,  19.24749912,
        -4.09688825,   1.61378492,  16.42600016,  -0.47093699,
        12.63086944,   3.23345595, -13.22792587,   1.16553984,
        12.23647824,   9.47359315,  -6.3184248 ,   4.0272713 ,
        -7.29110078,  13.17847315, -16.34282377,  -5.57557169,
        -1.9769943 ,  23.40494298, -11.68833626,  19.28716371,
        14.07495961,  -2.67661454,   3.19159949, -13.35008509,
        18.23134108,   0.26363214, -15.66067003,  -1.51943253,
       -12.30378735,  14.23693613,   6.47624986,  -4.93414999,
        -7.6782225 ,  -4.031826  , -13.08748411, -11.34241282,
         0.85470086,  -7.19914857,   4.71702078,   7.63795721,
        -3.78349608, -10.64961218,  -3.04399564, -13.01098245,
         6.43591738, -20.91138373, -19.68562094,   4.92489927,
         6.30189201,  -7.50169287, -21.66533578,  24.72488925,
         0.74184091,  -8.87988482,   6.65697657,   8.67407923,
        -8.33114398,  -1.09361049,  31.16183269, -24.47216435]), array([  1.14350285,   1.98941307,  11.40458723,  -4.39379845,
         7.38736923,   0.79963948,  -5.11038727,   8.80167805,
       -12.04477714,   2.22245749,   7.70236996,   1.34235228,
        12.92647191,  -2.48217129,  14.21512038,   9.14088509,
        -6.9750067 ,  -6.71036735, -13.08700324,   3.99118053,
         6.38799662,   0.48363913,  -6.20792293,   6.04937311,
        -3.28818931,   3.18550208,  -7.95399384,   2.65395419,
        -5.17487848,  -1.39556417,  -0.73464437,  -4.14385081,
         2.07660584,  -0.70845715,   7.82535596,   2.07009561,
        -5.55402285,   1.05737694,  -2.16007996,   6.42124322,
         1.84813819,   0.93475139,   5.20604358,   3.06718134,
         5.91893337,  -1.18836042,  -9.38189054,  -1.5672078 ,
        10.67186999,   2.9554051 ,  -2.96029897,   0.50577946,
        -2.10586499,  -0.22124415,  -8.27404094,  -1.73934092,
        -0.67004864,  10.58528921,  -5.0682948 ,   6.75797945,
         5.55630607,   1.86853109,   2.55609631,  -6.61286836,
         9.29784768,   3.02661987,  -5.99789711,  -4.01916765,
        -8.89735179,   8.26104664,   4.48834331,  -0.63268726,
        -3.03637631,  -0.03446511,  -3.48900743,  -4.07702721,
         3.04514333,   0.38179464,   0.68899377,   3.90072402,
        -2.51550602,  -4.83622061,  -4.84544964,  -6.85559086,
         1.36180801,  -7.9882644 ,  -7.16580321,   0.95179412,
        -0.21650887,  -4.9042839 ,  -7.79832272,  11.82084067,
         0.59064352,  -5.98245414,   1.40847373,   5.2061661 ,
        -5.95770138,  -2.60933251,  15.12520314, -14.22477358]), array([ -6.50546674e+00,   8.13912497e-01,  -4.71534734e-01,
         1.90673363e+00,  -6.28965646e+00,  -3.04273433e+00,
         3.14832825e+00,   1.73218261e+00,   1.21685702e+00,
         2.19029245e+00,  -1.72984973e+00,  -5.07865118e+00,
         8.62621063e-04,   1.71739397e+00,  -6.54313393e-03,
        -8.23349437e+00,  -2.82752948e-02,   4.35460839e+00,
        -3.97951174e+00,   1.34232824e+00,   1.31559761e+00,
        -7.46474517e-01,   3.50181524e+00,   3.37274033e+00,
        -1.29694056e-01,  -7.60699366e-01,   1.52505677e+00,
         3.52445316e+00,   8.85562007e-01,  -3.92796368e+00,
         6.63062759e+00,  -3.52327007e+00,  -2.25831113e+00,
         1.11821182e+00,  -6.41445881e+00,  -6.52437607e+00,
         4.16743490e+00,   2.34690275e-01,   4.37311830e+00,
         2.31092143e+00,  -5.00428624e+00,  -5.56177322e-01,
         7.17061939e+00,  -2.83364147e+00,   5.18829721e-01,
        -4.88155110e+00,   7.48328593e+00,  -3.67425710e+00,
         2.15805133e+00,  -1.53301074e+00,   1.19904254e+00,
        -6.24335580e+00,  -1.70266995e+00,   1.27959634e+01,
         5.31391355e+00,   2.85243099e+00,   1.96935081e+00,
        -1.11523171e+01,   2.98331716e+00,   8.35379168e+00,
         1.46670546e+00,  -4.08902670e+00,  -5.22072388e+00,
        -6.96497435e-01,  -6.52206047e-02,  -1.19870194e+00,
         2.35318205e+00,   3.51498889e+00,   8.19915111e+00,
         5.62379505e+00,  -1.42617038e+00,  -9.08169829e+00,
         1.18768668e+01,  -9.98087081e+00,  -4.52781453e+00,
        -1.06224871e+01,  -8.95701218e+00,   8.18790916e-01,
         1.77907562e+00,  -4.87694591e+00,  -3.60727016e+00,
         5.01333564e+00,   9.94931630e+00,  -5.21753501e+00,
         1.99130652e+00,   1.06890855e+00,  -2.77956811e+00,
         7.91552951e+00,   5.00402116e+00,  -2.87933262e-01,
         6.76687673e-02,  -2.17987968e+00,   6.57731583e+00,
         4.15251079e+00,   3.68458850e+00,   5.02726884e+00,
         1.01495288e+01,   2.53752846e-01,   3.19126670e+00,
         9.94046085e+00]), array([-1.12319692,  1.47313194,  5.64206832, -0.57708358,  6.7266227 ,
        3.35071333, -2.19164296,  4.63010947, -6.99781784, -0.31218566,
        3.92672267,  2.3160458 ,  8.77731204, -2.49736391,  5.78464723,
        8.62613741, -6.88633891, -1.94577152, -6.12211967,  3.51630025,
        5.26920251, -2.52735051, -3.10055713,  2.35243796,  1.55244969,
        2.27333377, -3.09100402,  0.05168484, -1.50042665, -0.87536299,
       -0.89461217, -0.05359873, -1.15861993, -0.52703786,  4.83905826,
        1.59089056, -4.43542389, -1.92780977, -5.78410865,  0.28459464,
        3.18525446,  4.96488309, -1.04815454,  0.91785854,  1.59165027,
        0.48374866, -4.6383629 ,  1.68672159,  5.9274022 ,  1.92966579,
       -0.98471121,  0.02210291, -0.22148492, -3.08033139, -4.50521831,
       -0.71257104, -3.66195949,  6.83489477, -5.35821144,  1.85873233,
        1.05894723,  2.69206227,  4.51438333, -1.85173695,  4.87911159,
        1.87518586, -1.69803788,  0.07237476, -4.29643248,  2.43115557,
        1.50020352,  0.59258926, -5.21531809,  0.86859391, -1.52677201,
       -1.60817709,  3.05718582,  1.11819323, -2.00035914,  3.42319097,
       -1.53809489, -3.65693534, -6.56794625, -5.78955907, -0.66535725,
        0.32964062, -4.14226004,  1.46947247,  0.5622998 , -0.62472337,
       -4.73043637,  7.32177467, -1.55904889, -3.04450181,  0.1795352 ,
        2.31489715, -0.83464509,  0.97160369,  8.73727956, -8.83022112]), array([ -3.15482755,  -2.44683682, -13.1879279 ,   7.46860175,
       -10.21557949,  -7.9261087 ,   2.39025994, -14.68076487,
        13.29596033,   1.83957371, -11.17064549,  -7.34793937,
       -12.59555109,   4.1087772 , -20.25464915, -14.01475656,
        10.02005272,   6.80880253,  18.90301593,  -5.03240512,
        -6.23313083,  -0.85549053,   4.52027475, -10.33672593,
         4.70157926,  -2.98166808,  11.0286214 ,  -5.35827182,
         2.33892333,   2.84395946,  -5.53963181,   7.67643992,
        -4.56227925,   2.16477018,  -7.66545204,  -0.11483392,
        12.75433368,  -1.29102587,  -1.34719417,  -8.57988742,
        -0.79945137,  -0.16401069,  -6.21175074,   1.3027733 ,
       -10.65602899,   1.5993669 ,  10.3361234 ,  -3.07465902,
       -13.51330715,  -6.28729688,   1.30928373,  -1.43412757,
         3.86700861,  -3.80763456,  15.01560683,   7.45512703,
         4.41293779, -18.28999148,   5.96964074, -10.130807  ,
        -2.84312879,   2.08938091,  -6.69785478,   6.71556936,
        -9.13989408,  -5.72642998,   6.81678114,   4.42803042,
         6.98929029, -12.13502313,  -6.59456066,   0.73483681,
         6.45538506,   2.04701615,   5.49927424,   7.22445373,
         3.07195314,   9.47879123,  -0.19912413,  -6.4709305 ,
         1.16021286,   9.92977059,  10.18123938,   8.00053946,
        -0.32561407,  11.02305272,   9.93947474,  -2.80250263,
        -5.26963283,   0.55802843,  18.10967461, -15.65140764,
         5.78254834,   8.76339869,  -4.88883958,  -9.04087635,
         5.06334185,  -3.49381381, -14.63067175,  15.20769368]), array([ 4.56043819, -1.30812869, -0.05228623,  0.59632212, -0.25173892,
        0.38654236, -1.37683751,  2.18990516, -3.71415975, -1.39496316,
        3.40019517,  0.93232267,  2.11948794, -1.22140279, -1.87730194,
        0.63250728, -3.79848533, -2.18578459, -2.01500105, -1.33928474,
        0.69919992, -3.07587415, -1.02063292, -1.43691516,  2.7587216 ,
        0.41459882, -2.01807549, -1.38295645, -1.13746106,  0.57487778,
        3.95284783, -2.94183451,  2.75444744,  4.49339401,  1.92892302,
       -2.21335355, -1.54378858, -0.06902037,  1.34051432,  0.35790017,
        1.2912429 ,  0.70693959,  1.16344211, -9.0307946 ,  1.21623949,
        3.28514981,  0.96393999,  0.34420887,  1.01351984,  1.04853838,
       -0.61545997,  3.05989665, -2.98123843,  5.0637931 ,  3.90937926,
       -2.25542006, -5.14384729, -0.1625774 , -2.59673357,  2.12950118,
        0.12934668, -5.17359288,  5.22291248,  0.17878874, -0.55591157,
        2.95833019,  0.46656032,  3.37718022,  3.17058003,  2.1233728 ,
        3.14776899, -1.06348857, -4.07553392, -3.07498518, -1.79250472,
       -3.19841629, -1.8794823 , -7.89581063, -2.17328369, -2.6272865 ,
        0.60970069, -0.75793175,  3.39337083, -4.08451739,  0.39397156,
       -3.29096355, -3.17802282,  1.40383956,  2.73850464,  4.53507062,
       -3.59032878,  0.48465506, -4.03584197,  1.00823546, -0.31562837,
       -0.15509659,  0.48288376,  3.31029039,  2.85673594, -4.0996674 ]), array([  2.33451844,  -2.29277399,  -4.42004777,   2.0165106 ,
        -2.51602625,  -2.61848476,   0.31959509,  -4.89486056,
         3.45827711,  -3.90337364,  -5.09200377,  -1.20543621,
        -7.88177862,   3.03237578,  -4.13658575,  -9.52823618,
         7.04617523,   1.16965754,  10.67330867,  -4.20852241,
        -1.59838476,   7.07772231,   6.60426479,  -6.97791323,
        -5.00401471,  -1.12697049,  -3.19586245,  -0.92030441,
         1.00964484,   1.7271571 ,  -2.40897504,   4.97305035,
        -0.94430106,  -1.47854513,  -1.6196339 ,   3.78052704,
         7.71538706,   0.65188654,   1.76695449,  -3.94475646,
        -0.87502586,  -6.62472002,  -3.91633583,  -0.5386012 ,
        -0.34869222,   5.33879269,   1.86188182,  -1.20259763,
        -9.37214949,  -4.21772501,   1.60853781,   0.93224985,
        -0.82675307,  -3.56010659,   3.57635265,   0.25489993,
         2.1799005 ,  -7.15432942,   5.17572196,  -8.92941859,
        -5.15835835,   0.49840044,  -1.16568842,   2.72086311,
        -6.1965861 ,  -1.74125225,   3.90806956,  -5.1669177 ,
         1.33169594,  -2.38255516,   0.45563656,   2.22847909,
         2.52085658,   3.14891484,   3.35025394,   4.16263973,
         0.86292054,   2.3981294 ,   2.19350466,  -3.71263625,
         3.84913964,   2.66108357,  -0.73239931,   6.61538795,
        -0.80529165,   0.63530605,   9.64027337,  -4.90711846,
        -1.66357198,  -0.75745589,   1.53188345,  -7.02542606,
        -2.39994454,   1.39983722,   0.39408444,  -3.02746799,
        -1.56053546,   3.04600805, -16.4155565 ,   5.25013955]), array([ 3.12534298, -3.27443785, -1.01156824, -2.3400363 ,  1.68944131,
        0.65260475,  1.31752633, -2.36881537,  5.58467098,  1.67478525,
       -3.25520994,  4.5003845 , -6.88496983,  1.93241399, -7.64138724,
       -2.88628084,  3.42887024, -0.7554662 ,  8.30935193,  2.3351157 ,
       -5.61978548,  1.97075084, -0.78640421, -3.70060781,  3.98015877,
       -2.20639519, -2.00413578, -4.40024391, -2.46883861,  2.78030324,
       -6.14814136,  3.98764969, -1.65559423, -6.92619166,  0.04637046,
        5.3508288 ,  0.03273961,  0.65909257, -1.80760292, -5.70591039,
        4.6329451 , -0.7861663 , -6.46855483,  4.54498005, -1.42487419,
        2.68692009, -3.12055847,  3.58428916, -9.52114266,  2.89717258,
        3.59343334,  3.73884417,  0.83447531, -7.33307456, -2.82406185,
       -2.57639475,  2.42693586, -0.87897114,  2.41928012, -6.61510842,
       -3.12055909,  5.73300756,  2.43483718,  1.90775221,  0.1559586 ,
       -1.28040559,  1.2012748 , -1.41023688, -2.00208074, -3.64394602,
       -2.84672855,  2.50017687, -2.74076617,  2.51017722,  0.09290653,
        4.69197085,  7.83830745,  2.35291365,  0.10264342,  5.89739707,
        1.63172735, -3.40094821, -7.90221121,  4.38364833, -7.98364067,
        6.03859391,  3.22821565, -3.35284758, -1.48503123, -0.46219813,
        5.13829047, -5.41712224, -3.36381652, -1.73157656,  1.54478085,
       -2.76536043, -3.04064937,  3.97881856, -7.40778492,  0.74291721]), array([  3.16468228e+00,   4.10061520e+00,   5.77782813e+00,
        -7.92784525e+00,   4.74352750e+00,  -6.54598465e-02,
        -4.08401358e+00,   9.38725678e+00,  -4.18751772e+00,
         3.68136780e+00,   7.39722513e+00,   5.18166023e+00,
         4.90121713e+00,  -5.73795330e-02,   1.04543345e+01,
         1.27531260e+01,  -9.13815063e+00,  -5.53206202e+00,
        -1.04065044e+01,   3.66564533e+00,   3.37556436e+00,
         1.57562023e+00,  -9.30620019e+00,   3.69080876e+00,
        -2.96915703e+00,  -1.45119661e-01,   8.36404120e-01,
        -1.47241625e+00,   1.40962998e-01,   3.06312769e+00,
        -1.57819886e+00,  -2.61467157e+00,   8.58538833e-01,
         7.91195735e-01,   4.20118385e+00,   1.88595737e+00,
        -4.92169391e+00,   2.55588763e+00,   1.49051871e+00,
         5.00896882e+00,   4.63515438e+00,   5.07579800e+00,
        -8.97883276e-02,  -3.95275208e+00,   4.17730332e+00,
        -4.32686831e-01,  -8.76031379e+00,  -1.12353267e+00,
         3.41318570e+00,   1.95691666e+00,  -4.17893868e+00,
         4.22072061e+00,  -1.80051162e-02,   1.67290035e+00,
        -8.52537729e+00,  -8.54986914e+00,  -5.16615171e+00,
         1.15578625e+01,  -5.64951515e+00,   8.22630272e+00,
         4.55309466e+00,   1.46443551e+00,   4.26161751e-03,
        -1.89454299e+00,   5.22431331e-01,   3.02659782e+00,
        -4.60233837e+00,  -1.51960500e+00,  -6.18070904e+00,
        -8.27996633e-01,   1.64416215e+00,   5.27558566e-02,
        -1.12666419e+01,  -2.37781705e+00,  -2.88171787e+00,
        -4.44118058e+00,  -8.72419015e-01,  -5.33783086e+00,
        -1.19848105e+00,   3.81133959e+00,  -5.49971511e-01,
        -7.07469534e+00,  -7.00477778e+00,  -1.88433918e+00,
         7.57618766e+00,  -9.09511398e+00,  -4.91456948e+00,
        -1.08176994e+00,  -9.67217381e-01,  -2.61978798e+00,
        -5.36521261e+00,   8.37969362e+00,  -3.87257128e+00,
        -8.64241071e+00,   2.00694992e-01,   2.96835731e+00,
        -4.74695418e+00,   2.38111583e+00,   9.14319212e+00,
        -8.41248600e+00]), array([-1.82688608, -1.11389274, -1.46437258, -2.50651862,  0.78013041,
        1.35247863, -1.77543281,  1.04500924,  1.69839572, -2.00933148,
       -1.97785755, -2.76877395, -0.11921148,  2.08682004, -0.55365964,
        0.84718439, -1.26312681, -3.75474016,  0.29493121, -2.19263055,
       -0.93148818,  3.37796524, -1.768198  ,  5.37374264,  1.47552774,
        0.60437534, -4.96525517, -1.99726771, -2.39964022, -4.0369985 ,
       -1.25980407, -6.59772471,  5.62694979, -2.33582793,  2.88338403,
        1.56381247,  0.73935808, -1.58358379,  3.58795274,  2.91883167,
        0.30153311,  1.15507867,  3.61205442, -3.84448269,  3.57945933,
        0.19886809,  0.66300997,  2.60198283,  0.01708755, -1.45862558,
       -0.59397591, -1.65797366, -5.40290565,  4.55028695, -3.61292833,
        1.13201443,  1.92324452, -6.90801861,  0.32615751,  2.31333634,
        5.86425371,  0.35198451, -1.70445102, -4.38807265,  2.68097403,
        0.66451974, -2.74173517,  0.85499403,  0.23342861, -0.54363245,
        0.86011252,  3.08542388,  4.11395423, -3.22532569, -1.72197078,
       -0.10843163, -2.67711414, -0.04411825, -0.97830511, -1.48644042,
        5.62640984, -0.12509603,  2.72256924, -1.54903745, -3.91886105,
       -0.92881135, -2.69358198,  0.24548814,  5.694491  ,  0.72383501,
       -8.68240027,  2.83635394,  0.82793008,  3.52437811,  2.2087138 ,
       -0.89218119,  0.63594214,  1.76475971,  0.93596133, -1.74071704]), array([ -6.95096443,  -2.88487226, -10.42267916,   3.76595346,
        -2.10238799,  -6.74705095,   4.59394378, -23.33777429,
        16.86648274,   2.80243911, -20.02524037,  -0.23817071,
       -13.05144659,  -1.0932254 , -14.21660536, -12.85225239,
        17.41955434,  14.02646991,  24.27650647,  -6.2999949 ,
        -6.12874728,   3.47477831,  10.64317442,  -8.21789653,
         1.30569191,  -2.66091807,   4.03848467,  -1.68283606,
         4.21968413,   7.43597733, -17.6153535 ,  21.08445767,
       -14.95052448,  -8.12276494, -10.22782594,   3.97162515,
         7.71677312,  -1.67699244, -10.91829239, -19.90254854,
         5.90071121,   1.8551574 , -13.70572367,  16.39223749,
       -16.89800578,  -2.7910557 ,   1.2059478 ,  -6.16886325,
        -9.62962181,  -4.72667191,  11.09726021,  -4.35708518,
        10.9997037 , -21.46499875,   7.45808555,   6.46024165,
         3.99411841, -17.68386991,  11.3353019 , -17.48047288,
       -10.06712362,  14.04425394,  -2.01648118,   6.85853219,
       -11.4755321 ,  -7.8667572 ,  13.44822726,  -4.15492701,
         3.66967404,  -9.30257914, -10.00689961,   6.44237253,
         5.29172934,   7.6169366 ,  12.17404043,  11.81200755,
         7.41803333,  17.93748772,  -1.81595979,  -0.75779886,
         4.39088019,  10.43688584,  -6.49543878,  19.08334651,
        -6.17777197,  21.43713978,  20.30115488,  -8.88943572,
       -11.41274289,  -1.23195703,  17.708449  , -17.26051343,
         5.10103438,   3.37438115,  -9.40330881,  -4.41777599,
         3.26696038,  -3.42369804, -25.95154924,  18.28041904]), array([ -5.59672403,  -3.04573099,  -9.30346911,   6.1278856 ,
        -7.3836099 ,  -1.83124625,   8.24852047, -10.55084618,
        13.69450031,   0.66132345, -16.63912877,  -4.52612556,
       -10.26039955,   1.1766581 , -16.21093947, -13.96873678,
        11.2026816 ,  10.23635513,  18.46841867,  -4.80657145,
        -6.79614194,  -2.91378895,  10.62820247,  -7.2096185 ,
         2.53558646,  -7.7473647 ,   9.9403217 ,  -1.77204454,
         6.76778702,   3.42354849,   0.28995501,   8.41899841,
        -4.95631955,   0.15913803,  -7.06038688,  -1.01454294,
        13.5678735 ,   0.15202918,   1.40618788,  -7.50687648,
        -0.63103021,   2.04615204,  -5.56068002,  -5.29772824,
        -7.81311779,   1.77678079,   9.65934887,   3.17965161,
        -7.62429804,  -3.60924569,   4.7012965 ,  -4.8004584 ,
         5.33004383,  -4.47287252,  16.54065509,   9.58879682,
         1.71083698, -17.13491412,   8.82967101,  -6.91187676,
        -7.17586638,  -1.71879074,  -3.23036521,   4.65863511,
        -9.49377123,   0.42104042,  10.83977594,   5.67020017,
         8.58201497,  -9.55583643,  -9.11111392,   3.69294373,
         7.75008922,   3.3606223 ,   1.59759798,   4.08612412,
         1.21799547,   4.21436516,  -2.53113378,  -7.17742609,
         6.59279367,   5.52152941,   0.99223654,   6.42478796,
        -5.35031988,  13.74358178,   7.6911055 ,  -0.3446528 ,
         1.77642749,   5.99286446,  14.19641658, -15.38119533,
         3.12985524,  11.51416403,  -0.89693953,  -5.76624625,
         8.21797175,   4.48306709, -16.8841353 ,  17.4834495 ]), array([-1.97741847, -2.65435182, -8.44219601, -2.00601126, -3.89017503,
       -1.31060434, -0.67961232, -5.58775334,  5.40700082, -5.12404197,
       -9.0773906 , -0.51159365, -4.29293972,  1.74339947, -3.475646  ,
       -6.06431222,  5.83195068, -3.51446106,  5.97663694, -1.80216727,
       -3.77437511,  0.56632033,  5.32651909, -3.02564774,  2.06371837,
       -0.04988425,  3.02718648, -1.63136829,  4.16248667,  2.82748579,
       -0.32096159,  0.57232096, -4.5864019 , -3.29358675, -4.32864247,
       -3.30559444,  3.02397342, -1.18239315,  5.16412363, -1.99075365,
        1.55710449, -4.03976266,  1.51045651,  0.38851645, -5.30551012,
       -2.06930821,  4.27253736, -1.09973359, -6.35195686, -1.67435982,
        4.28763917, -2.1149999 , -3.72595081,  0.09622841, -1.74863078,
        1.36931934, -0.9460452 , -9.85040829,  4.24634901, -3.92822851,
       -0.93556404,  0.98096405,  0.99357437,  0.89452702, -2.43531108,
       -0.06048964,  0.50451695, -0.66151377,  1.99459998, -4.92520709,
       -0.07802354,  1.17153569,  3.44687174, -3.77573459,  1.74170508,
        4.78344706, -3.0079003 ,  0.93681519, -0.33451589, -0.85533296,
        2.90492484,  0.22977578,  0.0378207 ,  1.0264194 , -1.65639675,
        0.52829058,  2.92536714, -1.16264478,  4.45108764,  1.20303552,
        0.7231272 , -8.72222349, -3.20971438,  2.57400532,  3.1813    ,
       -3.28394774,  1.47234994, -0.71283097, -9.23950946,  6.63420897]), array([  2.15113390e+00,  -1.14464035e-01,  -2.67062534e+00,
         3.68674592e+00,  -5.20689534e+00,  -4.62182435e-01,
        -1.24571597e+00,  -5.09429899e+00,   2.83531142e+00,
        -3.01540609e+00,  -6.24189876e+00,  -2.48316851e+00,
        -5.26459648e+00,   3.38623292e+00,  -7.99563949e+00,
        -5.89575849e+00,   5.72676892e+00,   2.24580874e+00,
         1.00767676e+01,  -3.26895327e+00,   1.68880341e+00,
         7.19927576e+00,   5.90605817e+00,  -7.76036642e+00,
        -4.62918485e+00,  -3.83908199e+00,   1.99052651e-01,
        -4.10478470e-01,   2.64351882e-01,   1.84723680e+00,
        -3.33333982e+00,   2.06318565e+00,   1.34303311e+00,
        -1.73719794e+00,  -6.59838444e-01,   8.11109628e-01,
         6.69369582e+00,  -4.34765880e-02,  -1.76697748e+00,
        -5.70021161e+00,   3.99236981e+00,  -6.87619882e+00,
        -5.29260242e+00,  -3.84260099e+00,   1.83151681e+00,
         3.81679099e+00,  -5.55841074e-01,   8.21310422e-01,
        -5.45762731e+00,  -3.43671274e+00,  -1.86115217e-01,
         7.03219575e-01,  -2.14330403e+00,  -2.16834404e+00,
         6.46848736e+00,   1.01236671e+00,   2.66733259e+00,
        -9.96923377e+00,   6.36359402e+00,  -8.51427316e+00,
        -4.49157726e+00,  -2.19358803e+00,   1.74022911e-01,
         1.65012424e+00,  -6.46214853e+00,   9.07005889e-01,
         3.78969041e+00,  -2.76025290e+00,  -5.23076136e-01,
        -1.46579556e+00,  -6.68467145e-01,  -6.60549469e-01,
        -8.70218934e-02,   2.24686345e+00,   3.71544301e+00,
         2.21212333e+00,  -1.00923135e+00,   3.88483607e+00,
         2.51119435e+00,  -2.32139260e+00,  -6.66511164e-03,
         8.92361539e-01,   2.13526027e+00,   6.47663145e+00,
        -3.52922391e+00,  -1.39704145e+00,   7.92610792e+00,
        -2.30339683e+00,   1.52166658e+00,   6.78152855e-01,
         3.46966239e+00,  -7.52525716e+00,  -4.79165173e+00,
         3.70198796e-01,   4.54942490e-02,  -2.50720984e+00,
         1.41021805e+00,   3.81167074e+00,  -1.10234485e+01,
         2.05987034e+00]), array([  0.80565665,  -4.57906319,  -5.3953842 ,  -2.5633326 ,
        -3.8817993 , -11.51818917,  -0.35249507, -16.44718653,
        12.12379667,   7.28942062,  -2.83187337,   5.94975873,
       -10.71378756,  -2.68442344,  -4.31199459, -12.84293886,
        13.42646743,   6.23808503,   8.18222968,  -2.7396682 ,
        -7.05002496,   2.91632111,   5.96321014,  -4.71043828,
         1.63409325,   2.40290608,   1.4750138 ,  -4.55514728,
        11.14175091,   7.56576876, -12.3733923 ,  13.09240448,
        -9.55752101,   1.13643053, -11.16182373,  -3.14166558,
         3.41474731,  -1.94147082,  -7.05050766,  -5.74209621,
        -1.66102496,   0.84445144,  -6.160921  ,  15.19598584,
       -12.35694335,  -1.56822576,  11.26915409, -12.73606113,
        -7.16794691,  -3.27248274,   2.37840247,   2.96139199,
         3.14484859,  -2.47497243,   3.65718257,   4.37270261,
         2.39880491,  -5.47924653,   1.1675176 ,  -1.63957089,
        -1.26310913,   5.27121257,  -6.89371967,   5.71005053,
       -12.67635074,  -9.17689472,   9.32603436,  -2.8196241 ,
         5.25020205,  -7.83981771,  -3.25383998,  -3.87599817,
         1.47118656,   6.06167844,   9.59606199,   8.83708834,
        -5.35141091,   1.00271151,   3.53797901,   2.56439204,
         1.90816488,   5.77809029,   0.81071373,  14.63175942,
        -4.50730651,   7.34654253,   0.61587939,  -4.62986702,
       -13.0717607 ,  -2.98283783,  10.24153851, -11.51024973,
         4.98350398,  -2.45339076,  -4.71433635,  -1.18432835,
         0.87611994,  -6.06065274, -13.53681661,  13.22301472]), array([-2.25802502,  0.43296937,  5.87106974,  1.29111361,  5.31526137,
        2.7702235 , -2.01333169,  4.62100852, -1.23288871,  3.3793849 ,
        2.16881134,  5.02911177,  4.1399505 ,  0.14824919, -0.56840265,
        2.68571264, -3.50842062,  1.56254365, -1.2199311 ,  1.65578517,
        3.35047424,  0.29304644, -2.91990396,  0.9174925 ,  6.83200811,
        1.39099055, -4.34192169, -3.52938475, -4.95554199, -6.28372014,
        1.55162186,  1.6985017 ,  1.82954667, -4.76783432, -3.46785938,
        2.7755317 , -8.6237046 , -1.85795843, -4.18883779, -0.9509358 ,
        0.75518064,  2.93312715, -1.93100787,  4.63533912,  1.75997441,
       -0.31366066, -0.47125157,  0.45770361,  5.05264691,  3.24784243,
        0.61657521,  2.42854129,  2.52048207, -0.9790266 , -3.12464131,
       -1.63532458,  0.22375979,  4.15938449, -3.30355635,  2.3343487 ,
       -3.93834119,  3.28463913,  2.30702851, -0.89476838,  5.27376881,
       -0.06903024,  1.35440295,  0.80766582,  1.41319295,  6.01283151,
        1.16867596, -1.89194051, -2.07160312,  3.44761482, -1.08517004,
       -1.63649683,  3.01024695,  2.7609289 , -2.18622837,  3.77968783,
       -2.27874289, -1.17799759, -1.82968334, -4.58843522, -5.92684772,
        6.13642803, -5.84247879,  3.4073461 ,  0.36935154, -0.36742898,
       -0.29814351,  2.81605354,  0.36513561, -5.79859655,  1.62226105,
        2.03436506, -0.1771749 ,  0.21050076,  6.21659034, -6.07986192]), array([ -5.37233003e+00,   7.04060739e-01,  -1.45366831e+01,
         9.39831778e+00,  -1.13136944e+01,  -1.16142465e+00,
         1.38732063e+01,  -2.23244422e+01,   2.28592782e+01,
        -7.54023443e-01,  -2.20784860e+01,  -1.05440722e+01,
        -2.55039453e+01,   7.26169502e-01,  -2.62656172e+01,
        -1.01064219e+01,   1.77458133e+01,   1.25359874e+01,
         2.95127441e+01,  -7.26974522e+00,  -5.21373615e+00,
         1.68495876e+00,   9.97861787e+00,  -1.23633090e+01,
         4.49511454e+00,  -8.64783347e+00,   1.67937481e+01,
         3.33724371e+00,   6.15216936e+00,   5.49009539e+00,
        -1.59300099e+01,   1.28778834e+01,  -1.09870512e+01,
        -1.88388441e+00,  -1.07600329e+01,   1.45208529e+00,
         1.13779235e+01,  -4.14242597e-01,  -8.18604615e+00,
        -1.91434229e+01,   8.53452988e+00,  -7.11859779e-03,
        -1.17946241e+01,   5.15515000e+00,  -9.23192860e+00,
        -1.11972899e+01,   4.95723782e+00,   1.65940153e+00,
        -1.88755684e+01,  -8.43571823e+00,   4.37972146e+00,
        -2.08968698e+00,   7.55810889e+00,  -1.15819386e+01,
         1.85387199e+01,   2.22504640e+00,   9.21255851e+00,
        -2.67123989e+01,   1.65878526e+01,  -2.24623197e+01,
        -4.52937774e+00,   2.58785589e+00,  -5.07454053e+00,
         1.00890271e+01,  -1.48529341e+01,  -9.39279898e+00,
         1.38163436e+01,   2.89553014e+00,   9.66350164e+00,
        -1.91119565e+01,  -1.10346755e+01,   1.58332016e+00,
         8.24772573e+00,   1.46347025e+00,   6.42998599e+00,
         1.31685084e+01,   3.88757674e-01,   8.80614253e+00,
        -3.74438348e-02,  -7.39840960e+00,   2.82740971e+00,
         9.51644847e+00,   7.91352824e+00,   2.03400642e+01,
        -2.39388337e+00,   1.99684499e+01,   2.20505150e+01,
        -1.01423831e+01,  -1.11101540e+01,   2.86234560e+00,
         2.15578216e+01,  -1.58175806e+01,   7.67384894e+00,
         7.02698698e+00,  -1.14934818e+01,  -3.92081137e+00,
         1.07468124e+01,  -7.64139531e-01,  -2.33809905e+01,
         2.76530901e+01]), array([  0.22966642,   5.34239109,  -8.48052692,   0.58199873,
        -8.77683765,   2.34440516,   3.04223011,  -3.46801842,
        14.05566719,  -0.16652504,  -9.31534012,   3.96955022,
        -7.80760412,   3.36648375, -12.83376331,  -4.76235616,
         4.55265516,  10.63202282,  12.27613782,   2.59655471,
         1.77115066,   1.81241706,  -0.28067709,  -9.27496526,
         1.38913747,   2.89256761,  12.73654882,  -0.09735805,
        -0.414357  ,   3.92077793,   1.72221298,   4.42313729,
        -9.83027898,  -0.03716444,  -8.35085056,   8.34256462,
         2.25874697,  -0.97633836,   2.33790295,  -7.56654731,
        -4.10960357,  -1.85952698,  -9.11008886,   0.23036339,
        -5.9434116 ,   0.53519964,  -2.6655944 ,   1.90509601,
       -11.27249195,  -1.40581381,   1.27133442,  -5.49724403,
        10.84363051,  -7.92164476,   5.76585433,  -3.75142316,
         6.70200503, -10.2180428 ,   1.51785058,  -7.48469193,
        -4.85510238,   2.64212778,  -7.9563122 ,   6.24965083,
        -8.16480817,  -5.09085148,   7.64934841,  -1.03058171,
         3.63237386, -13.16770278,  -0.52071541,   4.42643055,
         1.53348394,  -1.22550138,   6.93403394,   3.84316016,
         3.35005201,   7.16840204,  -2.30557929,   1.01658929,
        -5.7713302 ,   2.76691917,   0.89037665,   3.38218282,
         3.55586817,   8.1654219 ,   6.04524007,  -3.80127125,
         2.021529  ,  -0.56478967,  11.1449293 ,  -9.76387754,
         3.43120877,  -3.63370327,  -2.67258652,  -4.95162939,
         1.58223114,   0.86721971,  -8.92541928,  13.00752215]), array([  1.28529256,  -2.04021798, -10.22389686,   6.52184263,
        -8.90688584,  -5.94032939,   5.93887419,  -8.06157524,
        11.59894686,   4.06708774, -13.06114059,   4.39067451,
       -12.18387187,  -2.74092672, -14.55006838, -17.35443227,
         8.20812977,  11.62361864,  18.25391821,  -5.02224303,
        -8.45508753,   1.9012701 ,   7.88924139, -12.02001255,
        -4.22090448,  -4.11927916,  14.61455056,   3.23587021,
         1.70520154,  11.30178213,   1.65568251,  14.45103216,
        -7.59667202,   1.43698967, -14.07631487,   2.44038167,
         8.8728455 ,  -0.48387561,   3.65600756, -13.37924502,
         2.77268705,  -4.34383261, -14.42063403,   3.9211271 ,
         0.83463777,  -1.28161321,   5.36539491,  -6.25962784,
        -9.66826105,  -1.25848369,   1.23710748,   1.42759643,
         0.82429885, -10.6083427 ,  13.14793551,  -0.05145843,
        -0.67036445, -13.49695553,  14.19761322, -14.79979599,
       -11.12507793,  -1.27564434,   3.66301802,  10.43112996,
       -11.65376068,   1.47834486,  15.39769631,   4.52324076,
         6.79069839,  -5.11663597,  -1.96142818,  -1.14475814,
         9.41811865,  -2.13242809,  10.36025308,   3.86014982,
         2.9107051 ,  -1.52239843,   3.19517138,  -3.42782977,
        -0.26786654,   1.98120811,  -3.46457258,   9.60359053,
        -3.01891782,  13.90363914,  16.97260726,  -1.13383075,
        -7.40664514,   0.28886776,  13.95816819, -17.19419446,
        -4.17586885,   2.54671476,  -3.10129011,  -2.7003123 ,
         6.94259235,   4.65570503, -23.4976704 ,  20.68817378]), array([  9.67098631,   4.88767483,  24.32272225, -12.53070168,
        19.80119454,  10.15872229,  -7.86730123,  27.67681802,
       -29.06414064,   1.62439902,  23.24581673,  10.08601471,
        28.2366886 ,  -6.157659  ,  32.78547235,  28.74127785,
       -17.81272106, -18.02598441, -35.82121829,  11.96372711,
        13.84015297,  -1.05807882, -15.99372734,   8.73917393,
        -3.12215218,   8.20988034, -19.58531006,   7.25991953,
       -11.44141525,  -4.41654024,   5.96384798, -16.92903917,
        11.14241496,   1.15372836,  19.72389003,   4.62785   ,
       -20.8115622 ,   3.53582085,  -3.39970038,  15.95202307,
         5.03584194,   9.91231175,   8.89783644,  -6.30317551,
        13.91497874,   2.45081717, -20.9823191 ,   8.99865963,
        24.97978456,   9.25091011,  -8.16250665,   1.17119177,
        -7.54772196,   6.50856629, -21.99460975, -11.87686328,
        -3.15900775,  31.26465311, -16.96728634,  18.54686524,
        10.71807961,  -2.96281286,  11.22208569, -13.73413235,
        19.85831105,   6.15474672, -12.7649385 ,  -4.18117109,
       -16.97268795,  20.63073013,  13.13476683,  -0.0687241 ,
       -17.03861337,   1.48735431,  -9.03670684,  -8.26216837,
         7.2412527 , -10.23029948,  -3.13170909,  12.34982611,
         0.3816999 , -15.15295372, -17.78584593, -19.87885072,
         6.63114204, -21.7670303 , -16.83154255,   1.02020827,
         3.1101068 ,  -1.89872587, -26.07648023,  29.77613416,
        -3.26016467, -14.80742609,   1.61099768,  10.9890911 ,
       -15.941614  ,   5.60879577,  35.5330099 , -35.45435116]), array([  0.08775833,   4.49933546,   3.55566245,   9.03225707,
         0.93878314,   6.80529244,   4.19849784,  12.39700525,
        -1.7643737 ,   3.93778866,  -1.31897854,  -4.0250179 ,
        -4.04375319,   3.60011925,  -9.74363051,   0.84530897,
        -8.50034959,   2.94779825,  -0.21939153,   3.21148992,
         7.42008233,  -2.69977061,  -3.42688108,   3.03618763,
         3.94217281,  -4.62394586,  11.68829453,   2.89674333,
        -7.71581388,  -5.96806401,  10.4467041 ,  -8.92721613,
         3.96890011,  -0.95884022,   2.98032352,   0.87145918,
        -1.67269432,   3.2864656 ,   2.66875762,  -1.1805501 ,
         2.75071587,  -1.32957035,   0.53029114,  -8.87250008,
        14.99669134,  -2.74169412,  -2.38777846,   6.988088  ,
         0.69928122,   1.99358799,  -8.32837883,   2.55636373,
         1.71950851,  -0.56792958,   6.95530017,  -3.86284883,
         3.82677253,  -1.21418788,   2.72067225,   1.26508811,
        -1.67521193,  -4.44401826,  -2.96859308,  -1.60313398,
         6.13294498,   4.85198686,   2.97668208,   4.82801941,
         3.17146252,   1.98564359,  -1.55156777,  -3.89674138,
         5.96160661,  -9.48299138,  -9.93471496,  -6.46593558,
        -3.04238919,  -3.65377024,   0.52479071,  -2.71526751,
        -5.97602195,  -1.58664694,   7.06013427,  -6.48880041,
        -2.74357112,   6.8171869 ,   0.29629795,   5.18121548,
         3.79167317,  -2.46289278,   4.68532447,   2.83654215,
        -1.64943878,  -2.72740136,   2.80242699,   2.47436237,
         5.04582332,   7.73200261,   6.50197243,  -2.05023988]), array([ 0.84163752,  0.29547999,  0.25133972, -1.25100566,  1.4935949 ,
        1.31041418, -3.87631451,  0.25674947, -0.82504785, -1.81008551,
       -0.39160775,  1.53119448,  1.57698699,  0.37627971,  1.53998135,
        1.13670747, -0.18312323, -2.88253594, -0.97232833,  0.09979215,
        1.94205976,  1.97754278, -0.7543884 ,  1.24387475, -1.4289201 ,
       -0.25393188, -2.04335463, -2.20250769,  0.50708583, -0.64685557,
       -0.91091098, -4.02655995,  1.51446338,  0.15652618,  2.43790985,
        0.31567027, -0.91471205, -0.08655054,  1.37829293,  0.11427891,
        0.03874878, -0.47783981,  1.4636262 , -3.07230739,  1.31743827,
        2.71437085, -0.43096168,  0.20328002,  1.26915071, -2.28239138,
       -0.63916565,  0.68065116, -0.68426667, -0.89934254, -2.26896661,
       -0.55194818, -0.81369477, -0.51362407, -1.24411485,  1.49827782,
       -0.22565629,  0.3070554 ,  0.16561165, -0.64563286,  0.86267067,
        1.33017263, -3.02440487, -0.73680896, -2.73948641, -0.17185761,
        2.29574616,  1.70535321, -3.62761653, -0.38797648, -0.90269211,
        1.28499439, -1.15065647, -0.45870574, -1.70801272, -0.78247147,
        1.52796183, -0.25730729, -0.16171229, -0.79125196,  1.29908235,
       -2.2305698 , -2.24941315,  0.59731791,  1.82315554,  2.46154281,
       -1.63859408,  1.04352087, -2.49473404, -1.15206403,  0.89646938,
       -0.66945674, -1.83299894,  0.26472435,  0.03169874, -4.32574958]), array([ -3.69186131,   3.68634089,  -9.98475598,   7.21199153,
        -5.50384062,  -6.04723842,  -3.43709415,  -9.76634177,
        14.99572832,   3.28461757, -11.74447756,  -5.72798265,
       -14.46915679,   4.47199241, -16.90697395, -17.56905422,
         8.68272547,   8.18797814,  12.35352852,  -0.68811421,
        -3.07304706,  -2.09656151,   2.32163621,  -2.12849773,
         1.5358211 ,   0.80768635,  11.89236896,  -5.36414022,
         2.46014442,  -4.12903323,   3.68063968,   1.23127208,
        -3.17743027,  -5.69824925, -14.19116512,  -0.86319691,
         9.99990674,   2.56019968,   5.96470098,  -1.45638609,
        -5.76476348,  -3.71870807,  -1.16704628,   1.96687757,
        -4.06753088,   0.09401592,  12.56097608,  -4.96678565,
       -10.17516231,  -5.66751829,  -1.15927508,  -0.94090103,
         6.29837162,   0.10470144,   9.04348229,   6.78835268,
         4.21910071, -15.14400084,   7.33782139,  -7.44773101,
        -6.34221294,  -1.48562703,  -9.89177351,   4.56789892,
        -8.23287462,  -1.97334183,   2.92548176,   4.40700174,
         6.29618104,  -9.56248884,  -8.09509388,  -0.24882191,
         7.41096523,  -2.81569094,   1.92865533,   3.10723661,
        -8.88841005,   4.41018869,   1.8053338 ,  -2.11341704,
        -2.32272073,   7.33633521,  12.46883292,   6.36381023,
        -0.78444663,  13.12003091,   1.44643368,  -1.76076857,
         0.85446482,  -1.16535256,  15.3076878 , -15.34967232,
         6.33704136,   7.95591644,   2.24516265,  -5.3551526 ,
         7.12113341,  -1.20604011, -11.88226629,  17.27612021]), array([ -6.81701002,   0.57324218, -15.33404386,   2.70253541,
       -14.19796638, -11.68029214,   6.59600769, -24.42589149,
        26.52479375,   2.33108407, -25.30554392,  -4.99677939,
       -20.90750889,   2.15431632, -20.76875944, -17.16356317,
         8.85605869,   9.93049609,  32.8987667 ,  -8.72405184,
        -7.52011773,   3.23694376,   8.09135894, -16.67796578,
        -0.96380298, -10.04785593,  20.10109203,  -0.74701832,
         5.6066923 ,   9.00604932, -10.61825233,  21.99795083,
        -8.00504943,  -6.88967919, -17.74864844,  10.20828731,
        15.21662921,   5.12564688,   2.47021563, -23.40152442,
         6.73564283,  -1.42308737, -21.32392836,   7.95302434,
        -5.4719455 , -12.0706118 ,   2.19325819,  -4.77350885,
       -18.30489525,  -6.91610058,  13.29984109,  -2.16837388,
        11.48236621, -10.14175486,  16.58673151,   5.98345884,
         4.54293344, -18.85794639,  16.46725599, -28.57092438,
       -11.50067828,   7.63199086,   0.91453611,  17.9614559 ,
       -14.40194167,   4.32003521,  13.928856  ,   3.08775653,
        13.42811984, -15.14876239, -12.90572144,   4.90442082,
         6.15007354,   6.05272368,  16.24499109,   9.73269456,
        -3.78409163,  11.32895702,  -2.69325384,  -9.30349258,
         1.97252321,   7.86281534,  -3.01079864,  17.51956   ,
        -5.2083691 ,  20.41267176,  25.6274927 , -11.45008224,
        -6.20583574,   0.49763082,  16.927379  , -24.36516303,
         3.76640375,   9.34875795, -12.95742637, -11.18551148,
        10.58479356,   2.78467578, -27.89271882,  30.89448623]), array([ -4.47020841,  -1.7700768 ,  -7.41450668,   6.31585869,
        -6.31675091,  -9.78679447,   1.86615273, -20.16498488,
         3.52079247,  -0.46446034, -10.31309682,  -4.08577655,
        -2.11244451,  -3.51430932, -10.85858621,  -7.6156995 ,
         8.65370251,   5.96784319,   9.44854408,  -0.64864821,
         0.09300391,  -4.45500502,  -0.12798871,  -9.47359398,
         6.46148985,  -1.78328211,   5.72281708,   0.03737389,
         2.8324523 ,   1.03852168,  -8.38765965,  15.34744773,
        -5.15128699,   8.48043768,  -6.06626587,  -4.73820984,
         6.22504066,  -1.08282658, -12.70274302,  -5.32971551,
         2.28249125,   5.54063981,   0.33696892,   4.21069822,
       -17.8756702 ,  -6.06254467,  16.02914761,  -5.55712038,
        -0.6715225 ,  -9.12763824,   4.99020574,   0.47045986,
         5.30930621,  -5.33280386,  20.74687008,  10.91823199,
        -2.25019837, -10.1646647 ,   0.0710732 ,  -4.9788513 ,
         3.14535061,   5.1259694 ,  -2.91278495,   7.87834416,
       -11.43141505,  -0.85506795,   8.8619841 ,   0.18039987,
         5.34506773,  -1.48477185,  -4.25834067,  -0.40701403,
         1.80483063,   8.37788426,   3.63033254,   5.4315713 ,
         1.49953928,  13.60076516,  -5.33550095, -10.27945629,
        -0.06116351,  15.56395127,  12.70927635,   4.89543005,
         2.03381577,  11.7710698 ,   8.40819316,  -1.61963556,
       -10.40060111,  -2.84535395,  12.90077192,  -9.45759615,
        12.05702835,   2.39060608,  -9.76362687,  -8.87266541,
         7.41156012,  -7.70010403,  -6.93955981,   9.92706768]), array([ -3.58040915,  -2.89865888, -11.95244251,   4.62912315,
       -10.38213041,  -6.3803861 ,   2.0039587 ,  -9.82493702,
         8.26013625,  -0.15059901,  -6.68216498,  -1.06240621,
       -11.33490161,   3.55815366,  -7.94642341,  -8.17874486,
         7.02165164,   1.81755261,  13.67257428,  -8.42051967,
        -6.24416566,   2.79832995,   5.53314437,  -2.60008658,
        -0.39037481,  -1.56814876,   8.92189376,  -6.07585281,
         5.38101213,   4.52558751,  -4.91866447,   6.24930928,
        -5.01688527,   2.35429642,  -5.70839445,  -4.1495315 ,
         7.64109125,   1.63671881,   6.53793369,  -6.67384384,
        -0.89794074,   1.47790489,   1.3571723 ,   1.53195508,
        -9.0427105 ,  -4.18261687,   7.82913504,  -6.70105042,
       -12.26059705,  -2.0486648 ,   2.01678814,   0.73945166,
         3.03993086,   0.36490333,   9.37922348,   1.07988752,
        -0.2613213 ,  -7.91842447,   3.80777795,  -1.72597992,
        -1.5673589 ,   3.57466738,  -4.43985048,   5.94998578,
        -6.88714381,  -1.15458479,   1.80927719,  -1.1420818 ,
         6.559192  ,  -8.87292024,  -1.96962521,  -1.63595668,
         1.09804326,   0.9991005 ,   4.79844071,   2.12953206,
        -2.97725672,   1.59594031,  -0.58422633,  -6.74398119,
         1.56300449,   8.46750082,   6.49777223,  12.75360619,
         3.18519896,   4.52112306,   9.39338145,  -1.77127478,
        -6.09315415,   1.27279825,   7.12806458,  -8.79593212,
         0.7960657 ,   3.6695708 ,  -0.96205616,  -1.50995777,
         5.29585308,  -6.43932004, -14.27437358,  15.16122447]), array([-0.29599491, -0.63733145,  1.85206419, -1.1301306 ,  2.40747752,
        1.75686639,  0.46761622,  3.96439925, -4.47209886,  0.26307135,
        4.62061692,  0.57452183,  6.20954583, -0.37262753,  5.2411826 ,
        1.61292793, -1.9818882 , -2.33109118, -5.82986856, -0.12347064,
        1.20946882, -0.663982  , -1.29429139,  1.08178901, -0.78195147,
        1.74325555, -3.24845932, -1.42289813, -2.2564381 , -2.1550574 ,
        3.86660884, -1.85833841,  0.92177898,  1.68340717,  3.65568576,
        0.3265167 , -1.1536042 ,  0.276214  , -0.76447604,  3.10190684,
        0.36022824,  0.11509183,  3.80393554, -1.36900184,  1.46632879,
        3.47493039, -1.54141706, -1.70030574,  3.60535116,  1.70482864,
       -0.16743022, -0.33976698,  0.58178018,  2.43283883, -2.03357772,
        1.31788918, -0.40220964,  3.53150023, -3.519202  ,  3.90259969,
        1.84262501, -0.85555243,  3.45534387, -1.81255531,  4.37337952,
       -0.76012466, -5.04234902,  0.99537986, -1.18772162,  5.61455237,
        1.81027797, -0.14447953,  0.01233576,  3.20949904, -1.41288894,
       -2.84197582,  0.04744034,  0.41791681, -0.13985929, -0.39290134,
       -2.77699273, -1.06372075, -0.86696881, -3.84540631,  2.08752703,
       -4.5375031 , -3.93533944,  2.50507274,  0.22672739, -0.01249651,
       -3.71892572,  4.65056352,  0.5305432 , -1.23317941, -0.2335893 ,
        0.52230821, -3.00722435, -0.09304239,  3.89766634, -4.85800402])]
