[array([-0.15564657,  0.00804345,  0.10620502,  0.19412477, -0.00883536,
       -0.09486339, -0.10051136, -0.29689024, -0.12974097, -0.02189296,
        0.1562367 ,  0.14642457, -0.00521404,  0.0342035 , -0.07345228,
       -0.04462708, -0.12535832,  0.19367645,  0.00267366,  0.06897713,
        0.02635979,  0.23277948,  0.08912089,  0.04201722,  0.12752827,
        0.06946522, -0.03866494,  0.20677602, -0.03720744, -0.07784274,
       -0.07366777, -0.03236368, -0.0349603 , -0.20335152,  0.01187655,
       -0.16541996, -0.14820759,  0.0424579 ,  0.14560356,  0.02515253,
        0.07245899, -0.06198848, -0.12202806,  0.28660936, -0.33768254,
        0.02841392,  0.12706476, -0.071665  , -0.03297042, -0.01068387,
       -0.0061567 , -0.06514019, -0.0185473 ,  0.16688778, -0.13502705,
       -0.12126332,  0.12495196, -0.05988654, -0.13281903,  0.10506655,
        0.26126082, -0.1366848 , -0.15909924,  0.02018475, -0.14562298,
        0.09864551, -0.09727247,  0.04289643,  0.17607989,  0.1026733 ,
       -0.20237431,  0.15289295, -0.0321392 , -0.09355097,  0.15743705,
       -0.16420268,  0.37820815,  0.05453584, -0.01796465,  0.16913949,
        0.01961947, -0.09999921, -0.30710966, -0.09896726,  0.15451762,
        0.14840088, -0.13815078,  0.24322813, -0.02740532, -0.15998868,
        0.11017781,  0.19778838, -0.15149767,  0.36477271,  0.01980853,
        0.11904833,  0.16149744, -0.03079095, -0.20192175, -0.06574298]), array([-0.10319762, -0.10016564,  0.13154755,  0.07054985,  0.1271072 ,
       -0.02327843, -0.03087148, -0.20279842, -0.16480985, -0.00308876,
        0.07537625,  0.19670552,  0.01976384, -0.00928517, -0.11253041,
       -0.02425026, -0.00021975,  0.01049464,  0.07368437, -0.04908786,
       -0.02069956,  0.05183226,  0.04824271,  0.07084548, -0.02290983,
       -0.04423695, -0.0340138 ,  0.15568519, -0.07600298, -0.08242093,
       -0.02957222, -0.05242653, -0.00130568,  0.13075299,  0.05271109,
        0.02266003, -0.15433686,  0.03672942,  0.12489232,  0.1274043 ,
        0.04062636,  0.00456351,  0.03377215,  0.09525501, -0.10480966,
       -0.03302908,  0.06517301, -0.14992131, -0.03376028, -0.04022844,
        0.01578219, -0.05903544,  0.04636861,  0.01663731, -0.05896328,
       -0.02298233,  0.01784828, -0.07164448, -0.08782449,  0.0792796 ,
        0.08084127, -0.00183101, -0.05923713,  0.04640491, -0.16531223,
       -0.09389747, -0.07744633,  0.0498011 ,  0.16038753,  0.09293795,
       -0.02966717,  0.03488585, -0.00176496,  0.02246206,  0.18927097,
       -0.02704557,  0.15033804, -0.04275371, -0.05638673,  0.02055033,
        0.01146532, -0.17187047, -0.12080967, -0.06011498, -0.01929227,
        0.02938593, -0.06815601,  0.11433011, -0.04520021,  0.08202188,
        0.11451315,  0.03948522, -0.08348697,  0.09836832, -0.00292057,
        0.14102002,  0.06422237,  0.04028433,  0.00102204, -0.04634406]), array([-0.17745256,  0.01065112,  0.1232169 ,  0.10181118,  0.03686568,
       -0.02798439, -0.04877884, -0.13296391, -0.08527405,  0.10835064,
        0.12195417,  0.29646119,  0.02018598,  0.06005584, -0.13352177,
       -0.17454056, -0.08383389,  0.00469459,  0.00680057,  0.02855076,
        0.05305199,  0.02315554,  0.06321951,  0.05140547,  0.06041199,
        0.01416022, -0.04359668,  0.16196165, -0.04485719, -0.07857787,
        0.00418988, -0.10297856, -0.09619728,  0.10212497,  0.12108287,
       -0.02276416, -0.12628413,  0.03912746,  0.0918361 ,  0.07622854,
        0.04478433, -0.04572298,  0.01901027,  0.16422949, -0.16171284,
        0.00654218, -0.03726327, -0.07634834, -0.02829959,  0.08968512,
        0.08321174, -0.03423314,  0.05824712,  0.10284268, -0.11583019,
       -0.00315039, -0.09982213, -0.08600992, -0.0511669 ,  0.10698082,
        0.13190275,  0.04776203, -0.05803723,  0.08940972, -0.11766563,
       -0.03753488, -0.12933229,  0.18288438,  0.09089278,  0.16429988,
       -0.13454812,  0.07675656, -0.00656218,  0.04455189,  0.08781131,
       -0.09738098,  0.13958805,  0.05917466, -0.00244391,  0.14879429,
        0.00161168, -0.14940142, -0.07038644, -0.01681514, -0.00906943,
        0.0278012 , -0.00873484,  0.12603832,  0.03685097,  0.0108116 ,
        0.00430193,  0.07830564, -0.00890177,  0.23752296,  0.05404112,
        0.12349036,  0.13285057,  0.0368982 , -0.15834282, -0.1437918 ]), array([-0.09723201,  0.03540157,  0.12817037, -0.04994153,  0.11913151,
        0.023636  , -0.09657883, -0.16309582, -0.16892172,  0.15682172,
        0.09840143,  0.29105435, -0.01131395,  0.11386225, -0.09573654,
       -0.15882393, -0.0451335 ,  0.10743916,  0.04745538, -0.07114118,
        0.16422135,  0.09514203, -0.0145679 ,  0.04723268,  0.05919514,
        0.18301644, -0.07915716,  0.2160191 ,  0.11606065, -0.11272511,
       -0.07233912, -0.02610374, -0.03959218,  0.16473881, -0.02241585,
       -0.18498006, -0.07853648, -0.05891608, -0.00110001,  0.11618984,
        0.11056246, -0.03750241, -0.09884114,  0.39349063, -0.09392789,
       -0.09763357,  0.11829914, -0.12956264, -0.12099166,  0.05317594,
        0.18005651, -0.02061081,  0.05963803,  0.10993818, -0.21488653,
       -0.03873181, -0.04497793,  0.12923908,  0.01327831,  0.23299093,
        0.1990668 ,  0.14372886, -0.00492587,  0.15447528, -0.03586823,
        0.02486804, -0.23459791, -0.00271589,  0.06221113, -0.0833115 ,
       -0.20553535,  0.03608173, -0.12680154, -0.10178558,  0.15477968,
       -0.12707805,  0.29134651,  0.18822641, -0.02824119, -0.00311041,
       -0.08000707, -0.10970736, -0.18400821, -0.0072817 ,  0.07408753,
        0.03383918, -0.00441104,  0.01695979, -0.08610227, -0.06527028,
        0.00713198,  0.10889488, -0.10767345,  0.17360408,  0.01031101,
        0.05974055,  0.23369472,  0.08797367, -0.34458109, -0.19408056]), array([-0.10831496, -0.10751567,  0.01686165,  0.1541983 ,  0.0547387 ,
       -0.02133554, -0.07830268, -0.18988003, -0.0597645 , -0.06560908,
        0.07565968,  0.23833155,  0.05352329,  0.02772859, -0.06222746,
       -0.00205779, -0.05883356,  0.09124173,  0.012753  ,  0.14058755,
       -0.00427172,  0.06476353,  0.00219495, -0.03454018,  0.04822602,
       -0.08493168,  0.03202603,  0.18017774,  0.01505389,  0.01539626,
       -0.11091998, -0.05391128, -0.02383723,  0.01619579,  0.06591022,
        0.00102445, -0.14631627, -0.06402903,  0.1137141 ,  0.20486305,
        0.05691271, -0.03792464, -0.06105102,  0.14172442, -0.31432324,
       -0.0645777 ,  0.13066973, -0.04466915, -0.03485463, -0.02600901,
       -0.0162437 , -0.02134865, -0.03295784,  0.06304978, -0.10394561,
       -0.0950207 ,  0.03695456, -0.01797107, -0.12677132,  0.11755586,
        0.17945057, -0.10328233, -0.13194209, -0.03830962, -0.02442372,
       -0.04188654, -0.14470815,  0.13300829,  0.11968298,  0.07549151,
       -0.12787487,  0.12478994, -0.02943509, -0.01143397, -0.02951603,
       -0.12141088,  0.15859921, -0.05928045,  0.0493836 ,  0.15564216,
        0.03847557, -0.15530264, -0.21360675, -0.08210194, -0.0059813 ,
        0.00166245, -0.01452073,  0.0916032 , -0.0174935 , -0.12657149,
        0.10684487,  0.14889703, -0.10087121,  0.32711127, -0.00299166,
        0.11235608,  0.07689679,  0.01529896,  0.00578571,  0.07760682]), array([-0.26551798, -0.11112841,  0.27832468,  0.16884787,  0.30156791,
       -0.0642785 , -0.09328442, -0.19167367, -0.37453329,  0.07961012,
        0.14202291,  0.61803133, -0.05497804,  0.05356526, -0.16998063,
       -0.25726569, -0.05080779,  0.22211178, -0.01221636, -0.05634577,
        0.12125929,  0.10991102,  0.15941494,  0.17324941,  0.03499968,
        0.07172791, -0.07097197,  0.36746578, -0.02472897, -0.24827039,
       -0.16945588, -0.134124  , -0.11923014,  0.36703906,  0.01878445,
       -0.1942628 , -0.20705458,  0.02761138,  0.18529843,  0.21527453,
        0.23583856,  0.01609399, -0.0568862 ,  0.64409584, -0.27110549,
       -0.00164832,  0.17530618, -0.25974703, -0.22434239,  0.13626697,
        0.18928607, -0.07395891,  0.16227629,  0.1951564 , -0.2110943 ,
       -0.07632749, -0.02764151,  0.11177825,  0.04446187,  0.41808358,
        0.31343027, -0.0032171 , -0.10015218,  0.14276477, -0.18437892,
       -0.11903637, -0.4556516 ,  0.0594547 ,  0.22632974,  0.13931627,
       -0.31434526,  0.00496751, -0.15125681, -0.15537946,  0.41404026,
       -0.13528883,  0.4212685 ,  0.11177755, -0.09853835,  0.07891405,
       -0.06585089, -0.33438894, -0.3606221 ,  0.02050133, -0.08401284,
        0.00132754, -0.15325686,  0.30864824, -0.23908249, -0.07616642,
        0.10417553,  0.0926333 , -0.26947425,  0.26558064, -0.00932204,
        0.14030721,  0.31928044,  0.11371509, -0.32031342, -0.30859145]), array([-0.0531735 , -0.01730895,  0.01320709,  0.0043233 , -0.01997019,
        0.00614401,  0.0239198 , -0.0372124 , -0.03486809, -0.04699384,
        0.04852803,  0.05336239, -0.04150333,  0.02289053, -0.0249334 ,
       -0.02373004, -0.00320688,  0.03050168,  0.00292924, -0.05240023,
       -0.01139058,  0.03311485,  0.03317278, -0.04126566,  0.04303398,
        0.00474536,  0.05484766,  0.05944749,  0.01042618,  0.03786878,
        0.02410236,  0.01893713,  0.00897761,  0.00625136,  0.00035966,
        0.04790028, -0.08439385, -0.01298735,  0.01017475, -0.04968204,
        0.03904225,  0.01150374,  0.04307724,  0.04683524, -0.07614779,
       -0.00784449,  0.07468389, -0.00797634,  0.02847216, -0.02345607,
        0.00980955,  0.02528884, -0.02188402,  0.01279899, -0.00291749,
       -0.0451201 ,  0.06082588,  0.03791639, -0.05078597,  0.05086797,
        0.02100478, -0.02733943, -0.03599723, -0.02057445, -0.06114242,
       -0.03027282, -0.03151914,  0.05593317, -0.00597896,  0.02423954,
       -0.06723124, -0.0228272 , -0.0176482 ,  0.01902987,  0.01624896,
       -0.05855284,  0.07059895,  0.04160744, -0.04181861,  0.01185728,
        0.02665399, -0.05320154, -0.0147667 , -0.05982251, -0.02786771,
        0.00270158, -0.00628189,  0.0413918 , -0.02598422, -0.06500468,
        0.0224498 ,  0.04185552, -0.04128436,  0.08829563, -0.0408366 ,
        0.06029426,  0.0662241 ,  0.03108664,  0.01339177,  0.00057239]), array([-0.14117295, -0.12751906,  0.06972372,  0.13103084,  0.18211025,
       -0.12716739, -0.09360812, -0.17090398, -0.15163152, -0.01379769,
        0.07798827,  0.32634742,  0.14223654,  0.05512016, -0.12809147,
       -0.02600442,  0.03019191,  0.2224579 ,  0.04196663,  0.04610177,
        0.13565208,  0.11738706,  0.03755506,  0.06611272, -0.00865955,
       -0.10239789, -0.07465553,  0.11901795,  0.14300314, -0.04660162,
       -0.0776511 , -0.16781571, -0.13846256,  0.16496914, -0.10507256,
       -0.00623035, -0.35185886,  0.12765803,  0.11829834,  0.12924057,
        0.02697533, -0.11860919,  0.00756381,  0.20470172, -0.30061087,
       -0.00083548,  0.21568261,  0.04598556, -0.14759099,  0.06956164,
        0.02751585, -0.03846886,  0.097363  ,  0.08057877, -0.1976209 ,
       -0.33368061,  0.09778652, -0.07509483, -0.04196422,  0.20158476,
       -0.00438498, -0.14571404, -0.01246226,  0.0294607 , -0.08481349,
       -0.05116501, -0.06007277,  0.10438676,  0.08013826,  0.11295823,
       -0.14070457,  0.10312298, -0.0848728 , -0.01675037,  0.09142877,
       -0.09608422,  0.25448497,  0.00791365, -0.06990461, -0.03829378,
       -0.08563625, -0.12299781, -0.333275  ,  0.06666002,  0.10163527,
        0.12606331, -0.06586595,  0.28358357, -0.0800985 , -0.08748162,
        0.06846109,  0.13784065, -0.16611857,  0.32277126,  0.02817713,
        0.0063111 ,  0.17564635, -0.07043183, -0.08427592, -0.27707352]), array([-0.13309784, -0.07821391,  0.16444822,  0.22577274,  0.13140935,
        0.02156025,  0.03365861, -0.14225755, -0.15246557,  0.0170552 ,
        0.04967902,  0.40457626,  0.10899095, -0.04205706, -0.10171217,
       -0.11931049,  0.11626237, -0.01878975,  0.0611957 ,  0.37990372,
        0.11906325,  0.16737243,  0.04194014,  0.11706555, -0.14934119,
       -0.04409172,  0.00396588,  0.1289092 ,  0.07393679, -0.02904696,
       -0.06316969, -0.01772107,  0.04084815,  0.24314531,  0.02910641,
       -0.035125  , -0.12275828,  0.17711584,  0.09217581,  0.08101968,
        0.0239866 ,  0.07870385,  0.21286307,  0.09593867, -0.18406838,
        0.04606957,  0.02834424, -0.12575231, -0.04904408,  0.12564392,
        0.23923092,  0.08820504,  0.11023275,  0.12278412,  0.08744882,
       -0.22394984, -0.00112063, -0.23216079,  0.10673188,  0.20001376,
        0.07639954,  0.02372367,  0.02600519,  0.04463063, -0.07314366,
       -0.25682396, -0.04026062,  0.06830046,  0.11613789,  0.12569389,
       -0.14711768,  0.1701289 ,  0.01784582, -0.06999755,  0.19230223,
        0.03094128,  0.19819958, -0.02438945, -0.21737032,  0.02292237,
       -0.12172026, -0.04287803, -0.00178015,  0.07350659, -0.05148153,
        0.08379151, -0.18863471,  0.32585503, -0.32297649,  0.12234373,
        0.14758809,  0.04297773, -0.08277416,  0.22003985, -0.03310067,
        0.00335756, -0.00829603, -0.01267879, -0.04919419, -0.07415249]), array([-0.14165746, -0.08117774,  0.01322595,  0.22000467,  0.08474912,
       -0.04962942, -0.13661715, -0.13544543, -0.05053078,  0.01151351,
       -0.04154639,  0.13809564,  0.08003733, -0.04979643, -0.08218043,
       -0.09028871, -0.15015693,  0.131935  , -0.00112461, -0.03895033,
        0.09543955,  0.15298097,  0.0661949 ,  0.08210443,  0.14528869,
        0.03799532, -0.08101763,  0.16325911, -0.03042069, -0.04123451,
       -0.03901645,  0.00058226, -0.04118053,  0.04913308,  0.03040797,
       -0.14327662, -0.17714098, -0.02003579,  0.22646171,  0.00132847,
        0.13416122, -0.04055464,  0.06068781,  0.25829092, -0.33473663,
       -0.01429705,  0.03576016,  0.04299526, -0.1427872 , -0.05458774,
        0.08477625, -0.04842564, -0.03305099,  0.20732727, -0.14400236,
       -0.1457799 ,  0.12172303, -0.02082703, -0.13000186,  0.07895222,
        0.20842263, -0.06743183, -0.11285602,  0.02792245, -0.13436148,
       -0.00376367, -0.06302009,  0.0846895 ,  0.12181023,  0.10067887,
       -0.27619633,  0.0533105 , -0.09649626, -0.05429536,  0.12859629,
       -0.15080993,  0.21557467,  0.05457739,  0.03811193,  0.13205236,
       -0.08064457, -0.06507238, -0.27648178,  0.00140531,  0.19411908,
        0.11634046, -0.06875134,  0.28894152,  0.02936482, -0.12820898,
        0.11674351,  0.17472972, -0.11304067,  0.40340554,  0.00881694,
        0.12620312,  0.21244297, -0.01380063, -0.13300049, -0.09533175]), array([-0.09687427, -0.11038727,  0.04366073,  0.12055724,  0.08878931,
       -0.05519416,  0.00730368, -0.20911751, -0.15470141, -0.00825209,
        0.06487508,  0.4120935 ,  0.0717031 ,  0.05907866, -0.12715488,
       -0.0632137 ,  0.17136356,  0.18077535,  0.16131955,  0.07595987,
        0.14979341,  0.21684517,  0.18581678,  0.03235303, -0.00116609,
       -0.11797375, -0.03675491,  0.24888945, -0.02532594, -0.1240977 ,
        0.05550758, -0.22085411, -0.16595986,  0.22514437, -0.13920592,
       -0.13943014, -0.38736743,  0.13198126,  0.19408677,  0.14601331,
        0.00751883, -0.05582075,  0.04469403,  0.2549997 , -0.31392915,
        0.06862859,  0.15726903,  0.05516738, -0.14068346,  0.1274476 ,
        0.00388436,  0.02911232,  0.00978318,  0.25350751, -0.12415582,
       -0.33507527,  0.13388504, -0.09493155, -0.02435967,  0.20292594,
       -0.00788852, -0.04879868, -0.02945461,  0.09745764, -0.13237659,
       -0.04508424, -0.0097727 ,  0.20068939,  0.13664531,  0.26420775,
       -0.23539542,  0.06820545, -0.01951742,  0.12017241,  0.32176086,
       -0.09298958,  0.31830394, -0.1013366 , -0.01104331, -0.05543672,
       -0.15653696, -0.15851727, -0.31881856,  0.00295813,  0.16413712,
        0.07399468, -0.05701922,  0.22528097, -0.06393812,  0.03408523,
        0.13035344,  0.25021166, -0.23225125,  0.3804411 ,  0.02519214,
       -0.07341505,  0.2899085 , -0.08331576, -0.19469906, -0.34825892]), array([-0.15318915, -0.10878987,  0.1867945 ,  0.13701449,  0.1256456 ,
       -0.02911491, -0.05602646, -0.1926234 , -0.17553966, -0.00190397,
        0.08431042,  0.26643607,  0.05925063,  0.00132941, -0.12958889,
       -0.06081098,  0.01266878,  0.03108888,  0.09947001, -0.02053101,
       -0.01102067,  0.06656072,  0.06720438,  0.0890845 , -0.00053014,
       -0.02183765, -0.01810342,  0.19954568, -0.10008823, -0.0984371 ,
       -0.00677543, -0.11860267, -0.01410239,  0.16925667,  0.08247794,
       -0.03288192, -0.16503833,  0.02454783,  0.15684275,  0.14093286,
        0.05378492, -0.01642854,  0.02489167,  0.19186798, -0.16199084,
       -0.0171577 ,  0.07214375, -0.18345431, -0.04156986,  0.01028697,
        0.00049792, -0.05057398,  0.08045371,  0.08009789, -0.05937128,
       -0.04396813, -0.02317223, -0.09143832, -0.05349114,  0.18437629,
        0.10285114, -0.05114863, -0.10484421,  0.0366181 , -0.19108371,
       -0.08268686, -0.11135189,  0.07473459,  0.16942367,  0.12059389,
       -0.06370943,  0.07086787, -0.02547886,  0.01826693,  0.23246075,
       -0.08046601,  0.20670874, -0.02432206, -0.04101021,  0.08692914,
        0.01066872, -0.22431841, -0.14125735, -0.03928456, -0.05626834,
        0.03142842, -0.1243054 ,  0.15288344, -0.0369963 ,  0.08301362,
        0.13403598,  0.01926253, -0.10210712,  0.17373068,  0.02371936,
        0.12339999,  0.12163894,  0.08521831, -0.02415767, -0.07329334]), array([ -2.94365854e-01,  -1.24696712e-02,   1.87638367e-01,
         2.62442686e-01,  -6.32518778e-02,  -6.17462158e-02,
        -1.47430704e-01,  -1.40770262e-01,  -2.46284339e-01,
        -2.20775234e-02,   8.43601740e-02,   3.42007892e-01,
         7.33378444e-02,  -5.46860557e-02,  -1.46935554e-01,
        -1.71546489e-01,   4.47113191e-02,   4.79150669e-02,
         7.42899115e-02,   1.86336203e-02,   1.90609583e-02,
         1.11254974e-01,   1.24352238e-01,   1.41018998e-01,
         1.08435327e-01,   3.77309616e-02,  -1.80022673e-02,
         2.07807567e-01,  -7.64751412e-02,  -9.51686171e-02,
         7.70284069e-02,  -4.45849852e-02,  -1.08766209e-01,
         8.43043440e-02,   2.20706345e-01,   3.59428840e-02,
        -2.71854059e-01,   2.74309084e-01,   1.16846768e-01,
         1.26561047e-01,   2.41096011e-01,  -1.12264690e-01,
         7.38017426e-02,   3.14212062e-01,  -1.57892236e-01,
         5.30610948e-03,  -2.53435129e-02,  -1.93164087e-01,
        -6.71217951e-02,   1.23534603e-01,   1.81147797e-01,
        -5.43076467e-02,   5.89219654e-02,   1.83623236e-01,
        -1.79743300e-01,  -3.66798057e-02,   2.78748038e-02,
        -5.43337665e-02,   2.96199956e-04,   2.57289028e-01,
         1.98621082e-01,  -1.39985329e-03,  -1.05035058e-01,
         1.32107716e-01,  -1.21857862e-01,   5.08058444e-02,
        -1.52495346e-01,   1.54065444e-01,   1.77647656e-01,
         1.26966122e-01,  -1.39100888e-01,   8.67794415e-02,
         5.20225879e-02,   8.59477662e-02,   3.38177156e-01,
        -1.13754498e-01,   2.39109404e-01,   9.84820475e-02,
        -8.08019037e-02,   1.92404684e-03,   1.67586187e-02,
        -1.26047566e-01,  -1.66280046e-01,   3.44943403e-02,
         4.46105129e-04,  -1.01211512e-02,   8.07780061e-04,
         3.10224885e-01,   9.43648409e-02,   5.34221757e-03,
         1.33867938e-01,   1.55682324e-01,  -1.27952641e-01,
         3.35662691e-01,   1.46216184e-02,   1.62129042e-01,
         1.59436780e-01,  -3.12429475e-02,  -1.53972750e-01,
        -2.71377610e-01]), array([-0.11455896, -0.03996034,  0.07731465,  0.15529227, -0.07672886,
        0.01465244, -0.06945515, -0.02528294, -0.11336141, -0.06651956,
        0.00944299,  0.08568856,  0.05064259, -0.02707264, -0.06532798,
       -0.07138668,  0.02390142,  0.11390336,  0.03705907,  0.06310162,
       -0.01579027,  0.06203058,  0.09848269,  0.05894385,  0.10407433,
        0.01749245,  0.00318883,  0.1078789 ,  0.00645932, -0.00325291,
       -0.00071806,  0.10130041,  0.00046199, -0.00296604,  0.03033578,
        0.02603869, -0.08668624,  0.13719437,  0.02048061,  0.03833766,
        0.14339572, -0.04556394, -0.01634569,  0.16780025, -0.17152768,
       -0.07295228,  0.00191979, -0.09939633, -0.06000878, -0.01942619,
        0.09265017,  0.01282404, -0.00247399,  0.10373049, -0.08437459,
       -0.07620733,  0.1050122 ,  0.02114162,  0.04171671,  0.06794698,
        0.06339926, -0.01813427, -0.12140141,  0.10222823, -0.01615251,
        0.05528332, -0.02696467,  0.01762324,  0.10144817, -0.05409511,
       -0.02036021,  0.03372325,  0.01116272,  0.03731583,  0.14276544,
       -0.00946116,  0.10601509,  0.05717717, -0.0681146 , -0.03674952,
        0.05230165,  0.02493084, -0.1913368 ,  0.05935942,  0.04510419,
       -0.05652062, -0.0421282 ,  0.15551964,  0.04861894, -0.03782736,
        0.12901644,  0.07587347, -0.05724506,  0.1243316 , -0.00734472,
       -0.04926159,  0.09642733, -0.0292312 , -0.05612616, -0.1340445 ]), array([-0.18110116, -0.00130295,  0.12017741,  0.13133315,  0.02787521,
       -0.01844969, -0.02390981, -0.15242094, -0.06207184,  0.06237579,
        0.07093508,  0.2518181 ,  0.05277035,  0.10372175, -0.13886064,
       -0.03195971, -0.02043029,  0.00059323,  0.02212893,  0.02201132,
       -0.03510793, -0.0178465 , -0.03516094,  0.07027313,  0.05610969,
       -0.0337954 ,  0.05528093,  0.10683819,  0.00117574, -0.05234929,
       -0.0489105 , -0.12595859, -0.11300277,  0.13300691,  0.07212758,
       -0.00718872, -0.16626398,  0.05615099,  0.09060025,  0.07354367,
        0.06214486, -0.06354969,  0.04043827,  0.21336218, -0.14019799,
       -0.02317315,  0.01861714, -0.03145881, -0.04841985,  0.12102399,
        0.06096933, -0.06037766,  0.06056161, -0.00439644, -0.09711799,
       -0.06414136, -0.01913043, -0.00899204, -0.05698217,  0.16446141,
        0.06120758, -0.04585405,  0.01849054,  0.05207137, -0.01875447,
       -0.02564621, -0.10804319,  0.05016126,  0.11588933,  0.11905851,
       -0.03701837,  0.10791625, -0.04237141,  0.03689882,  0.15158892,
       -0.02744371,  0.10499587,  0.06129729, -0.0419023 ,  0.09799822,
       -0.02683767, -0.17769091, -0.08319576, -0.0198031 ,  0.01615133,
        0.06978802,  0.0510111 ,  0.1027419 ,  0.0350209 , -0.00552357,
        0.04477732,  0.08362405, -0.01192878,  0.26549455,  0.05600868,
        0.02621204,  0.1837423 ,  0.01401693, -0.10791029, -0.20577242]), array([ -2.73613649e-01,  -1.23506219e-01,   5.18186253e-02,
         1.50031281e-01,   1.22331481e-01,  -4.74855895e-02,
        -3.74256887e-02,  -1.85502070e-01,  -2.25374318e-01,
         3.49376396e-02,  -4.94693407e-02,   3.91081425e-01,
         1.59455920e-01,  -8.48062700e-03,  -1.17533104e-01,
        -5.37138903e-02,   1.01852261e-01,   2.55929333e-01,
         2.49780688e-02,   9.80433907e-02,   1.83747992e-01,
         2.15948601e-01,   1.08116477e-01,   1.14338006e-01,
        -2.43468446e-02,  -9.75791986e-02,  -8.98932275e-02,
         2.08898783e-01,   3.28494620e-02,  -1.68616183e-01,
        -4.89197419e-02,  -1.64266983e-01,  -1.29112269e-01,
         2.61234154e-01,  -1.13807774e-03,  -7.28757986e-02,
        -3.61402084e-01,   2.06352780e-01,   1.01329040e-01,
         1.16927232e-01,   8.48422955e-02,  -5.28999582e-03,
         8.97847985e-02,   3.19586953e-01,  -3.15532863e-01,
         5.52723817e-02,   2.47179704e-01,  -3.37883636e-02,
        -1.40895687e-01,   1.38021806e-01,   8.05233609e-03,
        -4.72879093e-02,   1.24397656e-01,   2.65066171e-01,
        -2.28177941e-01,  -3.31794552e-01,   7.50281670e-02,
        -1.29060685e-01,   4.27579727e-03,   3.55139266e-01,
         9.66381176e-02,  -1.02156803e-01,  -4.86944386e-02,
         7.68549986e-02,  -1.22450211e-01,  -6.62729893e-02,
        -1.45599077e-01,   1.92175672e-01,   4.32873521e-02,
         1.52665501e-01,  -3.11915454e-01,   4.55665204e-02,
         8.90519304e-03,   7.31316926e-02,   2.31302841e-01,
        -1.38460547e-01,   3.16849480e-01,   2.95631389e-05,
        -1.04174288e-01,   8.84450946e-02,  -6.09624538e-02,
        -2.41223571e-01,  -2.89597908e-01,   6.05228375e-02,
        -4.43418969e-02,   1.84334345e-02,  -4.69740694e-02,
         4.07633415e-01,  -1.12561135e-01,  -3.93386475e-02,
         1.19795081e-01,   1.33016078e-01,  -2.67840592e-01,
         3.07110123e-01,   2.42487291e-03,   1.00378607e-01,
         1.60210885e-01,   1.00021690e-02,  -5.44774137e-02,
        -2.53939574e-01]), array([-0.1642811 , -0.11059861,  0.11785083,  0.0510405 ,  0.08057037,
       -0.07901584, -0.20132386, -0.06057896, -0.25229   ,  0.03692464,
        0.03084597,  0.30287507,  0.03600065,  0.02694887, -0.05671722,
       -0.10571944,  0.00115078,  0.20404522,  0.08608067, -0.00769231,
        0.05057599,  0.08185998,  0.10319035,  0.04768223,  0.11429025,
        0.08136831, -0.06120933,  0.28439477,  0.18355993, -0.02326047,
       -0.09926254,  0.03239885, -0.05891909,  0.08883129,  0.03748281,
       -0.19240186, -0.13158084,  0.0655047 ,  0.05165488,  0.26287535,
        0.23578198, -0.08527031, -0.14458934,  0.44579215, -0.17767464,
       -0.15407004,  0.12020377, -0.14043213, -0.22799622,  0.07346281,
        0.19420156, -0.02963947, -0.03460392,  0.30244457, -0.24182614,
       -0.09453207,  0.09372535,  0.19150534,  0.1398097 ,  0.20966333,
        0.29673324,  0.08523714, -0.05540424,  0.14277794,  0.02085067,
        0.04585066, -0.26522067, -0.01312936,  0.13068186,  0.0455381 ,
       -0.1808027 ,  0.08873355, -0.11047669, -0.15142678,  0.2014105 ,
       -0.07442749,  0.28437088,  0.13733797, -0.06543799, -0.08130379,
       -0.04540515, -0.1051658 , -0.37879811,  0.14060067,  0.06668798,
       -0.07110336, -0.02158515,  0.13725555, -0.07076067, -0.19627047,
        0.13222747,  0.16570537, -0.27232844,  0.24759358, -0.04073004,
        0.06747409,  0.27541076, -0.00426273, -0.27325446, -0.15408931]), array([-0.10154468, -0.1234802 ,  0.0036962 ,  0.12013118,  0.16241235,
       -0.06151604, -0.02470877, -0.04909073, -0.12027633,  0.05777667,
       -0.02913934,  0.17094474,  0.06524266,  0.00102647, -0.08088589,
       -0.06691077,  0.00967357,  0.15794593,  0.00854857, -0.01321045,
        0.07757479,  0.1050775 ,  0.10800745,  0.00912893,  0.0042099 ,
       -0.106021  , -0.04679555,  0.08250629,  0.04584803, -0.13809611,
       -0.06900209, -0.0470402 , -0.09082721,  0.18878008, -0.01143416,
       -0.01449443, -0.22710282,  0.12024841,  0.08322579,  0.06775535,
        0.0442398 , -0.01400145, -0.044046  ,  0.16345796, -0.2131855 ,
        0.02015228,  0.10577802,  0.04787687, -0.11413284,  0.07322376,
       -0.00357118, -0.04959226,  0.07726044,  0.13902595, -0.08035538,
       -0.20241538,  0.07895024, -0.02295196, -0.02857152,  0.13370959,
        0.04572565, -0.10722792, -0.07076245,  0.00731904, -0.10728018,
       -0.03511992, -0.08059667,  0.12793813,  0.04559589,  0.10842796,
       -0.18299349,  0.06648798, -0.04300396, -0.03100098,  0.01846722,
       -0.12080624,  0.18251137, -0.07896934, -0.03746826,  0.05883375,
       -0.04438649, -0.1037594 , -0.20275897,  0.06485395,  0.05274953,
        0.05249816, -0.03837618,  0.2200159 ,  0.0441179 , -0.01844641,
       -0.00543555,  0.06579096, -0.16760648,  0.15922961,  0.07032428,
        0.06477103,  0.17987359, -0.02754012, -0.06741983, -0.12692481]), array([-0.20531864, -0.01684936, -0.01986173,  0.16196747,  0.08472047,
       -0.1068591 , -0.08020042, -0.11364077, -0.01489319,  0.12228619,
        0.06764848,  0.16539643,  0.02255036,  0.12009158, -0.00354499,
       -0.09426962, -0.05230646,  0.21237328, -0.01403379,  0.02311403,
        0.06036848,  0.10069685,  0.06144697, -0.01517373,  0.16329932,
        0.0129487 , -0.03710156,  0.17550721, -0.02068738, -0.03346874,
       -0.01455853, -0.02273309, -0.03064846,  0.13926005,  0.11718926,
       -0.10030642, -0.09983386, -0.03047412,  0.07878275,  0.06532519,
        0.05411088, -0.14050698,  0.04418991,  0.30821471, -0.29715184,
       -0.03084682,  0.05219991,  0.01120305, -0.03892214,  0.01647039,
        0.08773799,  0.04504614, -0.01575905,  0.13824318, -0.17142434,
       -0.05475965,  0.04941632, -0.03315218, -0.11122328,  0.14186601,
        0.15081519,  0.00605423, -0.03194397,  0.03221432, -0.00731826,
       -0.07769933, -0.03224966,  0.16625049,  0.09423588,  0.0775862 ,
       -0.24153457,  0.01133099, -0.10127548, -0.03178239,  0.13038647,
       -0.02699969,  0.16503603,  0.02193207, -0.00078849,  0.14607646,
       -0.01851151, -0.15405209, -0.1665254 ,  0.00623868,  0.06750633,
        0.05046683, -0.13132475,  0.19391807,  0.04674859, -0.17870785,
        0.07853227,  0.05775821, -0.00965835,  0.36118911,  0.12652744,
        0.1258905 ,  0.14980802,  0.01619889, -0.00206932, -0.21952713]), array([-0.16784941, -0.02516384,  0.08189541,  0.13682081,  0.05669814,
       -0.03782975, -0.05046162, -0.11304097, -0.0839024 ,  0.05924521,
        0.08623097,  0.27129358,  0.06377762,  0.01196107, -0.11778935,
       -0.11709583,  0.02444537,  0.04271497,  0.07276788,  0.02160462,
        0.052122  ,  0.07615984,  0.05002441,  0.02002537,  0.04330623,
       -0.02586521, -0.04390452,  0.17154948, -0.03564338, -0.08938983,
       -0.05460388, -0.12866806, -0.07507831,  0.03693145,  0.11364324,
       -0.02958708, -0.15182705,  0.04747037,  0.06965446,  0.04811055,
        0.09017488, -0.06880543,  0.05035224,  0.19784758, -0.13124149,
        0.0556607 ,  0.04904536, -0.06772056, -0.03531384,  0.05524784,
        0.11757109, -0.04137497,  0.08443512,  0.05801134, -0.1420086 ,
       -0.03608244, -0.04034886, -0.10106564, -0.06686735,  0.14165347,
        0.13037411,  0.00372303, -0.05991884,  0.05978907, -0.07765394,
       -0.03332669, -0.12482766,  0.10924817,  0.1402725 ,  0.10944263,
       -0.12049236,  0.13113815, -0.01326627,  0.07960342,  0.15906129,
       -0.11490248,  0.15441817,  0.06473407, -0.04031895,  0.13667059,
        0.00092532, -0.18338352, -0.11117564, -0.0596499 ,  0.01222992,
        0.0760199 , -0.00972513,  0.14731906,  0.02638316, -0.05291468,
        0.05607098,  0.0633968 , -0.05734725,  0.24083676,  0.03927199,
        0.13085034,  0.10218885,  0.01010431, -0.07311767, -0.15739041]), array([-0.18155549,  0.04374142,  0.00041137,  0.02028395,  0.10773716,
       -0.0348908 , -0.15069112, -0.12849383, -0.29453745,  0.1388707 ,
        0.1027591 ,  0.25613531, -0.1004831 ,  0.16838471, -0.08993289,
       -0.18018568,  0.01419985,  0.14957855,  0.03248061, -0.05778604,
        0.14688245,  0.04859564,  0.02664339, -0.10878952,  0.08803663,
        0.02686339, -0.06618921,  0.27794253,  0.08465056, -0.17434246,
       -0.10578444,  0.05753991, -0.16950165,  0.13741006, -0.02906918,
       -0.1267192 , -0.02754124, -0.09713107, -0.04250943,  0.08840575,
        0.18547501,  0.05411855, -0.06809798,  0.35338803, -0.21633553,
       -0.09727271,  0.05781902, -0.07290224, -0.08361413,  0.01026342,
        0.16556264, -0.03912626,  0.07756226,  0.23596637, -0.18720914,
       -0.02619458, -0.02479094,  0.18951237,  0.06808418,  0.10833889,
        0.21867139,  0.14409987, -0.00111402,  0.14329091, -0.12062185,
        0.01099087, -0.24805254,  0.09784779,  0.08315138,  0.08407424,
       -0.28533695,  0.00321966, -0.13372106, -0.1354204 ,  0.15268109,
       -0.1088741 ,  0.24363064,  0.27225684,  0.05401277,  0.02482775,
       -0.0981181 , -0.15168095, -0.26988575,  0.05296338,  0.07792398,
        0.04848922, -0.0907093 ,  0.04308818,  0.03450089, -0.0086746 ,
       -0.02286893,  0.1411674 , -0.15277153,  0.21704807, -0.03801902,
        0.11168924,  0.32894123,  0.07924152, -0.3637663 , -0.21546329]), array([-0.08194391, -0.04717597,  0.02243791,  0.08217026,  0.03138378,
       -0.05151541, -0.03879942, -0.0489047 , -0.08987434, -0.01991197,
       -0.00395297,  0.18964675,  0.02298482, -0.03280124,  0.03420352,
       -0.05765904, -0.03226771,  0.09762225, -0.02258024,  0.06147085,
        0.09692026,  0.11660702,  0.13039321,  0.01721642,  0.05388527,
        0.01539429, -0.01892648,  0.15588592, -0.05997013, -0.15777064,
       -0.02086759, -0.015568  , -0.07610807,  0.13344825, -0.01992664,
        0.03808357, -0.11025471,  0.08025959,  0.11944342,  0.04209276,
        0.08383269,  0.00556766,  0.00827227,  0.18309966, -0.19767787,
        0.05856559,  0.05464361, -0.07943426, -0.03532328,  0.04278705,
        0.02556962, -0.01973856,  0.032798  ,  0.14573684, -0.09607282,
       -0.07616545,  0.05080776, -0.04195927, -0.05702237,  0.13355026,
        0.12790049, -0.06022095, -0.04043507,  0.01020168, -0.04417978,
       -0.02093706, -0.0600535 ,  0.13407227,  0.07379843,  0.1145165 ,
       -0.15224104, -0.03193839, -0.00629258,  0.03147204,  0.12205256,
       -0.00912038,  0.12327352,  0.03960098, -0.04539043,  0.05347124,
       -0.00716947, -0.11017682, -0.22793699, -0.05991342,  0.00441096,
        0.02661026, -0.03469427,  0.1918849 , -0.06627408, -0.05718929,
        0.06701742,  0.08324315, -0.13009584,  0.17079879,  0.03086786,
        0.11958794,  0.03862701, -0.03282828, -0.07679152, -0.18551458]), array([-0.10302983,  0.00243332,  0.07080389,  0.08089587,  0.06099282,
        0.09723246,  0.03270369, -0.11377941,  0.00073144, -0.02095794,
        0.02166984,  0.17265963,  0.08023692,  0.07145979, -0.0578339 ,
       -0.0518381 ,  0.12415366,  0.12043295,  0.11987082,  0.02204414,
        0.01598476,  0.13515549,  0.06092763, -0.05601522,  0.06072802,
       -0.09023139,  0.10024612,  0.14259229, -0.0536349 , -0.06927797,
        0.02643238, -0.11817329,  0.03097583,  0.04008637,  0.04563621,
       -0.16168883, -0.14072373,  0.01529918,  0.10940114,  0.01289197,
        0.00582338, -0.05423578,  0.06469391,  0.06708416, -0.16392875,
        0.02522344,  0.1507812 ,  0.09709391, -0.01985252,  0.03741068,
       -0.01933237,  0.1296548 , -0.09565296,  0.0708393 , -0.08896672,
       -0.19416439,  0.15065801, -0.02617637, -0.08315273,  0.12245141,
        0.08017519, -0.00125007, -0.09049134, -0.00438619, -0.0321429 ,
       -0.08454481,  0.02267835,  0.14392995, -0.00122049,  0.00045869,
       -0.10891554,  0.0213056 ,  0.08488123,  0.10343853,  0.205618  ,
       -0.08715121,  0.21483386, -0.11527377, -0.04047985,  0.05760222,
       -0.04751524, -0.06843143, -0.03673886,  0.00175996, -0.00353177,
        0.00669513,  0.0018615 ,  0.10476784, -0.00155852, -0.01389713,
        0.12955283,  0.09528227, -0.02212049,  0.24491477,  0.0678761 ,
       -0.07084595,  0.06836978, -0.00982593,  0.02593092, -0.12881362]), array([-0.2339459 ,  0.00394148,  0.06851717,  0.16653779,  0.25728193,
       -0.13987939, -0.00192416, -0.10925979, -0.23107788,  0.15558336,
        0.01116038,  0.29121671,  0.04632972,  0.05097055, -0.1185236 ,
       -0.19794623,  0.00044587,  0.07797542,  0.07925195, -0.06461248,
       -0.04669998, -0.02099532,  0.25456486, -0.01210814,  0.19866364,
        0.0256664 , -0.01089265,  0.084744  , -0.04307216, -0.16211196,
       -0.19691777, -0.16942754, -0.10317724,  0.19444053,  0.10215739,
        0.0468925 , -0.21211438,  0.10628603,  0.13330395,  0.07997886,
        0.17947622,  0.02735266,  0.09008815,  0.2750114 , -0.26276272,
       -0.05836355,  0.00607823, -0.1233159 , -0.00057913,  0.12763487,
        0.06866095,  0.01778771,  0.05637185,  0.10622007, -0.07012067,
       -0.08976247,  0.01407389,  0.00367991, -0.09901795,  0.14236943,
        0.14229651,  0.00217064, -0.14967485, -0.02774044, -0.07999863,
       -0.06956434, -0.25391589,  0.24809453,  0.08240234,  0.21006542,
       -0.24542618, -0.07331953,  0.00913549, -0.00138437,  0.07161878,
       -0.13739362,  0.22246174,  0.10659063, -0.13037506,  0.18028949,
       -0.10144241, -0.26508566, -0.14481342,  0.00107798,  0.04571245,
        0.0083256 ,  0.06691416,  0.27092449,  0.17935672, -0.0491288 ,
        0.03102671,  0.00433149, -0.11665732,  0.29408282,  0.05148364,
        0.20703611,  0.31781093,  0.14187335, -0.16132524, -0.22184785]), array([ -2.32277401e-01,   2.29808518e-02,   8.78290413e-02,
         5.02803011e-02,   1.33300141e-01,  -1.31289215e-01,
         3.36753285e-05,  -1.48036437e-02,  -1.05109284e-01,
         5.18306516e-02,   1.35188299e-02,   1.71499618e-01,
        -1.12782741e-01,   6.84064353e-02,   2.37339643e-02,
        -1.54764373e-01,   2.66063669e-02,   4.83760639e-02,
         5.91185521e-02,   6.71767527e-02,  -2.68467142e-02,
         1.89687999e-02,   1.65817610e-01,   1.67536545e-02,
         2.00386060e-01,   1.23975870e-01,   4.04782544e-02,
         1.03422461e-01,  -3.89547758e-02,  -6.87819834e-02,
        -1.82822368e-01,  -5.63918882e-02,  -2.79197128e-02,
         1.53304220e-01,  -3.81015046e-02,  -7.51479085e-02,
        -7.33738942e-02,   4.44571189e-02,   5.37364455e-02,
         2.39908227e-03,   9.79365360e-02,   5.89239417e-03,
        -1.22498520e-02,   2.25673516e-01,  -1.95971126e-01,
        -3.78284501e-02,   7.41621465e-02,   2.70794871e-02,
        -1.91885080e-03,   5.44526789e-02,  -3.97961999e-02,
         5.34367639e-02,   5.41285607e-02,   6.27821455e-02,
        -3.87872090e-02,  -6.84933738e-02,   1.24673496e-01,
         3.21758814e-02,  -3.71922340e-02,   1.44312314e-01,
         2.76740607e-03,  -1.38716652e-02,  -1.39125590e-01,
        -4.23390415e-02,   5.54633593e-03,  -7.68999345e-02,
        -2.65227125e-01,   1.12616003e-01,   5.59137064e-02,
         7.56062055e-02,  -1.66416294e-01,  -6.33186543e-02,
        -8.93616089e-02,  -9.24539849e-02,   1.12438071e-01,
        -6.75486487e-02,   1.57324586e-01,   8.28942582e-02,
        -1.08847867e-01,   5.77217446e-02,  -8.60760338e-02,
        -1.99840942e-01,  -1.20201674e-01,   6.73539450e-02,
        -7.60890256e-02,   2.08724495e-02,   3.52973935e-02,
         1.63719481e-01,   1.13816646e-01,  -1.84829277e-01,
        -5.30990895e-02,   1.06396838e-01,  -9.26230674e-02,
         1.44246020e-01,  -2.30682480e-04,   7.81657469e-02,
         1.65755865e-01,   1.23266815e-01,  -1.26661404e-01,
        -1.33245661e-01]), array([-0.20354738,  0.02210063,  0.14535249,  0.15230493,  0.04332661,
       -0.10071207, -0.09415394, -0.12450956, -0.16777039,  0.10484714,
        0.11547581,  0.36310877,  0.02773627,  0.01536991, -0.07516589,
       -0.18980813,  0.04262654,  0.04805164,  0.05242446,  0.02059697,
        0.10552183,  0.09012073,  0.0856245 ,  0.05841932,  0.05205685,
       -0.0111842 , -0.0294824 ,  0.20915824, -0.10459242, -0.13072037,
        0.01749061, -0.19933194, -0.14902592,  0.18532002,  0.14748224,
        0.02071036, -0.21226297,  0.1441434 ,  0.10795684,  0.09260109,
        0.12520878, -0.05590192,  0.09722724,  0.27036012, -0.07072995,
        0.03267906,  0.00533988, -0.14188903, -0.01351225,  0.1364692 ,
        0.14188574, -0.04626134,  0.10584863,  0.0902279 , -0.1330005 ,
        0.03550317, -0.08614288, -0.12833246, -0.04932858,  0.22328621,
        0.16909235,  0.07301394, -0.04989871,  0.08350439, -0.13132488,
       -0.02580865, -0.20515567,  0.17762267,  0.14507537,  0.19998916,
       -0.17395755,  0.0442545 ,  0.0418374 ,  0.06271336,  0.25962657,
       -0.11626279,  0.22691937,  0.1184472 , -0.04892451,  0.05754127,
        0.01698489, -0.26965648, -0.08200925, -0.01422163, -0.02031473,
        0.05516795, -0.00063948,  0.23309723,  0.03668978,  0.02162662,
        0.01405076,  0.08116882, -0.0533984 ,  0.27991212,  0.04775641,
        0.21430293,  0.14744809,  0.04045411, -0.12328774, -0.28228134]), array([-0.16056786,  0.06424537,  0.14636673,  0.00540885,  0.10311077,
       -0.02037592, -0.15257926, -0.16444654, -0.24165448,  0.1686125 ,
        0.1599874 ,  0.37126716, -0.07962785,  0.13969881, -0.08918622,
       -0.20928735, -0.01641302,  0.12457   ,  0.02964629, -0.01548936,
        0.21181744,  0.07495232, -0.01397269,  0.01143757,  0.03438183,
        0.07426123, -0.04358624,  0.28469677,  0.07347987, -0.16729393,
       -0.0662056 , -0.06552314, -0.14004891,  0.15819058,  0.04553192,
       -0.13807147, -0.0957955 , -0.02562315,  0.03555661,  0.09797226,
        0.13309927, -0.03069193, -0.06725625,  0.40233809, -0.09324378,
       -0.03040039,  0.12780962, -0.14823551, -0.10433544,  0.11552658,
        0.26718053, -0.03918459,  0.09552574,  0.09894726, -0.24197709,
        0.03728748, -0.03542599,  0.0500152 ,  0.04136402,  0.21400673,
        0.22669113,  0.11964373, -0.00121262,  0.16577635, -0.08027894,
       -0.04465129, -0.29244062,  0.05801473,  0.11284087,  0.0633567 ,
       -0.25100067,  0.01013539, -0.0800942 , -0.16050259,  0.20228502,
       -0.12736958,  0.25108711,  0.2131199 , -0.07887027,  0.00159031,
       -0.01778178, -0.18088181, -0.19518172,  0.03823936,  0.03996614,
        0.06120524, -0.01463239,  0.12670142, -0.09365374, -0.07256169,
       -0.04714811,  0.10532631, -0.06173273,  0.19236159,  0.02002792,
        0.13785116,  0.24273475,  0.04680455, -0.30872677, -0.25805773]), array([-0.34687574,  0.09373584,  0.13065917, -0.09917109,  0.31802453,
       -0.01271467, -0.32981704, -0.21365476, -0.45064222,  0.28157068,
        0.23902423,  0.35305643, -0.17581003,  0.25430802, -0.15023972,
       -0.38999586, -0.04215949,  0.39717315, -0.04453863, -0.21636531,
        0.40216604,  0.1485745 , -0.18050641, -0.12918498,  0.08617479,
        0.32629557, -0.15449547,  0.55575184,  0.38047533, -0.22501111,
       -0.17436258,  0.21435223, -0.24382103,  0.22352818, -0.05543925,
       -0.45102722,  0.00179422, -0.2682851 , -0.02877294,  0.08580492,
        0.29158399, -0.23688666, -0.2201005 ,  0.93866237, -0.14080917,
       -0.18129724,  0.32160783, -0.07681046, -0.28887925,  0.11822811,
        0.60663307, -0.058476  ,  0.22684129,  0.24533011, -0.5679842 ,
       -0.06567141, -0.03015338,  0.38074637,  0.20465544,  0.36884201,
        0.57307363,  0.3565797 ,  0.18400033,  0.41885764, -0.01652477,
       -0.1106575 , -0.54765494, -0.04814863,  0.07162647, -0.06210314,
       -0.55470704, -0.11923045, -0.34784693, -0.45358021,  0.28376932,
       -0.24093434,  0.55812384,  0.52557366, -0.01631894, -0.24192895,
       -0.08848268, -0.20033223, -0.49555882,  0.13193702,  0.19499194,
        0.087993  , -0.1529463 ,  0.05499802, -0.28587617, -0.2902439 ,
       -0.00179919,  0.13341061, -0.20322356,  0.2400565 , -0.03115395,
        0.23480181,  0.57315143,  0.11461821, -0.71422373, -0.26207271]), array([-0.15849757, -0.11634959,  0.05992531,  0.03751841,  0.13434804,
       -0.02014315,  0.05664294, -0.06052695, -0.11753461,  0.03555759,
       -0.01668629,  0.3017535 ,  0.0436011 ,  0.06139213, -0.02992183,
       -0.06223687,  0.1385517 ,  0.23485725,  0.10554449,  0.01941087,
        0.03690919,  0.23278945,  0.22305002, -0.03716896,  0.05748298,
       -0.08678587,  0.03609873,  0.18437979, -0.03460321, -0.13518618,
        0.06800476, -0.19875051, -0.08500556,  0.19146735, -0.01745141,
       -0.20059242, -0.28365785,  0.15554091,  0.16572388,  0.01952349,
        0.02822217, -0.01791473,  0.03253974,  0.21219797, -0.19261728,
        0.0829715 ,  0.22807876,  0.09349994, -0.12087452,  0.13640999,
       -0.06030406,  0.09526597, -0.0873468 ,  0.32142068, -0.12830103,
       -0.31997204,  0.18078157, -0.0323575 , -0.02523332,  0.23646621,
        0.05068238, -0.03078621, -0.07794349,  0.00736699, -0.17303793,
       -0.11768758, -0.02121088,  0.18674947, -0.01553557,  0.13430658,
       -0.24712561, -0.0178507 ,  0.10747818,  0.07583491,  0.28459787,
       -0.16558406,  0.31492193, -0.14150682, -0.08565579,  0.04887894,
       -0.09211953, -0.14871396, -0.15582214,  0.11069689, -0.01317371,
       -0.00554589, -0.01223694,  0.25395499, -0.04006811, -0.03108775,
        0.12899463,  0.14773195, -0.20945042,  0.264224  ,  0.02384267,
       -0.07266743,  0.19622738, -0.01530032, -0.03173498, -0.26526624]), array([-0.01193707, -0.08219147,  0.09906083,  0.07808327,  0.11180392,
       -0.01401534,  0.03887127, -0.07856323, -0.05579961, -0.04533944,
        0.05230416,  0.26956899,  0.05600037, -0.01982267, -0.02898608,
       -0.12203493,  0.11669347,  0.15915152,  0.11112795, -0.00092652,
        0.14612871,  0.23293872,  0.17065849,  0.03331604, -0.01662497,
       -0.08160799, -0.01757618,  0.14644708, -0.06600903, -0.12326302,
        0.06685475, -0.12052103, -0.05584895,  0.0981143 , -0.06171623,
       -0.08480908, -0.26478181,  0.12401754,  0.11942123,  0.04382825,
       -0.02700149, -0.09573305, -0.02561075,  0.10412232, -0.15385477,
        0.11779026,  0.17146642,  0.03509225, -0.07159671,  0.11600565,
       -0.00585693,  0.08470335,  0.0102478 ,  0.19277919, -0.07541093,
       -0.22118941,  0.12044322, -0.11451943, -0.02726553,  0.10594705,
        0.00053069, -0.03638966, -0.04644137,  0.05440109, -0.11224221,
       -0.01679536,  0.00157612,  0.18221193, -0.0188328 ,  0.13463666,
       -0.16333307,  0.02682253,  0.06143883,  0.10769155,  0.21617028,
       -0.07923471,  0.26232179, -0.16775467, -0.08014983, -0.07019097,
       -0.05000961, -0.0576105 , -0.16970678,  0.00513206,  0.09323558,
        0.00352759, -0.07541598,  0.16609637, -0.04846337, -0.00938411,
        0.05334045,  0.13325129, -0.15990942,  0.17374731,  0.05080146,
       -0.04397017,  0.09097006, -0.08930963, -0.09642332, -0.1878382 ]), array([-0.08021381, -0.09849637,  0.00772642,  0.1329435 ,  0.01337181,
       -0.00591312,  0.07126622, -0.08536958, -0.10035088, -0.01356596,
       -0.04363339,  0.14502412, -0.00742549, -0.03511812, -0.06172902,
       -0.05624296,  0.10372995,  0.23197265, -0.03575881,  0.04730636,
        0.15781927,  0.08218838,  0.05007705, -0.04658077,  0.07613277,
       -0.0451047 , -0.03570569,  0.06257769, -0.09649289, -0.06890294,
       -0.13465821, -0.0027654 , -0.17187144,  0.19901859,  0.01467037,
        0.12035054, -0.16722729,  0.13333606,  0.08400398,  0.05598577,
       -0.03155352, -0.20446245, -0.01318856,  0.14568472, -0.16400411,
        0.02972974,  0.11819993,  0.01925733, -0.05816705,  0.09351718,
       -0.02046296,  0.04157576,  0.17587523,  0.23868491, -0.10668569,
       -0.13876876,  0.05230522,  0.03621116, -0.00350758,  0.15550153,
       -0.01537217, -0.17548952,  0.10479472,  0.00704458, -0.15469979,
        0.01610752, -0.02101606,  0.1418627 ,  0.10787459,  0.13608047,
       -0.13155651,  0.1427119 , -0.02989667,  0.00471111,  0.15376113,
       -0.08011399,  0.2005178 ,  0.00144966, -0.04675336, -0.01426985,
       -0.01545086, -0.14277006, -0.14685862,  0.10235482,  0.01707793,
        0.06438894, -0.06469795,  0.17846236,  0.0468398 , -0.02038703,
       -0.00549649,  0.13790566, -0.21615852,  0.16008589,  0.0259473 ,
        0.10312204, -0.00185506,  0.01820019, -0.04356802, -0.15888251]), array([-0.16158536,  0.05248248,  0.09522329,  0.04841387, -0.0247409 ,
       -0.08820122, -0.04676583, -0.04146315,  0.06084638,  0.03159574,
        0.05973307,  0.17286205, -0.06659663,  0.03557657,  0.0339532 ,
       -0.1416828 , -0.02224303,  0.0030364 ,  0.0151995 ,  0.12906342,
        0.04221546,  0.06700905,  0.04886663,  0.0406071 ,  0.11472124,
        0.10699104,  0.0070415 ,  0.15016105, -0.01648566, -0.04729565,
       -0.05987053,  0.00971897, -0.00072704,  0.07329563, -0.02565059,
       -0.06325138, -0.00535522,  0.01478161,  0.0555829 ,  0.01920436,
        0.0367612 , -0.05527817, -0.06256375,  0.15869817, -0.13904422,
        0.00402241,  0.05600816,  0.08355136,  0.00860726,  0.03394371,
       -0.04073803,  0.01989306,  0.04457085,  0.03654935, -0.07601636,
        0.01191466,  0.0892788 , -0.03011382, -0.02780661,  0.14473924,
        0.03235982, -0.00120922, -0.06710849,  0.03561154,  0.00467888,
       -0.02613791, -0.17424881,  0.07898122,  0.07587117,  0.02158426,
       -0.12017101,  0.08615809, -0.12078706, -0.08088709,  0.11509574,
       -0.05745265,  0.12701255,  0.02267771, -0.02391323,  0.05296093,
       -0.00853508, -0.14969959, -0.12461789,  0.06305358, -0.07695982,
        0.06906229,  0.0041668 ,  0.02777502,  0.02911789, -0.17938668,
       -0.05260561,  0.12194732,  0.01781257,  0.14500444,  0.0335074 ,
        0.0071388 , -0.00571896,  0.01866184, -0.13324908, -0.1048402 ]), array([ -1.27193734e-01,  -8.57788617e-02,   1.26293943e-01,
         9.49336314e-02,   1.02386677e-01,  -8.40878795e-02,
         7.89127547e-02,  -2.17052697e-01,   6.93295383e-05,
         2.48217931e-02,   3.99155882e-02,   2.16483869e-01,
         5.33788670e-02,   1.47362104e-01,  -2.93501845e-02,
        -4.00032432e-02,  -2.46386289e-02,   5.05036623e-02,
         1.35299520e-01,   1.05105845e-01,  -7.35547033e-02,
         6.86735072e-02,   2.36463603e-02,   3.83008375e-02,
         8.72589002e-02,   9.34182429e-04,   3.74796856e-02,
         8.00676449e-02,   7.45883963e-02,  -3.67753581e-02,
        -1.32606248e-01,  -3.20132343e-02,   9.64232541e-03,
         1.27852037e-02,  -2.90858913e-02,  -2.61857309e-02,
        -2.07486354e-01,   2.95141482e-02,   1.70124643e-02,
        -1.28394785e-02,   3.72300607e-02,  -5.62509979e-02,
         1.02754147e-01,   1.32364270e-01,  -1.36122997e-01,
         1.12685008e-02,   1.47354308e-01,  -3.55709990e-02,
        -8.53269522e-02,  -3.93402286e-02,   5.70145788e-02,
        -2.24917970e-02,   1.11231842e-01,  -2.82742841e-02,
        -4.61226710e-02,  -2.08143539e-01,   1.23353150e-02,
         1.43569017e-02,  -9.83158314e-02,   6.71371198e-02,
         1.01960851e-01,  -9.02219629e-02,  -2.41131094e-02,
        -9.49029029e-03,  -9.70315488e-02,  -4.61905336e-02,
        -7.91413691e-02,  -1.96541911e-02,   1.29973491e-01,
         1.71591583e-02,   4.30511756e-02,   8.15797858e-02,
        -7.72240747e-02,   4.90688900e-03,   1.73898118e-01,
         5.78724641e-02,   1.91460968e-01,   1.19878051e-01,
        -5.44900277e-02,   1.80661420e-02,  -5.95305486e-02,
        -7.53738781e-02,  -1.56611284e-01,  -8.07970079e-02,
         1.25641086e-01,   6.96939518e-02,   1.66688128e-02,
         1.08608662e-01,  -1.03469180e-01,  -2.68048130e-02,
         1.68933251e-01,   6.89400661e-02,  -6.86728087e-03,
         2.12725983e-01,  -3.63714497e-02,  -3.44933963e-02,
         8.93878922e-02,   3.72165026e-03,  -1.18127255e-01,
        -1.10529366e-01]), array([-0.15248721, -0.13938421,  0.04257923,  0.07263832,  0.18796917,
       -0.11394326,  0.02986865, -0.08848869, -0.17616337,  0.11299041,
        0.02444197,  0.20621098, -0.00634925,  0.03445768, -0.07074912,
       -0.09777865, -0.01257509,  0.19124745,  0.05155874, -0.04292433,
       -0.02593558,  0.07123004,  0.20970628, -0.03150531,  0.12981178,
       -0.02049926, -0.00276956,  0.08701671,  0.05362517, -0.15374934,
       -0.14203946, -0.04781719, -0.06917247,  0.19248942, -0.00799001,
        0.02744443, -0.29569995,  0.17126284,  0.09057387,  0.00213791,
        0.10154491, -0.01673143, -0.03133596,  0.20002088, -0.29047621,
       -0.03892459,  0.15699328, -0.019047  , -0.05362837,  0.07895567,
       -0.03420799, -0.03302775,  0.03330933,  0.11014673, -0.00312226,
       -0.19750664,  0.1732595 ,  0.03641239, -0.12337818,  0.13407505,
        0.10838059, -0.1252328 , -0.16261355, -0.04141897, -0.12213216,
       -0.03875087, -0.16897762,  0.16119864,  0.09267071,  0.1257457 ,
       -0.24737689, -0.09291005, -0.01683385, -0.08524137,  0.0191969 ,
       -0.12792162,  0.22493015, -0.02219345, -0.13084796,  0.06492269,
       -0.07259582, -0.13623634, -0.18846572,  0.04079522,  0.06372292,
        0.00496687, -0.01387978,  0.24446828,  0.10975019, -0.03965074,
        0.0340032 ,  0.05442184, -0.13761672,  0.21692128,  0.06137482,
        0.08666761,  0.31565663,  0.03482334, -0.08567164, -0.19529301]), array([-0.07275341, -0.03872492,  0.13125532,  0.1585296 ,  0.06205658,
       -0.02286258,  0.09402478, -0.08765442, -0.04983677, -0.06685082,
        0.0309834 ,  0.20518435,  0.08597529,  0.02381052, -0.00907478,
       -0.14072386,  0.17285983,  0.11501258,  0.19414486, -0.05464317,
       -0.04099101,  0.17417852,  0.17258147, -0.01037783,  0.13974385,
        0.02075869,  0.06311269,  0.12552843, -0.05886794, -0.05339743,
       -0.02798516, -0.07485707,  0.0665997 ,  0.03927543,  0.05897528,
       -0.1215703 , -0.2180503 ,  0.06282982,  0.11371282,  0.0256761 ,
        0.10046777, -0.10852467,  0.07465246,  0.09908386, -0.19168115,
        0.00300278,  0.07603919, -0.05922598,  0.02246523,  0.06371634,
       -0.00864732,  0.17263453, -0.04243648,  0.10999844,  0.0119426 ,
       -0.13192249,  0.17233664,  0.05310086, -0.08636577,  0.1363166 ,
        0.05302814, -0.03134995, -0.14065246, -0.00838706, -0.05711682,
       -0.01070696, -0.05741201,  0.16476466,  0.02644367,  0.08726812,
       -0.12497785,  0.0088494 ,  0.03805095,  0.12378045,  0.20989082,
       -0.03882084,  0.27369085, -0.13966058, -0.16173654,  0.00317963,
       -0.09790538, -0.10432325, -0.06191443, -0.0154525 ,  0.07890806,
       -0.06551569, -0.02339662,  0.11660251,  0.08952723, -0.05839587,
        0.13263403,  0.08771871, -0.06968204,  0.24656728,  0.05943272,
       -0.00320215,  0.17029033,  0.02804066, -0.06340443, -0.14224718]), array([ -5.50094816e-02,  -8.32810891e-02,   4.12935089e-03,
         7.95250795e-02,   8.60176289e-02,  -3.82046162e-02,
        -2.11333649e-02,  -2.70520264e-02,  -9.03717439e-02,
         3.17492972e-02,   2.45388472e-03,   1.24751354e-01,
         3.75327252e-02,   5.25735292e-03,  -4.70827441e-02,
        -1.79761798e-02,   2.05307390e-02,   1.11648047e-01,
         2.91903597e-03,   3.60579342e-03,   1.11389671e-01,
         1.04109328e-01,   3.86467566e-02,   3.50122017e-03,
        -1.88625373e-02,  -8.37170575e-02,  -4.91029271e-02,
         8.40978580e-02,   1.21932164e-02,  -7.85520113e-02,
        -1.03625415e-02,  -3.33225886e-02,  -9.07197660e-02,
         1.11768539e-01,  -1.86703372e-02,  -1.80006123e-03,
        -1.66899792e-01,   8.66676402e-02,   5.18807371e-02,
         5.48609138e-02,  -1.13277499e-02,  -4.67183226e-02,
        -6.58364090e-02,   9.73282483e-02,  -1.25534334e-01,
         3.99158127e-02,   1.21365172e-01,   4.26062080e-02,
        -1.02548551e-01,   7.53428229e-02,  -1.60607518e-02,
        -3.23030070e-02,   6.41125659e-02,   1.38723807e-01,
        -1.05457718e-01,  -1.58024838e-01,   2.39147115e-02,
        -6.22497594e-02,   3.09020528e-03,   9.79227204e-02,
         6.56885690e-03,  -9.40098282e-02,   8.89004054e-03,
         3.52534290e-02,  -9.39187442e-02,   7.24238289e-04,
        -2.16275306e-02,   9.38200812e-02,   2.74184387e-02,
         8.99829738e-02,  -1.08293609e-01,   6.05904582e-02,
        -1.26058084e-02,   1.24050121e-02,   2.83664120e-02,
        -9.03554934e-02,   1.17236552e-01,  -7.02110836e-02,
        -1.83613150e-02,   1.03799691e-02,  -1.85616692e-02,
        -5.74631840e-02,  -1.60742341e-01,   4.59769817e-02,
         3.54861209e-02,   5.28144532e-02,  -5.08859815e-02,
         1.39032077e-01,   4.91586148e-04,  -1.04543581e-02,
         9.77175497e-05,   6.99990118e-02,  -1.36473748e-01,
         9.77578934e-02,   4.80938470e-02,   5.02590428e-02,
         7.96211610e-02,  -4.63070231e-02,  -4.89549288e-02,
        -7.36279312e-02]), array([ -1.90602420e-01,  -3.54947295e-02,   9.81512621e-02,
         1.16904931e-01,   2.31284142e-01,  -2.70220725e-02,
        -1.37399444e-01,  -4.19029841e-01,  -3.13904743e-01,
         1.20038103e-01,   2.36597525e-01,   4.61396222e-01,
         9.02177351e-02,   2.32353471e-01,  -1.77611220e-01,
        -5.13952026e-02,  -5.29769959e-02,   2.25966347e-01,
        -4.11669199e-04,   2.65528731e-02,   1.27575487e-01,
         3.45266959e-02,   1.11224232e-02,  -3.22030955e-03,
         2.43571720e-02,  -1.47473283e-02,   2.59020221e-02,
         2.90453049e-01,   2.22566142e-01,   1.53364476e-02,
        -2.31504617e-01,  -7.90162967e-02,  -2.70291736e-01,
         1.11486639e-01,  -9.87493995e-02,  -1.37290286e-01,
        -1.78672429e-01,  -8.30040617e-02,   1.11855627e-01,
         1.54366067e-01,   1.15461304e-01,  -7.65990228e-02,
        -1.33614781e-02,   5.40653269e-01,  -2.86157016e-01,
        -1.58653550e-01,   1.76804407e-01,  -6.37640917e-02,
        -2.06617325e-01,   3.13957776e-02,   2.24805972e-01,
        -6.56845104e-02,   7.29520762e-02,   7.56593433e-02,
        -3.49076786e-01,  -3.18280154e-01,   2.53678530e-02,
         8.74459603e-02,  -5.69839739e-02,   1.51215814e-01,
         2.87387861e-01,   9.75236325e-02,   1.01858582e-02,
         1.65075784e-01,  -5.69740698e-02,  -1.03099324e-01,
        -2.37437163e-01,   4.17798316e-02,   2.14888130e-01,
         2.31377053e-01,  -2.19545276e-01,  -1.53227780e-02,
        -1.73184540e-01,  -7.22410781e-02,   2.19612215e-01,
        -1.20325029e-01,   4.95652793e-01,   2.88842722e-01,
        -1.16368502e-01,  -1.30174872e-01,  -4.59702989e-02,
        -2.33694532e-01,  -5.20273413e-01,  -5.28983269e-02,
         2.53669456e-01,   1.41330385e-01,  -1.52784290e-01,
         1.78012063e-01,  -2.36415442e-01,  -1.43990205e-01,
         8.06175545e-02,   1.27229819e-01,  -2.18098487e-01,
         3.07147317e-01,  -1.18587944e-01,   1.22187281e-01,
         4.20953176e-01,  -1.93274925e-02,  -3.65906504e-01,
        -2.44387566e-01]), array([-0.22283014, -0.1324883 ,  0.15823891,  0.03864427,  0.23231099,
        0.18320368,  0.07875853, -0.13757909, -0.15076277,  0.13764947,
        0.23763673,  0.5555169 ,  0.16194255,  0.19966144, -0.20666048,
       -0.09953168,  0.09677044,  0.22600032,  0.14584761, -0.19320599,
        0.15827299,  0.1491856 ,  0.06639831,  0.02788759, -0.02595922,
        0.04061194,  0.19324407,  0.32318885,  0.16471567, -0.20847593,
        0.01507426, -0.07118084, -0.26234684,  0.34384224, -0.020898  ,
       -0.24562508, -0.19973867, -0.01510301,  0.09642661,  0.1224807 ,
        0.23750485, -0.06928401,  0.06585476,  0.47472625, -0.27018133,
        0.02886029,  0.30219307, -0.03324679, -0.2660211 ,  0.25561544,
        0.20072057,  0.14560133,  0.02756505, -0.01947772, -0.18209972,
       -0.3721284 ,  0.28748752,  0.08276923, -0.00978879,  0.26464179,
        0.14364036, -0.04245133, -0.05981442, -0.06686282,  0.0335348 ,
       -0.1584945 , -0.21290032, -0.00119761,  0.24845568,  0.20875251,
       -0.11770164,  0.14492706, -0.17583607,  0.0468649 ,  0.28761182,
        0.13071373,  0.48394405, -0.00571356, -0.31486516, -0.04214594,
        0.00625708, -0.21560116, -0.21768465,  0.00837444,  0.0806542 ,
        0.09754396, -0.17107392,  0.11904297, -0.1284456 , -0.17255703,
        0.03829338,  0.17360084, -0.15828278,  0.1939527 ,  0.01482342,
       -0.13188219,  0.43332985, -0.08683802, -0.32149777, -0.3797634 ]), array([-0.09514547,  0.01216693,  0.07830709,  0.15340601,  0.004713  ,
       -0.07545371, -0.05776244, -0.05680236, -0.0081109 ,  0.02903171,
        0.03147224,  0.15240893,  0.07431251,  0.02266957, -0.01333035,
       -0.07926779,  0.04628767,  0.05203815,  0.06809955,  0.01539336,
       -0.00369231,  0.08118961,  0.10409159,  0.10520879,  0.08482354,
        0.07269455, -0.08576691,  0.07584706, -0.02237436,  0.00576004,
        0.00884279, -0.08123217,  0.00095592,  0.06165779,  0.04712439,
       -0.08654632, -0.12610155, -0.0082457 ,  0.08742175,  0.05405736,
        0.04661992, -0.0239316 ,  0.04105771,  0.21176662, -0.16644216,
       -0.00222175, -0.05468275, -0.13086942, -0.02900037,  0.03078828,
       -0.03509885,  0.08830487,  0.02997361,  0.13510475, -0.06389522,
        0.01618526,  0.00285346, -0.05349221,  0.01424814,  0.1609405 ,
        0.02131187,  0.01198392, -0.05575177,  0.04687492, -0.06481913,
        0.02955368, -0.04830562,  0.05629913,  0.08299326,  0.10744573,
       -0.14232434,  0.03115583, -0.00994778,  0.01805738,  0.17781311,
       -0.05089553,  0.16843211,  0.01234184, -0.01941485,  0.04118137,
       -0.07874688, -0.11519295, -0.10992947,  0.01664824,  0.11376815,
       -0.0663453 , -0.06452621,  0.13851359,  0.00489991, -0.03672387,
        0.14472698,  0.04064755, -0.06141016,  0.20647441,  0.0513248 ,
       -0.00684787,  0.11528271,  0.07478276, -0.07714201, -0.10575773]), array([-0.03603684,  0.01571465,  0.07747085,  0.13896643,  0.05071376,
        0.05188675,  0.01722701, -0.06927583,  0.02699884, -0.01625827,
        0.08754499,  0.22806662,  0.0431433 ,  0.04367927, -0.02942558,
       -0.12544053,  0.06376859,  0.13204915,  0.13065632,  0.02415375,
        0.05301966,  0.10893293,  0.1375586 , -0.04210419,  0.08662259,
       -0.07029256,  0.07238341,  0.16239156, -0.11024844, -0.1014013 ,
       -0.00333858, -0.11581672, -0.00146227,  0.01832086,  0.03125164,
       -0.09313835, -0.08174628, -0.03312471,  0.11198787,  0.01214841,
        0.02019722, -0.11529937,  0.00602322,  0.115269  , -0.20976106,
        0.03181937,  0.10302826,  0.00357664,  0.0069332 ,  0.07245533,
        0.01144893,  0.10841853, -0.05520731,  0.04961047, -0.0608498 ,
       -0.12902268,  0.09848318, -0.03044603, -0.09953159,  0.08841925,
        0.10300183, -0.02075509, -0.08328008, -0.02100318, -0.01005522,
       -0.04362547, -0.00640987,  0.15863464,  0.02194419, -0.01232974,
       -0.09042188,  0.09052965,  0.04826608,  0.08788015,  0.163657  ,
       -0.07746061,  0.18875374, -0.12843016, -0.02784539,  0.07776157,
       -0.00414173, -0.05217542, -0.08790453, -0.0521686 ,  0.06508482,
        0.02996789, -0.05542093,  0.04724712,  0.03702123, -0.05190217,
        0.05668735,  0.07838872, -0.01787412,  0.25041391,  0.10721223,
       -0.07472274,  0.09246197, -0.04222292, -0.05378045, -0.14424693]), array([-0.25369574,  0.11379291,  0.24979047,  0.14688949,  0.09454665,
       -0.00132488, -0.16367221, -0.23971865, -0.20010647,  0.19205943,
        0.27275701,  0.40781817,  0.01118488,  0.15392455, -0.13969348,
       -0.31260674, -0.06888484,  0.10850582,  0.05346137,  0.02252586,
        0.11466359,  0.07127472,  0.0021521 , -0.04963252,  0.16306517,
        0.03582674, -0.00859407,  0.31384903,  0.03828435, -0.1401226 ,
       -0.15221087, -0.04675504, -0.16140721,  0.16583856,  0.18296542,
       -0.18562382, -0.1558225 , -0.05076054,  0.10021125, -0.02393471,
        0.19662337, -0.06526432, -0.11144439,  0.46093623, -0.19535401,
       -0.0537368 ,  0.10670069, -0.16103973, -0.11451744,  0.20966755,
        0.23964289, -0.03675954,  0.05480228,  0.10991634, -0.20713597,
       -0.00212346, -0.03988336,  0.10018991, -0.01156587,  0.24670206,
        0.2931971 ,  0.11885566, -0.08827298,  0.15885624, -0.10356593,
       -0.09243418, -0.31940043,  0.11645256,  0.21186522, -0.03283687,
       -0.23725589,  0.04538552, -0.14660836, -0.15914527,  0.1838221 ,
       -0.18688947,  0.29066078,  0.21820979, -0.0726745 ,  0.09809114,
        0.00369508, -0.20055537, -0.16821746,  0.01497075,  0.09901921,
        0.09434337, -0.06328828,  0.1011982 , -0.0509785 , -0.03108722,
        0.0522343 ,  0.1005463 ,  0.00879898,  0.32308084,  0.05009096,
        0.0463955 ,  0.3273747 ,  0.05199512, -0.37480754, -0.25281592]), array([-0.21899408, -0.16195133,  0.19458947,  0.18306838,  0.21824509,
       -0.08810945, -0.03712703, -0.19452969, -0.26367965,  0.01213046,
        0.03584443,  0.42969857,  0.08223506, -0.0511377 , -0.14014979,
       -0.09382259,  0.00657619,  0.12061136,  0.0716838 ,  0.02488776,
       -0.02344865,  0.07275122,  0.19523472,  0.16361176, -0.02367028,
       -0.02250225, -0.05563774,  0.20807173, -0.08614882, -0.14671652,
       -0.09463043, -0.19193724, -0.06307356,  0.31134099,  0.06662234,
       -0.0266095 , -0.26606902,  0.13874582,  0.21576647,  0.1918186 ,
        0.14720268,  0.05895822,  0.09729732,  0.34711377, -0.24290419,
        0.02672401,  0.10061253, -0.28046107, -0.11093857,  0.07867398,
        0.02099004, -0.08910974,  0.10149747,  0.1853593 , -0.07402187,
       -0.13307301, -0.0120403 , -0.07266651, -0.00516402,  0.28371575,
        0.14115651, -0.06277208, -0.10161929, -0.00958028, -0.17751599,
       -0.16635633, -0.17924968,  0.11387776,  0.16740726,  0.15301799,
       -0.17600656,  0.01592463,  0.00727607,  0.03194015,  0.32198778,
       -0.04173686,  0.25489412, -0.03284184, -0.12897412,  0.13444958,
       -0.02622085, -0.30991282, -0.21887701, -0.01575873, -0.09653819,
       -0.01586327, -0.10374607,  0.28792094, -0.10473011,  0.04189743,
        0.16397458,  0.02499921, -0.21095974,  0.20444593, -0.01234778,
        0.12160016,  0.17608636,  0.07481382, -0.0256186 , -0.22252405]), array([-0.12074418, -0.05977619,  0.05510028,  0.15634256,  0.16093107,
       -0.12267141, -0.00164323, -0.37972901, -0.12463014,  0.19056235,
        0.06238192,  0.31996479,  0.09340569,  0.21460206, -0.06097653,
        0.10491156, -0.08902703,  0.08802902,  0.02534263,  0.00230749,
        0.04225017,  0.09792005, -0.02110152,  0.06750918, -0.00526287,
       -0.0312764 ,  0.00965042,  0.13561269,  0.08222467,  0.01299119,
       -0.12367543, -0.16755401, -0.13889639,  0.1822182 , -0.08589689,
       -0.03637233, -0.19363061,  0.05284483,  0.12601867,  0.14147196,
       -0.01514069, -0.06823008, -0.01141081,  0.2401297 , -0.22706142,
       -0.19769131,  0.11553426, -0.13943925, -0.08337596,  0.03277693,
       -0.00998043,  0.01780247,  0.003568  ,  0.30175217, -0.19999576,
       -0.11001156, -0.04203521, -0.00511817, -0.08561496,  0.03009939,
        0.03351318, -0.01930478, -0.03820268,  0.01472513, -0.02170691,
       -0.08862312, -0.04779117,  0.10503867,  0.2041297 ,  0.35736455,
       -0.13499068,  0.06190158, -0.01305799,  0.05843373,  0.4006778 ,
        0.07069142,  0.2880705 ,  0.07853501, -0.09725457,  0.07649349,
       -0.033537  , -0.26039553, -0.32551087, -0.0518875 ,  0.16358518,
        0.16148109, -0.12576451,  0.05065632, -0.00912302, -0.02920584,
        0.17492689,  0.04082949, -0.12594706,  0.32126746, -0.05931115,
        0.20104833,  0.18620108, -0.03532807, -0.10637913, -0.14583249]), array([-0.03025483, -0.03358988,  0.04187505,  0.09597481, -0.00258997,
       -0.04363922, -0.01347108, -0.05986214, -0.0838042 , -0.02116312,
       -0.00911965,  0.02781395, -0.00299497,  0.02070377,  0.03976523,
       -0.02374014, -0.01028995,  0.03702191,  0.03989068,  0.02921338,
        0.04268532,  0.09653229,  0.06366178, -0.00547919,  0.07538692,
       -0.01649574, -0.00474923,  0.06717824, -0.07943103, -0.08090423,
       -0.01060333, -0.02574543, -0.0030268 ,  0.03734714,  0.01900432,
       -0.01442084, -0.07795875,  0.00457136,  0.09497656, -0.04499477,
        0.04664318, -0.01465882, -0.00315635,  0.11590351, -0.12586467,
        0.0030983 ,  0.03474289, -0.04539221, -0.04408373, -0.0397088 ,
       -0.01556278,  0.02240041, -0.07175854,  0.09530546, -0.03304402,
       -0.0163147 ,  0.05332335, -0.01218881, -0.04701997,  0.06504712,
        0.01336537, -0.07987896, -0.05725832, -0.02841946, -0.13577392,
        0.04341746, -0.02855934,  0.05331735,  0.06909871,  0.06804633,
       -0.04675017,  0.06663068, -0.00999185, -0.02912353,  0.10646228,
       -0.02297575,  0.11468739, -0.00797564, -0.0217772 ,  0.07214175,
       -0.02524062, -0.07770529, -0.1243996 , -0.04351324,  0.049277  ,
        0.04039601, -0.05030111,  0.12662126,  0.00302606, -0.02000402,
        0.08751735,  0.07304188, -0.10320293,  0.07702136, -0.00302676,
        0.06967377,  0.05206616,  0.01727682, -0.03924918, -0.02390635]), array([-0.32716463, -0.14443202,  0.15521955,  0.32653957,  0.25471042,
        0.11759137,  0.09466798, -0.21252561, -0.06290568,  0.11379763,
        0.20587646,  0.69513919,  0.38869183,  0.11203724, -0.27640629,
       -0.01322743,  0.07507075,  0.20948308,  0.21246587, -0.04983522,
        0.08964125,  0.09904464,  0.14310651,  0.12061514,  0.00424498,
       -0.13801739,  0.18528554,  0.32737538,  0.04381246, -0.20603407,
       -0.04507153, -0.24558455, -0.24565593,  0.37384167,  0.13167505,
       -0.14598406, -0.33617758,  0.06382955,  0.24269706,  0.19142563,
        0.13716951, -0.14110436,  0.15888166,  0.43549125, -0.46643662,
        0.09163063,  0.2331491 , -0.09723609, -0.20399722,  0.28141225,
        0.1287075 ,  0.15581272,  0.0189353 , -0.04701566, -0.14626076,
       -0.42376934,  0.25441996, -0.13492976, -0.18564252,  0.31937341,
        0.12970628, -0.19483171, -0.17829447, -0.12660431,  0.05738813,
       -0.19457247, -0.14327646,  0.18325211,  0.34528379,  0.3633926 ,
       -0.12226876,  0.32605221, -0.07734147,  0.15385839,  0.27206362,
        0.10983891,  0.45316566, -0.18465925, -0.32865174,  0.17049264,
        0.01134638, -0.36356402, -0.16075369, -0.05331835,  0.04371283,
        0.13305405, -0.16679149,  0.29584827, -0.05415734, -0.1414208 ,
        0.13389852,  0.21533013, -0.17443961,  0.45971619,  0.09777984,
       -0.05383607,  0.37303489, -0.1210296 , -0.13401344, -0.40802126]), array([-0.09825277, -0.15468016,  0.22929525,  0.08179269,  0.11906498,
       -0.06173904,  0.04720286, -0.06805845, -0.02864358,  0.01354561,
        0.11470011,  0.41226328, -0.03364393,  0.02982401, -0.01963236,
       -0.11653632,  0.11939394,  0.15858856,  0.25092918,  0.08060241,
        0.05888133,  0.28478424,  0.26067417, -0.00790668,  0.13655555,
       -0.02987965,  0.01480159,  0.27317954, -0.05623565, -0.24594372,
       -0.03258603, -0.06856394, -0.0727808 ,  0.22773187, -0.04196645,
       -0.28198838, -0.26319042,  0.24697342,  0.21414219,  0.01103033,
        0.04694894, -0.11173621, -0.05705325,  0.25178337, -0.27101358,
        0.09779264,  0.26668291,  0.14558317, -0.13810164,  0.15811841,
       -0.1573252 ,  0.08687286,  0.03969215,  0.2153846 , -0.06391539,
       -0.26525011,  0.33018531, -0.1091363 , -0.02043306,  0.17430143,
       -0.05109922, -0.07284468, -0.11119673, -0.05394189, -0.11103384,
       -0.05048806, -0.21687359,  0.12905272,  0.21880559,  0.19306011,
       -0.19987031,  0.13509696, -0.00450086, -0.0711631 ,  0.38492154,
        0.01450146,  0.42035611, -0.23430356, -0.17499   ,  0.04131326,
       -0.11714038, -0.16297214, -0.17443809,  0.09006288, -0.08276769,
        0.02485577, -0.02860592,  0.24388022,  0.01980414, -0.09368919,
       -0.00168212,  0.25287371, -0.2116371 ,  0.15350868,  0.0449777 ,
       -0.07144991,  0.11785523, -0.04972592, -0.16893095, -0.27275679]), array([-0.24448104, -0.05030661,  0.04871456,  0.05364085,  0.21909888,
       -0.09583865, -0.13675879, -0.11827826, -0.25917502,  0.18343657,
        0.12575555,  0.33623718, -0.04676062,  0.13244336, -0.1292106 ,
       -0.15443863, -0.04827055,  0.36342367,  0.017071  , -0.0592136 ,
        0.23317395,  0.17265453,  0.03314507, -0.01852355,  0.06253108,
        0.06780218, -0.16618608,  0.34440216,  0.12478769, -0.18060294,
       -0.07924638,  0.03293714, -0.15803737,  0.23156885, -0.0409004 ,
       -0.17795719, -0.19944456, -0.00621443,  0.05814499,  0.10261231,
        0.10291702, -0.15491568, -0.14412417,  0.48045936, -0.24431058,
       -0.05388484,  0.26786821, -0.06805276, -0.2293458 ,  0.12248541,
        0.19646993, -0.04186281,  0.14325393,  0.30382282, -0.33850138,
       -0.18711116, -0.02091197,  0.0555834 ,  0.0128053 ,  0.23924581,
        0.23911526,  0.03626681,  0.0649314 ,  0.22426369, -0.13127043,
       -0.02284429, -0.24372206,  0.12998568,  0.09796259,  0.13661613,
       -0.35032884,  0.03114091, -0.14419226, -0.1739591 ,  0.23066161,
       -0.13240156,  0.36388844,  0.14846359, -0.03058109, -0.07180257,
       -0.04853181, -0.18155923, -0.4309994 ,  0.09560209,  0.08472046,
        0.08812358, -0.12442114,  0.17897979, -0.09481571, -0.14192289,
        0.07666315,  0.12950194, -0.17779485,  0.25699642,  0.04066014,
        0.21054446,  0.34140762,  0.00535904, -0.35122211, -0.25554751]), array([ -1.56004940e-01,  -1.28532745e-01,   1.20735964e-04,
         4.69073424e-02,   2.74683704e-01,  -1.45494715e-01,
         3.01955124e-02,   2.19505891e-02,  -2.11389535e-01,
         1.88092552e-01,  -6.41485651e-02,   2.07942199e-01,
         8.75640560e-03,   4.08231172e-02,  -2.19064591e-02,
        -9.02887992e-02,   5.49250735e-03,   1.88265482e-01,
         2.71631261e-02,  -7.71514279e-03,  -1.77433957e-02,
         4.81554513e-02,   3.05679309e-01,   3.88184334e-04,
         1.20599717e-01,  -1.27262458e-02,  -7.48115146e-02,
         6.51780122e-02,   2.89892314e-02,  -1.96724730e-01,
        -1.24598126e-01,  -1.65105672e-01,  -1.50321329e-01,
         2.30263260e-01,  -2.65442022e-02,  -6.00782048e-02,
        -1.56256719e-01,   1.54734663e-01,   1.23061155e-01,
         7.81410128e-02,   8.15505581e-02,   3.40644988e-02,
        -2.21252012e-02,   2.89715021e-01,  -2.13661128e-01,
         2.06855288e-02,   7.22081411e-02,  -6.96465073e-02,
        -1.13825957e-01,   1.56373123e-01,  -2.43355133e-02,
        -1.53766669e-02,   8.44335250e-03,   2.84339230e-01,
        -4.74530990e-02,  -2.14922690e-01,   3.22506574e-02,
        -1.15906523e-02,   2.00831689e-02,   1.25097033e-01,
         5.72446865e-02,  -6.18953000e-02,  -6.29118428e-02,
        -2.90782849e-02,  -1.11566466e-01,  -5.63004757e-02,
        -1.54067913e-01,   1.74231043e-01,   2.44813686e-02,
         1.77181653e-01,  -2.37752442e-01,  -6.09458852e-02,
         7.04013236e-03,  -7.98156025e-02,   4.34112295e-02,
        -1.03880609e-01,   1.89306452e-01,  -5.38714283e-03,
        -6.44602360e-02,   1.45965911e-01,  -1.24178012e-01,
        -1.78538141e-01,  -2.09441009e-01,   1.00037982e-01,
         1.10073935e-02,  -1.07249310e-03,   1.38109465e-02,
         2.62541467e-01,   1.31628631e-01,  -6.13213544e-02,
        -2.10856359e-02,  -3.90484433e-03,  -2.57718006e-01,
         1.54005336e-01,   5.08645613e-02,   6.71598917e-02,
         2.87001490e-01,   6.82528187e-02,  -1.28564477e-01,
        -2.24852900e-01]), array([-0.36461453, -0.02153954,  0.18626424,  0.33836731,  0.25334357,
       -0.10438667, -0.07226137, -0.49047388, -0.51475645,  0.09868191,
        0.10168031,  0.53528567, -0.13516512,  0.17380117, -0.05069686,
       -0.19541462, -0.09532351,  0.20614102, -0.02226038, -0.24582661,
        0.1205709 ,  0.29355321,  0.1125646 ,  0.14343425,  0.27720665,
        0.10512616, -0.04573452,  0.4622208 , -0.07618801, -0.20804168,
       -0.1636046 ,  0.09850253, -0.06037878,  0.16175259,  0.0346837 ,
       -0.20164197, -0.24372258,  0.05295603,  0.22764582,  0.28015158,
        0.38018508, -0.12510452, -0.16203773,  0.74368137, -0.53113857,
       -0.21492249,  0.28987908, -0.26201276, -0.17348811, -0.11664645,
        0.27834743,  0.01439081, -0.06097049,  0.41461828, -0.39389755,
        0.00660335,  0.1791921 ,  0.25322354, -0.10242186,  0.36641128,
        0.34027459,  0.07000086, -0.28559245,  0.13061323, -0.25647177,
       -0.06428528, -0.40631863,  0.15629024,  0.35343306,  0.0523544 ,
       -0.49053035,  0.00910071, -0.15866268, -0.12610435,  0.63429513,
       -0.28746488,  0.53942851,  0.06298342, -0.04952145,  0.15298309,
        0.0735959 , -0.2507004 , -0.52770521, -0.06244546,  0.17120245,
        0.17106373, -0.25394438,  0.37641314,  0.02174974, -0.10930686,
        0.20951848,  0.29538751, -0.29535041,  0.60034437, -0.03001784,
        0.3353694 ,  0.42118424,  0.06737728, -0.33317908, -0.27746293]), array([-0.15979397, -0.07178281,  0.08411844,  0.18728346, -0.03746286,
       -0.08684639, -0.12288793, -0.14766615, -0.21521887, -0.01223307,
        0.02444523,  0.19381269,  0.05242186, -0.04848592, -0.03641444,
       -0.02912672, -0.03705815,  0.13487693,  0.01458944, -0.00522079,
        0.0324754 ,  0.0710496 ,  0.1230226 ,  0.06629109,  0.10228307,
       -0.05305248, -0.01793086,  0.21655539, -0.03550552, -0.06168365,
        0.05164909,  0.10470645, -0.06877046, -0.00684979,  0.09098405,
        0.03704286, -0.18076961,  0.23316129,  0.14200158,  0.05260414,
        0.22898246, -0.14797388,  0.03507862,  0.21920524, -0.21317491,
       -0.01407264,  0.05740042, -0.12917761, -0.1391188 , -0.03933258,
        0.14638357, -0.09420721, -0.06246438,  0.12016874, -0.16033702,
       -0.07890925,  0.11269373,  0.04134178, -0.05203088,  0.1305355 ,
        0.18301014,  0.03239728, -0.16678834,  0.12467667, -0.12738871,
        0.10741845, -0.16694619,  0.14786265,  0.1323531 ,  0.04958139,
       -0.08944235,  0.09739186,  0.0204499 ,  0.04235751,  0.23224045,
       -0.10067561,  0.16599366,  0.04287072, -0.02245024,  0.02319381,
       -0.01059678, -0.02744718, -0.2080579 , -0.00063161, -0.00626176,
        0.00533421, -0.02975386,  0.28763768,  0.10180813, -0.06103631,
        0.08172914,  0.17972808, -0.15388981,  0.29594984, -0.05292939,
        0.1270818 ,  0.1873919 , -0.0362167 , -0.14250903, -0.23165379]), array([-0.05043045, -0.00897808,  0.0215899 ,  0.12438469,  0.18155948,
       -0.08911114, -0.03163163, -0.1373496 , -0.05167471,  0.13635478,
       -0.00266526,  0.08550402,  0.12041455,  0.04267547, -0.0492555 ,
       -0.05539207, -0.08091059,  0.14315651, -0.0174721 , -0.03836419,
        0.01663228,  0.02438029,  0.13118116,  0.02204924,  0.08907342,
       -0.02395266, -0.03639104,  0.06373529,  0.03098577, -0.10324346,
       -0.08098052,  0.06522952, -0.0485473 ,  0.00556957,  0.06309519,
       -0.00623084, -0.0800534 ,  0.13707745,  0.10428179,  0.01876907,
        0.09781983, -0.06617152,  0.00035146,  0.1528643 , -0.20565653,
       -0.04624076,  0.00340142, -0.08229486, -0.03045072, -0.00728528,
        0.0136273 , -0.06045752, -0.01502954,  0.04531547, -0.05628979,
       -0.06306677,  0.03660076,  0.06648472, -0.07908388,  0.06625276,
        0.09223079,  0.10965651, -0.11621897,  0.06437795, -0.00949434,
        0.02579085, -0.15695464,  0.1032162 ,  0.06389935,  0.07395919,
       -0.12675311,  0.06171955, -0.0237065 , -0.01833113,  0.03232309,
       -0.08029643,  0.08948371,  0.03574116, -0.03738784,  0.17160038,
       -0.17295369, -0.08755244, -0.09475301,  0.02601534,  0.05368598,
        0.01266492, -0.00795208,  0.1515549 ,  0.10414058, -0.05433165,
        0.00809279,  0.00908891, -0.10164254,  0.21590518,  0.03528182,
        0.05538791,  0.15249646,  0.09982855, -0.18174095, -0.14402073]), array([ 0.04606091, -0.03562312,  0.40848591,  0.3694979 ,  0.1862864 ,
       -0.00790072, -0.02888635, -0.24215205,  0.00111922, -0.1037203 ,
        0.19084398,  0.59018146,  0.20570116, -0.04602415, -0.01030363,
       -0.21150859,  0.25545384,  0.38060135,  0.42726436, -0.02553386,
        0.03872186,  0.35967042,  0.44130801,  0.02585541,  0.08531325,
       -0.16739231,  0.04065634,  0.4440494 , -0.29329422, -0.20409891,
        0.16742151, -0.11799033,  0.01498579,  0.0156716 ,  0.0028703 ,
       -0.22645945, -0.4957169 ,  0.27624664,  0.42263761,  0.02649712,
        0.07065301, -0.38146569,  0.12097598,  0.15036634, -0.24586867,
        0.20999804,  0.21481939, -0.14349961, -0.12447533,  0.15141474,
       -0.06509326,  0.25215498, -0.1668862 ,  0.05677634, -0.09025411,
       -0.31614741,  0.33818498, -0.0813624 , -0.21560986,  0.36344776,
        0.1549922 ,  0.15196907, -0.30454302,  0.09544342, -0.19145504,
        0.05789379, -0.12168553,  0.42940719,  0.11196125,  0.196024  ,
       -0.12760432,  0.13773605,  0.29101964,  0.37667424,  0.75161031,
       -0.15770273,  0.51547699, -0.33991652, -0.23428959, -0.04877585,
       -0.24772372, -0.10813914, -0.17088833, -0.15075762,  0.12692411,
       -0.0813985 , -0.05906871,  0.32666816,  0.03894184, -0.01630521,
        0.21108132,  0.23522463, -0.12341929,  0.60426919,  0.14912741,
       -0.20145404,  0.16872787, -0.07135099, -0.20948062, -0.57590128]), array([-0.11463788, -0.03094761,  0.09533927,  0.10574382,  0.10243004,
       -0.06716424, -0.04590277, -0.09513768, -0.08575903,  0.14381045,
        0.04440738,  0.26784316,  0.04593466,  0.0399421 , -0.13365941,
       -0.1022871 ,  0.00515403,  0.05047804,  0.12255256,  0.06860291,
        0.04612898,  0.10745779,  0.06329624,  0.03585378,  0.03420948,
        0.06467164,  0.01294709,  0.1026987 ,  0.00053052, -0.07441006,
       -0.05735334, -0.07457138, -0.01487942,  0.1967786 ,  0.08556172,
       -0.09402834, -0.09868407, -0.02688797,  0.03285071,  0.05329566,
       -0.05953317, -0.12199628,  0.0924697 ,  0.19297428, -0.14289764,
       -0.00882971,  0.08812944, -0.14067198, -0.04318068,  0.08501978,
        0.02162943,  0.04497817,  0.03569071,  0.12200167, -0.08393604,
       -0.12343019, -0.04316202, -0.10338314, -0.07883928,  0.10952269,
        0.01885001,  0.05540663, -0.08691829,  0.18863453, -0.14990301,
        0.08028014, -0.04464424,  0.24722384,  0.1092124 ,  0.03800255,
       -0.14877788,  0.17490757, -0.0286734 ,  0.07918198,  0.16260286,
       -0.03101481,  0.26014008,  0.16342175, -0.0842793 ,  0.07255513,
       -0.04414197, -0.24952203, -0.05003129, -0.0731174 ,  0.05720756,
       -0.05693228, -0.07352715,  0.09731237, -0.0175951 , -0.05667867,
        0.1146498 ,  0.02839932, -0.21170138,  0.1236178 , -0.02356001,
        0.09135861,  0.17132718,  0.14271402, -0.07944199, -0.09144289]), array([ -1.52090420e-01,  -1.15656623e-01,   4.52221150e-03,
         1.60175112e-01,   1.83598904e-01,  -8.59033277e-02,
         9.68859043e-03,  -6.93228046e-02,  -1.57018448e-01,
         4.48057288e-02,  -8.07470812e-03,   2.09472829e-01,
         5.78622117e-02,   1.82839276e-02,  -1.04667770e-01,
        -9.78557137e-02,   2.38297637e-02,   1.74425043e-01,
         5.61472921e-04,  -4.08020026e-02,   5.57765837e-02,
         1.20641034e-01,   1.69635022e-01,  -8.23209154e-03,
         6.37311665e-02,  -8.48325437e-02,  -1.19136249e-02,
         1.02049338e-01,   3.03246315e-02,  -1.22104451e-01,
        -9.99140412e-02,  -4.25322736e-02,  -9.72266635e-02,
         1.76744918e-01,   4.55422492e-03,   4.95571953e-02,
        -2.95790634e-01,   1.22914007e-01,   8.61132966e-02,
         3.18932506e-02,   1.00247455e-01,  -1.31131620e-02,
        -3.64722506e-02,   1.98097052e-01,  -2.95381010e-01,
         1.84289820e-02,   1.70404601e-01,   2.82655262e-02,
        -8.88324849e-02,   8.76022992e-02,   8.43398097e-03,
        -4.62570427e-02,   7.44661288e-02,   1.54977974e-01,
        -9.76637514e-02,  -2.19043216e-01,   1.13919867e-01,
        -5.99492912e-04,  -6.77666649e-02,   1.84178094e-01,
         6.10576539e-02,  -1.30366456e-01,  -1.05437046e-01,
        -3.68088407e-05,  -1.22008563e-01,  -5.06517861e-02,
        -1.42772814e-01,   1.68514339e-01,   5.13511589e-02,
         1.51454745e-01,  -2.33618211e-01,   1.20896209e-02,
        -2.97206534e-02,  -1.54597697e-02,   2.05141407e-02,
        -1.75810946e-01,   2.05459813e-01,  -5.52639690e-02,
        -9.33006883e-02,   7.93039504e-02,  -3.38737623e-02,
        -1.80529962e-01,  -2.47405160e-01,   3.52792665e-02,
         5.97516870e-02,   4.70963388e-02,  -3.47490074e-02,
         2.63120239e-01,   1.68358458e-02,  -8.57890968e-02,
         4.53918956e-02,   9.67860658e-02,  -1.84339393e-01,
         2.22031517e-01,   6.01399470e-02,   9.78221888e-02,
         2.26166663e-01,   5.12525372e-03,  -5.13715082e-02,
        -1.26843494e-01]), array([ -1.46653399e-01,   2.42551843e-02,   1.50211607e-01,
        -8.28840938e-03,   1.51598096e-01,  -1.07825195e-02,
        -6.95559451e-02,  -1.76761725e-01,  -1.03280534e-01,
         6.87250733e-02,   1.48981007e-01,   3.14509120e-01,
        -1.44490715e-02,   1.14759461e-01,  -7.09275332e-02,
        -2.44879619e-01,   1.98009870e-02,   2.04343592e-01,
         9.38467468e-02,  -1.31963405e-01,   1.28244064e-01,
         2.42080315e-01,   1.11068397e-01,   7.22703474e-03,
         1.02828441e-01,   1.44102138e-01,   1.00791440e-02,
         2.80937839e-01,   5.46854511e-02,  -1.51893005e-01,
         8.79889973e-03,   1.59778403e-02,  -2.32369638e-02,
         8.88211542e-02,  -7.32432815e-03,  -2.49942356e-01,
        -1.53015509e-01,  -8.67037971e-02,   9.08516198e-02,
         2.66994878e-02,   1.06680193e-01,  -1.50797181e-01,
        -8.14983949e-02,   3.90766721e-01,  -1.79400570e-01,
        -5.68862884e-03,   1.52884855e-01,  -8.82527084e-02,
        -8.50951611e-02,   1.13311658e-01,   2.36399386e-01,
         1.16172588e-01,  -6.93998105e-03,   2.26791527e-01,
        -1.92899333e-01,  -9.29807036e-02,   7.04713033e-02,
         6.87563884e-02,  -3.12396828e-02,   1.45208218e-01,
         2.42035809e-01,   1.42084534e-01,  -1.15212162e-03,
         1.51545755e-01,  -2.36787766e-02,  -6.94792206e-02,
        -1.72505498e-01,   1.55379735e-01,   1.75596790e-02,
         5.55470944e-02,  -3.14355387e-01,  -3.46664745e-02,
        -1.23688897e-01,  -4.69861866e-02,   3.50437541e-01,
        -7.59687276e-02,   3.63123721e-01,   5.95312369e-02,
        -4.64446204e-02,  -7.20224419e-02,  -1.18069332e-01,
        -7.11076707e-02,  -2.30511889e-01,  -2.83405786e-02,
         1.14011860e-01,  -1.62791564e-04,  -9.39477672e-02,
         3.66923137e-02,  -6.26735121e-02,  -1.76213762e-01,
         7.03131805e-02,   1.37832119e-01,  -8.47674770e-02,
         2.64613332e-01,   3.93229694e-02,   6.61785019e-02,
         2.89097544e-01,  -1.41960086e-02,  -3.55583722e-01,
        -2.11511732e-01]), array([-0.05442585, -0.08381918,  0.0035467 ,  0.0814764 ,  0.08718302,
       -0.03784272, -0.02359225, -0.02696316, -0.09176194,  0.03229703,
        0.00305004,  0.12726436,  0.03825786,  0.00401174, -0.04801296,
       -0.01795777,  0.0197321 ,  0.11259582,  0.00109623,  0.00450129,
        0.11264114,  0.10560915,  0.04035998,  0.00249324, -0.01835533,
       -0.08245575, -0.04868129,  0.08586297,  0.01309755, -0.07967145,
       -0.01149396, -0.03305387, -0.09065086,  0.11297455, -0.0189857 ,
       -0.00171778, -0.16768543,  0.08652202,  0.0533082 ,  0.05759026,
       -0.01036042, -0.04701   , -0.06520579,  0.09855724, -0.12598948,
        0.03973163,  0.11992681,  0.04289061, -0.10359224,  0.07465417,
       -0.01885432, -0.03146427,  0.06422529,  0.14008055, -0.10696655,
       -0.15969788,  0.02435111, -0.06248418,  0.00270137,  0.09902319,
        0.00775589, -0.09468393,  0.00992845,  0.03564116, -0.09321116,
       -0.00056039, -0.02118659,  0.09605615,  0.02963167,  0.09244593,
       -0.11022215,  0.06140449, -0.01062608,  0.01275698,  0.02705973,
       -0.09071784,  0.1172508 , -0.06869792, -0.01638859,  0.00968058,
       -0.01822401, -0.05918819, -0.1625542 ,  0.04555299,  0.03680775,
        0.05287185, -0.05252794,  0.13972035,  0.00190735, -0.00981505,
        0.00104523,  0.06986912, -0.13662793,  0.09829135,  0.04687629,
        0.05080744,  0.08066697, -0.04685123, -0.04994073, -0.07395174]), array([-0.18589707,  0.01050172,  0.04839735,  0.07840116,  0.02630696,
       -0.0375827 , -0.05499973, -0.12434289, -0.15859011,  0.09442069,
        0.05613332,  0.26642494, -0.01263966,  0.01368758, -0.11550357,
       -0.12741216,  0.00504756,  0.06660877,  0.01547739,  0.04343163,
        0.06836626,  0.02622424,  0.0455058 ,  0.06761166,  0.05291483,
        0.04145144, -0.07210137,  0.18603666, -0.07949055, -0.08472815,
        0.0071733 , -0.08592425, -0.10872003,  0.10867748,  0.03744779,
        0.00505514, -0.15784412,  0.10287026,  0.09057235,  0.08996051,
        0.05789396, -0.06098277,  0.10883951,  0.19594083, -0.14514478,
       -0.02671694,  0.00601145, -0.0996247 , -0.02848555,  0.09636619,
        0.07193636, -0.05090714,  0.10361796,  0.15009494, -0.14548414,
       -0.05151532, -0.08932617, -0.04324829, -0.06577906,  0.16520999,
        0.1021234 ,  0.03975655, -0.04275784,  0.08461771, -0.07899273,
       -0.03351157, -0.16272271,  0.13274319,  0.02629072,  0.15614028,
       -0.17105399,  0.00315722, -0.02235653,  0.03188034,  0.27834157,
       -0.06768738,  0.14033409,  0.11552203, -0.00769883,  0.01757499,
       -0.02356995, -0.20715866, -0.12712692,  0.03395663, -0.02831892,
        0.05484205,  0.00297144,  0.19252729, -0.01882351, -0.05661373,
        0.02585893,  0.12501966, -0.07886081,  0.27008013, -0.05683358,
        0.1324362 ,  0.18874026,  0.05912497, -0.13979046, -0.307942  ]), array([-0.02798529, -0.05027813,  0.00903525,  0.04263268, -0.01076316,
       -0.04262866, -0.0932488 , -0.05346696, -0.00936473, -0.03071442,
        0.06905161,  0.12668959,  0.07040339, -0.04356711, -0.0810387 ,
       -0.00587504, -0.02348098,  0.04319529, -0.01202529, -0.00736129,
       -0.00615057,  0.08654468,  0.09063857,  0.04954092,  0.0579451 ,
        0.02439788,  0.00646873,  0.0391456 ,  0.0399331 ,  0.03181134,
        0.02423478,  0.02455325, -0.01966095, -0.02107563,  0.04434864,
       -0.0307084 , -0.08749115, -0.00899991,  0.05455695, -0.01224276,
        0.10636897, -0.05489264, -0.00643012,  0.08739507, -0.13562327,
        0.0473616 ,  0.0301271 , -0.0103741 , -0.04466077, -0.00673822,
        0.09236724, -0.04362238, -0.03772708,  0.07270378, -0.06673992,
       -0.0342658 ,  0.04738383,  0.00749343, -0.05617354, -0.00532833,
        0.05506943,  0.01487548, -0.08364767,  0.04506224, -0.06552229,
       -0.01240186, -0.04101132, -0.03988995,  0.0480518 , -0.0062065 ,
       -0.05545467,  0.01613815, -0.03759952, -0.02971839,  0.03018195,
       -0.06702677,  0.07235235, -0.00749189, -0.00039805,  0.04929909,
       -0.03836163, -0.00854888, -0.09196408,  0.00969652,  0.02866827,
        0.0223854 ,  0.02291402,  0.09989326, -0.02246295, -0.05322744,
        0.059721  ,  0.08740009, -0.0658945 ,  0.10215148, -0.05363071,
        0.03375162,  0.06002509, -0.01514875, -0.0659617 , -0.06810237]), array([-0.04448775, -0.09320266,  0.0076315 ,  0.05178333,  0.09062812,
       -0.06501203, -0.02226447, -0.02744389, -0.10048293,  0.02485581,
       -0.00601722,  0.14322722,  0.04663307, -0.01199738, -0.03378167,
       -0.02575681,  0.05340408,  0.11634403,  0.01087512,  0.00428443,
        0.12920733,  0.13840773,  0.06509353,  0.03037346, -0.03107183,
       -0.05178156, -0.08357479,  0.08739865,  0.03067701, -0.08123983,
        0.00047504, -0.03848485, -0.08086757,  0.09521439, -0.05349297,
        0.0077897 , -0.18575791,  0.118432  ,  0.03503553,  0.07341426,
       -0.02136451, -0.04686757, -0.03925585,  0.0903803 , -0.09586901,
        0.05380059,  0.11345816,  0.00527481, -0.09261947,  0.06786823,
        0.00234496, -0.02311537,  0.07115363,  0.16881715, -0.11301078,
       -0.1561333 ,  0.02234621, -0.09454778,  0.01530311,  0.09968527,
       -0.01433151, -0.05521691,  0.01409291,  0.06945763, -0.09722226,
        0.00256802, -0.02874552,  0.09519647,  0.02192694,  0.12812377,
       -0.12534284,  0.02967691, -0.0050557 ,  0.02418114,  0.05477937,
       -0.07154434,  0.14030056, -0.03940201, -0.03850375, -0.03285229,
       -0.02502253, -0.07693947, -0.17449621,  0.0474822 ,  0.04921189,
        0.0287579 , -0.03919236,  0.16940585, -0.03785604, -0.02682095,
        0.00890042,  0.07958246, -0.16188227,  0.0893817 ,  0.02160075,
        0.06393274,  0.06441722, -0.03648099, -0.07117241, -0.10942065]), array([-0.0853372 , -0.05315366,  0.06865165,  0.1603719 ,  0.20777615,
       -0.05130835,  0.02993264, -0.08291763, -0.10357667,  0.01510434,
        0.0546178 ,  0.28308029,  0.08615531,  0.00660994, -0.03097946,
       -0.16631625,  0.13540615,  0.20373148,  0.14214887, -0.01356476,
        0.12431128,  0.19149139,  0.22092957,  0.02774682,  0.09801751,
       -0.09242808,  0.02917554,  0.15637938, -0.09459566, -0.17072529,
       -0.04683454, -0.12323134, -0.1023234 ,  0.12890334, -0.02052642,
       -0.08929324, -0.2934205 ,  0.13739995,  0.16789708,  0.07349222,
        0.05394284, -0.09987679, -0.08979877,  0.22546097, -0.27133542,
        0.07969743,  0.16671368,  0.05936971, -0.07477573,  0.16737599,
        0.00100173,  0.05869179,  0.00351065,  0.21301982, -0.10201453,
       -0.27252906,  0.16158602, -0.06524793, -0.02759405,  0.13826903,
        0.05324544, -0.06639488, -0.11448575, -0.02270045, -0.09075274,
       -0.033224  , -0.09379171,  0.20585603,  0.04299664,  0.16317192,
       -0.22986801, -0.01847631,  0.02753899,  0.05247836,  0.19511401,
       -0.15616274,  0.284151  , -0.17711405, -0.07803719,  0.0204276 ,
       -0.1003236 , -0.1060555 , -0.2449446 ,  0.03932066,  0.11576227,
        0.03549798, -0.08928856,  0.23303884,  0.04455077, -0.03683839,
        0.0290053 ,  0.11752139, -0.17289725,  0.30088628,  0.10550082,
       -0.01007984,  0.17838925, -0.05449483, -0.12545933, -0.25020839]), array([ -2.56496618e-01,  -1.59543538e-02,   2.82312582e-01,
         3.66969567e-01,   1.89200423e-01,   6.87899801e-02,
         2.37943268e-02,  -2.89754865e-01,  -1.71962194e-01,
         6.65191348e-02,   1.35299950e-01,   5.92261662e-01,
         1.64051191e-01,  -2.68967620e-02,  -1.48514312e-01,
        -2.08685424e-01,   1.62110883e-01,  -1.42354524e-02,
         1.59468131e-01,   3.72269646e-01,   1.25521412e-01,
         1.47960654e-01,   4.11427186e-02,   6.36504862e-02,
        -4.24052493e-02,  -1.78529613e-01,   6.24389503e-02,
         2.60455736e-01,   6.26455956e-05,  -1.53308117e-01,
        -1.36215811e-01,   6.39992217e-02,   1.23366660e-02,
         3.72959126e-01,   1.77094830e-01,   2.65022848e-02,
        -2.94435425e-01,   2.27392192e-01,   1.16548866e-01,
         1.82015194e-01,   1.77517841e-01,   3.54578841e-02,
         2.16403958e-01,   1.71990381e-01,  -3.18099188e-01,
         8.65842214e-02,   1.70347508e-01,  -1.76887090e-01,
        -8.27267812e-02,   1.20042194e-01,   3.34872857e-01,
         5.59370781e-02,   2.74517741e-01,  -2.32387008e-02,
        -3.03799876e-02,  -2.70131369e-01,   2.38180981e-02,
        -2.90812922e-01,   6.73895085e-02,   3.04011988e-01,
         6.74471008e-02,   1.17610459e-03,  -3.37243158e-02,
         9.95360354e-03,  -5.34775383e-02,  -3.40480010e-01,
        -2.07220099e-01,   1.57109760e-01,   3.37366145e-01,
         1.44983093e-01,  -2.13888024e-01,   2.66188101e-01,
         2.16891309e-02,   1.02461109e-02,   2.87060622e-01,
         1.82518246e-02,   3.03718659e-01,  -1.17832914e-01,
        -3.15014962e-01,   1.08880812e-01,   6.81836877e-02,
        -2.43464182e-01,   5.52986015e-03,  -4.03873341e-02,
        -2.67052848e-02,   1.78648382e-01,  -3.24422008e-01,
         4.53332878e-01,  -3.77557395e-01,   1.30328641e-01,
         1.83189427e-01,   1.43720403e-01,  -3.88779134e-02,
         4.74670992e-01,  -3.16915371e-02,   7.31409567e-02,
         5.45407337e-03,   2.70174056e-03,  -1.60631284e-02,
        -2.01520231e-01]), array([-0.1381707 , -0.00573184,  0.00040856,  0.07266943,  0.167459  ,
       -0.07300476,  0.04132514, -0.05544654, -0.13626888,  0.06754652,
       -0.00857516,  0.11379895,  0.01140635,  0.04391168, -0.04213393,
       -0.0903583 , -0.00928086,  0.07387996,  0.02760673, -0.05986175,
       -0.06207562, -0.01654082,  0.1917276 , -0.02395434,  0.14849989,
        0.03091385,  0.00784506,  0.02260408,  0.00311183, -0.07190249,
       -0.13550875, -0.06442062, -0.03800292,  0.07739795,  0.01035855,
        0.0168854 , -0.0919663 ,  0.01244023,  0.06138937,  0.00697832,
        0.11487236,  0.03565235,  0.05081156,  0.15539056, -0.20881043,
       -0.04865668,  0.02496842, -0.06566039,  0.01128084,  0.03559244,
        0.02609227,  0.03090654, -0.00349927,  0.05136987, -0.01833622,
       -0.09201909,  0.0562194 ,  0.04536317, -0.0707675 ,  0.0629021 ,
        0.0707376 , -0.02364766, -0.11430744, -0.03092539, -0.04114062,
       -0.04557037, -0.1513968 ,  0.13012078,  0.01099664,  0.08694262,
       -0.15119936, -0.08303889, -0.01451497, -0.03372375, -0.02930902,
       -0.09284394,  0.12131203,  0.06447732, -0.07115975,  0.10877045,
       -0.06236589, -0.13600054, -0.09842374, -0.01882709,  0.03313369,
       -0.00937645,  0.02936808,  0.14966496,  0.1116509 , -0.08415589,
        0.00992283, -0.00765408, -0.09615531,  0.15783641,  0.011865  ,
        0.09657094,  0.20662618,  0.10343683, -0.07896227, -0.08155586]), None]
