[array([ 1.37530887,  0.71440721, -2.20776272, -0.47408655, -2.65972137,
        1.16807473, -0.66564661,  2.20866656, -0.23742424, -0.32515147,
        1.32746553,  0.80179733, -0.11719784, -0.53480929, -2.19035387,
       -2.51143098,  0.95770562,  2.76302242,  0.42699319, -0.391379  ,
       -1.74520111,  2.82698631,  0.46647453, -0.69110274, -1.5743165 ,
        1.03687561,  0.97918904, -0.5977447 ,  0.26941511, -0.4895837 ,
       -0.48245722,  1.80651319, -1.29379976, -0.8344118 , -2.05211735,
        1.54324496, -0.60174197, -1.51365185, -1.10921764,  0.85480702,
        1.2469058 ,  0.82517636, -1.32423067,  0.62846637,  3.93153691,
        0.62026793,  2.51291966,  1.17643487,  0.49220347, -0.89106178,
       -1.26269233, -0.12546372, -0.77342188, -1.10922861,  0.16264169,
        1.36068213, -0.54574019, -1.36093879,  1.29486215, -3.7712214 ,
        0.79701078, -1.24954641,  0.72353625,  2.13067031, -2.29915357,
        2.18597507, -0.10230605,  0.2623066 , -1.07906103, -1.36849391,
        0.71523613,  1.59767795, -1.91361463,  1.6339885 , -0.43942624,
        1.36523914, -1.62394857,  1.8471849 ,  0.04941998, -2.97506166,
        0.21461767,  0.30027452, -1.50619721,  5.50928688, -0.56360823,
        0.75641996,  0.64089149,  0.57089549, -1.98084962, -1.05632889,
       -1.00141144, -2.12007594, -1.75582135,  2.59434295,  0.07827745,
       -3.66249037,  1.43798149, -0.2962068 , -1.756868  ,  1.98470271], dtype=float32), array([ 0.16027656,  0.06880444, -0.22888911, -0.02891824, -0.78881019,
        0.65632254, -0.64735699,  0.2643432 , -0.24928586, -0.85575461,
        0.65013915,  0.33468941,  0.34697294, -0.31463835, -0.0829917 ,
       -0.94941425,  0.02625368,  1.01647329,  0.56788474, -0.12913579,
        0.60005552,  0.65382838, -0.69620258, -0.16257261,  0.15751612,
        1.14063632,  0.48885712,  0.43959379, -0.28179041, -0.00507401,
       -0.56902748, -0.05057917, -0.28836632, -0.75858605, -0.48672453,
        0.58058053, -0.43709302, -0.50807583, -0.10898677,  0.70109999,
        0.82739586,  0.72396833,  0.23522183,  0.24252339,  1.24818826,
       -0.36806238,  0.80049312,  0.40268835, -0.27728558, -0.04261265,
       -0.01447701, -0.36805275, -0.37919885, -0.45447657, -0.1774686 ,
        0.83493352, -0.11160599, -0.55418706,  0.96347511, -1.04915404,
       -0.39998376, -0.42248958,  0.91591322,  0.42082119, -0.50808674,
       -0.02150987,  0.03783793, -0.20502466, -0.57396829, -0.4135755 ,
        0.56916565,  0.95160532, -0.97603029,  0.60404217, -0.34031856,
        0.26194534, -0.77414489,  0.41193342,  0.19853882, -0.91407865,
        0.18631174, -0.06469933, -0.51129055,  1.43961143,  0.17801851,
        0.01780535,  0.13360158, -0.26746011, -1.08156157,  0.1203513 ,
       -0.47471988, -0.74299932, -0.72180992,  1.38267088,  0.01562446,
       -1.0918684 , -0.32817805, -0.03061137, -0.59457904,  0.1887636 ], dtype=float32), array([ 0.76810616,  1.68957269, -1.40604639, -0.22269796, -2.27556705,
       -0.07551608, -0.44748804,  0.45138693,  0.09362146, -1.13467515,
        0.41619638, -0.87678093,  0.04094835, -1.14438319, -0.44729197,
       -0.6424129 ,  0.44622368,  2.00480103, -0.23179626, -0.03276381,
       -0.49963844,  0.52189988, -0.06933864, -0.06323762, -0.74956715,
        0.20957321,  1.6943537 , -0.21151538,  0.20420167, -0.41235778,
       -1.00548267,  0.24161983, -1.72255695, -0.07511318, -0.74403208,
        1.27037489, -1.16000128, -1.38936496, -0.70987892,  0.80240315,
        2.19990921,  1.37045038, -0.2384488 ,  1.27938867,  2.18353581,
       -0.25220621,  1.97885191,  1.44757879,  0.29923514, -0.21551234,
        0.12208132, -0.35350147, -0.44185728, -0.07714283,  0.98893887,
        1.23164976,  0.91269147, -0.91793513,  1.43897092, -2.68493962,
        1.33416927, -0.82143438,  0.1357163 ,  1.13405287, -0.94451386,
        1.0886209 , -0.31148636,  0.0903682 , -1.26153409, -1.52726865,
        0.3308574 ,  1.10359871, -0.04312984,  0.40839776, -0.83805352,
        0.75910151, -1.04379618,  1.25873065, -0.12981291, -2.13601589,
        0.03298493,  0.25046092, -0.18179509,  3.69166684, -0.33598042,
        0.81235915,  0.35465756, -0.30976748, -1.61117208, -0.61451662,
       -1.03676331, -0.32857662,  0.38445193,  1.88201702,  0.09299702,
       -1.9212482 ,  1.25504673, -0.38204503, -0.45020595,  2.25253391], dtype=float32), array([ 1.21062803,  1.43919981, -1.50596952,  0.2566151 , -1.80505705,
        0.42930245, -1.39516795,  0.68071604, -0.46440405, -0.20251459,
        0.77595079, -0.51996231, -0.13003974, -1.14706254, -0.63131642,
       -1.14124668,  0.68158334,  2.13498259, -0.40947121,  0.0918297 ,
       -0.2394741 ,  1.61253595,  0.06462343, -0.35879931, -0.8314901 ,
        0.92889833,  1.08498526,  0.03415014,  0.36261901, -0.63200808,
       -1.18170691,  0.54515797, -2.2469008 , -1.3083595 , -1.30515218,
        0.48685789, -1.8962158 , -1.11418211, -0.04992288,  1.30512357,
        1.18579948,  1.48057449, -0.57087892,  1.1722163 ,  2.49148798,
       -0.36704019,  1.62758172,  0.93582159, -0.0792769 , -0.45739892,
       -0.57884872,  0.20871744, -0.65842491, -0.20546281,  0.70939612,
        1.06322861,  0.34377348, -1.22623253,  2.09260416, -2.54066944,
        0.11718108, -0.40226749,  1.37275255,  1.59453452, -1.1965065 ,
        1.66363227, -0.12495802, -0.53020114, -1.76010621, -1.0793848 ,
        0.39925346,  1.91053843, -0.73561192,  1.99503124, -0.28525439,
        1.34624922, -0.89520419,  1.69021344,  0.01074879, -2.26502538,
        0.41150999,  0.43384606, -1.45079446,  4.69862366,  0.09209588,
        1.88213193,  0.19627953, -0.29015899, -1.80209458, -0.74710763,
       -0.84154898, -1.72813952,  0.14110051,  2.0368402 ,  0.23911443,
       -3.16251016,  0.52803624, -0.2171201 , -0.67455715,  1.93266571], dtype=float32), array([ 1.29703617,  1.15633047, -1.63891172,  0.14702609, -3.43794775,
        0.07070735, -0.92751306, -0.17490946, -0.80166507, -1.08243275,
        1.24282718, -0.16805372, -0.84329331, -1.47609174, -0.69435936,
       -0.82541656,  0.02415523,  3.31386137,  0.50581521, -0.10305764,
       -1.31491745,  0.89679289, -0.17934406,  0.58038944, -1.08487999,
        1.38194573,  1.86617422, -0.2221465 ,  0.28713745, -0.25362775,
       -0.38442346,  0.33568463, -2.24311137, -0.73756474, -1.14427364,
        1.13943446, -1.89830184, -1.89219654, -1.26025057,  1.59773278,
        1.06973219,  1.45174587, -0.63985121,  1.26062942,  2.41293001,
        0.38659444,  1.5658673 ,  0.03127785, -0.87007642,  0.25696164,
        0.02877716, -0.25126773,  0.39414999,  0.57492477,  1.12284756,
        1.48794425,  0.08753206, -0.17804395,  1.59994888, -2.16145778,
        1.11668801, -0.76671821,  0.0992582 ,  1.85547316, -1.50997651,
        0.52124441, -1.05760002,  0.1921106 , -1.16975999, -2.26926279,
        1.30126488,  1.55578554, -0.68777233,  0.77163649, -0.68411946,
        1.50804436, -1.17473161,  0.74928606, -0.57491708, -1.82890093,
       -0.43503046,  0.22558647, -1.10599756,  4.57540274,  0.4159427 ,
        0.38129464,  0.07365627,  0.67530668, -2.18432713, -0.96477151,
       -0.34023607, -0.04930216, -0.21031711,  1.66309381, -0.22964269,
       -3.11600089,  1.23786402, -0.30761477, -1.83142149,  2.13958549], dtype=float32), array([ 1.37427998,  0.65472472, -1.22260404, -0.19564782, -3.04307127,
        1.25870991, -1.54145849,  1.13421822, -0.29190186, -1.86149251,
        1.73513615, -0.08993771,  1.10836291, -1.24764824, -0.50514066,
       -2.44561315, -0.13507316,  3.23480463,  0.49025077, -0.62880278,
        0.6262694 ,  2.20634651, -1.3897109 , -1.44725049, -0.97435462,
        1.55110228,  2.17781496,  0.1832103 , -0.10634871, -0.16076282,
       -2.19322968,  0.77692169, -1.91755033, -0.94144791, -1.69950116,
        2.10386992, -2.01279092, -2.27438021, -0.54705679,  1.23863113,
        1.90715563,  1.77167225, -0.57144403,  1.83551276,  3.8452096 ,
        0.05693061,  1.85789633,  1.30125463,  0.11519434, -0.06005961,
       -0.24305141, -0.91211253, -0.93585908, -0.57929844,  0.23637897,
        2.87817883,  0.38765925, -0.98719049,  1.98147833, -4.21895504,
        0.05508621, -1.34965026,  1.77840686,  1.73581934, -0.71416831,
        2.55473423, -0.31674677, -0.29378921, -1.50560522, -1.75256741,
        0.95386636,  2.72517514, -1.27847469,  1.92965627, -0.1787557 ,
        0.32789856, -2.12990284,  2.7675066 ,  0.07836434, -2.33572268,
       -0.4376573 , -0.0423591 , -1.52335703,  5.26074076,  0.23440015,
        1.29189503,  0.8126545 ,  0.06230918, -1.218557  , -0.49043989,
       -1.60949314, -1.65288663, -1.19785058,  3.62413502, -0.15846007,
       -2.78556991,  1.24059653,  0.32674137, -1.69281459,  3.12618256], dtype=float32), array([-0.99053305,  0.31160912, -1.55435872,  1.17472112, -1.87875426,
       -0.05480184, -0.73529303,  0.63738161, -0.58555377, -0.52993745,
       -0.20674917, -0.31844217, -0.99389261,  0.16230305, -0.04321781,
       -0.34938341, -0.47729078,  1.82644892,  1.26276577, -0.22145575,
       -0.94901615,  0.93033689,  0.01305684,  0.54951853, -0.46354485,
        0.05463493,  1.27308428, -0.98572552, -0.40127039, -1.26809347,
       -0.13221765,  0.3407447 , -0.6964609 , -0.09862372, -0.42707199,
       -1.06551695,  0.17929745, -1.31650209,  0.34267211,  1.81511045,
        0.63190883,  1.22322536,  1.3418889 , -0.44720641,  0.7434625 ,
       -0.02200902,  2.0349431 , -0.07697256, -0.64678901,  0.40150923,
        0.65642625,  0.06757724, -0.45359379,  1.11515653,  0.52665913,
        0.50270259,  0.29634473, -0.36159667,  0.77392232, -1.19409716,
        0.78057474, -0.15477282,  0.17438217, -0.07215694, -0.3250643 ,
        0.77853709, -0.05223661,  0.07489003,  0.19869941, -1.48373282,
        0.93496424,  1.32624984, -0.19795662, -0.15150338, -0.45380199,
        1.08700466, -0.96499437,  0.11594535,  0.17478427, -0.88854098,
        0.42362306,  0.03246821,  0.3532671 ,  2.61252666, -1.0624361 ,
       -0.20227633, -0.01923247, -0.16276801, -1.2093972 , -1.01490211,
       -0.9159112 , -1.33269095, -1.05154276,  1.25858855,  0.84499162,
       -1.74107397,  0.38051221, -0.23176867, -1.66418648,  0.89548546], dtype=float32), array([  1.97332762e-02,   1.00341809e+00,  -1.06753504e+00,
         1.86497122e-01,  -1.12723911e+00,  -7.96695128e-02,
        -3.98203492e-01,   4.89149451e-01,  -8.68861139e-01,
        -1.31285572e+00,   1.07851315e+00,  -3.56436700e-01,
         5.15893400e-01,  -8.48131552e-02,  -4.74345386e-02,
        -2.98352420e-01,   4.60002944e-02,   1.91141510e+00,
         5.36353946e-01,  -1.14535466e-02,  -3.92787457e-01,
         1.20190012e+00,  -3.48524302e-02,   5.08663297e-01,
        -2.48231158e-01,   1.12013447e+00,   1.26364458e+00,
         6.32815719e-01,   4.82538849e-01,  -2.17750669e-03,
        -1.07028663e+00,   9.28516150e-01,  -1.98744655e+00,
        -1.07554317e-01,  -1.00703561e+00,   8.71363282e-01,
        -1.46644187e+00,  -1.20153022e+00,  -1.39026046e+00,
         1.34834480e+00,   5.37402451e-01,   8.49964738e-01,
        -2.57669568e-01,   1.14360094e+00,   1.28672671e+00,
        -2.73448169e-01,   2.38036346e+00,   3.89646888e-01,
         6.36426330e-01,  -2.46361494e-01,  -3.04027438e-01,
        -2.19349921e-01,  -1.12277128e-01,  -1.06767571e+00,
         4.29837406e-02,   1.49363911e+00,   3.68895620e-01,
        -4.77065474e-01,   5.06735265e-01,  -2.27324939e+00,
         8.59929740e-01,   6.39210194e-02,  -3.31375003e-01,
         9.45529938e-01,  -1.01310253e+00,   6.64214373e-01,
        -2.35589832e-01,  -4.69661891e-01,  -1.11889672e+00,
        -8.64860594e-01,   1.02103186e+00,   1.95050907e+00,
        -1.38780773e+00,   1.92640817e+00,   3.55137706e-01,
         1.29260480e+00,  -1.11102176e+00,   3.88764516e-02,
        -4.42422301e-01,  -2.26458549e+00,  -1.07058771e-01,
         4.68790352e-01,  -1.17486858e+00,   3.27949953e+00,
         1.73840851e-01,   1.14429975e+00,  -3.59493524e-01,
         5.54296970e-01,  -1.50937974e+00,  -7.17200816e-01,
        -3.70812625e-01,  -5.21922827e-01,  -4.49557126e-01,
         2.14174223e+00,   8.08677912e-01,  -9.62339699e-01,
         2.56831050e-01,  -1.36846095e-01,  -7.27822423e-01,
         7.58368433e-01], dtype=float32), array([ 1.71828902,  0.1285755 , -1.62545443, -0.0846523 , -2.46595788,
       -0.4918884 , -1.28920937,  0.47208846,  0.15245429, -0.57854593,
        2.19414639,  0.64849544,  0.79018813, -1.41551316, -0.21589987,
       -2.57840562,  0.36702895,  1.77684104,  0.20272772, -0.15209492,
       -1.16040373,  1.10278797, -1.71034837, -0.03500305, -1.12535858,
        1.89975035,  1.27936649,  0.3121621 ,  0.21810552, -0.74669415,
       -0.97109407,  1.41323447, -1.64243042, -1.04753244, -1.15093255,
        1.66025233, -2.52845836, -1.01592183, -0.04364715,  1.39146519,
        0.00447275,  1.93645287, -1.02731705,  1.32662928,  2.24443865,
       -0.14514686,  1.08541727, -0.52719849,  0.09977918,  0.05989286,
        0.11693873, -1.49945343, -0.05399629, -0.38434082, -0.21092999,
        0.33772343, -0.0390933 , -0.18723261,  1.0295918 , -2.53852773,
        1.14606082, -0.27476236, -0.10957637,  2.08588648, -0.20824225,
        1.33982313, -0.29324803, -0.02966058, -1.27686131, -0.20474407,
        0.76218164,  1.85217273, -0.23106918,  1.19662142, -0.26807225,
        0.1425804 , -1.68571651,  1.26848483, -0.41803777, -1.8287704 ,
        1.10436523,  0.44452763, -1.59800291,  3.74177551,  0.34673855,
        1.26140237,  1.16200781,  0.10122084, -0.09416488, -0.49654052,
       -1.0677104 , -1.78883576, -0.76737976,  1.99358714, -0.48513362,
       -1.31166172, -0.23619361, -0.26356903, -1.60466993,  2.503649  ], dtype=float32), array([ 0.93665546,  1.04366028, -2.06941843, -0.07012761, -2.89944482,
        0.10241909, -0.80010092,  0.79829234, -1.57985127, -1.67163384,
        0.93034887, -0.45328373,  0.88888359, -0.81021315,  0.10432047,
       -0.18340325, -0.35764688,  3.808357  ,  0.9683404 , -0.79314655,
       -0.94986999,  1.45310569,  0.77786291,  0.2014208 , -1.67935407,
        0.67265588,  2.41080022,  0.05883366,  0.98200214, -0.9945069 ,
       -0.81941676,  1.77029908, -2.53348446, -0.57755756, -2.02361012,
        0.0766982 , -1.56337786, -2.3076303 , -1.60633409,  2.13291121,
        1.213642  ,  1.24647892,  0.28675067,  0.77819574,  2.47521806,
        0.02453434,  2.64586234,  0.71275508,  0.92272764, -0.83662224,
        0.03537815,  0.20148505, -0.10712074, -0.5002802 ,  0.99960053,
        2.35527635, -0.03440832, -0.61333883,  1.88648427, -3.40640974,
        0.04493929, -1.13205755,  0.1959518 ,  2.30246329, -1.56045508,
        1.73915136,  0.01294605,  0.04030304, -1.25254011, -1.74811804,
        1.04897535,  1.91696715, -1.43889272,  1.73074901,  0.06411483,
        1.31022751, -2.00397062,  1.59112716, -0.84180659, -2.99268866,
       -0.47917929,  0.23691125, -0.67660886,  6.23251534,  1.1838975 ,
        0.1595605 ,  0.91538841,  0.65605879, -2.15482187, -1.4309541 ,
       -0.82626277, -1.42965519, -0.80321991,  1.68607855,  1.00867116,
       -2.61705971,  0.93960655, -0.6036514 , -1.08623338,  2.33557606], dtype=float32), array([ 0.89447576,  1.01174045, -0.96748686,  0.21093382, -0.62124217,
       -0.2883575 , -0.26835626,  0.54513621, -0.50953084, -1.10252678,
        0.09479545, -0.42805663,  0.50885582, -0.57943797, -0.25947705,
       -0.8787818 , -0.21215889,  2.10167146, -0.07303491,  0.07365131,
       -0.82103729,  0.98511618,  0.22382084,  0.02925321, -0.83597064,
        0.48624161,  1.35307717,  0.54556918,  0.40217841,  0.09132047,
       -0.88934302,  0.87131131, -1.93952942, -0.36269256, -1.41973841,
        0.9826287 , -0.91933399, -1.33730733, -1.26040721,  1.33375013,
        0.96454251,  1.21417201, -0.44911051,  0.67888612,  1.3956672 ,
       -0.34460676,  1.26361096,  0.20810059,  1.07175529, -0.51550388,
       -0.70340991, -0.29898739, -0.58257639, -0.70736074,  0.54903847,
        1.07358086, -0.18675485, -0.58562845,  0.6874603 , -2.08117509,
        0.08837578, -0.4198415 ,  0.72422522,  1.42058623, -0.67060345,
        1.05035305, -0.32628396,  0.60698873, -0.88504249, -0.72724521,
        0.92351121,  1.75309241, -0.980564  ,  1.73407257,  0.2094404 ,
        1.39264834, -0.65497011,  0.49233487, -0.32392401, -1.67005146,
        0.34924302,  0.12457149, -0.86543041,  2.83591628,  0.34931654,
        0.83038187,  0.50484961,  0.49430412, -1.26558673, -0.79054362,
       -0.66681033, -0.81206602,  0.33263892,  1.27632678,  0.3554149 ,
       -1.43304968,  1.03994679, -0.47100267, -0.93044668,  1.38652802], dtype=float32), array([ 0.69725001,  0.25393596, -2.04777908,  0.28720921, -2.79629397,
        0.73185456, -1.30409718,  0.4748669 , -0.50612539, -1.7006253 ,
        1.60603428, -0.6115132 ,  1.24521565, -0.77110767,  0.10658358,
       -1.85155118,  0.12502661,  2.27940106,  0.98811454, -0.93864173,
        0.17937703,  1.8667239 , -0.93139911, -0.13078247, -0.8348608 ,
        1.76533473,  1.50889444,  0.30834797, -0.45331967, -0.19571729,
       -1.18749356,  0.73356986, -1.59444058, -0.69870186, -1.24818146,
        1.57863915, -0.83139199, -1.65024781,  0.46557316,  0.86408466,
        1.38828981,  1.19767725,  0.03948706,  1.14244831,  3.34267378,
       -0.11460704,  1.7508074 ,  1.15424466, -0.04424351,  0.21747236,
        0.16064684, -0.6251049 , -0.76166272, -0.50614065,  0.71888685,
        2.44042683,  0.44501707, -1.22829366,  1.2822876 , -3.41298199,
       -0.19421834, -1.09653664,  1.2076546 ,  1.26287222, -0.14404577,
        1.28582835, -0.5286957 , -0.20786744, -1.74550915, -0.75611758,
        1.46739686,  1.31389451, -1.20776713,  1.38567436, -0.32300335,
       -0.09702703, -1.4000138 ,  1.5660311 ,  0.12309506, -2.11944199,
        0.21686241,  0.02161457, -1.58562636,  3.83488441,  0.90930426,
        1.22391403,  0.98712987, -0.13836575, -0.90947574, -0.21131682,
       -1.32797837, -0.92591023, -0.65088147,  2.51524782, -0.32157439,
       -2.21801782,  0.11077027, -0.52791321, -0.96714836,  2.37314773], dtype=float32), array([ 0.25871888,  0.63276124, -2.1021409 ,  0.26925385, -1.65332818,
        0.76423943, -0.23522769,  1.02348578,  0.03148321, -0.91935015,
        2.16078877,  0.3963809 , -0.70221734, -1.13306284, -1.08766603,
       -1.15070713,  1.00735152,  2.74688983,  0.23900767, -0.11841425,
       -0.29042834,  1.68229449, -0.04434844, -0.30504587, -0.87307185,
        0.88054651,  2.38499308,  0.40232965,  0.06826495, -0.38869119,
       -0.85940474,  0.03464754, -1.14053476, -1.49196196, -1.34993601,
        1.35865664, -1.31354094, -1.06194127, -0.15350185,  1.23044896,
        1.92226398,  1.33418882, -0.94578087,  2.63718247,  2.65169668,
        0.48983264,  1.03108811,  1.83571446,  0.04721674, -0.68433625,
        0.07060049, -0.70871025,  0.44705874, -1.43746018,  0.2531397 ,
        1.81007135,  0.69647074, -1.03469408,  1.43730187, -3.23774934,
        0.48383263,  0.39472431,  0.55734402,  1.28860974, -1.07349801,
        0.53702813, -1.30159283, -0.13347085, -1.83220494, -1.68303156,
        0.74129879,  1.33647597, -1.30353284,  1.27650034, -0.37591574,
        0.47738996, -1.01503158,  1.25713885,  0.2181042 , -2.14876914,
        0.01106133,  0.30247855, -1.21557677,  4.00340605, -0.50302488,
        0.67242461,  0.50072336,  0.55875403, -1.15376508, -1.51797783,
       -0.2321739 , -0.87079632, -0.43076083,  1.85746682, -0.25735873,
       -2.49118137,  0.58086503, -0.28169835, -0.94793826,  1.58370268], dtype=float32), array([  3.01782042e-04,   1.99845359e-01,  -6.73524737e-01,
        -5.05459011e-01,  -1.09971333e+00,   5.93668759e-01,
        -1.58285856e-01,   4.01711941e-01,  -7.87794590e-03,
        -1.06978011e+00,   8.77300024e-01,   2.13640511e-01,
        -7.94346109e-02,  -1.52624309e-01,   8.79353285e-02,
        -5.90179861e-01,   3.10307086e-01,   1.14676440e+00,
         2.79846668e-01,  -9.61044282e-02,   7.43456542e-01,
         6.43644631e-01,  -3.68009269e-01,  -7.75588155e-02,
         6.92871362e-02,   9.00615036e-01,   9.54416513e-01,
         5.72877884e-01,   8.41691419e-02,  -1.83316767e-01,
        -6.64869010e-01,   1.05041638e-01,  -4.16351616e-01,
        -7.63142526e-01,  -6.87437177e-01,   4.39294368e-01,
        -8.57598484e-01,  -3.68672460e-01,  -2.74086654e-01,
         9.27324057e-01,   1.08957827e+00,   9.10827994e-01,
        -1.66167498e-01,   1.32014871e+00,   1.07827032e+00,
        -2.24219948e-01,   6.49128556e-01,   1.08937979e+00,
        -3.66503090e-01,  -4.77086574e-01,   1.50185242e-01,
        -7.50325799e-01,   6.62607029e-02,  -8.22610259e-01,
        -1.65851563e-01,   9.42333758e-01,  -5.00524864e-02,
        -5.50747871e-01,   8.44667733e-01,  -1.00989521e+00,
        -1.71488166e-01,  -2.19956040e-01,   7.12066352e-01,
         4.02236044e-01,  -8.86129439e-01,   1.87655836e-01,
        -1.01918750e-01,  -5.55553079e-01,  -6.05733514e-01,
        -6.92767560e-01,   3.77261609e-01,   6.88987970e-01,
        -7.35081494e-01,   9.17449236e-01,  -2.11371094e-01,
         5.17204106e-01,  -1.10378873e+00,   6.80027068e-01,
        -1.78052157e-01,  -1.37947655e+00,   7.52967820e-02,
         1.43548965e-01,  -3.96937162e-01,   1.73480475e+00,
         5.74811250e-02,   3.72586071e-01,   1.62415832e-01,
        -4.40749645e-01,  -8.75536680e-01,  -1.64773315e-01,
        -5.28532088e-01,  -6.03195488e-01,  -3.16084981e-01,
         1.62148070e+00,   1.31792307e-01,  -1.05447376e+00,
        -3.53340328e-01,   2.62940109e-01,  -5.20866573e-01,
         7.33554423e-01], dtype=float32), array([ 0.76918131,  1.01829886, -0.82249343,  0.52921069, -0.72301924,
        0.4542211 , -0.52603108,  0.04771435,  0.04023852, -0.11527902,
        0.32423922, -0.01637775, -0.01287551,  0.09598173, -0.94264841,
       -0.10547081,  0.0521231 ,  0.61358881,  0.22407532,  0.06861177,
        0.03086469,  0.47838575, -0.11938088, -0.44244644, -0.0969851 ,
        0.34467244,  0.45114344,  0.14748754,  0.19742729, -0.3421874 ,
       -0.17681904,  0.39519525, -0.70459497, -0.27730092,  0.02299054,
        0.42294776, -0.74817425, -0.64540821, -0.64623553, -0.27662852,
        0.15047786,  0.16743682, -0.41598287,  0.21643157,  0.78609109,
        0.50493878,  0.62380046,  0.35644981, -0.089962  , -0.09320257,
       -0.61382461,  0.03807478, -0.045659  ,  0.13069829,  0.15732403,
       -0.13649821,  0.57649726, -0.37150553,  0.55765915, -1.06069326,
        0.1144115 , -0.34088141,  0.50438547,  0.54409575, -0.79231501,
        0.04861771, -0.6302731 ,  0.06174708, -0.71371156, -0.64018184,
        0.56678253,  0.30928499, -0.61036503,  0.15457934,  0.11708762,
        0.48072585, -0.28763631,  0.5088135 , -0.06360877, -0.55459034,
        0.23548937,  0.09613096, -0.28213128,  1.55739236,  0.03987313,
        0.40809327,  0.51217723,  0.26665097, -0.15121375, -0.18026368,
       -0.08717278, -0.49009937, -0.60407984,  0.63720679, -0.20841268,
       -1.22194362,  0.27445358, -0.16689469, -0.4792977 ,  0.18047991], dtype=float32), array([ 1.02764094,  1.51249862, -2.10675764,  0.95150816, -1.86049807,
       -0.3812325 , -0.44153342,  0.42920947, -0.96133292, -1.61507952,
        0.98653591, -0.48856184,  0.90245575, -0.78206891, -0.38363686,
       -1.34687138,  0.48795021,  2.98627949,  0.4691487 ,  0.35419905,
       -0.64581722,  1.33927917,  0.78032404,  0.32481837, -0.53736448,
        1.0313499 ,  2.07227302,  1.13875186,  0.14012827,  0.37540108,
       -0.84065479,  1.23477328, -2.95763731, -0.27383101, -1.59285951,
        0.80062979, -2.21674848, -2.06050444, -1.23000586,  1.63349032,
        0.76917934,  1.38345158, -0.55817604,  1.766855  ,  2.20122242,
       -0.55590564,  2.06389594,  1.04369605,  0.30272016, -0.69496751,
       -0.02989189, -0.43044481, -0.31469584, -0.91502905,  1.07971549,
        1.72309875,  0.24332884, -0.47424334,  1.33900106, -2.87948918,
        1.10678065, -0.26618871, -0.51814473,  2.03886986, -0.51141745,
        0.66424185, -0.33571312, -0.10300602, -1.25875509, -0.86530763,
        1.78402483,  1.21121287, -0.82566631,  1.87413275,  0.01929754,
        1.29564393, -1.1837095 ,  0.96173131, -0.1546478 , -2.21538305,
       -0.16281199,  0.14585924, -1.31592727,  5.20149183,  0.58240175,
        0.80867302,  0.42338565,  0.86151117, -2.28679776, -1.42645478,
       -1.3949101 , -1.02101123, -0.05286969,  2.21550608, -0.06352444,
       -1.80150342,  0.31875631,  0.23088464, -0.90545672,  1.89859724], dtype=float32), array([ 0.77344382,  2.03188539, -1.9087522 , -0.26888648, -2.78336906,
        0.4137373 , -0.20383444, -0.74283546, -0.76141447, -1.72228682,
        1.20457292,  0.00523102, -0.30390227, -1.37304282, -0.8340621 ,
       -0.18513715,  0.74223655,  1.47603178, -0.71054548, -0.30184335,
       -1.0399915 ,  0.92998379, -0.11395781, -0.28984737, -0.99125254,
        1.13469541,  1.887622  ,  0.7269727 ,  1.47763157, -0.34705669,
       -1.06013453,  0.61107957, -2.65887928, -0.36663496, -0.79393125,
        1.43109953, -1.97495198, -1.29006171, -1.30305994,  1.25965881,
        0.3574391 ,  1.93332922, -1.02319026,  2.41487169,  2.80658269,
       -0.36045736,  1.41816437,  1.64674687, -0.0164671 , -0.12270112,
       -0.02272753, -0.56334728, -0.48866251, -0.78195906,  0.66727602,
        2.14002752,  0.73773158, -0.49412346,  1.28054833, -2.68262625,
        1.33784652, -0.35143608,  0.06270022,  1.94083714, -1.36303902,
        0.07383319, -0.77731764, -0.36821133, -2.19550133, -1.15713131,
        0.91007411,  0.64696848, -0.08728112,  2.55723834,  0.10318609,
        1.94323516, -0.62481117,  1.68004096, -0.44375831, -2.27275157,
       -0.12850502,  0.31053451, -0.91687971,  3.9068532 ,  0.3306542 ,
        1.0931102 ,  0.50905037,  0.5674181 , -1.89494538, -0.65671951,
       -0.20595643, -0.06895731,  0.25296095,  2.42198348, -0.08775406,
       -3.17278504,  0.73010617,  0.52274412, -0.38659158,  1.63865316], dtype=float32), array([-0.34909588,  1.65029562, -1.69360363,  1.04028201, -1.63755679,
       -0.33549714, -0.31333598,  0.66280133, -1.03615224, -1.17145264,
        0.35483411, -0.49412605,  0.51491976, -0.5208779 , -0.19195727,
       -0.72020501, -0.38904113,  2.49193382,  1.12864375, -0.15838075,
       -1.04969037,  1.17595649,  0.21928138,  0.50683546, -1.04736042,
        0.87038267,  2.36080599,  0.18579078, -0.08353531, -0.82765782,
       -1.06508875,  1.0514065 , -2.00007963,  0.04108559, -1.59460783,
        0.22253308, -0.75727874, -2.36425591, -1.50574756,  2.61812305,
        0.30391875,  1.56081295,  0.48960584,  0.41912341,  1.73340821,
       -0.10064179,  2.44306588,  0.23005798,  0.1577808 ,  0.02254154,
        0.76311719, -0.52225804,  0.04431256,  0.03480777,  1.0976882 ,
        2.15681791,  0.74840844, -0.39777541,  1.17595613, -2.46452355,
        1.14805198, -0.42367089,  0.23190606,  1.17477298, -0.92229265,
        0.9637416 ,  0.13154499,  0.15668294, -0.56357014, -1.10614979,
        1.02282047,  1.1754173 , -0.58676744,  1.59179115,  0.43210432,
        1.38131356, -2.08252096,  0.73784333, -0.57292151, -2.01194096,
       -0.06519965,  0.59855676, -0.64977318,  3.97104287,  0.00655119,
        0.09586841,  0.4564608 ,  0.10390408, -1.53120077, -1.08713686,
       -1.70721388, -1.11301661, -0.32384065,  2.29150391,  0.8515175 ,
       -1.85547817,  0.70292604, -0.03088564, -0.69602108,  1.53238893], dtype=float32), array([ 0.86806852,  0.79926348, -1.09977138,  0.22173323, -1.77574921,
        0.55306703, -0.93826956, -0.04180717, -1.29453492, -0.20805572,
        1.58589256, -0.49424607, -0.6374346 , -1.37286735, -0.39238262,
       -0.95324659,  0.6598376 ,  2.27494836, -0.19981042,  0.2628358 ,
       -0.63201153,  0.2717641 , -0.3089056 ,  0.32779106, -0.09715085,
        1.71985114,  1.49845207,  0.13834578,  0.04355557, -0.17229722,
       -0.53595114,  0.30574298, -1.43464124, -0.53892583, -0.67282617,
        1.13091171, -1.44295371, -1.07150233, -1.21560979,  1.55673528,
        0.70490384,  0.5208205 , -0.68337792,  1.78345573,  1.36213171,
        0.40853545,  1.09896755,  0.4371466 , -0.85389245,  0.19472475,
        0.08873533, -0.4293924 ,  0.61040819, -0.65764409,  0.16216964,
        1.18216562,  0.27215552, -0.28488833,  0.52012932, -2.54167295,
        0.58396661, -0.05875542,  0.75808042,  1.24849319, -0.9790594 ,
        1.35282683, -1.21698725, -0.05971233, -0.91753036, -1.12359416,
        1.408741  ,  1.61615431, -0.83343375,  1.47391129, -0.38015407,
        1.05125844, -1.64872253,  1.68791556, -0.05181961, -0.73043001,
       -0.35062405,  0.6719107 , -0.40372622,  3.63590765,  0.66155916,
        1.00983357, -0.6695106 ,  0.27977312, -1.50472867, -0.95446181,
        0.87954748, -1.34271228,  0.01346096,  1.58375216,  0.24094176,
       -1.66599381, -0.02221954, -0.19929865, -0.57145905,  1.29045391], dtype=float32), array([ 0.65969783,  0.53140008, -1.23924327, -0.01025881, -1.92026496,
        0.11980454, -0.37567979, -0.02747843, -0.18407916,  0.03127949,
        0.91649044,  0.11457116, -0.5830704 , -0.26500875, -0.87127131,
       -1.01514697,  0.11086075,  1.26930165, -0.4531298 ,  0.11642747,
       -0.87801093,  1.47388518, -0.32812428, -0.17448387, -0.50499427,
        1.61753309,  0.48001856, -0.06941253,  0.47324139, -0.23135567,
       -0.45017076,  0.55432993, -0.89773458, -0.01700835, -0.71076417,
        0.5181635 , -1.17233312, -1.34479177, -0.84289807, -0.10280687,
        0.12973849,  0.60190171, -0.6475026 ,  1.11746144,  1.81047714,
        0.48006654,  1.0349772 ,  0.38530651,  0.49055704, -0.57908332,
       -0.01190916,  0.30945241, -0.54403079, -0.23598629, -0.52553201,
        0.06115241, -0.1861794 , -0.55235279,  1.17047298, -2.0460515 ,
        0.51902211, -0.63121676,  0.72577381,  1.27181649, -1.67550862,
       -0.20784245, -0.55817443,  0.37735438, -0.89889413, -0.6923753 ,
        1.64676034,  0.59838545, -0.55085993,  0.43286443,  0.00973853,
        0.84748745, -0.48531991,  1.04141068,  0.26098695, -1.66497207,
        0.4126581 , -0.0171034 , -0.97016329,  3.41471457,  0.48898554,
        0.11914662,  0.46110624,  0.41028383, -1.55901921, -1.36689949,
       -0.51951104, -1.55268502, -0.39434522,  1.5758177 , -0.52927613,
       -2.1595304 ,  0.1400622 , -0.69746745, -0.77136493,  0.87370646], dtype=float32), array([ -2.97677338e-01,   1.02399552e+00,  -9.70610678e-01,
        -4.97438580e-01,  -1.40751374e+00,   4.18579668e-01,
        -3.42830330e-01,   9.07864749e-01,  -8.83469164e-01,
        -1.11733449e+00,   5.13767362e-01,  -1.94906399e-01,
        -4.18472558e-01,  -7.25994647e-01,  -7.91929007e-01,
        -2.82388836e-01,  -4.42653745e-01,   1.92509711e+00,
        -2.37358063e-02,  -4.94367182e-01,   3.38574439e-01,
         2.79740304e-01,   2.24572197e-01,  -1.10253297e-01,
         7.53298402e-04,   1.19382334e+00,   1.79346097e+00,
         4.12682056e-01,  -4.41742241e-01,  -5.79667389e-02,
        -6.55798554e-01,  -3.52142066e-01,  -1.05428851e+00,
        -2.74634600e-01,  -9.31608677e-01,   8.52841020e-01,
        -9.10905480e-01,  -1.71228576e+00,  -6.64494097e-01,
         1.52112722e+00,   1.54193020e+00,   1.38297427e+00,
         2.18775719e-02,   8.88979673e-01,   2.08065248e+00,
         1.65944770e-02,   1.65059042e+00,   1.60066605e+00,
         2.29974493e-01,   3.68198613e-04,  -1.85912699e-01,
        -5.13345480e-01,  -1.44994892e-02,  -7.76089847e-01,
         4.76108342e-02,   1.64219403e+00,  -1.16112873e-01,
        -7.62013197e-01,   1.43517685e+00,  -2.06113243e+00,
         2.92997271e-01,  -6.02325618e-01,   1.00732636e+00,
         5.16390622e-01,  -5.76283634e-01,   9.33564663e-01,
        -5.32895327e-01,  -4.79002714e-01,  -8.48315001e-01,
        -8.96213293e-01,   3.01786095e-01,   1.10479021e+00,
        -1.14233303e+00,   7.54831254e-01,  -2.10879534e-01,
         2.18280137e-01,  -9.03258324e-01,   7.06992030e-01,
         5.50854743e-01,  -1.32310092e+00,  -6.63226247e-02,
         3.14628690e-01,  -6.83352947e-01,   2.30545306e+00,
        -1.51940258e-02,   8.44318986e-01,   5.71208417e-01,
        -6.24133468e-01,  -1.02984333e+00,  -7.39314556e-01,
        -7.14993775e-01,  -4.70515519e-01,  -2.00250596e-01,
         1.61218059e+00,   6.03635728e-01,  -1.70838785e+00,
         1.39594637e-02,   1.24330878e-01,  -2.15370327e-01,
         7.28230834e-01], dtype=float32), array([ 0.1120121 ,  0.77159351, -0.53694987, -0.35776845, -0.70136142,
        0.13802993,  0.29661155,  0.28560835, -0.580374  , -0.9273684 ,
        0.35339412, -0.09615904,  0.31165919, -0.20695347, -0.12862451,
       -0.02943136, -0.42534685,  1.62904155, -0.52372634,  0.41288573,
       -0.62250727, -0.07452579,  0.33649051,  0.1151495 , -0.27414507,
        0.6382944 ,  1.02168095,  0.13915162,  0.59065151,  0.10063935,
       -0.41705254,  0.13894893, -0.64901984, -0.35213518, -0.92632198,
        0.71393287, -0.47208154, -0.82261026, -0.46338701,  1.01266944,
        0.18823937,  0.81807673, -0.31435254,  0.5082311 ,  0.83545429,
        0.07713932,  0.52460825,  0.79332197, -0.16174209, -0.08806448,
        0.27503696,  0.15545794,  0.03292635, -0.52463394,  0.40518618,
        1.14582121,  0.13265729,  0.0216879 ,  0.60286117, -1.35491967,
        0.85542995, -0.3390258 ,  0.3686102 ,  1.05653906, -0.89349246,
        0.31375757, -0.34571439, -0.19162908, -0.44793719, -0.74810302,
        0.1090553 ,  1.14001751, -0.13804209,  0.56404543, -0.67077816,
        0.45404747, -0.76207739,  0.71952522, -0.18791744, -1.27016568,
       -0.19858557,  0.18395858, -0.06895995,  1.95813227,  0.51381272,
        0.12583363, -0.00674434,  0.58772826, -0.82615453, -0.39053953,
       -0.72520417, -0.0042208 ,  0.37805158,  1.13560236,  0.30027974,
       -1.18147659,  1.05190444, -0.28907534, -0.04014068,  1.01983249], dtype=float32), array([ 0.80262864,  0.1421361 , -0.46100059,  0.01692391, -0.62493306,
       -0.24497001, -0.25481755, -0.1956998 , -0.2254573 , -0.17043604,
        0.47862601,  0.12531877, -0.0369831 , -0.03597432, -0.20940343,
       -0.45507145,  0.02005856,  1.12057769,  0.15997596, -0.07209049,
       -0.44075072,  0.22662354, -0.17293447,  0.18494149,  0.17304833,
        0.18855099,  0.08871257,  0.21539773,  0.22396791, -0.01130918,
       -0.11988899,  0.44611627, -0.44348893, -0.2699759 , -0.34798464,
        0.36460388, -0.56156844, -0.36706442, -0.4912082 ,  0.19951053,
        0.28796133,  0.67082316, -0.58011127,  0.33025527,  0.19224563,
        0.06753401,  0.38544279, -0.27415618,  0.20720512, -0.35039973,
        0.00707676,  0.09016748,  0.06861859, -0.20572992,  0.00309748,
       -0.14949915, -0.0072332 ,  0.13587198,  0.63613665, -0.49590036,
       -0.11213564, -0.05671995,  0.26874495,  0.86190462, -0.31844786,
       -0.07817146, -0.31932104,  0.28524417, -0.14382172, -0.23910263,
        0.21671668,  0.45914334, -0.43359715,  0.5562939 ,  0.04827626,
        0.39706716, -0.42731643,  0.28528664, -0.04697074, -0.30273885,
        0.06491301, -0.10554125, -0.56433666,  1.33966386, -0.23305511,
       -0.02985668,  0.21472797,  0.19749442, -0.33691519, -0.41599149,
        0.28757197, -0.5187571 ,  0.06151609,  0.61307305, -0.02489422,
       -0.47327116,  0.09630793,  0.11057791, -0.4078232 ,  0.39341778], dtype=float32), array([-0.65212709,  1.69664371, -2.16034627,  0.49961364, -2.29227209,
       -0.15065889, -0.59084678,  0.51040304, -0.5891161 , -2.02394819,
        0.43822795, -0.97101682, -0.08170225, -0.55986041, -0.09748197,
       -1.53393662,  0.02424089,  2.3818059 ,  1.484357  , -0.56923896,
       -1.29364777,  0.49300504,  0.04228416,  0.92888165, -0.92660964,
        0.4228403 ,  3.15646434, -0.95511305, -0.17420933, -1.85349262,
       -0.50126272,  0.61930418, -1.91926789, -0.56905031, -1.67088938,
       -0.26620936, -0.61603057, -2.32301259, -0.5193938 ,  3.08864331,
        1.55292952,  1.02486992,  1.05089164,  0.9272902 ,  1.89146543,
       -0.2500515 ,  3.03308797,  0.72563452, -0.30846468,  0.88441741,
        0.89976317, -0.49790016, -0.67164892,  0.81643558,  1.11398017,
        1.9348278 ,  0.09889782, -1.66122913,  2.02440763, -2.65503645,
        0.28769955, -0.43792403,  0.68249458,  1.5138371 , -0.84489799,
        1.31796253, -0.21975929, -0.50557101, -0.88721621, -1.8642478 ,
        0.4100962 ,  1.38598323, -0.54393345,  1.05166161,  0.2462797 ,
        1.45719671, -1.64523244,  1.23116326, -0.79348308, -1.7695359 ,
        0.0600896 , -0.03074622,  0.1810929 ,  4.15797329, -1.06284928,
        0.17713749,  0.64686197, -0.1324749 , -0.91652083, -1.00086701,
       -2.06612444, -1.71316803, -1.34803629,  2.8586359 ,  1.40142047,
       -2.1198864 ,  0.75344896, -0.18522131, -0.90333563,  3.05513883], dtype=float32), array([-0.5908193 ,  1.05629098, -2.37443447,  0.49129578, -2.44747233,
       -0.21904901, -0.69509286,  0.60885412, -0.50213188, -0.77530855,
        0.21244863, -0.88374895, -0.8711946 , -0.70438486,  0.16504842,
       -1.14208174, -0.08988135,  1.99353135,  1.00268054, -0.22096685,
       -1.07818294,  0.88182962, -0.05953516,  0.59090674, -0.83473593,
        0.52282453,  2.41840935, -0.92470485, -0.0895579 , -1.09175205,
       -0.01296262,  0.50916046, -0.86485428, -0.33343253, -1.37339091,
       -0.39893174, -0.27328205, -2.13459182, -0.26890144,  2.54598522,
        0.85283893,  1.26736975,  0.80550146,  0.04026792,  1.55572379,
        0.23591156,  2.74555564,  0.02388809, -0.90988648,  0.69120443,
        0.81717449, -0.55017596, -0.3785693 ,  1.19789195,  0.91837382,
        1.25724351,  0.22283341, -0.89281642,  1.41380847, -2.07858753,
        0.76404846, -0.24931267,  0.19231181,  0.78851157, -0.61144853,
        0.78350073, -0.14311863,  0.06665991,  0.05919548, -1.85408652,
        0.75746018,  1.62141383, -0.25027031,  0.53813231, -0.55932647,
        1.50377822, -1.89099431,  1.03072929, -0.03982562, -1.13746047,
        0.03526226, -0.1148846 ,  0.25973326,  3.96478391, -1.16673815,
        0.16269296,  0.72023863, -0.11740031, -1.29237211, -1.36988437,
       -1.36149764, -1.82493961, -0.93388444,  2.07924628,  1.22134817,
       -2.33123374,  0.41765389, -0.07076198, -1.23594558,  2.051368  ], dtype=float32), array([  6.06080651e-01,   1.86765349e+00,  -1.00872993e+00,
        -6.10347927e-01,  -2.35454440e+00,   6.90906942e-01,
        -6.57670736e-01,   8.17485392e-01,   6.85814440e-01,
        -9.47096527e-01,   1.63472319e+00,   2.03206494e-01,
         6.07921600e-01,  -7.66918182e-01,  -1.33849418e+00,
        -1.40280592e+00,   6.14963114e-01,   1.87121117e+00,
         1.45357847e-03,   3.19689572e-01,   6.30293638e-02,
         7.62650251e-01,   1.62817270e-01,  -1.75879717e-01,
         6.74707115e-01,   1.61197877e+00,   1.89819205e+00,
         6.50219396e-02,  -3.02901179e-01,   6.57373518e-02,
        -5.09606719e-01,   5.00423849e-01,  -1.59253109e+00,
        -2.49091431e-01,  -1.24987197e+00,   1.71938050e+00,
        -1.62510526e+00,  -1.76736963e+00,   1.82525307e-01,
         5.44518828e-01,   9.44095969e-01,   4.28256512e-01,
        -8.97763371e-01,   1.48390937e+00,   2.18596959e+00,
         1.00586481e-01,   1.49770761e+00,   7.49710321e-01,
        -3.60833973e-01,   2.66124398e-01,  -1.33897796e-01,
         1.54390186e-02,  -5.59307933e-01,  -6.86630428e-01,
         2.25475952e-01,   1.13033414e+00,   4.77618948e-02,
        -1.26936829e+00,   9.48686600e-01,  -2.58114481e+00,
        -3.49755943e-01,  -5.81127703e-01,   1.38255429e+00,
         1.84102607e+00,  -2.52887130e-01,   7.84775972e-01,
        -6.65986538e-01,  -1.44896030e+00,  -1.31135297e+00,
        -1.34534395e+00,   1.45136833e+00,   1.35074103e+00,
        -1.28848541e+00,   1.13387334e+00,  -3.89358044e-01,
         1.21893495e-01,  -3.97326231e-01,   1.45870745e+00,
        -3.84564660e-02,  -1.14404273e+00,  -1.40405223e-01,
        -4.10002291e-01,  -2.59945959e-01,   2.88334322e+00,
         5.01972675e-01,   1.19647253e+00,  -3.02224219e-01,
         2.84877688e-01,  -5.21459341e-01,   1.51258051e-01,
        -4.33554232e-01,  -3.86878103e-01,  -3.46032262e-01,
         2.02222776e+00,  -9.94843915e-02,  -1.81378436e+00,
         1.23627700e-01,  -8.33638906e-01,  -5.97367343e-03,
         1.97765887e+00], dtype=float32), array([  2.41577208e-01,   1.12166917e+00,  -4.65085268e-01,
        -1.69499248e-01,  -1.28439176e+00,   8.24826598e-01,
        -5.15064240e-01,   4.75887626e-01,  -9.23813462e-01,
        -7.74930537e-01,   1.15665841e+00,   4.13921654e-01,
         8.03030133e-02,  -4.38683450e-01,  -1.48457527e+00,
        -1.17728519e+00,   4.35819387e-01,   1.36249137e+00,
         3.24839115e-01,   4.03477460e-01,   3.17391694e-01,
         4.16390926e-01,   6.84251562e-02,  -3.86078984e-01,
         1.22392029e-02,   1.22091532e+00,   1.34835863e+00,
         6.99071586e-01,  -6.47216797e-01,  -8.73550773e-04,
        -1.11970797e-01,   4.45389092e-01,  -1.17494619e+00,
        -5.64760864e-01,  -6.51222885e-01,   1.76652217e+00,
        -1.60277796e+00,  -1.65862358e+00,  -5.03517210e-01,
         9.33236539e-01,   1.50350034e+00,   8.42988849e-01,
        -8.21611404e-01,   8.99334371e-01,   2.11588311e+00,
        -3.84477973e-01,   1.24383330e+00,   1.33932853e+00,
         1.08831689e-01,   3.41598928e-01,  -9.43273723e-01,
        -5.32526970e-01,  -6.29759550e-01,  -6.12931490e-01,
        -2.12956995e-01,   1.46185601e+00,   3.83899897e-01,
        -6.55178428e-01,   1.66276827e-01,  -2.45135713e+00,
         5.10576785e-01,  -8.69991302e-01,   1.60967159e+00,
         1.16987586e+00,  -2.20259503e-01,   1.42985177e+00,
        -6.48426592e-01,  -1.10678625e+00,  -1.62008858e+00,
        -9.43329513e-01,   5.58381379e-01,   1.97943377e+00,
        -7.43148804e-01,   1.52124393e+00,   3.49463560e-02,
         7.99151182e-01,  -9.21065509e-01,   1.11839080e+00,
        -6.93676323e-02,  -1.90121794e+00,  -5.61482370e-01,
        -1.17592469e-01,  -2.82383449e-02,   2.42563581e+00,
        -6.06560856e-02,   6.45833671e-01,   2.79408932e-01,
        -2.39051998e-01,  -9.84372914e-01,  -7.32028306e-01,
        -7.29641795e-01,  -7.43614495e-01,  -3.77573222e-02,
         1.51351440e+00,   2.45252207e-01,  -2.14301801e+00,
        -3.51979375e-01,  -6.76333845e-01,   4.16944265e-01,
         1.71642804e+00], dtype=float32), array([ 0.48396981,  1.00034094, -1.33960736, -0.15690136, -2.53359103,
        1.49175632, -1.14019465,  1.45170259, -1.41885304, -0.28692487,
        1.5974493 ,  0.08337019, -1.34602809, -1.25578058, -0.83221197,
       -1.10267448,  0.62256896,  2.96555018,  0.57243609,  0.25200698,
        0.55725658,  2.03330302,  0.98066592, -0.50695753, -0.0217336 ,
        2.70827794,  1.68885148,  0.70187205,  0.43974563, -0.02554216,
       -0.77167296,  0.70125592, -1.74012399, -1.46910238, -1.4381057 ,
        1.51125705, -2.0491569 , -2.02176023, -0.90966398,  1.52811182,
        1.54888976,  0.99799997, -0.66431564,  2.18244338,  3.73904943,
        0.3748059 ,  1.72799003,  2.20852733, -0.40102836, -0.1192233 ,
       -0.87029338, -0.22732437, -0.61010849, -0.83560073, -0.24050918,
        1.59226453, -0.08150069, -0.18730441,  1.91475904, -3.54777646,
       -0.13045888, -0.12995681,  1.07652771,  1.57378054, -1.82771266,
        1.65051377, -0.44455969, -0.65610111, -1.78082955, -1.49298286,
        1.25130773,  1.89668334, -1.75688732,  1.39671826, -0.67455769,
        0.79372388, -1.05988777,  1.8533473 ,  0.78632486, -2.50335622,
        0.22652273, -0.37235788, -1.53805518,  4.86791611,  0.22185282,
        1.11459339,  0.09910653, -0.2181201 , -2.39304399, -0.80001903,
       -0.91475815, -2.5425477 , -0.67822522,  2.57009912, -0.12643987,
       -4.2277379 , -0.24372296,  1.35077178, -0.25786555,  0.90822047], dtype=float32), array([ 0.58713979,  1.56584013, -1.19160295, -0.14035651, -1.49695742,
       -0.13592082, -0.14264838, -0.06168311, -0.84554094, -1.32041872,
        0.95505238, -0.07761164,  0.06340873, -0.38873217, -0.55089951,
       -0.67486787,  0.38863468,  1.72764373,  0.1725377 ,  0.23777196,
       -0.00891286,  0.93227571, -0.20127273,  0.03404255,  0.51574528,
        1.39111722,  1.50810921,  0.3662802 ,  0.17527455,  0.40906635,
       -0.3726905 ,  0.56519258, -1.8647809 , -1.14838517, -1.41958261,
        1.23010504, -1.07062089, -1.50471056, -0.30171341,  0.73951995,
        0.62393975,  1.71681178, -0.83273882,  1.10444772,  2.08486676,
       -1.33574808,  1.49302888,  1.02182662, -0.13668017, -0.24591774,
       -0.02083447, -0.01510333, -0.50152618, -0.40084806,  1.28262889,
        1.50962734,  1.04718554, -0.44680253,  1.57252812, -1.96366727,
        0.48174095,  0.44716194,  0.73825675,  1.28944564, -0.60366428,
        0.89477336, -0.86009932,  0.0710085 , -1.36479008, -0.5580402 ,
        0.23541163,  1.06371546, -0.69183242,  1.94007277, -0.07343409,
        1.59666348, -0.76179808,  1.24710739, -0.88811004, -1.06591666,
       -0.16704717, -0.03965586, -0.89616042,  2.70242214, -0.54140103,
        1.80520105, -0.10188542,  0.59540558, -1.3129319 , -1.07489967,
       -0.61848485, -1.23681307,  0.12707435,  2.04521561,  0.03605741,
       -2.53219414,  0.89998955, -0.03637411,  0.07650673,  1.48935723], dtype=float32), array([ 0.42043886,  0.40012306, -0.47825968, -0.1431482 , -0.81570649,
       -0.31126347, -0.46001655,  0.35529816, -0.2585794 , -0.60701299,
        0.08698402,  0.08828641,  0.63767636, -0.27208307,  0.05923395,
       -0.8342393 ,  0.2570864 ,  1.24931407,  0.02740227,  0.1858415 ,
       -0.40219164,  0.53446001, -0.30459607,  0.14062682, -0.6268878 ,
        0.31669721,  0.88887036,  0.37821856,  0.1814054 ,  0.54611915,
       -0.6128912 ,  0.62351096, -0.77362537, -0.57862794, -0.6515907 ,
        0.51636279, -0.78456181, -0.83422673, -0.35809356,  0.92391902,
        0.65222907,  0.69349855,  0.03437859,  0.18323328,  0.60760033,
       -0.34738025,  0.72502553,  0.27381039,  0.94199526, -0.22827449,
       -0.06589649, -0.1040957 , -0.30799401, -0.26488751,  0.21608493,
        0.74183977,  0.14096126, -0.6905092 ,  0.29099646, -1.23846352,
        0.33484116, -0.33903497,  0.302885  ,  0.68538994, -0.1905323 ,
        0.69121349, -0.25220332, -0.05773633, -0.7054767 , -0.44538248,
        0.54450369,  0.93055147, -0.44944838,  0.85941935,  0.33200514,
        0.31816864, -0.62237805,  0.45462447, -0.0833055 , -1.08015537,
        0.1887877 ,  0.37037408, -0.42902541,  1.68809772, -0.12975377,
        0.5190202 , -0.35885027,  0.31409669, -0.591631  , -0.15901421,
       -0.52692443, -0.45561966,  0.28830355,  0.72677648,  0.13643996,
       -0.70454603,  0.44753563, -0.53895414, -0.22863793,  0.88044125], dtype=float32), array([ 0.16327344,  1.57094085, -0.86250693,  0.4199037 , -1.24832356,
       -0.34836498, -0.096227  ,  0.97370315, -1.72063112, -1.25304878,
        1.37652647, -1.14956141,  1.47917414, -1.03647041, -0.2326203 ,
       -0.26871076, -0.3208518 ,  2.64445353,  0.86093986, -0.14005555,
       -0.41587251,  1.20771301, -0.00446856,  0.23833284, -0.55389416,
        0.75109029,  2.36480498,  0.7893942 ,  0.19148757,  0.09314227,
       -0.86826807,  0.9697147 , -1.9208715 , -0.7275902 , -1.56936789,
        2.02373099, -1.75530326, -1.57670355, -2.07330799,  2.34404039,
        1.21529615,  1.87970519, -0.34426326,  1.17272711,  2.23493314,
        0.62710714,  2.0554471 ,  0.52979189,  0.69701898,  0.18877725,
       -0.2707479 , -0.87612563,  0.30329078, -1.37595344,  1.1882441 ,
        2.50123882, -0.30227056, -0.78212005,  1.02278972, -2.46215868,
        0.8056246 ,  0.01045702, -0.4346059 ,  1.00349796, -0.39684886,
        1.35476959, -0.61690497, -0.18429208, -1.19045627, -0.43499514,
        1.07354784,  1.80991137, -1.5098691 ,  1.8999387 , -0.17848982,
        0.25161231, -1.52161336,  0.56659365, -0.39273861, -2.50350857,
       -0.07271342,  0.64229375, -1.71874011,  3.47834325,  0.97977751,
        0.7174598 ,  0.73287493,  0.52374023, -2.06281233, -0.46168807,
       -1.23216975, -0.44038406, -0.31143886,  1.92541254, -0.06884463,
       -1.81058228, -0.3838414 , -0.33227697, -0.35243323,  0.96145821], dtype=float32), array([ 0.66947496,  1.87665081, -1.51278603,  0.12672526, -2.0293467 ,
        0.00536087, -0.30991161,  0.12246835, -0.29391408, -0.71230185,
        0.32239312, -0.28605071, -0.48502773, -0.72785443, -0.01324189,
       -0.8965928 , -0.00509967,  1.11943722, -0.28336802,  0.22757459,
       -0.4958376 ,  0.46067443,  0.06804164, -0.5502221 , -0.75524664,
        0.41083032,  1.26426971, -0.33185485,  0.43282995,  0.1591742 ,
       -0.40059358,  0.48060301, -0.75386447, -0.19042005, -0.35103568,
        0.3194665 , -0.81629741, -1.48017609, -0.60436243,  0.82366776,
        0.49175009,  0.65307313, -0.24106629,  0.18358645,  1.28488302,
        0.18744881,  1.58074117,  0.76019865, -0.56445438, -0.09304906,
        0.17495   , -0.31644976,  0.16294193,  0.48600003,  0.55329382,
        1.0328691 ,  0.60503697, -0.67745984,  0.35550848, -1.95891464,
        0.97673047, -0.40827262,  0.09603894,  1.05747771, -1.28283   ,
        0.6393733 , -0.10895229,  0.02326798, -0.52293617, -1.40064597,
        0.41733822,  0.92505866,  0.3915683 ,  0.37432253, -0.19353873,
        0.95962894, -1.14587581,  1.12936151, -0.23143782, -0.68286234,
       -0.37972802,  0.46857619,  0.16264653,  2.82739687, -0.31155744,
        0.51807213,  0.21397302,  0.12874126, -1.1039331 , -0.91319907,
       -0.42326987, -0.86464679,  0.27887702,  1.03676748,  0.15628932,
       -1.90890455,  1.05082953, -0.12863287, -0.10519791,  1.54056108], dtype=float32), array([ 1.46598196,  0.68758416, -1.03901148, -0.07745703, -2.28212261,
       -0.41276234, -0.35745203,  0.65394056, -0.96700513,  0.19291714,
        1.36079085,  0.01362094, -0.17856345, -0.26466182, -0.87458926,
       -1.08255267,  0.28790796,  1.89549661,  0.59573376, -0.35396811,
       -0.78036612,  1.83247328,  0.13187695, -0.36798763, -1.26832223,
        0.93353319, -0.04660895,  0.50481606,  1.05351722, -0.54958516,
       -0.78771609,  1.39316905, -1.24450803, -0.36628121, -0.60810328,
        0.62908131, -0.83844697, -0.4113968 , -1.3191663 ,  0.69808877,
        0.07650153,  0.24126029, -0.2977052 ,  0.94716698,  2.89082146,
        0.14342585,  1.94916475,  0.98079956, -0.1612536 , -0.15417254,
       -0.58008051,  0.17793892, -0.36679986,  0.00953221,  1.16285658,
        0.80400461, -0.09699212, -0.7461623 ,  1.7811389 , -2.97843003,
        0.90042317, -0.39811456,  0.49243215,  1.06851983, -1.2958951 ,
        0.64951444, -0.17678174,  0.48824912, -0.61217046, -1.66033792,
        1.76668465,  0.92777318, -1.02407718,  0.85154033, -0.19978061,
        0.8333627 , -0.73177272,  1.22094738,  0.18511251, -1.87023973,
        0.20528406, -0.06406394, -1.63232458,  4.08257866, -0.17936118,
        0.46879026,  0.7992897 ,  0.47299552, -0.95078027, -0.99001032,
       -0.24291119, -1.87997985, -0.1080673 ,  1.32770586,  0.01024199,
       -1.88316286,  0.57192874,  0.33903438, -1.47289085,  1.0745945 ], dtype=float32), array([-0.32328916,  1.64832306, -2.78248715,  1.24234045, -2.86051035,
       -0.28296122, -0.9242847 ,  0.70767069, -0.59298408, -1.66451347,
        0.57204539, -0.89813793, -0.12950031, -0.08294146,  0.19704698,
       -1.56590343, -0.38828412,  3.43801093,  1.63085139, -0.5059545 ,
       -2.04133487,  1.76806867,  0.40595371,  0.49008718, -1.17377508,
        0.0505473 ,  3.31011653, -0.49688178,  0.46239322, -1.58321559,
       -0.98507702,  1.08693933, -2.33641028, -0.29751778, -2.03305459,
       -0.58007753, -0.70017546, -2.82994699, -1.17392719,  3.77700949,
        0.63689405,  1.85454643,  1.16186047,  0.6750294 ,  1.97303438,
       -0.11916155,  3.71691585,  0.29204729,  0.26380008,  0.82694936,
        0.50833219, -0.74879205, -0.52236557,  0.82898426,  1.3331635 ,
        2.28707051,  0.16437042, -1.29579914,  1.64845848, -2.81594586,
        0.96965557, -0.55492765,  0.09930338,  1.63820446, -1.07085562,
        1.27745342,  0.12078872, -0.03017783, -0.32730162, -1.76953328,
        0.83567637,  2.09005404, -0.77387398,  1.52829671,  0.34839997,
        2.00442863, -2.59367824,  1.0129981 , -0.92414325, -2.51074791,
        0.40162522,  0.04010393, -0.72062969,  5.37103939, -1.1338681 ,
        0.41326228,  0.84142053,  0.25503013, -1.60763812, -1.78510189,
       -2.06806993, -2.201442  , -0.94219822,  2.44996023,  1.68503594,
       -2.64626527,  1.29047489, -0.39688164, -1.68080473,  2.75814033], dtype=float32), array([-0.33165246,  1.10183454, -2.68923855,  0.80900639, -2.66504264,
       -0.60786176, -0.86702466,  0.43220344, -0.34031552, -0.98485458,
        0.7230283 , -1.18132305, -0.83317727, -1.27900875, -0.27978477,
       -1.32142341,  0.44590148,  2.80913997,  1.1936965 , -0.26440525,
       -1.73492634,  1.34388614, -1.05056882,  0.60843211, -1.19865167,
        0.83692485,  2.47296858, -0.76121581,  0.13411716, -1.08545828,
       -0.41855246,  0.6200918 , -1.09802604, -0.80365652, -1.89721847,
       -0.28357017, -0.79259765, -1.91451061, -0.63660955,  3.27549291,
        0.56305581,  2.25451684,  0.63874501,  0.40938088,  1.7120986 ,
        0.15448233,  2.40796828, -0.29800987, -0.10145944,  0.54935277,
        0.89158535, -1.12095404,  0.05984996,  0.93528068,  0.86703318,
        1.4008193 ,  0.46615928, -1.01750886,  2.19699454, -2.43550205,
        1.37669396, -0.22462018, -0.17646539,  1.26266634, -0.6437251 ,
        0.78009909, -0.82580674,  0.14175092, -0.31071568, -2.00642681,
        0.66073138,  2.18706393,  0.17421237,  1.38246489, -0.21111861,
        2.00447249, -1.84655344,  0.87186998, -0.01971085, -1.93790913,
        0.10970056,  0.49689728, -0.67969054,  4.89139938, -0.7807622 ,
        0.56945252,  0.32119888,  0.02579522, -1.30734324, -1.26875973,
       -1.13799322, -1.66741312, -0.55891734,  2.29541874,  0.85539037,
       -2.7261889 ,  0.55748278, -0.39642203, -2.00861573,  2.58168888], dtype=float32), array([ 0.2802113 ,  0.95207548, -0.7702679 ,  0.40714321, -0.82010746,
       -0.45261046, -0.06116445,  0.25647858, -0.80414224, -0.68012428,
        0.24573193, -0.59737462,  0.83467132, -0.4357377 ,  0.09947118,
       -0.07565063, -0.12729909,  1.29413044,  0.40258104,  0.228728  ,
       -0.48108801,  0.79336977,  0.1083456 ,  0.32626814, -0.32671982,
        0.24028221,  1.13712215,  0.54867774,  0.34548357,  0.23573065,
       -0.5786736 ,  0.8542881 , -1.45428205, -0.10069782, -0.68599015,
        0.59388489, -0.90825713, -1.18230855, -1.18839896,  0.97784144,
       -0.08164426,  0.87357068, -0.02796367,  0.51330996,  0.70900524,
       -0.23791674,  1.09607863,  0.16144159,  0.53659689, -0.19153512,
        0.10500586, -0.22107616,  0.10830112, -0.72688538,  0.28944829,
        0.96419758,  0.13544577, -0.27798641,  0.50714123, -1.28710222,
        0.54968882,  0.05716444, -0.7442736 ,  0.74317563, -0.43777403,
        0.47462049, -0.05280421, -0.03726991, -0.78644162, -0.11412574,
        0.80537206,  0.67320442, -0.60563761,  1.12364757,  0.22121969,
        0.81987774, -1.02665222,  0.10833103, -0.38297585, -1.15906131,
       -0.41423678,  0.45532   , -0.94475979,  2.2982564 ,  0.66613954,
        0.50791788,  0.17410159,  0.50894684, -0.94411343, -0.42162877,
       -0.50327063, -0.25916955,  0.01438948,  1.01503813,  0.14520995,
       -0.40011466,  0.54011494,  0.08954516, -0.15803544,  0.474778  ], dtype=float32), array([ 0.2219075 ,  1.01398385, -1.00829458,  0.09737785, -2.79948616,
        0.9839471 , -1.17441177,  0.88414162, -1.15144324, -0.60830015,
        1.29649687, -0.22982013, -0.09147003, -0.23028067, -0.88811272,
       -0.787723  ,  0.01929868,  1.75410104,  0.30060661, -0.33768767,
       -0.11881942,  1.00033271, -0.21274653, -0.10204378, -0.28053939,
        1.28166187,  1.22736382,  0.0277103 ,  0.23696658, -0.6909923 ,
       -1.0618577 ,  0.64218277, -1.93663287,  0.15709019, -0.63601577,
        1.37827742, -0.91475421, -1.97092247, -1.31364679,  1.22475493,
        1.74030519,  1.27964592, -0.1872319 ,  1.36062789,  1.89431334,
        0.17889281,  2.19184041,  1.09026313, -0.13548087,  0.07705296,
       -0.42242599, -0.44674286, -0.99495816, -0.73549825,  0.48532096,
        1.95530653, -0.13801777, -0.19042341,  0.77039361, -3.0155654 ,
        0.66855359, -0.86222881,  0.55560005,  1.15517974, -1.87766242,
        1.03941226, -0.03206391,  0.02932274, -0.96155626, -2.02495909,
        1.19979393,  1.76691508, -1.48688865,  2.15195775,  0.16841461,
        1.49963701, -0.51577818,  0.9555769 , -0.61311978, -2.00919127,
        0.60442567,  0.81622839, -0.61787784,  3.71654654,  0.9062376 ,
        0.3110795 ,  0.05082165,  0.37995273, -2.90584326, -0.26044461,
       -0.69195729, -1.21554375, -1.06680882,  1.74528086,  0.90850699,
       -2.61701155,  0.23390833,  0.67739248, -0.48171753,  0.27113208], dtype=float32), array([ 1.74642086,  0.80607384, -2.09949207, -0.51932347, -2.60268641,
       -0.3647722 , -0.79916734, -0.86915731, -0.1944747 , -0.38099986,
        1.42981565, -0.10778525, -0.61727321, -1.25668359, -0.02733877,
       -1.38519895,  1.30222118,  2.99778771, -0.41001788, -1.02959967,
       -2.01846671,  1.66361177, -0.61816061,  0.39554527, -1.02961648,
        2.06970119,  1.20431232,  0.80842352,  0.76405239,  0.44847962,
       -2.4182713 ,  1.62814844, -2.43357372,  0.35363865, -1.35343456,
        0.71119946, -1.84340227, -0.92070901, -0.7650916 ,  1.70399594,
        0.65901202,  1.86034346, -1.43202186,  2.27590728,  1.89547372,
       -0.13266829,  2.12689757, -0.12077989,  0.86091369, -0.62842894,
        0.50772959, -0.28281361, -0.74662709, -0.66197342,  0.75183547,
        1.85977292,  0.60086811, -1.39814043,  1.25713265, -2.82531071,
        1.42099619, -0.05739786, -0.27178228,  1.88454294, -0.89463687,
        0.07638917, -0.21050733, -0.00759049, -1.37914324, -1.27956557,
        1.25813425,  1.16648674, -1.85102618,  3.07166028,  0.58591181,
        1.47597885, -2.3996892 ,  1.04248047, -0.44955516, -2.59341788,
        0.07725886, -0.41163713, -2.05340624,  5.43292522, -0.57365167,
        0.74253464,  0.48293629, -0.43652949, -2.10971928, -1.32855809,
       -0.381951  , -2.51296639,  0.38028419,  2.13832808,  0.79982913,
       -1.88272977,  0.55819231,  0.24080864, -0.94311756,  2.40461087], dtype=float32), array([  3.02369267e-01,   1.64900947e+00,  -1.49363577e+00,
        -3.18246663e-01,  -2.18562269e+00,  -2.90443689e-01,
        -5.14813721e-01,  -3.23716670e-01,   1.38482898e-02,
        -1.53846467e+00,   7.10853934e-01,  -1.98719248e-01,
         2.36182466e-01,  -1.24191260e+00,  -6.78142786e-01,
        -8.65114570e-01,   4.07627106e-01,   1.72653210e+00,
        -3.92426550e-01,   4.36942816e-01,  -1.44961372e-01,
         9.72528994e-01,  -3.10452759e-01,  -3.31657350e-01,
        -6.62706196e-01,   8.91971469e-01,   2.01094961e+00,
         6.57910645e-01,   9.95705962e-01,   2.39782512e-01,
        -9.75086510e-01,   4.89738226e-01,  -1.79877150e+00,
        -4.33501780e-01,  -1.30792046e+00,   1.21082890e+00,
        -1.31730127e+00,  -1.19070768e+00,  -2.22334862e-01,
         1.02083969e+00,   1.57800806e+00,   9.36095655e-01,
        -1.97339952e-01,   2.07627201e+00,   2.35043859e+00,
        -9.52996969e-01,   7.33497620e-01,   2.17579150e+00,
         2.38117039e-01,  -8.30432892e-01,  -3.45194280e-01,
        -6.56401873e-01,   6.58253282e-02,  -7.07326114e-01,
         5.61409414e-01,   1.30431449e+00,   5.92305720e-01,
        -6.45552695e-01,   1.11004090e+00,  -2.91610193e+00,
         6.06151760e-01,  -1.22122630e-01,   8.16794634e-01,
         2.11035204e+00,  -8.92430305e-01,   8.90864432e-01,
        -6.57997966e-01,  -5.18453121e-01,  -1.59299338e+00,
        -1.48080564e+00,  -3.79056334e-01,   1.37357414e+00,
        -3.80886316e-01,   1.56000054e+00,  -2.41271406e-03,
         1.74661267e+00,  -9.85739529e-01,   1.58165789e+00,
        -1.20801342e+00,  -2.17184210e+00,  -2.49200374e-01,
         3.72245669e-01,  -4.80544657e-01,   3.28118372e+00,
         3.36111307e-01,   1.66055107e+00,   6.67198151e-02,
         8.98537457e-01,  -9.09482956e-01,  -3.56200397e-01,
        -8.58511269e-01,  -4.84490603e-01,  -2.98664272e-02,
         1.90064859e+00,  -1.17855951e-01,  -1.95488167e+00,
         1.27739787e+00,  -3.80341351e-01,  -2.87849933e-01,
         2.54288626e+00], dtype=float32), array([  1.00482345e+00,   4.13651437e-01,  -1.64558637e+00,
         1.43520474e-01,  -1.91145813e+00,  -1.97419062e-01,
        -1.07368481e+00,   1.68510124e-01,  -6.68345571e-01,
        -6.96690142e-01,   5.42204157e-02,  -3.11163545e-01,
         6.54095039e-02,  -2.66142875e-01,  -8.49596485e-02,
        -1.25928295e+00,  -1.50924012e-01,   1.39376473e+00,
        -2.62970496e-02,  -5.33426344e-01,  -4.66910958e-01,
         6.21143520e-01,  -4.13451970e-01,   2.27693379e-01,
        -4.33467239e-01,   8.78981769e-01,   8.60364676e-01,
        -8.30210075e-02,  -3.48896414e-01,   4.07483220e-01,
        -4.28987473e-01,   7.08551466e-01,  -6.41172886e-01,
        -1.04528323e-01,  -8.01079154e-01,   3.71174842e-01,
        -6.20064080e-01,  -1.54854286e+00,  -9.21540439e-01,
         6.62649691e-01,   5.80695271e-01,   1.35817856e-01,
        -2.46986821e-01,   6.95829332e-01,   9.09438312e-01,
         3.69204521e-01,   1.02421808e+00,  -2.71351397e-01,
         2.74839252e-01,   1.05380625e-01,  -2.09086463e-02,
        -1.71373516e-01,   6.24101087e-02,  -1.07224084e-01,
        -5.13583481e-01,   6.31526828e-01,   9.14060101e-02,
        -4.07125592e-01,   2.97705859e-01,  -2.00157499e+00,
         7.57978082e-01,  -3.18723440e-01,   2.33701721e-01,
         7.26735234e-01,  -8.60678971e-01,   2.79881768e-02,
        -5.98043203e-04,   2.21940756e-01,  -4.89002168e-01,
        -5.55545628e-01,   8.73558044e-01,   3.58991057e-01,
        -3.03628445e-01,   2.32406825e-01,  -1.71488047e-01,
         7.86887050e-01,  -1.12184000e+00,   6.97839141e-01,
        -2.30404526e-01,  -1.00903022e+00,  -2.30445996e-01,
         3.54520947e-01,  -7.80998588e-01,   2.59744000e+00,
        -3.29706848e-01,  -2.22978145e-01,   1.46499708e-01,
         8.34165365e-02,  -6.73590302e-01,  -8.59630823e-01,
         5.99050559e-02,  -7.56116033e-01,  -5.15029192e-01,
         8.07210207e-01,  -7.32278973e-02,  -1.36095738e+00,
        -1.08328119e-01,  -4.57906991e-01,  -3.45678091e-01,
         1.18355143e+00], dtype=float32), array([ 1.80258632,  1.45143294, -2.02138066, -0.07866529, -2.22998834,
        0.74164462, -1.19981289,  1.26327229, -0.27107015, -0.22020008,
        0.63211006, -0.59896684,  0.51844013, -0.41325524, -0.4528248 ,
       -1.28908789,  0.64206827,  2.03633738,  0.4453851 ,  0.25959605,
        0.96637726,  0.97143304,  0.07794042, -1.0202148 , -0.42663962,
        0.69234848,  2.04788804,  0.2680279 , -0.21544839, -0.58218431,
       -0.45012322,  0.72965437, -1.44059777, -0.80541724, -1.15323365,
        1.27166843, -2.01686287, -2.09365225, -0.88781273,  0.34734902,
        1.2978617 ,  1.54212356, -1.387815  ,  0.76394904,  2.25239754,
        0.10423604,  1.26618385,  0.84569597,  0.17588259,  0.11745329,
       -0.53014863, -0.53891695, -0.11876763, -0.28095722,  0.04584005,
        1.18965423,  0.51709098, -1.56944442,  1.57267332, -2.68872499,
        0.43855464, -1.15125406,  0.87369353,  0.87953317, -1.87929785,
        1.7095356 , -0.2166982 ,  0.03569126, -1.37040865, -1.52305257,
        0.43147114,  2.01568484, -1.11043823,  1.84731114,  0.21441194,
        1.30126965, -1.4937073 ,  1.96444523, -0.9907127 , -2.47199965,
       -0.01471284, -0.36805135, -0.28944993,  4.90261698,  0.08623946,
        1.1634016 ,  0.90694988, -0.84094435, -1.19779658, -0.79569066,
       -1.76016629, -1.49887168, -0.87300348,  2.42608809,  0.01334975,
       -2.92369318,  0.59133565,  0.11140305, -0.41756332,  1.88106441], dtype=float32), array([ 0.72135913,  0.60084701, -1.67008185,  0.27558863, -1.84335876,
        0.60660291, -1.04563701,  0.11983179, -0.71409637, -1.81260169,
        1.94466877, -0.47935891,  1.12416577, -0.64310753, -0.03868369,
       -1.90730679,  0.56225014,  2.0854001 ,  1.14983976, -0.73552161,
        0.48899052,  2.00965667, -1.07909346, -0.74949127, -1.13383222,
        1.83782792,  1.61593246,  0.99784404, -0.12020455, -0.20910706,
       -1.41828084,  0.90997767, -1.67480528, -0.93636525, -1.58921921,
        1.32011783, -1.08454013, -1.08909178,  0.12555653,  1.23913336,
        1.98818111,  1.18299651, -0.52292365,  1.6413691 ,  3.5772655 ,
       -0.12984902,  1.89225972,  0.94868988, -0.25562799, -0.39701074,
       -0.01020571, -0.87935573, -0.54843193, -0.72786927,  0.77022207,
        2.78131628,  0.43824837, -1.61967564,  1.86518979, -3.32148314,
       -0.19342253, -0.86386675,  0.80145675,  1.44652247, -0.63009274,
        1.26526213,  0.29693857,  0.02580834, -1.6807332 , -0.93825972,
        1.37832749,  1.74483395, -1.44270134,  2.00320697, -0.22364634,
        0.51597309, -1.47199464,  1.63633239, -0.0424825 , -2.86334777,
        0.57426924,  0.04206162, -1.8121835 ,  3.96340346,  0.30453414,
        0.90116966,  0.99623412, -0.5382334 , -1.57448065, -0.50161517,
       -1.80237055, -1.7602762 , -0.83026582,  2.68614197, -0.12117727,
       -2.1470511 ,  0.34150964,  0.02635565, -1.28518724,  2.47641563], dtype=float32), array([ 0.65334034,  0.17560112, -0.39139339, -0.04315143, -0.81671661,
       -0.16844617, -0.0580713 ,  0.10133962, -0.32451811, -0.41823846,
        0.48553851, -0.23179913,  0.24063291, -0.43975273, -0.28228855,
       -0.73038697,  0.10979302,  1.20563161, -0.30590618, -0.03902678,
       -0.60578072,  0.44226462,  0.04343048,  0.18362807, -0.25414032,
        0.25025985,  1.0415777 ,  0.04614986,  0.80905437,  0.02705893,
       -0.15419665,  0.40070987, -1.01368487, -0.16114661, -0.4479835 ,
        0.53295177, -0.88480455, -1.41416025, -0.76524985,  0.49833286,
        0.70756024,  0.83575398,  0.08720015,  0.81723881,  0.88910669,
       -0.10664555,  0.79058456,  0.24827975,  0.60532278,  0.09583053,
       -0.33813977, -0.37982053, -0.49885935, -0.73994952,  0.03319289,
        1.00190461, -0.21961406, -0.25129142,  0.42294559, -1.36891294,
       -0.07860309, -0.61969495,  0.52856547,  1.21328914, -0.27636737,
        0.61767429, -0.34797716,  0.10217996, -0.6796729 , -0.63754582,
        0.20564875,  0.99495441, -0.69515079,  1.52912152, -0.18468885,
        1.36298656, -0.94286966,  0.57154387, -0.1016586 , -0.67662084,
       -0.11073581, -0.3725481 , -0.80410409,  1.98191547,  0.00661897,
        0.38066941,  0.35062414,  0.47486675, -0.7740292 , -0.27513692,
       -0.98196352, -0.68663067, -0.13265201,  0.98254102, -0.2009027 ,
       -1.58528268,  0.88668257, -0.43497229, -0.39852792,  0.67374706], dtype=float32), array([ 0.21952659,  0.5590843 , -1.35208392,  0.07596594, -1.41384196,
        0.09497248, -0.72884279,  0.58224243,  0.09177502, -0.99451888,
        0.29495981,  0.11975808,  0.02102909,  0.47100049, -0.26742348,
       -1.18034959,  0.00489961,  1.54633558, -0.02724129, -0.66622025,
       -0.39793903,  1.30896473,  0.38643003,  0.72412765, -0.62549782,
        0.87251717,  0.85502636, -0.21091594,  0.2904999 , -0.29293579,
       -0.42511785,  0.36901015, -0.4407236 ,  0.22326738, -1.11876047,
       -0.20197511, -0.06459606, -1.56075144, -0.40351057, -0.10582405,
        0.56312162,  0.51640719, -0.03232229,  0.8827647 ,  1.24192452,
       -0.04003984,  1.66563213,  0.78109956,  0.39470711, -0.18134966,
       -0.27840251,  0.28945202, -0.30844522, -0.75695288,  0.65792096,
        1.14520419, -0.08199952, -0.74899131,  0.44935107, -1.52202952,
       -0.21600327, -0.44786516,  0.76627123,  0.71589804, -0.51979083,
        0.86075586,  0.01532434, -0.20331022, -0.52648342, -0.76528293,
        1.36605954,  0.72923529, -0.96895516,  0.40583599,  0.25135359,
        0.82877624, -1.16372907,  1.30819571, -0.1150943 , -1.34613717,
       -0.04615529,  0.13847898, -0.42751467,  2.47244215, -0.06661139,
        0.40369225,  0.34200728,  0.11285362, -0.7495867 , -0.80032766,
       -0.59396905, -1.35872388, -0.9648698 ,  0.90006125,  0.73474705,
       -1.48709536, -0.13649409, -0.28377303, -0.71990776,  1.48519981], dtype=float32), array([  2.88495445e+00,   1.01043952e+00,  -2.64187884e+00,
         3.67373824e-01,  -3.30198288e+00,  -3.54633540e-01,
        -1.28852308e+00,  -1.57231700e+00,  -3.04265559e-01,
        -8.81753802e-01,   1.79187238e+00,   5.63307405e-01,
        -3.98134962e-02,  -1.58008111e+00,   2.16677278e-01,
        -1.87094450e+00,   9.27231193e-01,   2.48595715e+00,
        -5.02086163e-01,  -7.00507760e-01,  -3.03198862e+00,
         1.40780652e+00,  -1.08162212e+00,   3.40059340e-01,
        -8.31050694e-01,   2.32144594e+00,   1.12873673e+00,
         1.06562674e+00,   9.99268472e-01,   3.14914316e-01,
        -2.63973856e+00,   1.83095765e+00,  -3.24878073e+00,
         2.73571253e-01,  -1.24668252e+00,   3.13836813e-01,
        -2.87174273e+00,  -1.84044242e+00,  -1.42917025e+00,
         1.31312311e+00,   2.58300662e-01,   2.24883962e+00,
        -1.62655914e+00,   2.39814901e+00,   1.75824356e+00,
        -5.97841144e-01,   2.23447227e+00,  -5.74308634e-01,
         1.06589568e+00,  -3.97185087e-01,   8.62785816e-01,
        -1.31445932e+00,  -1.43822968e-01,  -8.55776072e-01,
         6.68351501e-02,   1.32062376e+00,  -2.34278962e-01,
        -7.19889402e-01,   1.47438359e+00,  -3.06602120e+00,
         1.81862736e+00,  -3.86307836e-01,   3.77373770e-03,
         2.67500901e+00,  -1.51599085e+00,  -2.69281089e-01,
        -3.16374481e-01,   4.26516235e-01,  -1.55493999e+00,
        -1.40813220e+00,   9.98334527e-01,   1.70622635e+00,
        -8.65419388e-01,   3.82732892e+00,   6.62057638e-01,
         2.12887549e+00,  -3.20155859e+00,   1.59034657e+00,
        -1.11631024e+00,  -2.27784681e+00,   3.50696743e-01,
        -2.63832331e-01,  -2.44313836e+00,   6.15936899e+00,
         2.20446587e-01,   4.10103589e-01,   1.14950848e+00,
        -3.17597270e-01,  -2.01989055e+00,  -1.40794539e+00,
        -1.45536542e+00,  -2.70225286e+00,  -4.91131842e-01,
         2.67169380e+00,   2.07612947e-01,  -1.45506907e+00,
         9.06457901e-01,  -6.50356054e-01,  -7.53712058e-01,
         2.45706964e+00], dtype=float32), array([ 0.64651221,  0.91947746, -2.28772879, -0.48464483, -2.15531588,
       -0.49126396, -0.04018532, -0.35184878, -0.57039553, -0.29883212,
        2.36899018, -0.95948517,  0.33548102, -1.03780913,  0.42148966,
       -1.53892386,  0.03091173,  2.36011291, -0.12225401, -0.65610826,
       -2.33127904,  3.02555132,  0.34028986, -0.34741342, -0.73662907,
        0.86110073,  2.40744615,  0.47946802,  1.75565445,  0.35179219,
       -1.67233455,  1.62481666, -1.49171162, -0.78220671, -1.33894539,
        1.21815956, -1.19476712, -1.46454656, -0.9586097 ,  1.0647577 ,
       -0.07625146,  0.71182328, -1.38751423,  1.86640978,  2.91659784,
       -0.11216708,  2.08467102, -0.49877223,  0.19543676, -0.80978727,
        0.52079493,  0.38990811,  0.46131039, -0.8076998 ,  1.06231332,
        2.04606175, -0.03648655, -1.30716181,  1.49275398, -2.73557806,
        1.32280767, -0.15588728,  0.69160205,  2.42012691, -1.57387412,
        0.82900274, -0.82719922,  0.02287336, -0.61596739, -1.06416214,
        1.66742182,  1.72380233, -1.33129597,  3.05481386,  0.45184445,
        1.43123972, -2.94851208,  1.21030331, -0.48393762, -2.43381596,
        0.32509926, -0.47068289, -1.26858747,  5.35174894, -0.51391333,
        0.88838094,  0.51955384,  0.33853653, -2.1791265 , -2.23463821,
       -1.1425246 , -2.65263796,  0.0367877 ,  2.29575396,  1.28368866,
       -2.43880153,  1.28167439, -0.50787777,  0.08877242,  1.54698098], dtype=float32), array([  4.20042574e-01,   6.84232950e-01,  -8.28321338e-01,
        -9.79354829e-02,  -1.77475011e+00,   5.14190972e-01,
        -2.53876060e-01,   7.10855544e-01,  -1.25043988e+00,
        -1.29052007e+00,   1.08415997e+00,  -6.13043785e-01,
         6.82702959e-01,  -5.86747110e-01,  -1.64322704e-02,
        -4.33677554e-01,   3.43031660e-02,   2.00581574e+00,
         1.14323092e+00,   2.12943196e-01,  -5.37809283e-02,
         1.50630379e+00,   2.57876873e-01,  -7.62964487e-02,
        -4.71184760e-01,   1.06330442e+00,   1.69391215e+00,
         9.87547636e-01,   9.01579797e-01,   2.06689626e-01,
        -1.25321043e+00,   7.94473648e-01,  -2.03855848e+00,
         1.64705068e-02,  -7.82874703e-01,   8.75014961e-01,
        -1.33541846e+00,  -1.97077644e+00,  -1.70306873e+00,
         1.80746400e+00,   8.21746886e-01,   1.25278151e+00,
         1.60405800e-01,   1.16826999e+00,   1.90745664e+00,
        -5.66317797e-01,   1.97663224e+00,   8.42310607e-01,
         3.70559841e-01,  -3.28755885e-01,   1.13283709e-01,
        -5.74443221e-01,  -2.62489676e-01,  -1.07986522e+00,
         2.40389720e-01,   2.15245390e+00,  -4.91614252e-01,
        -3.12989146e-01,   1.39504242e+00,  -2.62923002e+00,
         6.70441449e-01,  -5.02208769e-01,   1.63051218e-01,
         1.02712369e+00,  -1.14824331e+00,   1.23137784e+00,
         7.34269619e-03,  -5.83097041e-01,  -1.10184658e+00,
        -1.07026792e+00,   1.46636772e+00,   1.51525831e+00,
        -1.42772496e+00,   1.84054792e+00,  -1.87769502e-01,
         1.26065969e+00,  -1.65698409e+00,   6.27948284e-01,
        -1.87023669e-01,  -2.35829353e+00,  -3.67154181e-03,
         3.94400090e-01,  -1.75839436e+00,   4.00168419e+00,
         5.45507252e-01,   3.31719220e-01,   4.39502865e-01,
         2.12116390e-02,  -2.17755294e+00,  -7.68326998e-01,
        -1.03883064e+00,  -7.57358551e-01,  -2.01317295e-01,
         2.47924829e+00,   3.09522420e-01,  -1.78615332e+00,
         9.71768424e-02,   2.10483566e-01,  -6.64164960e-01,
         8.22198808e-01], dtype=float32), array([-0.01798679,  0.49207437, -1.3331306 , -0.05151559, -0.81210476,
       -0.56970787,  0.22189873,  0.10517617, -0.45984039, -0.85465837,
        1.36715376, -0.88205409,  0.11569484, -0.82885009,  0.05667491,
       -0.67817891,  0.35338795,  1.31580079,  0.07438223, -0.4103848 ,
       -0.84099102,  0.45277187, -0.19442832,  0.23124713, -0.22108862,
        0.85158086,  1.45966089,  0.44861922,  0.43508053, -0.23264104,
       -0.46462122,  0.69355053, -1.0727911 , -0.53828716, -0.80383402,
        0.91492677, -0.67518067, -1.1969794 , -0.48432696,  1.16691101,
        0.36223119,  0.59943271, -0.55154151,  1.16585195,  1.58577406,
       -0.34548458,  1.19357753,  0.25577289,  0.18546194,  0.20432928,
        0.35506779, -0.27077523,  0.02959833, -0.26420629,  0.5616951 ,
        1.60510838, -0.28090316, -0.60576952,  1.05064845, -1.18295109,
        0.23297223, -0.3845219 ,  0.21784058,  1.01068783, -0.39134249,
        0.45801896, -0.30855289,  0.21025315, -0.5863055 ,  0.0549277 ,
        0.33600751,  0.74400675, -0.42937434,  0.99074328, -0.26903108,
        0.3066549 , -0.84835476,  0.66677469, -0.51388639, -1.02689445,
       -0.05966888,  0.03728975, -0.60278571,  1.94145977, -0.4768227 ,
        0.55322719,  0.71323389, -0.30115131, -0.7775014 , -1.03092039,
       -0.46647805, -0.99123824, -0.2766484 ,  1.65004563,  0.25768799,
       -0.58466667,  0.61613196,  0.06690201,  0.16858059,  0.98788941], dtype=float32), array([ 1.6678158 ,  1.79326522, -3.21694994,  0.39603165, -3.09682059,
        1.03305638, -1.30009425,  1.83898294, -1.49812472, -0.93774635,
        1.94955134, -0.54482245, -0.09154691, -1.36241639, -2.08072448,
       -2.27039218,  0.42205393,  5.14583206,  1.33045995, -0.40002739,
        0.038342  ,  2.84693909,  0.13520648,  0.38166204, -1.02605808,
        0.88390392,  2.97897315,  0.24783215,  0.17640851, -0.63064784,
       -0.4778161 ,  0.8542015 , -1.94598949, -0.75076586, -2.27160072,
        2.14095592, -1.65925193, -3.92329574, -1.42068303,  1.92970264,
        1.57989872,  1.2221036 , -1.98603082,  1.87491608,  4.68693542,
        1.2712332 ,  3.04940844,  0.46406052, -0.49654323,  0.23576558,
       -1.46858597, -0.01488692, -1.34927678, -1.13464963,  1.38374174,
        2.40793157, -0.31324825, -1.64751685,  2.78069067, -5.95544243,
        0.0448966 , -1.44430792,  1.91462469,  1.92822993, -1.14566565,
        2.25152802, -0.46211383,  0.97398478, -0.84830052, -3.15065551,
        1.90045238,  1.98895156, -2.25513172,  1.37747192,  0.02922987,
        1.85247147, -1.75603902,  2.76820159,  0.76931548, -3.54236412,
        0.11651607,  0.24069804, -1.20146871,  7.12486076, -0.18554927,
        1.13845003,  1.80034566,  0.51675218, -1.63708389, -1.84373546,
       -1.29698825, -3.25639844, -1.0083667 ,  2.77437687,  0.84499419,
       -4.71815252,  1.82274675, -0.33306998, -2.53067255,  2.93363762], dtype=float32), array([ 0.35436863,  0.34918693, -1.73261988,  0.12370754, -2.04438782,
        0.56419855, -0.40271527,  1.11029387,  0.21584433, -0.87234598,
        1.53724384, -0.26050103,  0.1528451 , -0.33482659, -1.50299454,
       -0.65978128,  0.23290764,  2.34662247,  0.50919813, -0.35674697,
       -0.18227196,  1.79852223,  0.75845075,  0.24161626, -0.10982758,
        1.04286432,  1.04248798, -0.39512071,  0.3044022 ,  0.28227144,
       -0.13663393,  0.35302001, -0.92155778, -0.14432466, -1.3045603 ,
        1.0675422 , -1.0211972 , -1.90296841, -0.33143619,  0.9796046 ,
        0.70191342,  0.19239494, -1.28021491,  1.52200913,  2.03051686,
        0.07737171,  1.38405514,  0.85682267, -0.09751859, -0.23269187,
       -0.26322326,  0.23586752, -0.70928967, -1.05098271, -0.03802054,
        1.24423265, -0.37744254, -0.79344881,  0.71799618, -2.57673383,
        0.12951395, -0.7516973 ,  1.16485882,  1.38982046, -0.63615584,
        0.13091007, -0.06475747, -0.88486534, -0.41786084, -1.64702094,
        1.39982271,  1.32552791, -1.59303188,  1.02158594,  0.27070916,
        1.04166889, -0.45755789,  1.56580138,  0.66374636, -1.47849953,
       -0.04079723, -0.08214321, -0.41838071,  3.65701962, -0.00697882,
        0.81534296,  0.22878388, -0.13498148, -1.32160866, -1.07317412,
       -0.12337232, -0.76410264, -1.6221981 ,  1.84246552,  0.9940874 ,
       -2.30084443,  0.97966719, -0.83697307, -0.8292138 ,  1.45835531], dtype=float32), array([ 0.79601145,  1.03029335, -1.61639202, -0.22372591, -1.35880327,
       -0.0803704 , -0.84177661,  0.30698463,  0.14306003, -0.33349696,
        0.50257528, -0.80084926, -0.27234426, -0.85415649, -0.28369451,
       -0.9672085 ,  0.58069694,  1.27458239, -0.41805461,  0.04204551,
       -0.20668842,  0.0678358 , -0.02193027, -0.22178164, -0.30927604,
        0.39992473,  1.52856946,  0.22799458,  0.31351441, -0.09288517,
       -0.79623181,  0.10163784, -1.32370698, -0.45496863, -0.72997618,
        0.97432601, -1.1928091 , -1.10864997, -0.3658199 ,  0.72957027,
        0.76449007,  0.63222647, -0.91955543,  1.57861996,  1.44916761,
        0.24118277,  0.84214324,  0.69227904,  0.00518731,  0.02761421,
       -0.06808382, -0.34688213,  0.33229274, -0.15581536,  0.25042483,
        1.33745956,  0.65968609, -0.67819458,  1.11380112, -1.76249921,
        0.61761355, -0.70545501,  0.5544216 ,  1.35056722, -0.90308917,
        0.53732753, -0.34083542, -0.17984982, -1.27042174, -0.67837328,
        0.36620671,  0.74227428, -0.2490063 ,  1.19383872,  0.04666472,
        0.93712544, -0.82870448,  0.98278421, -0.33079842, -0.99371338,
       -0.43292257,  0.10198886, -0.28570315,  3.19320869, -0.24464361,
        0.52471507,  0.16729395, -0.63427198, -1.19364643, -0.82124102,
       -0.42959511, -0.49019638,  0.04914647,  1.3501426 ,  0.04694123,
       -1.5343709 ,  1.11462724, -0.12872477, -0.36192304,  1.55341721], dtype=float32), array([ 0.35782903,  0.15830517, -0.72319603, -0.30763382, -1.16390896,
       -0.13910581, -0.10334946,  0.57912403, -0.65518725, -0.32375419,
        0.79313469,  0.40090668,  0.37095535, -0.62384599, -0.75069082,
       -1.62401152,  0.36999726,  2.34738159,  0.10253544, -0.52851111,
       -0.96336496,  1.22705483, -0.40987667,  0.05163099,  0.03174488,
        0.97659922,  0.5951547 ,  0.30163863,  0.57642543,  0.26888776,
       -0.69627607,  1.00007689, -1.07660377, -0.79875523, -1.44889593,
        1.43209887, -0.5549078 , -0.81684375, -0.29366773,  0.82386774,
        0.99594921,  1.03576589, -0.90688312,  1.22371984,  0.84019542,
       -0.087828  ,  0.8940267 ,  0.34694839,  0.43545246, -1.3349613 ,
        0.18821739, -0.28655711,  0.21503346, -0.28953564,  0.28383133,
        0.35634705, -0.38961509, -0.19075389,  2.03126907, -2.19982266,
        0.33619183,  0.31288448,  1.41103041,  1.81071556, -1.07976174,
        0.18750581, -0.31999511, -0.21232581, -0.80074495, -1.04695725,
        1.14471352,  1.60821939, -1.01327085,  1.06792438, -0.44085938,
        1.06569505, -1.53101194,  0.56931835,  0.06394711, -1.65231979,
        0.05403633, -0.23888944, -1.27600098,  3.45219111,  0.06478611,
       -0.52544665,  0.08945508,  1.07086611, -0.6368112 , -0.99573135,
       -0.40122452, -1.4689045 , -1.16153395,  1.3322444 , -0.09993842,
       -1.37610888,  0.32812208, -0.2693108 , -0.48737463,  1.80485761], dtype=float32), array([ 0.26406065,  0.66733742, -1.55083132, -0.08503406, -2.68115091,
       -0.40227109,  0.40372676,  0.32362628, -0.97077429, -0.70340806,
        1.37735653, -0.67918283, -0.50362116, -1.06757045, -0.06656086,
       -0.75223207, -0.07893764,  2.62416577, -0.13297968, -0.70626235,
       -0.7120589 ,  2.13303137,  0.05974239, -0.40784475, -1.30289137,
        1.73147547,  0.89984977, -0.32460618,  0.50291067, -0.35060626,
       -0.54114163,  1.19117594, -1.18870556, -0.61907279, -1.16337109,
        0.51925743, -0.87563515, -1.56013   , -1.19081235,  0.64336014,
       -0.10680314,  1.7510848 , -0.23319356,  1.1036303 ,  2.59813571,
        0.26435351,  1.85388184,  1.5189302 ,  0.48877281, -0.52337849,
        0.55337656,  0.17730686, -0.09649857, -1.01084602,  0.06975453,
        0.77959067, -0.45261908, -0.29437271,  1.19210362, -2.46817541,
        1.16220534, -0.0892206 ,  0.37616751,  1.63011968, -1.29016888,
        1.26618254, -0.11445706,  0.44629177, -0.80363894, -1.18150544,
        1.38086307,  1.05354667, -0.34189636,  1.08974469, -0.37133601,
        1.19270265, -0.94882786,  1.58125734, -0.01910362, -1.58453381,
       -0.56421864,  0.01282673, -1.40964901,  4.60194492,  0.47629607,
        0.84920281,  0.828848  , -0.20843391, -1.67252457, -1.66682732,
       -0.77619684, -1.42582119, -0.43840268,  1.74033237,  0.25791594,
       -2.67431426,  0.92468035, -0.36765465, -0.56849307,  1.4087261 ], dtype=float32), array([ -2.98538595e-01,   1.99091923e+00,  -2.56508708e+00,
         1.19218361e+00,  -2.81069946e+00,  -5.75676322e-01,
        -1.02456772e+00,   6.29056990e-01,  -8.22902977e-01,
        -1.71186793e+00,   1.26179934e-01,  -5.40238142e-01,
         7.58407265e-02,  -3.44010204e-01,   5.31348884e-01,
        -1.17407823e+00,  -5.55744283e-02,   2.91952610e+00,
         1.54273081e+00,  -1.50637180e-01,  -1.35594368e+00,
         1.40231216e+00,   1.11721873e-01,   8.30149531e-01,
        -1.11091375e+00,   9.56588626e-01,   3.28387094e+00,
        -1.27519220e-01,   1.42315984e-01,  -1.07738268e+00,
        -1.09183669e+00,   9.82396185e-01,  -2.50875950e+00,
        -2.06288487e-01,  -2.00539684e+00,  -3.78362060e-01,
        -1.07677829e+00,  -2.69237685e+00,  -1.51206005e+00,
         3.52258945e+00,   5.98545372e-01,   2.30734968e+00,
         1.17420721e+00,   6.68681264e-01,   1.87270594e+00,
        -5.30161738e-01,   3.59651017e+00,   2.25291044e-01,
        -5.26149645e-02,   3.06954056e-01,   8.92297506e-01,
        -6.19182944e-01,  -5.53955674e-01,   5.98709762e-01,
         1.20523095e+00,   2.09072948e+00,   8.34290147e-01,
        -9.32491124e-01,   1.68684196e+00,  -2.54204345e+00,
         1.41420007e+00,  -1.96113765e-01,  -3.75824273e-01,
         1.40032363e+00,  -9.24761415e-01,   8.45818460e-01,
         1.37769490e-01,  -7.01746792e-02,  -5.99557221e-01,
        -1.85282564e+00,   1.32686830e+00,   1.80319393e+00,
        -9.64026511e-01,   1.64018905e+00,   2.43631378e-01,
         2.12839651e+00,  -2.68252254e+00,   1.03324461e+00,
        -7.98344433e-01,  -2.45402861e+00,   4.82441932e-02,
         3.03600967e-01,  -5.30678988e-01,   5.45234823e+00,
        -4.48845744e-01,   4.82312649e-01,   3.48283410e-01,
         1.58055127e-03,  -2.17743611e+00,  -1.52296472e+00,
        -1.97130096e+00,  -1.98942852e+00,  -3.57336521e-01,
         2.93960690e+00,   1.25756705e+00,  -2.66279268e+00,
         6.99523509e-01,  -1.71711668e-02,  -1.48124373e+00,
         2.40876174e+00], dtype=float32), array([ 1.63997841,  1.70322621, -1.61190939,  0.53296435, -1.84012401,
        0.69223905, -1.17692399, -0.09434415, -0.48744595, -0.71333289,
       -0.17732465, -0.34615317, -1.35032237, -0.81488764, -0.993433  ,
       -0.53407991,  0.27232555,  2.04754972, -0.2691727 ,  0.46453351,
       -0.54965991,  0.74261123,  0.4609578 , -0.13902138, -0.4296985 ,
       -0.09624714,  0.96267098,  0.69253683,  0.43173963,  0.19435573,
       -0.81184381,  0.16622683, -1.08051682, -0.77345031, -1.02773929,
        1.029019  , -1.38545096, -1.46748042, -0.16997123,  0.66451246,
        0.38413867,  0.8736676 , -1.3659507 ,  1.30530119,  1.54862678,
       -0.27174634,  0.68338585,  1.8287276 , -0.20407146, -0.35502952,
       -0.38518256, -0.00707487, -0.33891469, -0.28137225,  0.90777659,
        0.58559912,  0.64924282, -1.09395671,  1.44616234, -2.44913554,
        1.16099894, -0.92115843,  0.37025037,  1.39878178, -1.63466024,
        0.6728968 , -0.28516072, -0.33258739, -1.57836282, -1.20912325,
       -0.00881752,  1.22214496, -0.58239061,  0.6865139 ,  0.19282207,
        1.87061214, -0.2439045 ,  1.20577753, -0.35035339, -1.15609705,
        0.56751162,  0.30472943, -0.22544743,  3.94011712,  0.12097052,
        0.96058464,  0.69639593,  0.00476305, -1.76217818, -0.87393981,
       -0.55879337, -1.32247496, -0.10300831,  1.53355658, -0.05693929,
       -2.58000994,  2.0299747 ,  0.04676927, -0.67837924,  1.48978972], dtype=float32), array([ 0.14046609,  0.90001976, -0.59268481,  0.29239663, -0.70711756,
       -0.31635898, -0.05690593,  0.32670194, -0.84365427, -0.81617296,
        0.27361852, -0.54394084,  0.92367452, -0.35737431,  0.05516739,
       -0.08162048, -0.10103314,  1.32440829,  0.55109864,  0.16312021,
       -0.45037714,  0.70526439,  0.18720961,  0.17488423, -0.34307957,
        0.30520722,  1.25285745,  0.61741608,  0.36934552,  0.12811923,
       -0.61399466,  0.8333903 , -1.36822057,  0.04162647, -0.74649531,
        0.63417244, -0.75418019, -1.32147586, -1.29758525,  1.10573411,
        0.18669733,  0.90943164,  0.00613365,  0.56155956,  0.80406332,
       -0.19232105,  1.25982094,  0.14832488,  0.64179909, -0.18674514,
        0.17412491, -0.2936196 ,  0.09443982, -0.78838557,  0.35646048,
        1.19450569,  0.11547595, -0.14364865,  0.54789418, -1.37509584,
        0.61106426,  0.0065716 , -0.61734527,  0.69070482, -0.31821853,
        0.46639287,  0.05078644, -0.13552766, -0.81888062, -0.17753673,
        0.81167799,  0.70766431, -0.77217072,  1.1687659 ,  0.15841301,
        0.67466116, -1.08101702,  0.12877166, -0.48319766, -1.32447577,
       -0.2015065 ,  0.42540824, -0.99994683,  2.3268137 ,  0.65481198,
        0.42153034,  0.06746815,  0.47152054, -0.95357651, -0.42907223,
       -0.66730332, -0.22749749,  0.09594217,  1.11326802,  0.116098  ,
       -0.50150895,  0.39354712, -0.06252719, -0.18362519,  0.58491206], dtype=float32), array([ 0.51336128,  0.22776097, -1.14653897, -0.26948285, -1.93093443,
        0.54544115, -0.61014533,  1.18639493,  0.42998302, -0.68157279,
        1.275123  , -0.37182331,  0.66903675, -0.79017127, -0.40256733,
       -0.64841419, -0.20384589,  1.62809074, -0.17930707, -0.46785283,
        0.31371978, -0.07634801,  0.9231112 , -0.53152287, -0.61482501,
        0.63328326,  1.79191256,  0.19891155,  0.59631288, -0.24937296,
       -0.62500453,  0.08446348, -1.60548425, -0.31258196, -0.79922205,
        1.77761292, -1.7232883 , -1.58659315, -0.30209422,  1.18127227,
        1.21433127,  0.89497131, -0.18631995,  1.0046829 ,  1.93859649,
       -0.1946042 ,  0.57847238,  0.70276177, -0.13506418, -0.18125243,
       -0.04133321, -0.27575514, -1.00898743, -0.39338943,  0.15240113,
        0.92597342, -0.07783015, -1.25572622,  0.61905921, -2.55441689,
       -0.2975136 , -0.80945939,  0.85899383,  0.82350177, -0.72805089,
        0.32402658, -0.82692993, -0.57564747, -0.98744023, -1.36580646,
        0.97539717,  1.68653405, -0.98014855,  0.72716814, -0.33908275,
        0.20661254, -0.19812791,  1.33447742,  0.08379722, -1.14314377,
       -0.12404273,  0.04588797, -0.3508803 ,  1.93689215,  0.53913176,
        0.95473969,  0.30945304,  0.34308779, -0.42445394, -0.2921432 ,
        0.11477111, -0.58251703, -0.21397202,  1.66407132,  0.32602564,
       -1.8449496 ,  0.09640124, -0.59217507,  0.02376923,  1.44945705], dtype=float32), array([ 0.94772696,  1.28964186, -2.68950367,  0.69327497, -2.48865652,
        0.18923855, -0.85072589,  0.54096413, -0.35545051, -0.39927098,
        0.89547771, -0.04964799, -1.08971417,  0.49475259, -0.11997622,
       -0.74043101, -0.71079779,  1.32454979,  0.15285055, -0.30400148,
       -0.40700325,  2.51505423,  0.22138624,  0.07133322, -0.79337323,
        0.63596141,  1.65870166, -0.53498483,  1.08048475, -0.66794795,
       -0.96716076,  0.26070797, -1.17821848, -0.34126762, -0.70576912,
       -0.17960116, -0.73064333, -1.13270628, -0.3147994 ,  0.10490522,
        0.26446056,  0.98599494, -0.3701247 ,  0.57367533,  1.79328847,
        0.23384835,  1.64020598,  0.79158765, -0.2259545 ,  0.08524092,
       -0.69197178, -0.0536018 , -0.03541695,  0.45741084,  1.39541769,
        0.78447276,  0.75003958, -0.815929  ,  0.92469859, -1.81515503,
        0.61228681, -0.65271378,  0.20786659,  0.33271995, -1.31366146,
        1.50444198, -0.18317296,  0.65184945, -0.65250087, -1.93800592,
        1.26841211,  1.61833894, -0.23088852,  0.80822235, -0.03859175,
        1.99205625, -0.94496894,  1.07754636,  0.07403267, -1.51199043,
        0.42560831, -0.12506047, -0.25160623,  4.31967306, -0.79669482,
        0.8482312 ,  0.17990999,  0.0703631 , -1.51161516, -0.85940021,
       -0.80286086, -1.76553667, -0.02776805,  0.94119883,  0.19079462,
       -2.80974269,  1.80719888,  0.12001653, -0.93039024,  1.78466213], dtype=float32), array([  2.57500857e-02,   7.42645144e-01,  -3.59704852e-01,
         9.18664113e-02,  -1.39670050e+00,  -2.16489941e-01,
        -1.38807595e-01,   5.99912822e-01,  -9.66353059e-01,
        -1.20049155e+00,   4.29843187e-01,  -3.89329970e-01,
         8.02856326e-01,  -3.43714356e-01,  -4.10162732e-02,
        -5.13076484e-01,   1.92997396e-01,   1.82139993e+00,
         5.30113816e-01,   2.69670904e-01,  -3.00664753e-01,
         6.36193573e-01,   2.70104885e-01,  -2.17443705e-03,
         4.21016216e-02,   7.57197022e-01,   1.37912309e+00,
         5.26862264e-01,   6.33634686e-01,   2.05538839e-01,
        -3.62914085e-01,   7.64484406e-01,  -1.58485353e+00,
        -2.38469660e-01,  -7.65225470e-01,   9.70734835e-01,
        -8.39355648e-01,  -9.15217161e-01,  -8.58621478e-01,
         1.42763805e+00,   8.00652862e-01,   1.10082030e+00,
         1.31182253e-01,   1.00952315e+00,   1.44013309e+00,
        -1.02597189e+00,   1.30026841e+00,   5.73235869e-01,
         8.49217594e-01,  -5.60670942e-02,   2.85719156e-01,
        -3.25349659e-01,   6.28472567e-02,  -8.21045756e-01,
         4.86290216e-01,   1.18417263e+00,  -4.62260097e-01,
        -4.01693404e-01,   7.21751630e-01,  -2.10844326e+00,
         6.14500046e-01,   1.54639572e-01,  -4.18342769e-01,
         9.72824752e-01,  -5.15012503e-01,   7.06403792e-01,
        -7.00260624e-02,  -6.00184619e-01,  -1.14386141e+00,
        -2.25497201e-01,   3.50724280e-01,   1.64139926e+00,
        -1.01565170e+00,   1.43359053e+00,  -2.42665261e-01,
         8.95276189e-01,  -1.45359504e+00,   4.27712977e-01,
        -3.50355744e-01,  -1.75709796e+00,  -6.29188642e-02,
         5.40698886e-01,  -7.27698207e-01,   3.01983523e+00,
         6.70262873e-01,   9.45283949e-01,  -1.28185108e-01,
         4.15799052e-01,  -1.43768144e+00,  -5.56914926e-01,
        -1.04858637e+00,  -3.77869070e-01,  -3.56050283e-02,
         1.67230868e+00,  -3.71086523e-02,  -8.58621478e-01,
         4.47346717e-01,  -2.46342674e-01,   9.22578573e-03,
         8.03483844e-01], dtype=float32), array([ 1.8232547 ,  1.96509063, -2.66710377,  0.15487291, -2.43273973,
       -0.22040382, -1.08429098,  1.01217127, -1.1345911 , -0.9508971 ,
        0.67698646, -1.2292316 ,  1.06756759, -0.65285373, -0.24588132,
       -1.0530256 ,  0.40376502,  2.33637762,  0.01518589,  0.33266932,
       -0.6715886 ,  1.74572468,  0.26520324,  0.31421053, -0.73246419,
        0.41401955,  2.4647913 ,  0.19478928,  0.15517651, -0.51663113,
       -0.95716697,  1.28160048, -1.98890305, -0.53144526, -1.45903051,
        0.66911072, -1.8530724 , -2.48112869, -0.99310154,  1.51161826,
        1.03473353,  1.3609699 , -0.77984345,  0.43134025,  1.89821863,
        0.00895308,  2.03953314, -0.02571101,  0.60429597,  0.08485079,
       -0.33089668, -0.05858086, -0.77623248, -0.3235009 ,  0.34670797,
        1.38018131,  0.48172602, -1.31095183,  0.99564254, -2.8097415 ,
        1.0076139 , -0.90199393, -0.07398186,  1.57274866, -1.43932164,
        1.05172896, -0.08834018,  0.07022655, -1.02337217, -1.35260689,
        1.12546921,  2.0861845 , -1.34215295,  2.10745215,  0.49223173,
        2.14054298, -1.58538616,  0.628218  , -1.0307864 , -2.17514253,
       -0.33688647,  0.81912422, -0.88193417,  4.41990042,  0.5411545 ,
        1.51460099,  0.64294553,  0.70006758, -1.7013011 , -1.59197187,
       -1.0475198 , -1.53773713, -0.1450628 ,  1.59899628,  0.65427744,
       -1.65196407,  1.41141367, -0.28906035, -0.88010007,  1.93894482], dtype=float32), array([ 3.37666917,  1.16431403, -1.98451328, -0.40923947, -3.85006166,
       -0.45641023, -1.60432792, -0.5159983 ,  1.51023734,  0.20159529,
        2.27560973,  1.28419054,  0.38084087, -0.7667619 , -1.12422359,
       -2.04402494,  1.19328153,  2.28005242,  0.16632679, -0.5118255 ,
       -1.79081416,  1.51814699, -1.27758193, -0.27761921, -0.84981281,
        2.49511456,  2.15594292,  1.3523469 ,  1.49001074, -1.30798125,
       -2.02323174,  2.14630699, -2.29134822, -1.69538057, -0.99520415,
        2.23920488, -3.37184954, -1.79624057, -1.28511381,  1.33921266,
       -1.43611813,  2.56074452, -1.66923428,  1.81038773,  1.50320792,
       -0.12239349,  2.22821593, -0.09025924, -0.344363  , -0.0644149 ,
        0.916502  , -0.57511818, -0.26860949, -0.42371729, -1.40415406,
        0.54649234,  0.91562998, -1.34414828,  1.18020248, -2.87762284,
        1.18326128,  0.14798778, -0.0516571 ,  2.97838712, -1.14625692,
       -1.03962767, -0.50698686, -0.45817113, -0.97033745, -1.54800165,
        1.08761823,  2.81436563, -0.75095785,  2.91917324,  0.66211021,
        1.97550476, -3.2708075 ,  2.03926182, -1.17573631, -2.15101552,
        0.50314116, -0.16903278, -1.84673679,  4.35923195,  0.14655751,
        0.95776361,  0.47337109, -0.0819208 , -0.48153561, -0.67513216,
       -0.7178905 , -2.94076538, -0.28472853,  3.3860786 ,  0.47181427,
       -1.95553732,  0.1976839 , -0.70081401, -1.01497769,  3.13898897], dtype=float32), array([ -6.34461284e-01,   1.16408384e+00,  -2.17325354e+00,
         7.59444654e-01,  -2.08388519e+00,  -2.63746709e-01,
        -8.30822766e-01,   4.85536098e-01,  -3.97494733e-01,
        -1.00076365e+00,   9.11315009e-02,  -6.13837242e-01,
        -8.43891084e-01,  -3.41239333e-01,   3.09631284e-02,
        -1.10018301e+00,  -7.32205063e-02,   1.76207733e+00,
         1.11005080e+00,  -1.84781253e-01,  -1.10810971e+00,
         7.02449560e-01,   1.49770901e-01,   9.37754929e-01,
        -6.60839736e-01,   5.71405768e-01,   2.11034441e+00,
        -9.41026330e-01,  -2.52134264e-01,  -1.29688680e+00,
        -1.00653671e-01,   3.52885574e-01,  -1.17572522e+00,
        -3.03847998e-01,  -1.36161220e+00,  -6.87364340e-01,
        -1.42215669e-01,  -1.79701221e+00,  -2.39758864e-01,
         2.58299041e+00,   7.29458630e-01,   1.17907131e+00,
         9.89280701e-01,   1.96702152e-01,   1.26547599e+00,
        -6.25294819e-02,   2.54123783e+00,   1.99356467e-01,
        -7.11260140e-01,   6.16817057e-01,   7.69835055e-01,
        -5.29666901e-01,  -4.74925578e-01,   1.22502911e+00,
         1.14214790e+00,   1.36246276e+00,   3.65511745e-01,
        -7.35404551e-01,   1.55909324e+00,  -1.81172872e+00,
         7.47586310e-01,  -3.33843797e-01,   3.20018232e-01,
         7.67467022e-01,  -6.87900424e-01,   8.02176416e-01,
        -6.63680509e-02,  -2.37253606e-02,  -2.90161371e-03,
        -1.67050397e+00,   6.85969174e-01,   1.19754422e+00,
        -2.35866308e-01,   4.49472487e-01,  -2.02594727e-01,
         1.60529935e+00,  -1.35253263e+00,   8.92517030e-01,
        -6.90228119e-02,  -1.30849540e+00,   1.11398578e-01,
        -2.13125825e-01,   4.80816275e-01,   3.74732852e+00,
        -1.02728522e+00,   1.37091577e-02,   4.84520853e-01,
        -2.67170310e-01,  -1.29270804e+00,  -1.13425493e+00,
        -1.44449842e+00,  -1.60140920e+00,  -8.82602155e-01,
         2.03915739e+00,   1.30383873e+00,  -2.19054508e+00,
         3.94530386e-01,   8.81568491e-02,  -1.26934421e+00,
         2.07066250e+00], dtype=float32), None]
