[array([ 0.0974145 , -0.03907855, -0.18817088, -0.09365099, -0.23563768,
        0.22251845, -0.08810859,  0.16819168, -0.12413053, -0.04031001,
        0.09246414,  0.02971627, -0.08880677, -0.0632655 , -0.2065487 ,
       -0.15484475,  0.01840903,  0.34635949,  0.01504482, -0.05533556,
       -0.08814579,  0.1612546 ,  0.06055943,  0.01853484, -0.06917763,
        0.0583554 ,  0.06393462, -0.07008412, -0.0220968 , -0.03293685,
        0.01622965,  0.08368058, -0.11243198,  0.03210483, -0.18820224,
        0.11297169, -0.10126764, -0.26698709, -0.19500207,  0.11244398,
        0.20328886,  0.08576838, -0.08720802,  0.05784053,  0.3273294 ,
        0.08502227,  0.24365709,  0.06992454,  0.01525113, -0.11513562,
       -0.09921731, -0.06358331, -0.01463503, -0.0811948 , -0.00085555,
        0.16602626, -0.08905851, -0.07193515,  0.0976231 , -0.37846012,
        0.11297814, -0.15382132,  0.07477569,  0.22443709, -0.13562074,
        0.18656133, -0.02868532,  0.00753476, -0.11982934, -0.08240895,
        0.0759168 ,  0.07001934, -0.2196245 ,  0.15470167, -0.03705207,
        0.15745158, -0.19134649,  0.0689705 , -0.03722356, -0.31671455,
       -0.02906841,  0.04975414, -0.16898194,  0.48334561, -0.03661937,
        0.0140072 ,  0.02526865,  0.18963316, -0.28544903, -0.15415111,
       -0.10386085, -0.12174035, -0.20936427,  0.22682754, -0.00378582,
       -0.25982093, -0.0041627 , -0.04158247, -0.14044457,  0.10031567]), array([  3.71730492e-02,  -4.22432028e-02,  -7.51936855e-02,
         2.93326175e-02,  -1.88956542e-02,   8.70251913e-02,
        -5.50235430e-02,   7.42833793e-02,  -1.08931306e-02,
        -1.14602774e-01,   4.76226962e-02,   3.09390960e-02,
         1.36669244e-01,  -8.17309342e-03,  -3.28250820e-02,
        -2.03757287e-01,   5.13100020e-02,   1.82154413e-01,
         8.17995927e-02,  -3.49694456e-02,  -3.75326991e-02,
         3.58747993e-02,  -9.30369383e-02,   6.82989412e-02,
        -2.77038435e-02,   5.78026562e-02,   9.92059893e-02,
         6.75558818e-02,  -1.65839092e-02,  -2.95966734e-02,
        -4.73937033e-02,  -5.61122262e-03,  -7.87930856e-02,
         8.51986726e-02,  -4.14038058e-02,   3.36249132e-02,
        -1.22988782e-01,  -3.13380049e-02,  -2.71358667e-02,
         4.81728638e-02,   1.05429492e-01,   1.47052989e-01,
         5.70458216e-02,   3.88953342e-02,   1.54063135e-01,
        -3.89539296e-02,   1.11675851e-01,   8.41816926e-02,
        -2.97093167e-02,  -4.28203148e-02,   8.13628916e-02,
        -5.03378825e-02,  -1.09482913e-01,  -1.05363822e-01,
        -1.32332759e-02,   3.64082969e-02,  -6.77401868e-02,
        -7.21531049e-02,   1.80585258e-01,  -1.69766379e-01,
         4.79520559e-03,  -1.23514051e-01,   6.27640860e-02,
         7.71226596e-02,   3.56717462e-02,  -1.64873528e-03,
        -2.32002603e-02,  -9.59533422e-05,  -8.97499629e-02,
        -1.73211214e-02,   1.48764156e-01,   1.01316327e-01,
        -1.21073025e-01,   7.24505779e-02,  -6.97267631e-03,
         1.04437684e-01,  -1.41602159e-01,   1.48006433e-02,
        -1.03015610e-02,  -1.61603643e-01,   2.08086923e-02,
         7.10213830e-03,  -1.02014240e-01,   1.76221448e-01,
         2.93416477e-02,  -1.46157209e-01,   1.12574292e-01,
         4.22826715e-02,  -1.59425203e-01,  -1.33108026e-02,
        -1.43677626e-01,  -9.13082763e-02,  -8.30677551e-02,
         1.38968953e-01,  -1.05220357e-01,  -4.89658345e-02,
        -2.18006526e-02,   5.46494207e-03,  -9.20125456e-02,
         3.61927620e-02]), array([ 0.05870419,  0.09965277, -0.13663005,  0.03411104, -0.14239796,
        0.06961441, -0.03618072,  0.08790025, -0.0190827 , -0.08521449,
        0.04752322, -0.06743792,  0.06268164, -0.15053385, -0.06401902,
       -0.16827753,  0.02156612,  0.17236996,  0.0285003 ,  0.02335257,
        0.02870281, -0.04178151, -0.02481463, -0.00376232, -0.01872504,
        0.07094244,  0.11303581,  0.02499118, -0.04367519, -0.06981158,
       -0.05414168, -0.03607238, -0.19317946,  0.00185553, -0.04118735,
        0.08877125, -0.14574067, -0.15695571, -0.08490143,  0.05954638,
        0.26011471,  0.14838622, -0.05660976,  0.11062862,  0.21411702,
       -0.04506677,  0.12550023,  0.13012172,  0.03704302,  0.00049413,
        0.04189714, -0.07389509, -0.03538951,  0.03661964, -0.00316243,
        0.06178221,  0.04706328, -0.04381486,  0.17289812, -0.20782577,
        0.04114885, -0.16401285,  0.06844509,  0.13884966, -0.05978898,
        0.13954215, -0.08092172, -0.00634068, -0.16845167, -0.06701972,
        0.10145576,  0.12343328, -0.04212752,  0.05208657, -0.08270204,
        0.00141535, -0.10264486,  0.11765416, -0.03681436, -0.1826195 ,
       -0.00792042,  0.02211153, -0.03268234,  0.34746091,  0.02851118,
       -0.01224694,  0.0945016 , -0.04770879, -0.10125893, -0.03813693,
       -0.17691716, -0.01028799, -0.09673188,  0.22600061, -0.13170638,
       -0.11268109, -0.00300322,  0.00111548, -0.03774919,  0.09172804]), array([  2.62945180e-02,  -3.14348023e-02,  -1.67338780e-01,
        -1.02225067e-01,  -7.18540651e-02,   2.82122146e-01,
        -1.33121227e-01,   9.37362633e-02,  -1.03458123e-01,
        -5.56073387e-03,  -1.14550830e-02,  -9.47099904e-02,
         9.61385339e-05,  -2.16407037e-01,  -7.20599149e-02,
        -1.58174039e-01,   8.05986166e-03,   1.84094685e-01,
        -5.02548108e-02,   6.54022993e-02,   9.53784158e-02,
         1.80192849e-02,  -1.40727817e-02,  -6.50315469e-02,
        -1.11205998e-02,   8.60139946e-02,   1.32170528e-01,
         1.88594447e-02,   5.55877083e-02,   1.14366402e-02,
        -1.37768598e-01,  -1.84712642e-02,  -1.58264833e-01,
         4.65080922e-02,  -1.05920289e-01,   8.58316704e-02,
        -2.97163062e-01,  -2.65106832e-01,  -3.95930809e-02,
         1.37118088e-01,   1.84452796e-01,   5.01889290e-02,
         5.09892621e-03,   2.23671545e-01,   3.41849559e-01,
        -3.31688777e-03,   1.15887425e-01,   5.31165719e-03,
        -1.44822952e-01,  -4.29215042e-02,  -1.49608976e-01,
         5.32344700e-02,  -1.93322405e-01,   8.35731981e-03,
        -6.03509572e-02,   9.69930713e-02,  -1.08536935e-01,
         5.22975414e-02,   2.46481437e-01,  -2.57586967e-01,
        -3.25822724e-02,  -4.10185445e-02,   1.46603985e-01,
         1.55305549e-01,  -8.88522113e-02,   2.90493689e-01,
         7.21104594e-02,  -1.43731857e-01,  -1.86400188e-01,
        -9.63097555e-02,   1.54439256e-01,   1.68364201e-01,
        -1.29672047e-01,   1.65364244e-01,  -1.41803348e-01,
         5.14069260e-02,   1.38631057e-02,   1.02683368e-01,
         9.33784514e-02,  -3.36966180e-01,   3.45720564e-02,
         9.23737928e-02,  -1.05471134e-01,   4.70045459e-01,
        -6.94853749e-02,   1.20181001e-01,   1.01602536e-01,
         3.08940247e-02,  -1.84760753e-01,  -1.11132062e-02,
        -1.11856131e-01,  -1.10932281e-01,   5.06307602e-02,
         2.72214122e-01,   1.16622902e-01,  -3.05145154e-01,
        -9.59552440e-02,   1.30234800e-01,  -1.46472054e-02,
         1.09859966e-01]), array([ 0.14416468, -0.04082454, -0.14690612,  0.0625918 , -0.23077268,
        0.04460161, -0.04770384, -0.06135783, -0.09130227, -0.13237048,
        0.10309769,  0.10642623,  0.04167257, -0.04887423, -0.1099777 ,
       -0.0620711 , -0.0369055 ,  0.21497526,  0.02159373, -0.11991354,
       -0.12089905,  0.02058796, -0.02197196,  0.07909088, -0.07548455,
        0.13094374,  0.07390012,  0.00386767, -0.02468531, -0.03020294,
       -0.00923041,  0.00095034, -0.13699485,  0.12587417,  0.0028243 ,
        0.0477193 , -0.11687515, -0.20851926, -0.17997362,  0.06447144,
        0.18432198,  0.13944397, -0.09170788,  0.07101038,  0.16363006,
        0.12689144,  0.21683829,  0.02458087, -0.05093254, -0.05657207,
        0.00901559, -0.01054881, -0.01184478, -0.04984624,  0.05752923,
        0.08207754, -0.02802979,  0.05284395,  0.08880486, -0.12674633,
        0.10686456, -0.04817869,  0.00221808,  0.12259464, -0.02234751,
       -0.01023918, -0.01698649, -0.0136256 , -0.06719225, -0.13714948,
        0.17716329,  0.01529998, -0.04348568,  0.08864115, -0.00677687,
        0.23373318, -0.09701056,  0.05835197, -0.10588361, -0.1595282 ,
       -0.04778072, -0.04720552, -0.04678509,  0.29480881,  0.02172153,
       -0.08320254,  0.06457307,  0.1180707 , -0.22524677, -0.09886591,
       -0.11204862,  0.03178488, -0.11491858,  0.20721934, -0.05975381,
       -0.19283406,  0.02469682,  0.01510619, -0.18082711,  0.01446518]), array([ 0.12032317, -0.03644727, -0.21071171, -0.06110966, -0.18317639,
        0.33161072, -0.16734209,  0.11709856, -0.08035825, -0.26167359,
        0.10660587, -0.03874816,  0.27953978, -0.1932256 , -0.14682062,
       -0.31272473,  0.10566162,  0.44280264, -0.00223759,  0.00952932,
        0.13605979,  0.13173567, -0.08547022, -0.05069107,  0.02870526,
        0.14311488,  0.37125852,  0.20447784,  0.04044512,  0.10747287,
       -0.30884802,  0.01251347, -0.29544279,  0.07992754, -0.26856185,
        0.15164257, -0.54225082, -0.35405695, -0.1355719 ,  0.18222619,
        0.28578574,  0.253786  , -0.0501941 ,  0.2887094 ,  0.57939001,
       -0.07633633,  0.32179226,  0.11161544, -0.24550779, -0.15146601,
       -0.01837545, -0.11471141, -0.3747716 , -0.09352889, -0.02139961,
        0.18369441, -0.14581648, -0.08296221,  0.32759963, -0.43955281,
        0.01241994, -0.1760047 ,  0.24426133,  0.20241076,  0.09363002,
        0.27601444,  0.06103057, -0.12548312, -0.2309354 , -0.06212283,
        0.28393786,  0.35025736, -0.25082256,  0.29082843, -0.14886776,
        0.12499019, -0.23574865,  0.27226533,  0.02751792, -0.46639053,
       -0.00855356, -0.01393924, -0.18302367,  0.68813902, -0.03885513,
       -0.00205263,  0.24215289,  0.14423929, -0.354851  , -0.0280024 ,
       -0.33693024, -0.24778228, -0.10014721,  0.51733247,  0.0799669 ,
       -0.29513689, -0.08084798,  0.17087151, -0.00111722,  0.28183682]), array([-0.00262772, -0.01663512, -0.02915236,  0.06365229, -0.06709997,
        0.05970659, -0.00583761,  0.00262496, -0.04156278, -0.0185041 ,
        0.05828729,  0.06255716, -0.03951677, -0.00023371,  0.01309978,
       -0.02386278, -0.00991302,  0.10674821,  0.00415285, -0.02092737,
       -0.0232123 , -0.01417505,  0.05901491,  0.02109079,  0.03119206,
        0.01867672,  0.04555541, -0.00317199, -0.01432926, -0.00066412,
        0.00137437,  0.02297967,  0.01741732,  0.01116418,  0.01062922,
        0.00968093, -0.01310945, -0.06401452,  0.01540413,  0.03402004,
        0.00623036,  0.02811093,  0.02730237,  0.03626078,  0.01888085,
        0.01684482,  0.07154136,  0.05290137, -0.03235866, -0.04290774,
        0.0102801 ,  0.00182953,  0.02009012, -0.00438848,  0.02933668,
        0.00988645,  0.02320959,  0.04249306,  0.02767344, -0.04642264,
       -0.00917685,  0.03138288,  0.04321098, -0.02694304, -0.00335845,
        0.04524823, -0.02155086,  0.00569001,  0.01533773, -0.0517107 ,
        0.06951102,  0.05426569, -0.02098474, -0.02992051, -0.06870554,
        0.02325092, -0.05179036,  0.01310075,  0.00302679, -0.00788093,
        0.00120964, -0.03540413, -0.03467213,  0.10349256, -0.04119643,
       -0.03115831,  0.01066872,  0.02462994, -0.0326645 , -0.08400106,
       -0.07418655, -0.06861035, -0.09326574,  0.06814084, -0.01049589,
       -0.06310212,  0.02478064,  0.03076541, -0.04920597,  0.00853438]), array([ 0.05693565,  0.05605025, -0.10906471, -0.00108771, -0.17549786,
        0.06942154, -0.11800647,  0.03798287, -0.23693108, -0.18778278,
        0.07119592,  0.04219915,  0.13486065, -0.02832466,  0.01809336,
       -0.21245712,  0.0644431 ,  0.28156157, -0.02210234, -0.06428617,
       -0.04914696,  0.12516929, -0.05576943,  0.13728253,  0.03575068,
        0.27201105,  0.11525846,  0.18066997, -0.02150897,  0.09225128,
       -0.15077566,  0.07610656, -0.38056598, -0.03991731, -0.10677875,
        0.00578658, -0.22949176, -0.14140315, -0.16251827,  0.19859111,
        0.3158724 ,  0.14078954, -0.01289523,  0.08065057,  0.10227404,
       -0.06604941,  0.30173214,  0.0766436 ,  0.08292706, -0.02721313,
       -0.04675939, -0.02521935, -0.11470537, -0.03767067, -0.00972088,
        0.13139025, -0.06592809, -0.03422898,  0.07597379, -0.29573635,
        0.0558626 ,  0.02778995,  0.08254963,  0.15326388, -0.13078712,
        0.05499026, -0.09487916,  0.02002817, -0.23659948, -0.02572629,
        0.21979438,  0.24078808, -0.16817037,  0.31459501,  0.02642778,
        0.16671052, -0.13845482,  0.00703736, -0.0484745 , -0.26927463,
        0.01895579,  0.02809976, -0.12804413,  0.35147492,  0.05265871,
        0.09636936,  0.07478425,  0.13053699, -0.38234837, -0.1324721 ,
       -0.0847954 , -0.13491747, -0.15469191,  0.30417198,  0.15328266,
       -0.13266061, -0.05453865,  0.02843393, -0.14968584,  0.01758609]), array([ 0.19179184, -0.08943513, -0.03518198, -0.1395703 , -0.19672812,
       -0.0849355 , -0.15592731, -0.06577938, -0.01270818, -0.21280755,
        0.16975157,  0.19161417,  0.1365689 , -0.1886912 ,  0.03700431,
       -0.32232115,  0.12317064,  0.21811528,  0.09445965, -0.02005175,
       -0.03521884,  0.05339494, -0.06286172, -0.05162807, -0.11534124,
        0.12159422,  0.13158465,  0.15548138, -0.09794874, -0.14636425,
       -0.28259511,  0.05682038, -0.12896218, -0.15374075, -0.23732903,
        0.05443257, -0.25137612,  0.11003648, -0.01914361,  0.14387905,
        0.21222903,  0.27610486, -0.02747292,  0.1255807 ,  0.17344882,
       -0.17701019,  0.27198038,  0.05571227,  0.03654159, -0.09752351,
        0.0791046 , -0.24528243, -0.05767269, -0.15628253, -0.08830121,
        0.08422094,  0.10263472, -0.06147375, -0.0687376 , -0.23059708,
        0.06540097, -0.09925777, -0.15348388,  0.09724442,  0.1009132 ,
        0.01699346,  0.06010328, -0.06875711, -0.12446077,  0.00810427,
        0.09649339,  0.22833641,  0.07437477,  0.31270729, -0.05178221,
        0.11173041, -0.2205845 ,  0.02728556,  0.03281517, -0.24156187,
        0.04273609, -0.03398578, -0.04456042,  0.27460667,  0.10125763,
       -0.07875773,  0.13810952, -0.10318548, -0.10390532,  0.03734461,
       -0.26588982, -0.20243977,  0.01520885,  0.23599274, -0.04992042,
        0.01201496, -0.30335128,  0.17874636, -0.17327635,  0.14888799]), array([ 0.12691862,  0.11472412, -0.20129863, -0.06201548, -0.14439856,
        0.09102391, -0.07634097,  0.08251871, -0.26276812, -0.14521436,
        0.13402903,  0.001421  , -0.06446857, -0.03102371, -0.04548758,
       -0.00613173, -0.01344964,  0.39739444,  0.07077704, -0.05724475,
       -0.01005944,  0.09663713,  0.04567132,  0.09019837, -0.07273984,
        0.09128574,  0.14271106,  0.05961342,  0.03939604, -0.02347888,
       -0.05783301,  0.06245489, -0.1922273 , -0.0077108 , -0.21515671,
        0.06328512, -0.18803485, -0.23021339, -0.21851514,  0.14510983,
        0.13334522,  0.10252931, -0.03208996,  0.11794655,  0.25042983,
       -0.02196026,  0.16130102,  0.12723845,  0.01426709, -0.09200116,
       -0.0745988 , -0.01391298, -0.0446682 , -0.07104455,  0.08703435,
        0.20237412,  0.00301693, -0.04786883,  0.14160702, -0.28664149,
        0.00065767, -0.15461585,  0.07888953,  0.28422973, -0.11139733,
        0.13920423, -0.0147081 ,  0.09036644, -0.10582331, -0.08787013,
        0.04500631,  0.06325251, -0.14070913,  0.14683989, -0.08134243,
        0.21602983, -0.15609943,  0.11920207, -0.00792043, -0.21338099,
       -0.0079435 ,  0.00749026, -0.03832449,  0.49070973,  0.09352361,
        0.04187131,  0.11873809,  0.12362591, -0.21659869, -0.13500994,
       -0.06197861, -0.05318121, -0.12857009,  0.2255938 ,  0.02775766,
       -0.26830109,  0.08445023, -0.05831844, -0.12975415,  0.15775693]), array([ 0.03508406,  0.01958065, -0.14276748,  0.0031727 , -0.10248264,
        0.01985328, -0.16028873,  0.09922687, -0.26031948, -0.23769122,
        0.06121125, -0.01328868,  0.20014541, -0.08693938, -0.01211122,
       -0.21993301,  0.03534575,  0.47157591, -0.01839724, -0.09335583,
       -0.07031082,  0.11310546, -0.09445498,  0.14614157,  0.05911977,
        0.21412923,  0.13899376,  0.17699763, -0.0981406 ,  0.07521605,
       -0.13405014,  0.1403673 , -0.31229177, -0.10001671, -0.21425588,
        0.17004014, -0.09810303, -0.22594494, -0.10051142,  0.28492332,
        0.52908647,  0.22858373,  0.06540543,  0.18291098,  0.22556836,
       -0.14569458,  0.15397844,  0.04819076,  0.26208377, -0.10379259,
       -0.00726304, -0.00585838, -0.087443  , -0.08298769,  0.04208343,
        0.09918785, -0.12054369,  0.00159663,  0.09475221, -0.35403048,
       -0.01535428, -0.05791098,  0.20419026,  0.20541963, -0.07433091,
        0.08245446, -0.03344636, -0.01720344, -0.16769975,  0.0691395 ,
        0.18503572,  0.33122744, -0.19177245,  0.45384566, -0.03565454,
        0.11872833, -0.23268846, -0.0228672 , -0.07820881, -0.22243084,
        0.10039568,  0.06943912, -0.17524242,  0.47420894,  0.0362548 ,
        0.12884908,  0.05875977, -0.00129407, -0.35882064, -0.05346162,
       -0.16328628, -0.20776965, -0.18553869,  0.28133764,  0.07785799,
       -0.26858876, -0.03145349, -0.09385095, -0.16025275,  0.06537274]), array([  7.81415160e-02,  -2.67252821e-02,  -1.22125432e-01,
         6.18626541e-02,  -7.32869180e-02,   8.24515294e-02,
        -8.74514508e-02,   6.21100544e-02,   2.05992573e-04,
        -1.81943887e-01,   5.35593168e-02,   3.03758877e-02,
         2.03313326e-01,  -5.58888589e-02,  -8.63492530e-02,
        -2.40132762e-01,   7.26273191e-02,   2.74198746e-01,
         7.07707782e-02,  -4.79835487e-02,  -3.06896168e-02,
         5.66777040e-02,  -8.41311642e-02,   7.20592654e-02,
        -9.66278862e-03,   8.46310017e-02,   1.17851929e-01,
         8.51700768e-02,  -3.89343966e-02,  -2.28081684e-02,
        -6.39732080e-02,   3.46322415e-02,  -1.25863030e-01,
         7.54212330e-02,  -8.58500121e-02,   3.52012899e-02,
        -1.92425218e-01,  -9.66722620e-02,  -4.65146745e-02,
         2.84880084e-02,   1.24561792e-01,   2.12925828e-01,
         1.53970390e-02,   7.00763601e-02,   2.19704395e-01,
        -4.77030739e-02,   1.23454562e-01,   9.68768970e-02,
        -4.06691008e-02,  -7.02497924e-02,   1.05731134e-01,
        -8.23668816e-02,  -8.49922647e-02,  -9.10645222e-02,
        -2.63560868e-02,   3.63275278e-02,  -5.50762556e-02,
        -6.10849686e-02,   1.76997006e-01,  -2.37922823e-01,
         5.80778614e-03,  -1.52593929e-01,   8.95135901e-02,
         9.30093570e-02,   7.72747055e-02,   3.22266183e-02,
        -5.53699286e-02,   1.24611143e-02,  -1.35957078e-01,
        -6.18310122e-03,   2.02152054e-01,   1.09321307e-01,
        -1.34510716e-01,   9.14323015e-02,  -6.73992840e-02,
         9.86116892e-02,  -1.74160984e-01,   6.12159339e-02,
        -3.68026720e-02,  -2.20022452e-01,   8.86660037e-03,
         2.90203327e-02,  -1.40895849e-01,   2.93867764e-01,
         3.84119022e-02,  -9.93676936e-02,   1.49804259e-01,
         7.56715408e-02,  -1.78694737e-01,  -1.19849681e-02,
        -1.87494987e-01,  -6.18033195e-02,  -1.09129114e-01,
         2.53947810e-01,  -1.26115727e-01,  -9.91030391e-02,
        -5.88661460e-02,  -3.08676451e-03,  -1.04405199e-01,
         9.86260792e-02]), array([-0.10188988,  0.10512034, -0.22887267,  0.05793629, -0.12449613,
        0.21094572, -0.02439279,  0.1804037 ,  0.01752907, -0.21402566,
        0.14767788, -0.07570223,  0.03098842, -0.1606234 , -0.07505805,
       -0.18241114,  0.09004877,  0.36527568,  0.07986774, -0.08549344,
        0.10927206,  0.04281664, -0.10544532,  0.03221918, -0.00125498,
        0.12234702,  0.22548646,  0.08225531,  0.0160479 , -0.0436257 ,
       -0.11709981, -0.06613672, -0.19799777, -0.15164862, -0.18237606,
        0.15173876, -0.22581929, -0.11496293, -0.05748463,  0.17369338,
        0.31912972,  0.26185055, -0.08046394,  0.20140234,  0.29870533,
        0.00245094,  0.08238906,  0.19192082,  0.04525043, -0.08317546,
        0.11112487, -0.13448009, -0.0145978 , -0.16789347, -0.11546143,
        0.04411744,  0.04232832, -0.14950523,  0.1701013 , -0.31971342,
       -0.00392027, -0.04241643,  0.0303297 ,  0.19272719, -0.12807608,
        0.00450351, -0.09399158, -0.03552209, -0.28106576, -0.12524615,
        0.11896631,  0.20348098, -0.19982574,  0.1072742 , -0.16730451,
       -0.0156011 , -0.15470151,  0.08738659, -0.00354375, -0.34345062,
        0.01085654,  0.02126439, -0.15387012,  0.48000158,  0.00970479,
        0.0196793 ,  0.02084298,  0.07215143, -0.02724757, -0.08171854,
       -0.12575764, -0.06556146, -0.22014541,  0.36576425, -0.07257822,
       -0.12748773, -0.07465572, -0.08133345, -0.09463536,  0.13770609]), array([-0.07044307, -0.02541713, -0.10405487, -0.04979015, -0.12074518,
        0.14276859, -0.02997532,  0.06345853, -0.00506388, -0.12983862,
        0.0795705 , -0.02992165, -0.06116881,  0.01195265, -0.00108768,
        0.03014647,  0.02924284,  0.20725973, -0.00026088, -0.08545164,
        0.08087185,  0.06660654, -0.07130687,  0.02450245,  0.01024507,
        0.07300393,  0.08232185,  0.08557814,  0.04487885, -0.00201892,
       -0.04988537, -0.00273198,  0.02457081, -0.12057844, -0.08812549,
        0.07043026, -0.04730817, -0.06107797, -0.05276514,  0.17066404,
        0.09505266,  0.09714777, -0.01459091,  0.14946787,  0.08815662,
        0.03583551,  0.06427423,  0.09176704, -0.01271244, -0.08887786,
        0.0211242 , -0.08780941,  0.02103733, -0.14544546, -0.09875009,
        0.04129922, -0.0234854 , -0.0810599 ,  0.07376329, -0.11870396,
       -0.0126859 ,  0.04027823,  0.0283405 ,  0.0686071 , -0.10799022,
       -0.04790028, -0.0373755 , -0.0559694 , -0.06908804, -0.06527126,
       -0.00075628,  0.04435039, -0.11084962,  0.0554807 , -0.08042326,
        0.04398379, -0.14472133,  0.00664039, -0.00400793, -0.2053008 ,
        0.03941579,  0.02372627, -0.03406102,  0.2130539 , -0.05021967,
        0.08387901,  0.00794793,  0.03948267, -0.05021022, -0.03554652,
        0.02841642, -0.02319071, -0.06918478,  0.20038131,  0.09974166,
       -0.09874309, -0.08213176,  0.01959071, -0.09080379,  0.08714533]), array([ 0.01651114,  0.08428626, -0.08934536,  0.05430096, -0.09366431,
        0.11339586, -0.00677533,  0.00703445, -0.00860987, -0.08411751,
        0.06426664, -0.06575271,  0.10949882, -0.07561073, -0.03054444,
       -0.15579281,  0.04571379,  0.15406638,  0.00120992, -0.05294373,
        0.00517268, -0.04103089, -0.08202435, -0.0323013 ,  0.01122375,
        0.14222716,  0.09234583,  0.02819596, -0.01695868, -0.02510028,
       -0.04028154, -0.00349326, -0.21003058, -0.00406102, -0.02777862,
        0.04171782, -0.1545147 , -0.08529374, -0.10803352,  0.02634958,
        0.24277898,  0.0934045 , -0.04028427,  0.10296165,  0.17524638,
        0.02351543,  0.13523525,  0.0290233 , -0.00070214, -0.00050018,
       -0.01914017, -0.03385069, -0.026706  ,  0.02860504, -0.03096303,
        0.00484023,  0.03296303,  0.01647611,  0.12211206, -0.18531721,
       -0.02932723, -0.04442971,  0.13312189,  0.06076241, -0.13677656,
        0.04289541, -0.12315594, -0.00323397, -0.17781663, -0.00940746,
        0.09943136,  0.09347987, -0.11933126,  0.15134175, -0.05570561,
       -0.00972923, -0.11191458,  0.06197243,  0.00319791, -0.1687749 ,
       -0.00809079,  0.04317019, -0.07410838,  0.33519774,  0.09676206,
        0.02213541,  0.16986232,  0.00851153, -0.09090766, -0.06045882,
       -0.12585767, -0.06861523, -0.17813286,  0.20064397, -0.07871312,
       -0.09038157, -0.06339702, -0.01988264, -0.08497867, -0.01769827]), array([ 0.0979672 ,  0.08767098, -0.15156143,  0.05246838, -0.14930134,
       -0.01357489, -0.05573976,  0.08839818, -0.18054061, -0.2501959 ,
        0.13139669,  0.07854738,  0.14049219, -0.09333634, -0.02074107,
       -0.32119702,  0.11575529,  0.46450094,  0.02411722,  0.00405118,
       -0.05378359,  0.08119818,  0.00785193,  0.0897565 ,  0.10288574,
        0.2708291 ,  0.23458653,  0.30096761, -0.10188526,  0.1294494 ,
       -0.12504427,  0.09921925, -0.43201906, -0.14416676, -0.19467404,
        0.10314514, -0.35410393, -0.18327798, -0.08222431,  0.25811148,
        0.33811527,  0.29131688, -0.07277767,  0.15336439,  0.20623719,
       -0.0987528 ,  0.23689411,  0.12695673,  0.06161764, -0.15509577,
       -0.01330859, -0.04225521, -0.14992986, -0.12991114,  0.01577494,
        0.12991829, -0.08066009, -0.05237071,  0.14677247, -0.3278856 ,
        0.02662586,  0.01870294,  0.02947824,  0.28549414,  0.02693829,
        0.06926687, -0.10484052,  0.02014876, -0.17430378, -0.03858139,
        0.25207916,  0.2339095 , -0.14259422,  0.34139403, -0.12128869,
        0.12847363, -0.18204202,  0.13561548, -0.01440851, -0.24461701,
        0.01499782,  0.00125296, -0.15309648,  0.48758401, -0.00330173,
        0.04096763,  0.05853594,  0.12416805, -0.34204871, -0.12057798,
       -0.23191887, -0.14956735, -0.09743983,  0.42365798, -0.03249202,
       -0.16559835, -0.10309493,  0.09483703, -0.10269571,  0.09483582]), array([-0.08024006, -0.05610901, -0.23726753, -0.17550442, -0.16409347,
        0.28803607, -0.07886221, -0.02193406, -0.09536134, -0.19132322,
        0.12901074, -0.06022518,  0.00083503, -0.18621434, -0.1089397 ,
        0.04571399,  0.04203977,  0.2277582 , -0.01098042, -0.12739252,
        0.10646757,  0.12499272, -0.03884344, -0.01692981, -0.05261604,
        0.13183672,  0.19953504,  0.06716972,  0.21160598,  0.04166529,
       -0.19872493, -0.06381127, -0.10896695, -0.00512648, -0.23774728,
        0.17506221, -0.28230568, -0.32787177, -0.07422745,  0.20569065,
        0.25883824,  0.2179429 , -0.04957996,  0.27657069,  0.41392202,
        0.02279914,  0.15089251,  0.09184467, -0.12371401, -0.09572779,
       -0.05307822, -0.00146062, -0.22232851, -0.17601907, -0.0147159 ,
        0.16416499, -0.14199272, -0.01660385,  0.19430044, -0.22706802,
       -0.01904522,  0.03138272,  0.13847592,  0.19779203, -0.06809383,
        0.15463845,  0.06255844, -0.1674323 , -0.25055135, -0.14851153,
        0.13167782,  0.15727465, -0.26774879,  0.23214299, -0.06884812,
        0.18148459,  0.00472339,  0.05635224,  0.08535297, -0.43489525,
        0.04051196,  0.03839034, -0.0930331 ,  0.44756335, -0.09158411,
        0.12534634,  0.05794676,  0.16371968, -0.24616555, -0.03491974,
       -0.0391105 , -0.07411161, -0.01709046,  0.43387084,  0.25186176,
       -0.33424501, -0.04815143,  0.10652062, -0.0617564 ,  0.11578897]), array([  8.49497784e-02,   1.32183914e-01,  -1.30350560e-01,
         1.16015965e-02,  -7.20108540e-02,   2.37318001e-03,
        -4.86059738e-02,   5.47514607e-02,  -1.41135745e-01,
        -1.92308044e-01,   6.36708369e-02,   1.92995806e-02,
         9.43950279e-02,  -4.04572275e-02,  -7.83957237e-03,
        -1.42810831e-01,   6.74038962e-02,   2.24267800e-01,
         2.27411213e-02,  -1.39385717e-02,  -1.05535695e-01,
         1.14118328e-01,  -8.58098839e-03,   8.42447402e-02,
         7.84905328e-02,   1.28796331e-01,   1.82463709e-01,
         1.76106607e-01,  -3.45509020e-02,   4.93440951e-02,
        -1.25267150e-01,   5.65952842e-02,  -2.25838584e-01,
        -6.26393338e-02,  -1.30500523e-01,   5.90101857e-02,
        -1.63978634e-01,  -1.91143231e-01,  -1.23163738e-01,
         1.81757450e-01,   1.60977924e-01,   1.35767597e-01,
        -7.07806306e-02,   6.61450173e-02,   1.06689654e-01,
        -3.67460906e-02,   1.64443629e-01,   7.75213704e-02,
         6.28986299e-02,  -1.15837278e-02,   9.16658140e-03,
        -3.54950738e-02,  -6.85782114e-02,  -4.10131520e-05,
         5.39186474e-02,   1.13899165e-01,  -5.33934760e-02,
        -4.85835274e-02,   1.13631310e-01,  -1.66679324e-01,
         4.45052303e-02,   9.66168997e-03,   2.85578304e-02,
         1.68635062e-01,  -1.29347551e-02,   5.19735700e-02,
        -5.88386612e-02,   2.82830369e-02,  -1.34510536e-01,
         3.03462244e-02,   1.55931648e-01,   7.61694951e-02,
        -1.11977483e-01,   1.94483021e-01,   5.06907412e-02,
         1.34117416e-01,  -1.67213570e-01,   3.38895551e-02,
        -7.36739336e-02,  -1.08688733e-01,   2.53100335e-02,
         1.38002781e-02,  -5.57642204e-02,   2.40137638e-01,
         1.54412937e-02,   3.76340658e-02,   7.06975272e-02,
         7.37682803e-02,  -2.37508932e-01,  -7.52128367e-02,
        -1.26761466e-01,  -8.12532169e-02,  -7.01999093e-02,
         2.47540035e-01,   9.55131057e-02,  -8.74282660e-02,
         2.43259633e-02,   4.17424184e-02,  -2.34604141e-03,
         4.49329197e-02]), array([ 0.18274142,  0.05983504, -0.07168227, -0.05880127, -0.1612441 ,
        0.1704037 , -0.05714066, -0.09059605, -0.17791837, -0.05903512,
        0.14206695, -0.06185272, -0.05070583, -0.11154324, -0.02085848,
       -0.10017743,  0.01908908,  0.27656662,  0.02979104,  0.0294912 ,
        0.00838969, -0.02078385, -0.02228722,  0.11011668,  0.08833987,
        0.11229965,  0.16715042,  0.05556835,  0.01715408, -0.01684224,
       -0.04537389, -0.02547222, -0.19933882,  0.00441159, -0.06567194,
        0.12558476, -0.16801165, -0.22139261, -0.19708397,  0.12570434,
        0.174959  ,  0.08288536, -0.07597321,  0.19848283,  0.1520995 ,
       -0.00983427,  0.14254878,  0.11218828, -0.07645762, -0.03198429,
       -0.04767349, -0.03351707,  0.02922709, -0.03415122,  0.00299277,
        0.14344067, -0.01134529,  0.00751544,  0.0658851 , -0.21618367,
        0.01335708, -0.11262021,  0.09638852,  0.19102416, -0.03586834,
        0.14216709, -0.12202612,  0.02949461, -0.13238744, -0.04394112,
        0.07455618,  0.13491026, -0.0961314 ,  0.09100625, -0.1699194 ,
        0.16787546, -0.19284841,  0.18496838, -0.0374669 , -0.10667182,
       -0.07558284, -0.03896851, -0.07200724,  0.3945207 ,  0.07610093,
        0.04456861,  0.02556356, -0.0076609 , -0.1963217 , -0.10613094,
       -0.00850549, -0.01285738, -0.08208982,  0.29651844, -0.10839546,
       -0.20977921, -0.02926496, -0.02654611, -0.08756201,  0.10540899]), array([  5.90097614e-02,   6.87051756e-02,  -1.33234763e-01,
         2.43646361e-02,  -1.58854337e-01,   6.34036656e-02,
        -2.95142120e-02,   5.31390006e-02,  -5.89480581e-02,
        -7.17892243e-02,   9.01345328e-02,  -1.96242220e-03,
        -3.57805360e-03,  -1.19255977e-01,  -8.14224940e-02,
        -1.95507348e-01,   5.18054401e-02,   1.84958610e-01,
         2.29846575e-02,  -2.52398500e-04,  -7.99785073e-03,
         2.46706675e-02,  -6.26277640e-02,   2.72165907e-02,
         1.46065406e-03,   1.74766386e-01,   8.43099361e-02,
         5.78544681e-02,  -4.08624796e-02,  -2.51887695e-02,
        -5.05102330e-02,  -1.43765478e-02,  -1.70711831e-01,
         1.66360085e-02,  -5.90196367e-02,   8.07438492e-02,
        -1.92046715e-01,  -1.24295787e-01,  -9.25547946e-02,
         2.10503666e-02,   1.70652102e-01,   1.38390363e-01,
        -6.32726893e-02,   1.33333057e-01,   1.82088625e-01,
        -3.37825381e-03,   9.48466093e-02,   9.61780047e-02,
         4.74164528e-02,  -1.34754807e-02,   4.40480394e-02,
        -2.69369117e-02,  -2.62116108e-02,  -1.96206458e-03,
        -6.53901514e-02,   2.80210266e-02,  -1.31199299e-02,
        -5.55470523e-02,   1.45231028e-01,  -2.52118807e-01,
         5.39697989e-02,  -9.42833271e-02,   5.23333318e-02,
         1.33761504e-01,  -1.04302913e-01,   1.07798260e-02,
        -6.20474720e-02,   3.19802189e-02,  -1.50923039e-01,
        -4.63337551e-02,   1.58902263e-01,   1.45194360e-01,
        -7.06357477e-02,   6.44559432e-02,  -6.24333351e-02,
         3.09442775e-02,  -1.03873833e-01,   9.55114267e-02,
        -1.56462023e-03,  -1.59521152e-01,  -3.74670496e-02,
         8.81831482e-03,  -1.12535180e-01,   3.40774972e-01,
         6.71269727e-02,  -2.71489087e-02,   6.56223069e-02,
         8.44812834e-03,  -1.18545202e-01,  -7.46857378e-02,
        -1.29570602e-01,  -8.55388991e-02,  -1.01631541e-01,
         2.10718810e-01,  -1.50431471e-01,  -1.00412428e-01,
        -4.97063959e-02,  -1.71165838e-02,  -1.61977589e-02,
         4.36462080e-02]), array([ 0.00834843,  0.01958419, -0.16380129, -0.12130341, -0.15869294,
        0.19153603, -0.10908192,  0.12360695, -0.15149555, -0.04709135,
        0.03954299, -0.09889452, -0.03655965, -0.19441078, -0.14173009,
       -0.05324784, -0.06737104,  0.23126918,  0.02323067,  0.00243405,
        0.09711097,  0.01078321,  0.07728243, -0.03619078,  0.01320624,
        0.10213136,  0.26556813,  0.14344684,  0.06922873,  0.01813827,
       -0.09693287, -0.08943494, -0.12842896,  0.10114783, -0.1591063 ,
        0.16633546, -0.21809933, -0.42386741, -0.12506403,  0.22493604,
        0.24805934,  0.09407193,  0.01771977,  0.17588078,  0.42794631,
        0.01258871,  0.2107116 ,  0.17496752, -0.11547337,  0.00817378,
       -0.15336337,  0.00384482, -0.13132008, -0.05101232,  0.01192353,
        0.19155549, -0.17925958,  0.01867956,  0.24417406, -0.26961993,
       -0.0500702 , -0.06255567,  0.22077797,  0.08239288, -0.06814594,
        0.25830844,  0.00150019, -0.14370214, -0.13717419, -0.07997143,
        0.14483075,  0.21353165, -0.17544611,  0.16185601, -0.07487086,
       -0.02858734, -0.00749756,  0.03800779,  0.14209109, -0.26292643,
        0.03136082,  0.07740311, -0.11820218,  0.44452396, -0.00580567,
        0.08981335,  0.19781781, -0.06370733, -0.2337718 , -0.03922437,
       -0.14900513, -0.10062545,  0.00784138,  0.27929169,  0.17241818,
       -0.3604263 , -0.1009059 ,  0.10916725,  0.00633167,  0.06949019]), array([ 0.06231532,  0.02506403, -0.05777545, -0.04070988, -0.03853253,
        0.07544643,  0.00433026,  0.06200976, -0.08879123, -0.14184084,
        0.07292149, -0.02199951,  0.04059624, -0.03191192, -0.00708546,
       -0.05537084,  0.02404517,  0.24001675, -0.00707293,  0.01865993,
       -0.02195751, -0.04750056,  0.01212802,  0.05320595,  0.02966255,
        0.08122954,  0.12905032,  0.06454094, -0.030731  ,  0.04054737,
       -0.04053021, -0.04447421, -0.1321773 , -0.01605034, -0.13470635,
        0.07191886, -0.15906155, -0.11334514, -0.09516223,  0.14401824,
        0.16030145,  0.12282351, -0.01703348,  0.11502455,  0.12514178,
       -0.0256102 ,  0.0987403 ,  0.07406436, -0.00222117, -0.04169327,
        0.0268475 , -0.0390643 , -0.05141946, -0.06944778,  0.00499209,
        0.18229388, -0.07974883, -0.0597208 ,  0.03376218, -0.19062067,
        0.08104513, -0.07159219,  0.05423134,  0.12033647, -0.02448495,
        0.02158846,  0.02135619, -0.01943906, -0.01792918, -0.03084695,
        0.05161402,  0.12595004, -0.09484749,  0.12218005, -0.13235685,
        0.05292116, -0.16200436,  0.08255157, -0.00708235, -0.14227425,
        0.00604889,  0.00212781, -0.04864125,  0.25143434,  0.02362838,
       -0.02216462,  0.0060344 ,  0.07939093, -0.18035474, -0.04452209,
       -0.16321451, -0.01452022, -0.09328208,  0.16025186, -0.02312438,
       -0.08450426,  0.01284881, -0.06465018, -0.01439111,  0.11063588]), array([ 0.12759591, -0.02378422, -0.11560198,  0.04306339, -0.13589549,
       -0.01609397, -0.09941293, -0.05005274, -0.14618977, -0.03117723,
        0.10308124,  0.03068475,  0.02457417, -0.01246735, -0.03081564,
       -0.12412219, -0.00428742,  0.3312025 ,  0.03672961, -0.05229843,
       -0.06001929,  0.01681312, -0.09339336,  0.09385218,  0.18425022,
        0.05806567, -0.04378768,  0.05214356, -0.01294973,  0.03307773,
       -0.04539164,  0.13428345, -0.07578455, -0.03932178, -0.09601016,
        0.09948474, -0.01576483, -0.10990785, -0.06449479,  0.05472263,
        0.21324998,  0.16121022, -0.00724555,  0.10030956,  0.02139145,
       -0.07705232,  0.09289949, -0.03251378,  0.06703424, -0.13390939,
        0.07629796,  0.03505959,  0.04477228, -0.06090612, -0.01946029,
       -0.02631071,  0.01737937,  0.08631671,  0.07648641, -0.13461401,
       -0.00863068, -0.01352484,  0.06375436,  0.15787235, -0.0301033 ,
        0.01574939, -0.06288925, -0.01064771, -0.04854684,  0.02171326,
        0.06621649,  0.12658293, -0.03711228,  0.21029904, -0.11184247,
        0.07505195, -0.16200162,  0.02048584, -0.06845747, -0.00830061,
        0.01335641, -0.00209144, -0.15695777,  0.30524698, -0.12533234,
       -0.00961157,  0.01721698, -0.02492427, -0.05584872, -0.0993545 ,
        0.03142905, -0.13621745, -0.06505725,  0.13891471, -0.03689295,
       -0.16089569, -0.02384952,  0.03847001, -0.04637203,  0.04385643]), array([ 0.02089452,  0.20213166, -0.22156444,  0.00059991, -0.14869814,
        0.0356423 , -0.01283881,  0.00075029, -0.13233706, -0.26907542,
        0.24179973, -0.06671998,  0.11625246, -0.16244712, -0.09065691,
       -0.23824822,  0.07166012,  0.25024566,  0.05205131,  0.00907855,
        0.03301125, -0.11706708,  0.01632823,  0.08716448,  0.10433842,
        0.1304925 ,  0.28355246,  0.11249415, -0.01920429, -0.07940652,
       -0.04288123,  0.03717936, -0.22000113, -0.01682497, -0.12467041,
        0.17073386, -0.14622362, -0.30942098, -0.02053327,  0.13738731,
        0.21115826,  0.0652461 , -0.07484296,  0.23208172,  0.23310154,
       -0.06908018,  0.23351179,  0.20912528, -0.1196266 ,  0.03204971,
        0.12195391, -0.08739546,  0.00571564,  0.0624585 ,  0.10170013,
        0.14991436, -0.02818175, -0.00902116,  0.34396656, -0.30251342,
       -0.03380901, -0.04810939,  0.13676457,  0.16802163, -0.10625954,
        0.13427634, -0.06188712, -0.05096378, -0.22329427, -0.0927609 ,
        0.04715083,  0.16252287, -0.12539109,  0.12877893, -0.11802326,
        0.09502602, -0.16303856,  0.11823975, -0.07314135, -0.18094957,
       -0.06189139, -0.05801015, -0.09464676,  0.36791509,  0.06168063,
       -0.02775049,  0.22382815,  0.01397161, -0.08587932, -0.1700547 ,
       -0.31140168, -0.12969444, -0.23318553,  0.35108115, -0.07470972,
       -0.07409147,  0.04790852,  0.07997483,  0.08565918,  0.19147578]), array([ -1.22934148e-02,   1.18253600e-01,  -1.52811365e-01,
        -1.06969543e-01,  -1.95814154e-01,   1.00488031e-01,
         6.86674575e-03,  -2.81513538e-02,  -9.71536649e-02,
        -1.19802541e-01,   1.72599669e-01,  -8.31589344e-02,
         4.25008337e-02,  -1.35649466e-01,   5.78794891e-03,
        -1.32806693e-01,  -8.04107700e-03,   1.97431665e-01,
         2.96936713e-03,   3.18224527e-02,   1.23231417e-02,
        -2.52329551e-02,   4.68809662e-02,  -3.13457784e-02,
         6.78815644e-02,   7.71241193e-02,   2.39501252e-01,
         6.35654058e-02,   4.18390364e-02,   5.39651094e-03,
        -1.21695326e-02,   1.94868211e-02,  -3.10361060e-02,
        -5.76557826e-02,  -8.95723342e-02,   1.31552054e-01,
        -1.09542321e-01,  -2.43969080e-01,  -3.19548304e-02,
         9.53660638e-02,   1.34092152e-01,  -3.50203134e-02,
        -8.97611095e-02,   8.96874379e-02,   1.51369839e-01,
        -4.20236779e-02,   2.75525606e-01,   6.94176427e-02,
        -1.90903528e-01,  -4.32685533e-02,   7.33019437e-02,
        -5.11636463e-02,  -3.69845759e-02,   6.74829479e-02,
         9.15394329e-02,   3.13868457e-02,  -9.05002117e-02,
        -1.44075331e-02,   1.39311400e-01,  -1.74957407e-01,
        -1.08751260e-01,   3.12958269e-02,   8.87236947e-02,
         1.27199685e-01,   1.92267697e-04,   1.13769001e-01,
        -2.90292577e-02,  -6.00481749e-02,  -1.52986897e-01,
        -1.10477364e-01,   2.61606828e-02,   2.48515716e-01,
        -1.30784062e-01,   8.83318983e-02,  -1.69787785e-01,
         6.98242874e-02,  -1.68929738e-01,   1.57079029e-01,
        -2.47152586e-02,  -3.00684475e-02,  -2.01940960e-02,
        -5.98927715e-02,  -4.13090272e-02,   2.02861388e-01,
         8.18978221e-04,   4.15115251e-02,   1.78982523e-01,
         7.22138751e-02,  -1.07540318e-01,  -1.49085698e-01,
        -1.62775944e-01,  -2.22057494e-01,  -1.66270890e-01,
         2.39494480e-01,  -2.16290930e-02,  -1.80388169e-01,
        -1.56962196e-02,   8.32776459e-02,   5.34561791e-02,
         1.36736964e-01]), array([-0.00089567,  0.10392896, -0.15075061,  0.0475597 , -0.12387409,
        0.14238961, -0.01102747,  0.13537912, -0.03330421, -0.13169247,
        0.13931952, -0.03826347,  0.08029477, -0.20195526, -0.09200043,
       -0.27382942,  0.08221852,  0.2544401 ,  0.05693749,  0.02911476,
        0.09888185, -0.06356267, -0.07111209,  0.02448518,  0.05371178,
        0.15578814,  0.17037183,  0.07782344, -0.07130709, -0.05057515,
       -0.09099075, -0.05541982, -0.25945395, -0.03218777, -0.10660982,
        0.10844541, -0.26166901, -0.14425205, -0.0469695 ,  0.07384678,
        0.28018132,  0.18037429, -0.06187741,  0.18106378,  0.26336628,
       -0.07408175,  0.07135447,  0.16358405,  0.00770082,  0.00647837,
        0.09283749, -0.08097719, -0.0610072 , -0.02714252, -0.0484542 ,
        0.07340227,  0.01725264, -0.05799463,  0.15544413, -0.29998108,
       -0.01748237, -0.13550549,  0.10222517,  0.1924326 , -0.04404738,
        0.1015587 , -0.05042233, -0.06307492, -0.25016979, -0.08327981,
        0.18936799,  0.27019766, -0.12441835,  0.11350735, -0.13385433,
       -0.07653335, -0.15167561,  0.13676369, -0.02113096, -0.21012253,
       -0.0537632 , -0.00294569, -0.1256074 ,  0.37522474,  0.07461214,
       -0.03409934,  0.02303082,  0.01159861, -0.0576134 , -0.03884449,
       -0.23528327, -0.06133698, -0.16290763,  0.27193452, -0.16895219,
       -0.08133332, -0.0615552 , -0.05152553,  0.01263785,  0.08643581]), array([  3.39865240e-02,  -8.42784148e-03,  -1.75658926e-01,
        -5.28608398e-02,  -1.25394661e-01,   3.00786614e-01,
        -1.13068763e-01,   1.37671666e-01,  -7.06328547e-02,
        -3.77567707e-02,   4.93072141e-02,  -5.61477439e-02,
        -8.10730178e-03,  -2.06980569e-01,  -1.03037530e-01,
        -1.72839303e-01,   3.41723533e-02,   1.75506722e-01,
         3.69771995e-02,   9.52701964e-02,   1.47117304e-01,
        -1.93925987e-02,  -3.21629590e-04,  -5.16574390e-02,
         2.73351954e-02,   1.03403139e-01,   1.85056968e-01,
         5.99984822e-02,   4.04059582e-02,   4.51695513e-03,
        -1.43376008e-01,  -6.04183824e-02,  -1.77591276e-01,
         6.00526426e-02,  -1.12273120e-01,   9.87019095e-02,
        -3.37880231e-01,  -2.89197901e-01,  -1.19127306e-01,
         1.40625329e-01,   2.55478537e-01,   1.04421250e-01,
        -4.26542324e-02,   1.89286753e-01,   3.79453014e-01,
        -5.14467296e-02,   1.45721438e-01,   6.73738277e-02,
        -1.12566691e-01,   9.28759733e-03,  -1.07392722e-01,
        -2.63968360e-02,  -2.20656614e-01,  -3.48672043e-02,
        -9.86349633e-02,   1.22281659e-01,  -7.92201215e-02,
         2.79023416e-02,   1.55399825e-01,  -2.79324063e-01,
        -1.41096387e-02,  -1.08193375e-01,   1.86721788e-01,
         1.71716572e-01,  -6.87687624e-02,   2.77405000e-01,
         3.85966463e-02,  -1.58818774e-01,  -2.52382014e-01,
        -1.00221826e-01,   1.79626185e-01,   2.85333265e-01,
        -1.44984269e-01,   1.84390161e-01,  -9.60869114e-02,
         3.03859872e-03,  -5.02490149e-02,   1.09248924e-01,
         8.92486287e-02,  -3.58709694e-01,  -1.08612527e-03,
         4.03523640e-02,  -1.00867639e-01,   4.62884102e-01,
        -4.97367597e-02,   6.50093531e-02,   9.51199098e-02,
         1.04738298e-03,  -1.82166572e-01,  -4.82033196e-02,
        -1.87228864e-01,  -1.44698008e-01,  -8.79153193e-03,
         2.99326598e-01,   5.08851362e-02,  -2.53001822e-01,
        -1.37104600e-01,   9.33196070e-02,   3.86455992e-02,
         7.24497467e-02]), array([ 0.12456052, -0.00170669, -0.19800648, -0.35662669, -0.27374258,
        0.67634059, -0.38340377,  0.11691554, -0.29374789,  0.07101013,
       -0.01260445, -0.10524015, -0.19186648, -0.36191002, -0.07378837,
       -0.02393886, -0.00898473,  0.32915235,  0.04340499,  0.18539888,
        0.32734933,  0.16308577,  0.10820821, -0.12281294,  0.08875175,
        0.11326441,  0.33077062,  0.11835942,  0.36926912,  0.12776851,
       -0.35448139, -0.10850827, -0.23925225,  0.09837408, -0.27961269,
        0.21477034, -0.6932144 , -0.66321725, -0.29385486,  0.36029304,
        0.27679136,  0.04116821,  0.05831216,  0.31816418,  0.74434356,
       -0.01136055,  0.24677457,  0.16528343, -0.39146213,  0.04749166,
       -0.49634813,  0.10999495, -0.50989329, -0.10093553, -0.17057876,
        0.20133626, -0.22618314,  0.16551474,  0.3198787 , -0.51311518,
       -0.05576123, -0.00554533,  0.37847972,  0.23217528, -0.11910757,
        0.60858201,  0.16865444, -0.3377769 , -0.36040998, -0.18611364,
        0.28330283,  0.40053683, -0.29907013,  0.2385182 , -0.18743279,
        0.06588346,  0.22849638,  0.17570634,  0.35676452, -0.64082311,
        0.0536382 ,  0.01497626, -0.23151586,  0.89790732, -0.12317153,
        0.20897042,  0.09575063,  0.04858826, -0.49955223,  0.0180923 ,
       -0.04762891, -0.31180658,  0.20473209,  0.60300852,  0.3563111 ,
       -0.72818056, -0.24192293,  0.40495   ,  0.07512979,  0.10084515]), array([ 0.0783658 ,  0.00332465, -0.13471098,  0.01027291, -0.07872898,
       -0.04815965, -0.04254183,  0.01550541, -0.21898699, -0.1928835 ,
        0.14325877,  0.02156342,  0.1306669 , -0.05358611, -0.03262641,
       -0.18198696,  0.05690144,  0.44990829,  0.04381374, -0.06312354,
       -0.05865143,  0.09450807, -0.02580129,  0.13213051,  0.26878413,
        0.12671497,  0.11377092,  0.17191129, -0.0274922 ,  0.09683244,
       -0.13326738,  0.20907505, -0.19585305, -0.17085516, -0.22911076,
        0.15685295, -0.10153547, -0.20835351, -0.01818591,  0.14710522,
        0.36620839,  0.29733859, -0.05952629,  0.1380023 ,  0.13413503,
       -0.20164556,  0.13364616,  0.06247241,  0.11148857, -0.16076607,
        0.07557905, -0.00258355, -0.0674823 , -0.09595319,  0.09401526,
        0.10474259, -0.04828948,  0.0378114 ,  0.12521885, -0.22866766,
       -0.03345337,  0.02532538,  0.11704359,  0.22292615,  0.07721386,
        0.13785013, -0.04467334,  0.00634113, -0.12447489,  0.06310084,
        0.14327382,  0.24845839, -0.14590726,  0.3505984 , -0.13201217,
        0.1246716 , -0.24245704,  0.06617699, -0.1162583 , -0.08208061,
        0.07691131, -0.00172463, -0.19369749,  0.37749486, -0.17697193,
        0.0822145 ,  0.01214099,  0.03256508, -0.21796234, -0.15520517,
       -0.12362846, -0.19954264, -0.11428477,  0.29527492,  0.03334993,
       -0.24456408,  0.00245914,  0.05024255,  0.00799343,  0.06289971]), array([  7.10105545e-02,   4.16052589e-03,  -8.71799629e-02,
         8.46304962e-03,  -7.36373704e-02,   1.31438173e-02,
        -1.43673041e-01,   7.27416446e-02,  -1.99981581e-01,
        -1.45464669e-01,   3.37342013e-03,   1.62982094e-02,
         1.13589640e-01,  -4.74682275e-02,   1.19681334e-02,
        -1.56923675e-01,   8.60490137e-02,   3.28001788e-01,
        -2.63462025e-02,  -2.92877434e-02,  -9.73175753e-02,
         1.14695611e-01,  -8.69598666e-02,   1.22855729e-01,
         1.21825526e-01,   7.53866413e-02,   3.34034908e-02,
         1.06449029e-01,  -7.30475505e-02,   1.20650520e-01,
        -1.48279978e-01,   1.31348922e-01,  -1.41930842e-01,
        -1.41482167e-01,  -1.48936820e-01,   8.00992048e-02,
        -5.92781924e-02,  -1.24903779e-01,  -1.96897559e-02,
         1.99468345e-01,   3.16997327e-01,   1.65004342e-01,
         1.93602471e-02,   9.84131393e-02,   5.61136449e-02,
        -1.50147121e-01,   6.31533668e-02,   2.76696554e-02,
         2.46134407e-01,  -9.27801908e-02,   5.56430332e-02,
         2.85516906e-04,  -4.06300158e-02,  -7.56356910e-02,
         1.24060554e-03,   3.98487150e-02,  -3.20371637e-02,
        -4.70073020e-02,   4.41031436e-02,  -2.25776886e-01,
         6.39024047e-02,  -4.50390881e-02,   5.28503476e-02,
         1.73779196e-01,   8.13793782e-03,   5.32600212e-02,
         9.86117522e-03,  -6.06766769e-02,  -1.23344403e-01,
         5.88713878e-02,   1.21392375e-01,   2.40055155e-01,
        -8.38336204e-02,   2.35672477e-01,  -1.73924053e-02,
         8.94777933e-02,  -2.07507815e-01,   1.92495013e-03,
        -7.86407397e-02,  -1.19207850e-01,   3.38070973e-02,
         1.90240924e-02,  -1.34193262e-01,   2.46657748e-01,
        -1.16442748e-01,   3.11432198e-02,  -6.02681128e-02,
         4.02161562e-02,  -1.96818176e-01,  -4.28569526e-02,
        -7.97245554e-02,  -1.45467599e-01,  -9.05154573e-02,
         1.87256300e-01,   5.29264832e-02,  -1.62103502e-01,
         3.57184371e-02,  -5.71204909e-02,  -2.12531247e-02,
         1.02020241e-01]), array([ 0.01217139,  0.06603035, -0.01200798,  0.05221877, -0.08366156,
       -0.01936497,  0.04077358,  0.06182843, -0.25232994, -0.12935328,
        0.05479313, -0.04664174,  0.13451463, -0.05970444,  0.05865467,
       -0.07309694, -0.05582951,  0.22199598,  0.01465986, -0.06189978,
       -0.07147888,  0.14812014, -0.03391197, -0.00895035, -0.03306115,
        0.13934142,  0.2156784 ,  0.09963104, -0.06301214,  0.14682195,
       -0.08428243, -0.0160363 , -0.16117533, -0.16165918, -0.11022358,
        0.12971402, -0.23240545, -0.16527576, -0.14174584,  0.20096072,
        0.19830374,  0.14359792, -0.00719856,  0.0438255 ,  0.07060892,
        0.11287077,  0.10398716,  0.09437989,  0.15279607,  0.05023079,
       -0.00280262, -0.06898172,  0.03275943, -0.09524657, -0.03557134,
        0.13085513, -0.13145387, -0.045584  ,  0.05744247, -0.18630815,
        0.03699267,  0.02809097,  0.05964704,  0.1543923 , -0.04347021,
        0.06593277, -0.10721376,  0.00254809, -0.16437614,  0.10040128,
        0.18693541,  0.17807859, -0.12590814,  0.1404964 , -0.06506207,
        0.06440151, -0.14648749,  0.08021797, -0.0695055 , -0.08958592,
       -0.02238719,  0.05489566, -0.21053739,  0.13110391, -0.04466288,
       -0.02401418,  0.04114611,  0.10503866, -0.26324418,  0.01554202,
       -0.11810924, -0.06008975, -0.18805397,  0.22858448, -0.00146431,
       -0.11796696, -0.13360169,  0.01550313,  0.01099983,  0.01113828]), array([-0.0129778 ,  0.10514385, -0.09504249, -0.10795661, -0.19355447,
        0.09837359, -0.00183879,  0.01855253, -0.01571308, -0.02884405,
        0.03753231, -0.07593095, -0.03006703, -0.12356499,  0.01083853,
       -0.10331093, -0.05875288,  0.13334207, -0.00261347,  0.03135174,
       -0.01526816,  0.01953631, -0.01454109, -0.1133472 ,  0.00036355,
        0.05796013,  0.11149119, -0.0227006 ,  0.03493449,  0.03435073,
       -0.04068309, -0.04274493,  0.00075976, -0.00590624, -0.02890022,
        0.05052485, -0.10812081, -0.17036834, -0.09000053,  0.0416993 ,
        0.1277358 ,  0.00277844, -0.08884766,  0.02135356,  0.11456753,
       -0.00304502,  0.19044459, -0.02200659, -0.10974648, -0.06192848,
        0.01768927, -0.01555074, -0.00715109,  0.06504447, -0.01807038,
       -0.01047983, -0.04649587, -0.04252252, -0.03312095, -0.13403329,
       -0.01499309, -0.03960454,  0.03548268,  0.15438975, -0.04166927,
        0.08297172, -0.02637472, -0.02494558, -0.11115441, -0.11213312,
        0.06708229,  0.19710029, -0.07737017,  0.0593809 , -0.14142446,
        0.01953766, -0.16145221,  0.16714789,  0.00026887, -0.02816651,
       -0.04609632,  0.04392708, -0.02439404,  0.18506532,  0.01032054,
        0.03766565,  0.05420364,  0.03067356, -0.15165523, -0.05731857,
       -0.02663147, -0.12932502, -0.06492749,  0.16590128, -0.07110732,
       -0.21441781, -0.02287463,  0.00914961, -0.02090869,  0.06820916]), array([ 0.0495349 , -0.11506459, -0.04946806, -0.10167624, -0.15310843,
        0.04656366, -0.05350231, -0.00490194, -0.10161907,  0.00413839,
        0.10025422,  0.00201927,  0.11023985,  0.03154883, -0.03214745,
       -0.20696854,  0.078664  ,  0.15727994,  0.02430036, -0.06285982,
       -0.08574553,  0.03211685, -0.05889883, -0.03492259, -0.04356965,
        0.13906957, -0.04008207,  0.07330766,  0.07880273, -0.01882398,
       -0.05067284,  0.11039416, -0.06579891, -0.06606864, -0.04137526,
        0.01050547, -0.07889679, -0.01577499, -0.07882617,  0.04427655,
        0.15384813,  0.03256696,  0.05160016,  0.11191896,  0.14572141,
       -0.02066718,  0.22760484,  0.072412  , -0.05604657,  0.01575045,
       -0.06700298,  0.00088103, -0.01606388,  0.03079764, -0.02042262,
        0.03732939, -0.0757424 , -0.03622628,  0.1097259 , -0.23245371,
        0.05747741,  0.01267944,  0.06629245,  0.06356163, -0.13860314,
        0.03218131,  0.00095532, -0.03400383, -0.01829369, -0.03926032,
        0.08161341,  0.12215153, -0.06836627,  0.15724623, -0.0511614 ,
        0.04998081, -0.16194196, -0.00239996, -0.01558496, -0.19131835,
       -0.03876575,  0.04698247, -0.12867855,  0.31137433,  0.08431881,
        0.01700802,  0.1815245 ,  0.03002605, -0.20067062, -0.03465171,
       -0.06628617, -0.21310279, -0.20241195,  0.1028377 ,  0.06269127,
       -0.08751114, -0.09072003,  0.04649973, -0.19706673, -0.0352955 ]), array([ 0.06280285,  0.10328626, -0.19100415, -0.00788976, -0.13221349,
        0.08440762, -0.0190231 ,  0.04984164, -0.13377513, -0.22949794,
        0.20100159, -0.00271661,  0.11601939, -0.0208746 , -0.01762938,
       -0.18212436,  0.07553227,  0.27644025,  0.01928631, -0.01848376,
       -0.0972061 ,  0.02994489,  0.07360852,  0.0712648 ,  0.18363389,
        0.05759587,  0.2715797 ,  0.16525637,  0.02654276, -0.03079599,
       -0.09696962,  0.09842795, -0.19792136, -0.05630334, -0.1116962 ,
        0.08002314, -0.08447871, -0.25713419, -0.05365213,  0.24066065,
        0.15038166,  0.07512393, -0.07869992,  0.14630817,  0.12470945,
       -0.04235973,  0.2615031 ,  0.12922008, -0.03477811,  0.00974369,
        0.02618275, -0.05087421, -0.03578115,  0.02583295,  0.12087488,
        0.15920824, -0.07759487, -0.00499987,  0.21622083, -0.18184907,
       -0.00509558,  0.03610702,  0.10355955,  0.17780613, -0.04852122,
        0.11515602, -0.04731798, -0.06108424, -0.14467786, -0.00945109,
        0.1016435 ,  0.13903631, -0.1531278 ,  0.18996363, -0.03684611,
        0.17011062, -0.2336638 ,  0.03403433, -0.15521056, -0.17133254,
        0.02908285, -0.04029075, -0.12413897,  0.30632222, -0.02698652,
        0.04893867,  0.1570924 ,  0.05965471, -0.23595834, -0.18491201,
       -0.22831462, -0.16328849, -0.21262719,  0.28526173,  0.09524843,
       -0.09954775,  0.05036822,  0.05318897, -0.00201662,  0.0750995 ]), array([  4.81057993e-02,   2.29444154e-03,  -1.49681351e-01,
         3.20407048e-02,  -1.52982416e-01,   5.39998021e-02,
        -8.38656875e-02,  -7.61161215e-02,  -1.14357623e-01,
        -1.61273918e-01,   1.59482709e-01,  -3.38962636e-02,
         4.94431072e-02,  -9.70097685e-02,  -3.74503920e-02,
        -1.28863094e-01,   8.14906840e-02,   3.64085031e-01,
        -5.17698400e-03,  -3.16074108e-02,  -9.43563423e-02,
         5.71122302e-02,  -9.45067934e-02,   8.65943719e-02,
         1.27254031e-01,   4.39075805e-02,   4.16802313e-02,
         9.97162947e-03,   2.16527254e-02,   2.59784512e-02,
        -9.21074293e-02,   9.35549403e-02,   1.74523980e-02,
        -9.35000134e-02,  -1.41088193e-01,   1.16545333e-01,
         2.76939151e-02,  -1.49655520e-01,   4.79423855e-02,
         1.26733305e-01,   1.80318168e-01,   7.69655344e-02,
         2.78939308e-02,   1.89442233e-01,   4.68254501e-02,
        -6.42674453e-02,   7.02868848e-02,   5.66505414e-02,
         8.72841594e-02,  -1.00337434e-01,   1.09370145e-01,
        -1.23604295e-02,   1.39359884e-01,  -3.91949138e-02,
         7.16435297e-03,  -4.88114097e-03,  -2.59509943e-02,
         3.74744712e-02,   1.74577006e-01,  -1.67180627e-01,
        -2.04989705e-02,   2.79233379e-04,   1.07772681e-01,
         1.56228698e-01,  -4.58317226e-02,   4.30888241e-02,
        -3.90122519e-02,  -1.37999577e-01,  -1.08469020e-01,
         3.79255475e-03,   2.85272412e-02,   1.88453319e-01,
        -6.37966640e-02,   1.47665988e-01,  -1.27690006e-01,
         1.36671231e-01,  -2.02446664e-01,   3.28885590e-02,
        -3.41707498e-02,  -1.00873219e-01,  -1.23109479e-02,
        -1.58939482e-02,  -2.02231727e-01,   3.09448448e-01,
        -8.69756096e-02,   8.58735727e-03,   6.16682964e-02,
         3.35941359e-02,  -1.08611152e-02,  -8.39512885e-02,
        -4.89539523e-02,  -1.78015874e-01,  -1.89488819e-01,
         2.14197765e-01,   1.68017251e-02,  -1.75978483e-01,
         2.62679034e-02,  -1.86864902e-02,  -7.00542213e-02,
         1.89993884e-01]), array([ 0.05552845,  0.07290942, -0.05078747,  0.00582116, -0.04274114,
       -0.00182544, -0.03449186,  0.07319781, -0.12913055, -0.1100255 ,
       -0.00637022,  0.01759297,  0.06480015, -0.04255972, -0.0119428 ,
       -0.08432934,  0.03988349,  0.15615683,  0.00674398, -0.00243764,
       -0.0786221 ,  0.10693424, -0.01216047,  0.07333019,  0.04480656,
        0.08753898,  0.09902809,  0.12601922, -0.05170035,  0.07326854,
       -0.08503854,  0.0383188 , -0.16906932, -0.06466282, -0.07124766,
        0.01964736, -0.12739271, -0.11827126, -0.10212854,  0.13528298,
        0.15930043,  0.12849396, -0.0449375 , -0.00190564,  0.05210962,
       -0.03415582,  0.08867424,  0.04229403,  0.11776178, -0.00529571,
       -0.00733472, -0.0083779 , -0.07082839, -0.03360739,  0.01250831,
        0.08003184, -0.04598626, -0.04704671,  0.04437464, -0.12484367,
        0.05666324,  0.01145921,  0.00816087,  0.11115319,  0.01886516,
        0.02569307, -0.05253989,  0.03594451, -0.11789258,  0.04772312,
        0.13091496,  0.07083626, -0.07934373,  0.13247231,  0.03095145,
        0.07419312, -0.09647192,  0.0057828 , -0.04047314, -0.09229939,
        0.02538789,  0.03269978, -0.05784229,  0.13606354, -0.00289639,
        0.02145231,  0.00940925,  0.0815064 , -0.19821838, -0.03508926,
       -0.0820325 , -0.03919211, -0.04809196,  0.18136968,  0.03025072,
       -0.07023042,  0.00676758,  0.01232778, -0.03208891, -0.00871784]), array([ 0.04147175, -0.11466933, -0.09178226, -0.13883879, -0.31966431,
        0.3412934 , -0.27112501,  0.06152763, -0.23670561,  0.00071685,
        0.08392203, -0.05321202,  0.03438395, -0.06271561, -0.0541327 ,
       -0.16119591,  0.02880838,  0.27307721, -0.03347383, -0.07185537,
        0.12940826,  0.02149132,  0.01993721,  0.08996726, -0.04796808,
        0.32073885,  0.12104879,  0.07522709,  0.066931  ,  0.01425765,
       -0.19051491,  0.00823514, -0.34393756,  0.04864686, -0.16190992,
        0.17338963, -0.27607086, -0.43450145, -0.22223608,  0.23329608,
        0.42593908,  0.1490405 ,  0.16375498,  0.24314319,  0.44489085,
        0.05963634,  0.40962295,  0.10491399, -0.05104906,  0.00406827,
       -0.259923  , -0.05659025, -0.25271549, -0.16375844, -0.01524409,
        0.23977626, -0.11792848,  0.14580501,  0.25226198, -0.45234265,
       -0.0126377 , -0.08393586,  0.26331818,  0.18686232, -0.21240268,
        0.27484623,  0.02962135, -0.13715563, -0.21387541, -0.15138319,
        0.2460013 ,  0.26522092, -0.31192701,  0.31914284, -0.02997298,
        0.14728276, -0.05913151,  0.02934268,  0.06044642, -0.53793456,
        0.06341139,  0.00170736, -0.19760807,  0.65217759,  0.12046208,
        0.0244826 ,  0.14068312,  0.09653133, -0.51660746, -0.03066927,
       -0.27506874, -0.29763022, -0.12258585,  0.34773835,  0.2172011 ,
       -0.38145569, -0.11068796,  0.25215679, -0.07782384, -0.04563368]), array([ 0.16172536, -0.08973517, -0.12248261, -0.09803941, -0.23308926,
        0.2619645 , -0.26820237, -0.18014798, -0.07803635,  0.05273586,
        0.03054959, -0.04998156,  0.0774074 , -0.1895384 ,  0.07501022,
       -0.10692957,  0.17160836,  0.34065504, -0.13642097, -0.00987544,
       -0.18541414,  0.13066866, -0.10972864,  0.07058258,  0.24007916,
        0.36430766,  0.09790751,  0.1805306 ,  0.0435422 ,  0.07456982,
       -0.42845335,  0.15934133, -0.25588413,  0.05768345, -0.17764575,
        0.15485635, -0.21494092, -0.2690143 , -0.05207618,  0.17837627,
        0.32605426,  0.21843891, -0.05675461,  0.32422853,  0.27876424,
       -0.02346178,  0.36257201, -0.11142931,  0.11665554, -0.1147831 ,
       -0.00245292, -0.07673781, -0.21311795, -0.05772956, -0.06376506,
        0.16713341, -0.16994089,  0.1280262 ,  0.14771447, -0.22399258,
       -0.08816856,  0.06194068,  0.18766442,  0.13152124, -0.12391971,
        0.24111001, -0.07002437, -0.22538196, -0.26333709,  0.06778423,
        0.17377198,  0.29727913, -0.31207055,  0.43280444, -0.06877023,
        0.07685926, -0.32941043,  0.04743609, -0.05324917, -0.45498489,
        0.12071243, -0.05023347, -0.23425384,  0.8320128 , -0.06194325,
        0.10539207,  0.33273159, -0.04372566, -0.37480261, -0.04279103,
       -0.21402072, -0.44044872, -0.15670846,  0.40038131,  0.26059002,
       -0.32839348, -0.13422568,  0.10781867,  0.06501486,  0.19314538]), array([-0.01163925,  0.03265581, -0.07972836, -0.00708898, -0.08517649,
        0.03693285, -0.0410859 ,  0.00860744, -0.05098008, -0.11728166,
        0.04324458, -0.02215385,  0.04777749, -0.09947651, -0.06089411,
       -0.11242464,  0.0448034 ,  0.2518022 , -0.00301653,  0.0079201 ,
        0.04584539,  0.04215164, -0.06582743,  0.04320394, -0.03525797,
        0.08335149,  0.09989621,  0.03731368, -0.01617322,  0.03509117,
       -0.02551554,  0.08267513, -0.06452155, -0.0232516 , -0.10654638,
        0.0281166 , -0.09961416, -0.08936614,  0.00606445,  0.05326519,
        0.15476524,  0.07862768,  0.02152305,  0.18009802,  0.16255414,
       -0.05823364, -0.00458422,  0.10397893, -0.02919407, -0.11253514,
       -0.03336363, -0.07007794,  0.08393108, -0.05382234, -0.00639723,
        0.01950198, -0.03839391,  0.01609359,  0.08628221, -0.16762129,
        0.00272239, -0.06213377,  0.09832127,  0.15816414,  0.03148792,
        0.10627724, -0.04151182, -0.00519263, -0.11315569, -0.05430286,
       -0.0039425 ,  0.07959304, -0.0733905 ,  0.08816103, -0.12309454,
        0.08146133, -0.10503855,  0.10617269, -0.01247624, -0.17183849,
       -0.06808855,  0.03732671, -0.09662119,  0.24541832,  0.05767163,
        0.10884112,  0.04846638,  0.02555243, -0.0271803 ,  0.02043015,
       -0.08268449, -0.02872357, -0.05692791,  0.20970909, -0.04106229,
       -0.10971677, -0.01443939, -0.05751982, -0.07778246,  0.14708806]), array([  1.54489849e-01,  -3.07696964e-02,  -1.40562118e-01,
         9.62302089e-03,  -1.46003566e-01,   4.00121479e-02,
        -1.32950732e-01,  -4.09178997e-02,  -1.40728499e-01,
        -7.11714721e-02,   4.90908481e-02,  -3.86774977e-02,
         2.32554239e-02,  -4.67746359e-02,  -5.03816640e-02,
        -7.99996291e-02,   1.52642552e-02,   2.46006142e-01,
        -2.98682530e-02,  -3.86325368e-02,  -5.82100704e-02,
         1.41414960e-02,  -1.03650857e-01,   7.98729073e-02,
         1.38644104e-01,   6.83885637e-02,  -2.94911581e-02,
        -1.65577305e-03,  -6.37084854e-02,   4.74045392e-02,
        -8.11767634e-02,   8.54816076e-02,  -4.40606268e-02,
         1.08107548e-02,  -8.14112973e-02,   8.07084798e-02,
        -2.58507326e-02,  -1.69146844e-01,  -1.12517301e-01,
         6.70487382e-02,   2.03932181e-01,   5.38727036e-02,
        -3.16679497e-02,   1.47263922e-01,   6.44107897e-02,
        -3.47954729e-02,   6.11066804e-02,  -3.51098570e-02,
         9.66638382e-02,  -8.84761505e-02,   7.40922487e-02,
        -9.54258398e-03,   8.01081678e-02,   1.96647703e-04,
        -7.08694421e-02,   6.71400166e-03,   1.26604353e-02,
         4.34602953e-02,   6.68674903e-02,  -1.93575305e-01,
         5.17675975e-02,  -6.55450311e-02,   7.05242190e-02,
         1.07668795e-01,  -8.33463840e-02,   3.43352602e-03,
        -3.54762913e-02,  -2.48831929e-02,  -6.98529100e-02,
         2.86432854e-02,   7.93606371e-02,   1.02072184e-01,
        -2.03428775e-02,   1.36740154e-01,  -8.05743366e-02,
         8.78857274e-02,  -2.09154862e-01,   1.65334540e-02,
        -1.08576786e-01,  -6.69850477e-02,  -5.79263053e-03,
         1.39041303e-02,  -1.38092063e-01,   2.90005678e-01,
        -9.63582135e-02,  -2.68326440e-02,   4.99097006e-03,
        -4.26325240e-02,  -8.49674558e-02,  -5.34658686e-02,
         1.26885925e-02,  -8.43799182e-02,  -1.03398545e-01,
         1.52203716e-01,  -2.67807780e-02,  -1.77627216e-01,
        -9.18716210e-03,  -6.15148284e-02,  -7.86227979e-03,
         1.10694071e-01]), array([  1.61699206e-01,   2.19880107e-02,  -2.59816414e-01,
        -8.07426149e-02,  -2.56456310e-01,   3.47713462e-01,
        -1.73449212e-01,   1.57932715e-01,  -7.53718590e-02,
        -3.89913682e-03,   6.09310824e-02,  -9.55296948e-02,
         4.76627137e-02,  -2.49694777e-01,  -1.20247854e-01,
        -1.84050069e-01,   3.29435894e-02,   3.01384320e-01,
         1.22215764e-02,   2.87376839e-02,   1.88813970e-01,
        -1.85952685e-02,  -8.43618182e-03,  -6.84283656e-02,
         8.09044071e-02,   1.17663559e-01,   1.92519899e-01,
         5.15411475e-02,   9.55194853e-02,  -5.73139143e-02,
        -1.50068298e-01,  -1.08898189e-02,  -1.39420635e-01,
         2.31695296e-02,  -1.20816768e-01,   8.84808850e-02,
        -3.48662001e-01,  -3.69350791e-01,  -2.08327035e-01,
         8.38255289e-02,   2.50465621e-01,   1.27507439e-01,
        -9.44497076e-02,   1.76095285e-01,   4.05800004e-01,
        -9.44886838e-03,   1.71713845e-01,   6.46119328e-02,
        -1.44142450e-01,   2.65649047e-02,  -6.78678163e-02,
        -5.65378677e-02,  -7.61358824e-02,  -3.00224474e-03,
        -1.46844422e-01,   7.35549941e-02,   4.15431656e-02,
        -2.03414711e-04,   2.54975266e-01,  -3.36041837e-01,
         6.02556170e-03,  -1.47328689e-01,   2.20924220e-01,
         1.93332188e-01,  -1.59174901e-01,   3.16789016e-01,
        -1.53115875e-02,  -1.53525205e-01,  -2.81018752e-01,
        -1.19673997e-01,   2.02953193e-01,   2.46597187e-01,
        -1.36845772e-01,   2.32829420e-01,  -1.09590755e-01,
         1.69815466e-02,  -1.53229087e-01,   1.70525649e-01,
        -3.64630408e-02,  -4.34692024e-01,   1.39898422e-02,
         5.61991846e-02,  -1.63703932e-01,   6.49667357e-01,
        -4.87930246e-02,   7.07200050e-02,   1.64056447e-01,
        -1.13262404e-01,  -1.71707086e-01,  -7.59488405e-02,
        -2.27357019e-01,  -1.75269496e-01,  -1.17085127e-01,
         4.63086420e-01,   2.92225917e-02,  -3.37562383e-01,
        -1.21775888e-01,   1.44686749e-01,  -3.20570548e-02,
         7.91088248e-02]), array([ 0.05599148, -0.01874169, -0.13959811,  0.03113925, -0.04742687,
        0.05297661, -0.04657413,  0.01818135, -0.02423658, -0.31500008,
        0.13115741,  0.01590859,  0.31393266, -0.07049156, -0.05549411,
       -0.3134776 ,  0.15274805,  0.34593377,  0.05881479, -0.05222245,
        0.01432624,  0.03428636, -0.06927816,  0.08997172,  0.027743  ,
        0.17179871,  0.24858271,  0.21184589, -0.04791222,  0.02982895,
       -0.14544267,  0.0654663 , -0.27193152,  0.01551785, -0.19131866,
        0.09759284, -0.31693177, -0.11914975, -0.01488317,  0.1066846 ,
        0.20157675,  0.25397434, -0.02631681,  0.1836808 ,  0.31787757,
       -0.09574611,  0.19517153,  0.13399402, -0.10100829, -0.13127631,
        0.12494923, -0.13658049, -0.19088293, -0.1132594 ,  0.00927684,
        0.11967385, -0.06729087, -0.13705717,  0.25609159, -0.31231822,
       -0.0035802 , -0.13613699,  0.08934573,  0.15094217,  0.10324957,
        0.04882878, -0.02580722,  0.01404268, -0.1322612 , -0.01681707,
        0.21331301,  0.20665316, -0.17621816,  0.21588218, -0.09212244,
        0.1627253 , -0.24846945,  0.12850693, -0.07254214, -0.29936671,
        0.01254792, -0.02277936, -0.17027399,  0.39242443,  0.03583342,
       -0.10274633,  0.17457661,  0.0835471 , -0.24157346, -0.06133174,
       -0.31689813, -0.12090278, -0.12290067,  0.37143314, -0.11750538,
       -0.08483873, -0.06184267,  0.03384584, -0.06586672,  0.20150407]), array([ -2.16943653e-02,  -1.21663947e-01,   9.32066326e-02,
        -7.71850809e-02,  -1.27687558e-01,   8.19656207e-02,
        -4.40529098e-02,   2.68441578e-02,  -1.70417097e-01,
        -5.42661038e-02,   1.65192159e-02,  -8.66050197e-02,
         9.93356987e-02,  -1.61799213e-01,  -2.66468203e-02,
        -2.23947626e-01,   6.75242578e-02,   2.16494839e-01,
         8.09538847e-03,  -1.28986608e-01,  -5.93706059e-02,
        -6.33760467e-02,  -2.80830658e-02,   1.57654186e-01,
        -7.74268550e-04,   1.74990050e-01,   9.78537539e-02,
         7.63278264e-03,   4.90806106e-02,   3.51583765e-02,
        -6.92977941e-02,   3.08914950e-03,  -2.80160335e-01,
        -3.45993098e-02,  -5.13819465e-02,   7.77188579e-02,
        -1.09188152e-01,  -2.44406227e-01,  -9.45937442e-02,
         1.74989338e-01,   3.34065545e-01,   1.45145741e-01,
         1.10993979e-01,   2.25757450e-01,   1.84350084e-01,
         4.46515863e-02,   2.45671702e-01,   6.15969902e-02,
         6.28454445e-02,   7.10776377e-02,  -7.79919584e-02,
        -2.28679897e-02,  -1.16889902e-01,  -1.71764897e-01,
         1.07815013e-01,   2.67057397e-01,  -1.74549101e-01,
         4.08953762e-02,   1.65588522e-01,  -2.87209168e-01,
        -7.35759773e-02,  -2.02074237e-01,   2.85488403e-01,
         1.92454384e-01,  -4.02973748e-02,   1.89153943e-01,
        -8.66601031e-03,  -1.75390740e-04,  -1.76511850e-01,
        -9.67690331e-02,   5.03688949e-02,   7.51230584e-02,
        -3.29924450e-01,   2.31922791e-01,  -1.59617653e-02,
         1.70565468e-01,  -1.59884519e-01,   2.61596745e-02,
         6.55700026e-02,  -3.62979006e-01,  -3.88298474e-02,
         7.52497714e-02,  -2.22444864e-01,   3.34914213e-01,
         1.92379404e-01,  -3.25459806e-02,   2.15817460e-01,
         6.28640414e-02,  -3.19720746e-01,  -6.39145602e-02,
        -2.98889257e-01,  -1.49643252e-01,  -1.66233419e-01,
         2.20599274e-01,  -1.47049483e-01,  -2.16623846e-01,
        -1.96766495e-02,   5.00553563e-02,  -2.39543704e-01,
        -4.78168654e-02]), array([ 0.04792276,  0.00100284, -0.06233229, -0.00639756, -0.00046545,
        0.05524601,  0.00861431,  0.05962379, -0.08061994, -0.0774526 ,
        0.04884583, -0.03000559, -0.00160657, -0.01535791, -0.04208385,
       -0.05068361,  0.02404782,  0.17863867,  0.03790567, -0.02525702,
       -0.03184157,  0.0531938 , -0.00578444,  0.07129923, -0.03762826,
        0.04151596,  0.04787994,  0.03788942, -0.01276335,  0.01750525,
        0.02151395,  0.02188394,  0.03587613,  0.02647723, -0.11119497,
        0.00472918, -0.05173886, -0.1100625 , -0.06923852,  0.00284544,
        0.04606859,  0.07959153, -0.00539478,  0.06429814,  0.07830303,
       -0.00649444,  0.03092073,  0.04942678,  0.0050231 , -0.02784074,
        0.00411645, -0.04208459,  0.02310313, -0.08046587,  0.02926843,
        0.09733708, -0.07300846, -0.01470262, -0.00211222, -0.11980125,
        0.04586797, -0.04513573,  0.06953587,  0.09985117,  0.02480603,
        0.0567984 ,  0.00750518,  0.03176959, -0.02426218, -0.01509959,
        0.05828702,  0.03206833, -0.06282329,  0.06523492, -0.05472141,
        0.05627118, -0.12855688,  0.0375444 ,  0.03588491, -0.04228382,
        0.0151957 ,  0.03340098, -0.05293384,  0.13962705, -0.00609918,
       -0.00322057,  0.0669858 ,  0.09163224, -0.0578788 , -0.0471219 ,
       -0.11110393, -0.02787821, -0.14919502,  0.09127183,  0.00784835,
       -0.05746056, -0.02711458, -0.01667725, -0.0465613 ,  0.06290265]), array([ 0.27569759,  0.04675079, -0.1951948 ,  0.04635648, -0.33173378,
        0.12555235, -0.23030693, -0.25502228, -0.06443079, -0.13301754,
        0.12155578,  0.00519095,  0.17914951, -0.20814447,  0.05776367,
       -0.25871797,  0.20456858,  0.44338242, -0.12110379, -0.06659412,
       -0.30962006,  0.06771914, -0.18556149,  0.16688772,  0.19377254,
        0.50276442,  0.08181038,  0.18363439, -0.10738268,  0.02012747,
       -0.39858818,  0.15681427, -0.49697882,  0.04574978, -0.11693544,
        0.17084516, -0.2546789 , -0.2279532 , -0.151264  ,  0.10066113,
        0.43388542,  0.33729146, -0.14600885,  0.32557848,  0.24195462,
       -0.009634  ,  0.43671727, -0.07499934,  0.19951248, -0.13295349,
        0.19637491, -0.18278245, -0.04180765, -0.05300524, -0.11306625,
        0.12068332, -0.07970519,  0.07494052,  0.14430194, -0.3071217 ,
       -0.01589428, -0.04884401,  0.11673898,  0.26077863, -0.15623602,
        0.08169779, -0.18575011, -0.08953777, -0.34297916,  0.08094074,
        0.21054274,  0.23735825, -0.25335082,  0.50141408, -0.04016765,
        0.23845846, -0.4872569 ,  0.12911466, -0.1968591 , -0.40248288,
        0.09055287, -0.09205247, -0.26778601,  0.93197456,  0.11349179,
       -0.01764875,  0.35317742, -0.04593742, -0.33603194, -0.10494967,
       -0.28185595, -0.33351636, -0.35393669,  0.48601963, -0.01807752,
       -0.17943663, -0.13629239, -0.0389479 , -0.02712885,  0.20989005]), array([ 0.08667557,  0.01093036, -0.1912625 , -0.21524619, -0.22030831,
        0.04622707, -0.02346118,  0.01085253, -0.08428712, -0.12470269,
        0.1215895 , -0.10723272,  0.13928518, -0.09691085,  0.01335703,
       -0.25352664,  0.0410998 ,  0.38438178,  0.01810723, -0.07650289,
       -0.23697801,  0.26818612, -0.09505397,  0.03022909,  0.15915855,
        0.10188793,  0.24188166,  0.13510559,  0.03971838,  0.09563148,
       -0.24616563,  0.20012805, -0.11569621, -0.17778936, -0.1467618 ,
        0.14621092, -0.11991745, -0.22041681, -0.06202584,  0.16492448,
        0.37110877,  0.13870616, -0.07517547,  0.133877  ,  0.21327831,
       -0.17778454,  0.24948549, -0.10724844,  0.18402807, -0.19799298,
        0.16409348, -0.03628253, -0.02107621, -0.00912791,  0.05722132,
        0.08137342, -0.18873242, -0.11251597,  0.09679962, -0.20260566,
       -0.01082799, -0.06079377,  0.10041594,  0.32961062,  0.05929448,
        0.12077643, -0.01818516, -0.10782562, -0.2265357 ,  0.08630541,
        0.20235247,  0.40223885, -0.28298535,  0.3866433 , -0.08672813,
        0.13834902, -0.45528284,  0.11648982, -0.12610598, -0.12488181,
        0.11305181,  0.00719297, -0.20547919,  0.40694034, -0.16246219,
        0.0635428 ,  0.11041651,  0.05109417, -0.27767254, -0.14130203,
       -0.16441127, -0.41956411, -0.20295856,  0.34879723,  0.07178951,
       -0.26069049, -0.03531881, -0.0517958 ,  0.05497763,  0.11390072]), array([ 0.09766327,  0.04037281, -0.09715837, -0.16864544, -0.17339632,
        0.3268107 , -0.16242624,  0.12835487, -0.25914385, -0.13015548,
        0.0432873 , -0.05560723,  0.00190378, -0.22220095, -0.04564192,
       -0.12092586,  0.05616912,  0.31669216,  0.06652156,  0.10257331,
        0.05450682,  0.17293477,  0.01455816,  0.03554537,  0.08492651,
        0.14205338,  0.26060866,  0.19000273,  0.09214513,  0.12996306,
       -0.22981476, -0.03078442, -0.30083853, -0.02955658, -0.162616  ,
        0.10666492, -0.38496744, -0.38688918, -0.23275811,  0.31694095,
        0.32191797,  0.17853307, -0.00075449,  0.19034512,  0.36748743,
       -0.08997576,  0.20177569,  0.14480033, -0.05369637, -0.00071553,
       -0.18710603,  0.00109642, -0.26248001, -0.0503227 , -0.02517966,
        0.21501065, -0.20466169, -0.00761597,  0.2151686 , -0.38407788,
        0.03999495, -0.05773693,  0.20363087,  0.22939931, -0.06357437,
        0.31177032,  0.01321286, -0.12266908, -0.26948935, -0.03419425,
        0.22716711,  0.23945633, -0.25081124,  0.22947971, -0.1030249 ,
        0.11915788, -0.06495596,  0.10680125,  0.07378509, -0.38266734,
        0.02124822,  0.04605435, -0.18893836,  0.54008841, -0.04633193,
        0.09372698,  0.08745513,  0.05617697, -0.45694108, -0.04157022,
       -0.14853385, -0.1252128 , -0.03397703,  0.49678871,  0.10360257,
       -0.36554049, -0.0899095 ,  0.10721672, -0.08693005,  0.04975902]), array([ 0.03605124,  0.14340951, -0.15088978, -0.08826934, -0.03283839,
       -0.07545744,  0.03043955, -0.00291823, -0.16931368, -0.28787395,
        0.16716253, -0.09154405,  0.16493734, -0.12210038, -0.06878809,
       -0.13929489,  0.09093041,  0.1924426 ,  0.00518991,  0.00330088,
       -0.03424036,  0.01185417,  0.06025394,  0.09154224,  0.15135855,
        0.10799543,  0.27140798,  0.21023572, -0.0202858 ,  0.0277322 ,
       -0.09274445,  0.12179751, -0.22295897, -0.08984395, -0.18770189,
        0.17174701, -0.15604929, -0.30243113, -0.01077831,  0.17615043,
        0.23401455,  0.11639066, -0.16382224,  0.16464887,  0.20470748,
       -0.13013955,  0.17562849,  0.1466469 , -0.04378489, -0.00532253,
        0.05943085, -0.10476551, -0.09233688,  0.03282209,  0.17507073,
        0.22544847, -0.11060755, -0.03993453,  0.23501284, -0.23738773,
       -0.01398967,  0.00185148,  0.0987452 ,  0.16258416,  0.03922251,
        0.15180129, -0.02914198,  0.00872816, -0.17289435,  0.04848594,
        0.06550568,  0.13588983, -0.16416569,  0.20600436, -0.03188221,
        0.13384974, -0.13551597,  0.05575271, -0.09768477, -0.12508327,
        0.02144895, -0.0234882 , -0.05643492,  0.25208757, -0.01800788,
        0.0979043 ,  0.15101869,  0.04950819, -0.23683411, -0.14139934,
       -0.26188424, -0.07124482, -0.1105613 ,  0.33269246,  0.07229937,
       -0.07447157,  0.043021  ,  0.08099637,  0.13710909,  0.12049999]), array([ 0.07907071, -0.05744474, -0.30921736, -0.09051184, -0.29257951,
        0.52762048, -0.18614192,  0.29843898, -0.33592301, -0.2002049 ,
        0.14986618, -0.08989048,  0.00132764, -0.23062575, -0.23225576,
       -0.30341778,  0.02828303,  0.75667071,  0.11467767, -0.1326261 ,
        0.09245236,  0.14101098, -0.13074413,  0.11195119,  0.10520133,
        0.05106682,  0.49841166,  0.09242604,  0.07596541,  0.06060191,
       -0.20204957, -0.06303154, -0.13134059,  0.05812458, -0.32189251,
        0.31926098, -0.44263022, -0.69197811, -0.19527428,  0.39641777,
        0.43069966,  0.19642468, -0.14569201,  0.37863041,  0.57414511,
        0.17375888,  0.50934304,  0.18416601, -0.23808415, -0.18963444,
       -0.06904865, -0.02743583, -0.30813069, -0.38615869, -0.04773791,
        0.33730434, -0.22964372, -0.10974535,  0.43124   , -0.66395815,
       -0.1105789 , -0.22904246,  0.40451562,  0.35903931,  0.00540982,
        0.31648393,  0.01201836, -0.05969412, -0.27369619, -0.24739501,
        0.258792  ,  0.28121313, -0.4596463 ,  0.24535184, -0.20666436,
        0.36755415, -0.34302075,  0.29210968,  0.12627893, -0.66320048,
        0.02359593,  0.08955739, -0.25263023,  0.89641512, -0.03641977,
       -0.0216534 ,  0.34381189,  0.19819622, -0.31964291, -0.22328819,
       -0.2302973 , -0.34655762, -0.24441485,  0.57101748,  0.02853896,
       -0.61099795,  0.00095162,  0.13308889, -0.24145008,  0.24944015]), array([-0.10015114, -0.00186577, -0.20285376, -0.04367745, -0.12921751,
        0.19614035, -0.00531161,  0.15565049, -0.01517612, -0.11225576,
        0.12802461, -0.11318072, -0.06649191, -0.03952666, -0.081709  ,
       -0.03127673,  0.01580888,  0.29200408,  0.09025418, -0.1555414 ,
        0.0493863 ,  0.09316506, -0.00288752,  0.00185476,  0.05110147,
        0.07966684,  0.17110116,  0.07487925,  0.06221315,  0.01589235,
       -0.12874259, -0.13219916, -0.14853113, -0.08764239, -0.14058951,
        0.18878856, -0.14335204, -0.1762513 , -0.08210486,  0.1753365 ,
        0.2183371 ,  0.17001809, -0.10122817,  0.16417845,  0.22464557,
        0.05615924,  0.16486541,  0.21171607,  0.01806555, -0.1102451 ,
        0.03212742, -0.06579418, -0.00887925, -0.17336798, -0.06897633,
        0.12438163, -0.03263688, -0.15739027,  0.15179393, -0.24547076,
       -0.00983232, -0.03336086,  0.05122839,  0.21664656, -0.1351476 ,
       -0.03613347, -0.04174523, -0.03419447, -0.17599062, -0.09934114,
        0.165825  ,  0.14661599, -0.13514711,  0.11150932, -0.07974699,
        0.1078312 , -0.17124695,  0.06554565, -0.01172963, -0.25998503,
        0.0788501 ,  0.01596668, -0.04041731,  0.41536012,  0.0004237 ,
       -0.01304446,  0.03799705,  0.11431571, -0.11591182, -0.17266622,
       -0.07675419, -0.03160899, -0.21592486,  0.23851101,  0.08498037,
       -0.13935367, -0.00809902, -0.02376786, -0.10129196,  0.09479681]), array([-0.0006429 ,  0.10279905, -0.10864287, -0.12644518, -0.09483439,
        0.00129803, -0.05197902,  0.04310562, -0.02160739, -0.03085414,
        0.09985849, -0.1162568 , -0.00376502, -0.05750709, -0.06463078,
       -0.10982658,  0.02124929,  0.11480447,  0.02123712, -0.05537285,
        0.01188181, -0.00458143,  0.0414656 , -0.04184914,  0.0546234 ,
        0.04222267,  0.18689639,  0.05688506,  0.04779055,  0.00104249,
       -0.10451997, -0.02763182, -0.15932754, -0.03799056, -0.04702904,
        0.17648687, -0.12052712, -0.1876792 , -0.00723366,  0.03839157,
        0.12326558,  0.0079113 , -0.05989786,  0.14236397,  0.12613752,
        0.03288581,  0.16001825,  0.15028137, -0.05791055,  0.01251305,
       -0.02750384,  0.00445431,  0.08897888,  0.00101675,  0.03244052,
        0.14542534, -0.0368202 , -0.0667396 ,  0.2217421 , -0.17997158,
        0.006806  , -0.04348693,  0.08650405,  0.15420606, -0.11551951,
        0.06516809, -0.05216361, -0.06723127, -0.16972812, -0.05774552,
        0.04469189,  0.03069195, -0.00680156,  0.13639269, -0.00278108,
        0.16243117, -0.13216333,  0.0415885 , -0.03114985, -0.13305383,
       -0.00136224,  0.02924392, -0.01731921,  0.2956596 ,  0.04120364,
        0.00403314,  0.11525959,  0.00806834, -0.14433323, -0.16611353,
       -0.10794952, -0.00579485, -0.07082797,  0.15352722,  0.02197698,
       -0.06874963,  0.06815433,  0.08457173, -0.00813323,  0.1322959 ]), array([ 0.00251112, -0.18539475, -0.2490785 , -0.05220553, -0.18124024,
        0.119916  , -0.29008634,  0.1037585 , -0.18740692, -0.17849067,
        0.16126483, -0.12336933,  0.19205616, -0.06138112, -0.11122887,
       -0.26030111,  0.09867853,  0.73255719,  0.04373662, -0.22035069,
       -0.0661066 ,  0.17137617, -0.29887012,  0.14710578,  0.41296991,
        0.08428776, -0.02402942, -0.01725846,  0.01084315,  0.22571097,
       -0.38424654,  0.18682   , -0.1917963 , -0.17790436, -0.27816913,
        0.3269027 , -0.01467821, -0.17371877,  0.01391361,  0.14756542,
        0.63981798,  0.29758998,  0.09390297,  0.34637029,  0.15359332,
       -0.27650838,  0.06986631,  0.07768967,  0.32640405, -0.34357375,
        0.22881054, -0.0277696 ,  0.25938446, -0.08508397, -0.21080225,
       -0.08027766, -0.01554087, -0.08614157,  0.29789346, -0.4909331 ,
        0.06229532, -0.10853235,  0.20738815,  0.49057413, -0.14287125,
       -0.03473057, -0.01417972, -0.25677749, -0.26041634,  0.10054694,
        0.22137287,  0.53205479, -0.06338802,  0.4620871 , -0.16222331,
        0.23053422, -0.65525298, -0.0116909 , -0.25226213, -0.29834048,
        0.01293927,  0.08535356, -0.42638425,  0.72357839, -0.16788738,
       -0.09478316, -0.11740303,  0.05242376, -0.16417258, -0.25328509,
       -0.04251463, -0.29805884, -0.34847832,  0.2972896 ,  0.06434832,
       -0.27890375,  0.08421763, -0.19676382, -0.04645521,  0.35377395]), array([-0.0427143 , -0.05631898, -0.06565257, -0.08993419, -0.09523327,
        0.09327785, -0.05409346, -0.02432628, -0.14777569, -0.09432578,
       -0.00369794, -0.0667091 ,  0.02814237, -0.20335918, -0.01819148,
       -0.26974748,  0.08294947,  0.23706913, -0.02314692, -0.00961902,
       -0.02414845,  0.02879963,  0.05652468, -0.06712596, -0.08611418,
        0.20331312,  0.04670116,  0.07048094, -0.05724151, -0.04797894,
       -0.00610444,  0.03718493, -0.13305229, -0.01549814, -0.0029443 ,
        0.07824994, -0.16296143, -0.13075737, -0.00306364,  0.08827868,
        0.09815969,  0.2069246 , -0.00366406,  0.19853174,  0.19052955,
       -0.06223551,  0.13395955,  0.13671242,  0.05129189, -0.06480337,
        0.05374923, -0.06438397,  0.0408417 , -0.0817508 , -0.04282283,
       -0.07865439, -0.14944684,  0.09552446,  0.17676198, -0.20537841,
        0.03443383, -0.09551249,  0.01530855,  0.12935143, -0.00687311,
        0.19900805,  0.00635697, -0.06998446, -0.19935932, -0.01493875,
        0.16774997,  0.11358175, -0.06143388,  0.06652045, -0.17247139,
        0.06421375, -0.08325514,  0.09519775,  0.03352567, -0.07853451,
       -0.02940652,  0.05805287, -0.08543318,  0.3537632 ,  0.04190847,
       -0.05389648,  0.11163676,  0.01033126, -0.16075326,  0.02025059,
       -0.19234933, -0.0474825 , -0.10454584,  0.22809211, -0.06891758,
       -0.10649309, -0.05155756,  0.11459324, -0.00336135,  0.05353511]), array([ 0.09692847,  0.15566582, -0.15239753,  0.03561599, -0.12165113,
        0.03173198, -0.04286899,  0.0625959 , -0.17671203, -0.23366263,
        0.1269778 ,  0.07443702,  0.08230679, -0.03064637,  0.00534556,
       -0.16684593,  0.09410582,  0.29591957,  0.03041962, -0.02185434,
       -0.0986538 ,  0.09648476,  0.02526243,  0.08183765,  0.10869377,
        0.14524245,  0.24127013,  0.1781373 , -0.04475992,  0.06809134,
       -0.1125114 ,  0.07844167, -0.22385339, -0.04509641, -0.11959944,
        0.07306362, -0.1704193 , -0.25251122, -0.11588269,  0.20421738,
        0.17027055,  0.14475319, -0.06681828,  0.09576165,  0.10350421,
       -0.03098863,  0.22696308,  0.14122394,  0.02632711, -0.01490687,
        0.01089188, -0.03483428, -0.05246632, -0.00902952,  0.07598127,
        0.12743884, -0.04526542, -0.03077954,  0.15584368, -0.21657614,
        0.05773239,  0.06285967,  0.0612579 ,  0.1454188 , -0.0320306 ,
        0.05974496, -0.08095697,  0.02056199, -0.13642692, -0.02184413,
        0.14854972,  0.11651242, -0.11628223,  0.19630339, -0.01638608,
        0.16516334, -0.21511933,  0.05608797, -0.09107147, -0.13673644,
       -0.00096641, -0.01745143, -0.08389461,  0.30147468,  0.00415978,
        0.02061639,  0.10919505,  0.10701081, -0.24447737, -0.13990069,
       -0.19842745, -0.13118039, -0.15052289,  0.32505029,  0.03752377,
       -0.12944858,  0.05089641,  0.06526441, -0.02433107,  0.06149098]), array([ 0.11653405, -0.03319842, -0.14206821, -0.10101967, -0.15696459,
        0.30555563, -0.25734103, -0.00744023, -0.19196398, -0.01039729,
        0.00188384, -0.09939421, -0.04723509, -0.21989679, -0.02977057,
       -0.0897337 ,  0.05055096,  0.37153207, -0.0075577 ,  0.04924372,
        0.02367395,  0.05808491, -0.03798968,  0.03836777,  0.12100236,
       -0.01511934,  0.09671623,  0.01194601,  0.13081204,  0.10353105,
       -0.19559281,  0.01014872, -0.07124393, -0.04026271, -0.18788862,
        0.16622122, -0.20782952, -0.2990789 , -0.06579772,  0.22099767,
        0.28531945,  0.07348832,  0.0283374 ,  0.27245954,  0.32958444,
       -0.10780875,  0.09472827,  0.05963264, -0.03746938, -0.08729601,
       -0.10831595,  0.05850342, -0.11302112, -0.05181436,  0.00446802,
        0.05438292, -0.07239204,  0.04530131,  0.18500071, -0.34010704,
        0.02830161, -0.11829173,  0.196509  ,  0.17208353, -0.0879407 ,
        0.28993183,  0.07671929, -0.18532576, -0.17008666, -0.06686102,
        0.05952024,  0.30927681, -0.16060846,  0.17526579, -0.13719659,
        0.10910739, -0.08502429,  0.08965836,  0.06383163, -0.29330169,
        0.03557996,  0.02406565, -0.1829906 ,  0.56834197, -0.11957203,
        0.09885961,  0.04504514, -0.03515799, -0.23744841, -0.06210515,
       -0.05954614, -0.21224196, -0.01667101,  0.3067127 ,  0.0723494 ,
       -0.38652133,  0.01095773,  0.04161958, -0.04995483,  0.20613917]), array([  5.40652893e-02,   7.37647777e-02,  -5.01028425e-02,
         5.17006161e-03,  -4.38748010e-02,  -1.84070931e-03,
        -3.42542290e-02,   7.38660729e-02,  -1.31179064e-01,
        -1.11801408e-01,  -6.70273099e-03,   1.67213493e-02,
         6.67544178e-02,  -4.33192404e-02,  -1.22152109e-02,
        -8.30376695e-02,   4.00483918e-02,   1.57712679e-01,
         7.62939608e-03,  -2.54113500e-03,  -7.85383288e-02,
         1.07187401e-01,  -1.21848890e-02,   7.32410133e-02,
         4.41580440e-02,   8.87682065e-02,   1.01412926e-01,
         1.26825282e-01,  -5.09647047e-02,   7.27322567e-02,
        -8.49302431e-02,   3.98097771e-02,  -1.69839774e-01,
        -6.26945491e-02,  -7.22377736e-02,   2.00066210e-02,
        -1.26606891e-01,  -1.20504926e-01,  -1.04052121e-01,
         1.36826475e-01,   1.60635007e-01,   1.29553659e-01,
        -4.41701582e-02,  -1.69455970e-03,   5.29405032e-02,
        -3.40209649e-02,   8.97070021e-02,   4.28779471e-02,
         1.18447077e-01,  -5.57932361e-03,  -5.90327048e-03,
        -9.33261354e-03,  -7.00250256e-02,  -3.50075639e-02,
         1.41567646e-02,   8.33725339e-02,  -4.59554378e-02,
        -4.48684206e-02,   4.54469081e-02,  -1.26212711e-01,
         5.81670538e-02,   1.13628103e-02,   7.26602310e-03,
         1.11649983e-01,   1.92085940e-02,   2.52739426e-02,
        -5.14358789e-02,   3.47916469e-02,  -1.19361095e-01,
         4.71043553e-02,   1.31994550e-01,   7.05968897e-02,
        -8.02994447e-02,   1.34111866e-01,   3.04007406e-02,
         7.33516613e-02,  -9.71036078e-02,   6.71813679e-03,
        -4.08904569e-02,  -9.50930363e-02,   2.60795415e-02,
         3.28827548e-02,  -5.94323211e-02,   1.39510280e-01,
         9.00286041e-05,   2.07491791e-02,   8.41046609e-03,
         8.19919945e-02,  -1.99667366e-01,  -3.48516435e-02,
        -8.31872567e-02,  -3.88676845e-02,  -4.62523826e-02,
         1.81882061e-01,   3.02305710e-02,  -7.08259997e-02,
         6.16795435e-03,   1.13669203e-02,  -3.24066527e-02,
        -7.66254947e-03]), array([-0.03797996, -0.00883773, -0.07840243,  0.04168817, -0.13134272,
        0.13966665, -0.01678096,  0.11946559, -0.06829849, -0.14640208,
        0.11543575, -0.04763971,  0.06833411, -0.15417313, -0.01598325,
       -0.19086619,  0.00179269,  0.23577217,  0.01838182, -0.01339104,
        0.08273828, -0.07106873, -0.00031007, -0.01655769, -0.00370012,
        0.12167984,  0.17828819,  0.05297729,  0.01153655, -0.01538106,
       -0.08219213, -0.04167477, -0.24878679, -0.06261689, -0.09350722,
        0.15383681, -0.21585757, -0.15100001, -0.05387843,  0.11796756,
        0.28323157,  0.12440402, -0.00506949,  0.12670344,  0.24111647,
       -0.07872922,  0.08972128,  0.15686967,  0.00590561, -0.07078447,
       -0.01806342, -0.05809046, -0.09930917, -0.02534705, -0.00110284,
        0.08940271, -0.0550716 , -0.05927023,  0.14125337, -0.29564644,
       -0.07319719, -0.11190036,  0.08144339,  0.07988103, -0.07703068,
        0.1036182 , -0.07159551, -0.01281344, -0.16021191, -0.07605959,
        0.15164657,  0.20264688, -0.08270697,  0.10963232, -0.13724168,
       -0.00637211, -0.07918094,  0.1264598 ,  0.01022207, -0.17007909,
       -0.0359906 ,  0.01522494, -0.07581032,  0.30917573,  0.07900619,
       -0.00558245,  0.10723966,  0.00545558, -0.12807517, -0.08937932,
       -0.12694868, -0.04301491, -0.13930018,  0.21985956, -0.10650664,
       -0.15086846, -0.04290474, -0.02499441, -0.02769937,  0.05917514]), array([  1.93692926e-02,   1.53881639e-02,  -1.30603845e-01,
        -1.54524962e-03,  -6.19329397e-02,   6.08988065e-02,
        -3.10142465e-02,   2.97085813e-03,  -4.14337582e-02,
        -2.66032705e-02,   5.54899884e-02,  -7.12216974e-03,
        -7.15757498e-02,   5.78283327e-02,  -2.64704936e-02,
        -1.13328022e-04,  -5.67474480e-02,   6.85512664e-02,
        -4.85272469e-03,  -4.60639241e-02,   1.71392733e-02,
         1.16209169e-01,   8.93937171e-03,   2.20542944e-03,
        -2.04262918e-02,   5.78143745e-02,   7.18103180e-02,
        -7.57212532e-03,   6.73432186e-02,  -9.33338363e-03,
        -4.58639211e-02,  -2.61218567e-02,  -3.67045928e-02,
        -7.71045933e-03,  -4.14329427e-02,   1.89136698e-02,
        -7.10720055e-02,  -5.17058602e-02,  -2.12834792e-02,
         2.67039272e-02,   4.41823108e-02,   4.50470843e-02,
        -2.58555799e-02,   5.79768501e-02,   9.11985795e-02,
         8.77920551e-03,   5.39885996e-02,   5.49011566e-02,
         3.61368615e-02,  -1.55523564e-02,  -2.40556675e-02,
        -3.35114090e-02,   2.89134664e-03,  -5.70734998e-02,
         2.93573787e-02,   4.14771998e-02,   6.98233268e-03,
        -3.96311335e-02,   5.92992117e-02,  -1.17625809e-01,
         3.81272705e-03,  -1.66895516e-02,  -6.81252127e-03,
         2.20997997e-02,  -8.46332969e-02,   5.68491118e-02,
         7.54278169e-03,   2.42842643e-02,  -6.30003693e-02,
        -9.34940848e-02,   2.16711307e-02,   1.03382003e-01,
        -5.58697743e-02,   7.65601236e-02,  -1.42244068e-02,
         1.04736991e-01,  -4.91111298e-02,   1.73021797e-02,
        -2.25319258e-02,  -1.04802555e-01,   4.49337802e-02,
        -3.50367462e-02,   5.91379615e-03,   2.34367217e-01,
        -2.23570333e-02,   5.56592501e-02,   2.42862194e-02,
         8.78002874e-03,  -7.04215116e-02,  -4.96810519e-02,
        -3.79853852e-02,  -3.31894490e-02,  -1.90304105e-02,
         7.76138007e-02,   2.73617785e-03,  -1.13403748e-01,
         7.56250199e-02,   4.28748275e-03,  -4.61396057e-02,
         4.63265294e-02]), array([ 0.01085501,  0.0557323 , -0.02996361, -0.01219214, -0.04090415,
       -0.00619507, -0.034677  ,  0.08789802, -0.13731084, -0.12470346,
       -0.00263377,  0.03509523,  0.04956765, -0.05297345, -0.00026628,
       -0.10196852,  0.06396027,  0.16548465,  0.00070514,  0.01211   ,
       -0.06535186,  0.09534535, -0.01638035,  0.06245017,  0.0196138 ,
        0.10252155,  0.10159494,  0.12999357, -0.04123436,  0.08326667,
       -0.083089  ,  0.03960077, -0.17096757, -0.07954488, -0.0817383 ,
        0.03304279, -0.13576402, -0.0931328 , -0.03673089,  0.16103562,
        0.18738449,  0.13471431, -0.01332034,  0.02528222,  0.05250865,
       -0.07534806,  0.07326864,  0.08120722,  0.12961729, -0.00843322,
       -0.01139249, -0.01511392, -0.07788114, -0.05600933,  0.02033977,
        0.09597663, -0.07450269, -0.06047872,  0.04394866, -0.15693027,
        0.0494125 ,  0.01516028,  0.00335807,  0.11901705,  0.01996932,
        0.03753453, -0.02286787, -0.00430613, -0.12526932,  0.025067  ,
        0.11237615,  0.13149702, -0.08615325,  0.13898405,  0.02268758,
        0.07155132, -0.07371096,  0.00768265, -0.01134676, -0.10909041,
        0.02425855,  0.03404352, -0.04892807,  0.12996979, -0.00155874,
        0.04151275, -0.02378367,  0.09401655, -0.20536649, -0.03528123,
       -0.09241695, -0.05134712, -0.03303278,  0.16888413,  0.03586176,
       -0.06168404,  0.0062958 ,  0.00741597, -0.02835678,  0.00748186]), array([ 0.15007545,  0.10996224, -0.17415028, -0.02067065, -0.14789547,
       -0.00179185, -0.15061177,  0.0572909 , -0.25509161, -0.18716528,
        0.08943736, -0.03830284,  0.15713762, -0.06717063, -0.05137412,
       -0.16604812,  0.07416103,  0.37780063, -0.01774053, -0.02669289,
       -0.09372618,  0.12965989, -0.07429005,  0.1342355 ,  0.19670926,
        0.09201921,  0.15948882,  0.13622879, -0.07194815,  0.08172266,
       -0.16899744,  0.16314844, -0.20271896, -0.14027447, -0.19354689,
        0.14459732, -0.11050206, -0.28536435, -0.0765974 ,  0.22748354,
        0.36422087,  0.14963766, -0.05231766,  0.13402715,  0.10665753,
       -0.11312518,  0.14100026,  0.03610076,  0.16623875, -0.05167658,
        0.06874618,  0.00428077, -0.04448612, -0.06872857,  0.01170956,
        0.10130601, -0.02158936, -0.06240657,  0.11294756, -0.30554356,
        0.0534227 , -0.02284323,  0.10081689,  0.21937383, -0.04111378,
        0.03913225, -0.05126824, -0.06191953, -0.18840459,  0.02774599,
        0.1111917 ,  0.26193236, -0.14818629,  0.28850855, -0.03360646,
        0.17616054, -0.27593478,  0.007943  , -0.15363669, -0.14201877,
       -0.00151926,  0.02659219, -0.16513902,  0.33315063, -0.0649045 ,
        0.07076689,  0.04366775,  0.06298665, -0.22310674, -0.10501019,
       -0.11533516, -0.19316411, -0.14413287,  0.29568377,  0.05194246,
       -0.19740882,  0.0556287 , -0.04044294,  0.01175063,  0.16206226]), array([  3.44603958e-01,  -1.06632395e-01,  -7.19425213e-02,
        -7.97996980e-02,  -3.74281946e-01,   2.99922168e-02,
        -1.97050283e-01,  -1.87398096e-02,  -1.13551157e-02,
        -8.94188124e-02,   2.10351107e-01,   2.43503205e-01,
         1.99424443e-01,  -2.68139483e-01,   1.76053664e-02,
        -4.95654051e-01,   1.80177374e-01,   3.59972463e-01,
         1.32504712e-01,  -4.57479076e-02,  -1.29058279e-01,
         7.04257205e-02,  -1.79191386e-01,  -4.38462269e-02,
        -9.98279747e-02,   2.98463631e-01,   3.03861174e-01,
         2.13271853e-01,  -1.70244721e-01,  -2.56025207e-01,
        -3.26721330e-01,   1.04411464e-01,  -2.45213833e-01,
        -1.83762691e-01,  -1.52467767e-01,   1.31283870e-01,
        -3.92486736e-01,   2.36289933e-02,  -1.53110568e-01,
         1.75242664e-01,   3.04661978e-01,   3.67516424e-01,
        -6.90389196e-02,   1.68267436e-01,   1.50562146e-01,
        -1.44594763e-01,   4.23194490e-01,   8.61205591e-02,
         5.58358759e-02,  -8.94116801e-02,   1.85037222e-01,
        -2.64273598e-01,  -7.57745512e-02,  -1.74122671e-01,
        -2.96837767e-01,   9.29059864e-02,   8.65160951e-02,
        -1.21242344e-01,  -3.13186930e-02,  -3.69388504e-01,
         7.06267832e-02,  -6.84651790e-02,  -8.65969613e-02,
         1.99864903e-01,  -3.52935267e-05,  -1.32841507e-01,
        -2.38270184e-02,  -1.08511630e-01,  -2.17196876e-01,
        -7.00626658e-02,   2.66653940e-01,   3.68268086e-01,
         2.56694451e-02,   3.89939743e-01,  -9.50265536e-02,
         1.73060101e-01,  -5.17837089e-01,   1.42353931e-01,
        -9.80219191e-03,  -3.56177870e-01,   1.58877997e-02,
        -6.85542367e-02,  -1.39959553e-01,   5.16207636e-01,
         2.01767212e-01,  -2.32632038e-01,   2.83442525e-01,
        -1.84029123e-01,  -9.92696977e-02,  -1.60400809e-04,
        -4.08032955e-01,  -3.23092977e-01,  -9.93169810e-02,
         4.44888739e-01,  -1.48261176e-01,  -4.09785444e-03,
        -3.53684537e-01,   1.08365007e-01,  -2.12745128e-01,
         1.53627307e-01]), array([ 0.03618373,  0.11198105, -0.13547238, -0.00329469, -0.10462268,
        0.00932981, -0.01873682, -0.02623156, -0.10556855, -0.15278906,
        0.15935554, -0.0195255 ,  0.02900543, -0.0600025 , -0.03914395,
       -0.08947925,  0.03261432,  0.13410205,  0.00533692,  0.01298406,
        0.00235786, -0.06551324,  0.06078111,  0.05652416,  0.07089163,
        0.06546925,  0.17016011,  0.05998571, -0.00974948, -0.02998915,
        0.00626722,  0.05244313, -0.07573946,  0.0077432 , -0.0680788 ,
        0.10991036, -0.04016844, -0.21622869, -0.00104691,  0.09023646,
        0.06886174, -0.01121299, -0.05092223,  0.13405342,  0.10304801,
       -0.01959316,  0.17871291,  0.12893004, -0.11730491, -0.00518875,
        0.04634526, -0.06099495,  0.0270157 ,  0.05099815,  0.10471518,
        0.10358087, -0.0310128 ,  0.02570535,  0.20603165, -0.16170837,
       -0.02665202,  0.01726188,  0.08482252,  0.05922221, -0.06194598,
        0.08862237, -0.03231957, -0.02540225, -0.0732525 , -0.06369923,
        0.00697537,  0.06335962, -0.06010361,  0.04744315, -0.08057234,
        0.10684574, -0.07599194,  0.05146473, -0.03747818, -0.07426307,
       -0.03022055, -0.05710901, -0.025219  ,  0.21173222,  0.00743933,
        0.00088061,  0.15122351,  0.0205786 , -0.06605167, -0.12660791,
       -0.17356407, -0.08580289, -0.13961131,  0.19070621,  0.00863199,
       -0.06959235,  0.04825544,  0.08066261,  0.04911512,  0.11918847]), None]
