[array([ 0.03155157,  0.015821  , -0.05687261, -0.00778064, -0.07883547,
        0.03090317, -0.00939516,  0.06033752, -0.0009252 , -0.00701164,
        0.03550664,  0.02634695, -0.00967638, -0.0113058 , -0.05902202,
       -0.06748517,  0.02631941,  0.07482067,  0.01171739, -0.0133138 ,
       -0.05053817,  0.07447532,  0.02177326, -0.01767652, -0.05410284,
        0.0257949 ,  0.02868221, -0.02207472,  0.00956164, -0.01884584,
       -0.00771845,  0.04829007, -0.02961203, -0.01984276, -0.04639944,
        0.04142232, -0.01411773, -0.04157329, -0.02922942,  0.01721632,
        0.03301451,  0.01712392, -0.03477664,  0.01664945,  0.10231405,
        0.03086658,  0.06777314,  0.03424897,  0.01240211, -0.02186998,
       -0.03167421,  0.00357724, -0.0194052 , -0.03050764,  0.00751192,
        0.04072426, -0.01862667, -0.03775952,  0.02890448, -0.10439637,
        0.02244634, -0.03558192,  0.01798131,  0.05185127, -0.06527941,
        0.06604595, -0.00569134,  0.00863093, -0.0265947 , -0.04402498,
        0.02060446,  0.03649367, -0.04710398,  0.03961573, -0.00556888,
        0.03751808, -0.03828312,  0.04975001, -0.00065699, -0.08046341,
        0.01081291,  0.01681663, -0.03604655,  0.14357194, -0.01223497,
        0.01599876,  0.02730666,  0.0167502 , -0.05329247, -0.03567194,
       -0.02449029, -0.05660268, -0.04784958,  0.05693004,  0.00108315,
       -0.09561684,  0.03251903, -0.00217336, -0.04910772,  0.05211986], dtype=float32), array([ 0.01709224, -0.01157927, -0.01061896,  0.00177421, -0.05495517,
        0.05332362, -0.03949814,  0.01539017, -0.00627967, -0.0523737 ,
        0.05319886,  0.03337007,  0.0118032 ,  0.00526389,  0.00715674,
       -0.04892481, -0.00459942,  0.05699854,  0.06904829, -0.01032563,
        0.05164479,  0.05350419, -0.02963779, -0.02695087, -0.01389558,
        0.07170466,  0.03315268,  0.04180812, -0.00787768, -0.02185282,
       -0.05145669, -0.00692252, -0.00181816, -0.04631047, -0.00117764,
        0.03376202, -0.03744112, -0.02641114,  0.00241734,  0.02372091,
        0.01577491,  0.05142524,  0.03347588, -0.00272633,  0.08184554,
       -0.0150764 ,  0.05987259,  0.04355888, -0.0237798 , -0.00566909,
       -0.00360123, -0.01516177, -0.02606331, -0.02813263,  0.00266109,
        0.05861249, -0.00342129, -0.03325795,  0.06985092, -0.05785105,
       -0.03500689, -0.02985052,  0.0686637 ,  0.01775877, -0.04093418,
        0.00253238, -0.00887817, -0.01379084, -0.03370587, -0.0498455 ,
        0.06184083,  0.07770883, -0.07142123,  0.03725731,  0.00340276,
        0.04490425, -0.05267197,  0.02839121,  0.00529613, -0.060659  ,
        0.02263808,  0.0144046 , -0.02954263,  0.09254189,  0.02000108,
       -0.00804934,  0.03063884, -0.02715539, -0.08562271,  0.00833784,
       -0.0306456 , -0.0692536 , -0.04649953,  0.08205888,  0.01529022,
       -0.07561936, -0.01798741,  0.02874593, -0.04871609, -0.00294936], dtype=float32), array([ 0.04463886,  0.07991508, -0.07732421, -0.00384869, -0.09681513,
       -0.00966888, -0.00692579,  0.01479994,  0.02024216, -0.03741859,
        0.01409725, -0.05477954,  0.00396214, -0.04589218, -0.02190031,
       -0.01611992,  0.01401415,  0.07516283, -0.00969751,  0.00022355,
       -0.03085319,  0.02893113,  0.01123365, -0.00980725, -0.05233307,
       -0.00719127,  0.07002813, -0.0092808 ,  0.02392086, -0.0224994 ,
       -0.04627194,  0.01838551, -0.07464042,  0.00540101, -0.01652856,
        0.04500675, -0.05471352, -0.05262996, -0.02795775,  0.01993208,
        0.08492855,  0.05765692, -0.0085113 ,  0.04278566,  0.10111465,
       -0.01046897,  0.0957357 ,  0.07154875,  0.01030156, -0.01474345,
        0.00474296, -0.01219845, -0.02286064,  0.00863652,  0.05541774,
        0.04440895,  0.05727877, -0.05253117,  0.0715482 , -0.10470314,
        0.06730524, -0.03741108, -0.00383657,  0.05889041, -0.03749738,
        0.04733566, -0.02280644,  0.01236638, -0.05867158, -0.06948318,
        0.01904668,  0.04488056,  0.01839791,  0.0065102 , -0.02331297,
        0.03885268, -0.04247835,  0.0542034 , -0.01102447, -0.09778478,
        0.01608668,  0.0200219 , -0.00105105,  0.15974247, -0.01412697,
        0.04359376,  0.02658968, -0.01216299, -0.0672375 , -0.03513907,
       -0.04287676, -0.02009351,  0.03018624,  0.07246977,  0.01134244,
       -0.08361664,  0.06707879, -0.01672447, -0.02265696,  0.1031972 ], dtype=float32), array([ 0.02115072,  0.0319222 , -0.05192401,  0.00493347, -0.06741437,
        0.01867534, -0.04460423,  0.02857785, -0.01101188,  0.00374299,
        0.02679187, -0.02525699,  0.00383264, -0.04922569, -0.01449752,
       -0.05019564,  0.02399665,  0.06900781, -0.00424429, -0.00193263,
       -0.0079114 ,  0.04932175, -0.00061958, -0.0062256 , -0.04597393,
        0.03402926,  0.0418308 , -0.00680124,  0.01116958, -0.02700728,
       -0.03301705,  0.01125835, -0.06463315, -0.0463767 , -0.03623895,
        0.01703249, -0.05959906, -0.03486126,  0.01389052,  0.04854857,
        0.05490763,  0.04260279, -0.00995117,  0.03867272,  0.08131732,
       -0.00321202,  0.05747602,  0.03089703, -0.00864961, -0.01207814,
       -0.01615551,  0.0176532 , -0.02629215, -0.00555588,  0.01873619,
        0.0289068 , -0.00419857, -0.04601192,  0.07422782, -0.08357801,
       -0.00698125, -0.01544893,  0.04149183,  0.04643861, -0.0435687 ,
        0.06296042,  0.00079152, -0.02064768, -0.05625569, -0.04177039,
        0.01644259,  0.05738444, -0.02654053,  0.05440664, -0.01687997,
        0.03762004, -0.02947814,  0.05630856,  0.01190682, -0.08155467,
        0.03074608,  0.0290118 , -0.04474971,  0.14701927,  0.0117666 ,
        0.05657244,  0.01427396, -0.01342065, -0.05973747, -0.02468332,
       -0.02711578, -0.06203483, -0.0052915 ,  0.06262432,  0.00964221,
       -0.08222947, -0.00251585,  0.00414196, -0.02640076,  0.06124306], dtype=float32), array([  3.60645764e-02,   3.14052254e-02,  -6.13145344e-02,
         1.19988257e-02,  -1.09795950e-01,   7.52131641e-03,
        -1.77513137e-02,  -9.87356063e-03,  -1.24094440e-02,
        -2.80680452e-02,   4.28722873e-02,  -7.47655379e-03,
        -2.07525250e-02,  -4.21775095e-02,  -1.71479695e-02,
        -2.41503026e-02,  -3.33086308e-03,   9.62837040e-02,
         1.84765775e-02,  -1.55111272e-02,  -5.85944094e-02,
         3.51031870e-02,  -8.41284543e-03,   2.29511876e-02,
        -4.65027131e-02,   3.90728973e-02,   5.67867346e-02,
        -1.26938140e-02,   1.72879901e-02,   8.12953978e-04,
        -5.33000892e-03,   1.33451903e-02,  -5.11730053e-02,
        -1.99082345e-02,  -2.47610733e-02,   2.57344805e-02,
        -3.88119966e-02,  -5.08468151e-02,  -3.69467326e-02,
         4.97284457e-02,   2.17719600e-02,   2.22471505e-02,
        -9.72412061e-03,   2.25892756e-02,   6.22005239e-02,
         1.56847313e-02,   4.38180678e-02,  -8.42208043e-03,
        -3.67284678e-02,   7.31666060e-03,   7.29402062e-04,
         5.73681714e-03,   9.88581218e-03,   2.79187523e-02,
         3.89260314e-02,   3.74257788e-02,   2.49767024e-03,
        -1.20419525e-02,   5.51245362e-02,  -4.79413718e-02,
         3.68530937e-02,  -1.87791903e-02,  -1.09199202e-02,
         5.77316321e-02,  -5.12377582e-02,  -1.29115803e-03,
        -3.41931060e-02,   7.24454829e-03,  -2.53122300e-02,
        -7.05399141e-02,   3.84180956e-02,   3.59784514e-02,
        -4.04695049e-03,   2.06157099e-02,  -1.15736723e-02,
         5.40395081e-02,  -3.25122550e-02,   1.97431073e-02,
        -1.77045073e-02,  -4.06862497e-02,   5.76057984e-03,
         1.20119220e-02,  -3.43047120e-02,   1.27377123e-01,
         8.11685156e-03,   1.25753824e-02,   3.46152880e-03,
         2.62296237e-02,  -5.28904162e-02,  -3.46348360e-02,
         6.41095266e-03,  -7.35984510e-03,  -9.44551502e-05,
         3.21110785e-02,  -1.04442344e-03,  -8.93104002e-02,
         4.09414843e-02,  -1.67336073e-02,  -5.94248734e-02,
         6.72180206e-02], dtype=float32), array([ 0.03549364,  0.00876614, -0.03158602, -0.00114797, -0.07718049,
        0.03039841, -0.03094459,  0.02625449,  0.00183473, -0.03580531,
        0.03858763, -0.00632626,  0.02709052, -0.01798372, -0.01224032,
       -0.05099728, -0.00737732,  0.06847899,  0.01773044, -0.02160421,
        0.00943399,  0.06773183, -0.02199395, -0.04877968, -0.03979815,
        0.02931739,  0.04807542,  0.00260516,  0.0051373 , -0.0040969 ,
       -0.05341467,  0.02302482, -0.03441969, -0.0128652 , -0.02819878,
        0.04252769, -0.03859614, -0.04822741, -0.0028018 ,  0.01707236,
        0.03037322,  0.03346718, -0.00699131,  0.03250653,  0.09249616,
        0.00892352,  0.04618864,  0.03549235,  0.00035903, -0.00025435,
       -0.00294685, -0.01221517, -0.02092534, -0.00591341,  0.01360804,
        0.0689716 ,  0.01265895, -0.02615535,  0.04233333, -0.09073868,
        0.00176082, -0.03182475,  0.04157377,  0.03474327, -0.01549906,
        0.05950187, -0.01172872, -0.00586417, -0.02783201, -0.04248477,
        0.02283627,  0.05640782, -0.02039992,  0.0422031 ,  0.01071183,
        0.00552377, -0.04589539,  0.06674696,  0.0027809 , -0.04991256,
        0.00169022,  0.00906422, -0.02610876,  0.11474037,  0.0067119 ,
        0.03258396,  0.03037674,  0.00602046, -0.02233793, -0.01486417,
       -0.03399837, -0.04214807, -0.027249  ,  0.07652283,  0.00251806,
       -0.06478853,  0.0317031 ,  0.01834918, -0.04531555,  0.0717629 ], dtype=float32), array([-0.06190458,  0.01948403, -0.09713368,  0.07342679, -0.11740579,
       -0.00344248, -0.04593597,  0.03982615, -0.03657026, -0.03311816,
       -0.01292428, -0.01990123, -0.06211412,  0.01016062, -0.00270342,
       -0.02183015, -0.02983151,  0.1141139 ,  0.07892345, -0.01383976,
       -0.05931045,  0.05815464,  0.0008201 ,  0.03434836, -0.02899048,
        0.00340521,  0.07956197, -0.06160304, -0.02508268, -0.07926533,
       -0.00825223,  0.0212894 , -0.04350795, -0.00614517, -0.02666153,
       -0.06659954,  0.01122065, -0.08227439,  0.02142155,  0.11342563,
        0.03946943,  0.07645191,  0.08387384, -0.02796721,  0.04644247,
       -0.00137749,  0.12716179, -0.00481049, -0.04041682,  0.02512277,
        0.0410336 ,  0.00423898, -0.02836052,  0.06969737,  0.03291779,
        0.03141299,  0.01852366, -0.02260357,  0.04834992, -0.07460773,
        0.04880003, -0.00967557,  0.01089156, -0.00451204, -0.02029549,
        0.04865176, -0.00326761,  0.00467516,  0.01243068, -0.09274767,
        0.05843297,  0.08288164, -0.01235613, -0.00948986, -0.02836187,
        0.06793772, -0.06028937,  0.00723379,  0.01093839, -0.05550471,
        0.02647623,  0.00202768,  0.02208694,  0.16326094, -0.06641618,
       -0.01263857, -0.00120904, -0.01016866, -0.07558195, -0.06343441,
       -0.05723185, -0.08328343, -0.06571589,  0.07863739,  0.05280575,
       -0.10879738,  0.02379527, -0.01448138, -0.1040047 ,  0.05595075], dtype=float32), array([  4.27056430e-03,   3.96571420e-02,  -3.95523198e-02,
         2.23499481e-02,  -5.76448329e-02,  -3.57336691e-03,
        -1.88178774e-02,   2.55369823e-02,  -4.12571728e-02,
        -5.54442927e-02,   3.72863039e-02,  -1.54481186e-02,
         2.31640544e-02,  -1.43378787e-02,   2.75282981e-03,
        -2.04689242e-02,  -5.43352077e-03,   8.82620960e-02,
         1.96127947e-02,  -7.04787578e-03,  -2.20434163e-02,
         4.99754734e-02,  -3.90910404e-03,   1.87672209e-02,
        -2.41158400e-02,   5.13381511e-02,   5.30124605e-02,
         2.41917092e-02,   1.79875698e-02,   4.20439383e-03,
        -5.28331026e-02,   4.23089899e-02,  -9.10462439e-02,
         1.52879639e-03,  -4.24028859e-02,   3.27256992e-02,
        -6.50518835e-02,  -5.12751043e-02,  -7.20850080e-02,
         6.88619241e-02,   3.27830017e-02,   3.99182141e-02,
        -8.04493856e-03,   4.08725701e-02,   5.42048737e-02,
        -6.34996500e-03,   1.05942547e-01,   9.74674150e-03,
         2.83875074e-02,  -7.56444689e-03,  -7.75448978e-03,
        -1.58724599e-02,  -2.28246237e-04,  -4.29780558e-02,
         3.73021094e-03,   6.64801151e-02,   1.65042486e-02,
        -1.71231683e-02,   1.61583461e-02,  -1.01834364e-01,
         3.76754925e-02,  -3.49953072e-03,  -1.14458185e-02,
         4.37327698e-02,  -4.42613326e-02,   3.50772329e-02,
        -1.08376639e-02,  -5.58039313e-03,  -5.57356849e-02,
        -3.72754857e-02,   5.07570691e-02,   8.78636539e-02,
        -4.69883867e-02,   8.48459154e-02,   1.03487242e-02,
         4.75949943e-02,  -4.88169715e-02,  -6.52296178e-04,
        -1.97585355e-02,  -9.71212760e-02,  -8.82038730e-05,
         2.78425645e-02,  -6.07110597e-02,   1.42253608e-01,
         1.28743127e-02,   4.22589146e-02,  -7.06347125e-03,
         2.44817883e-02,  -7.13817850e-02,  -3.15522403e-02,
        -1.86659880e-02,  -2.21032333e-02,  -1.34514226e-02,
         8.70347619e-02,   2.80460976e-02,  -3.67900617e-02,
         1.30088227e-02,  -5.73157892e-03,  -3.86347286e-02,
         2.90159378e-02], dtype=float32), array([ 0.04711699,  0.00095637, -0.05037429, -0.00122177, -0.0778645 ,
       -0.02253298, -0.02962362,  0.01166471,  0.0120689 , -0.00854394,
        0.0581147 ,  0.02155142,  0.0133221 , -0.02910611, -0.00884904,
       -0.06541719,  0.00640705,  0.04015728,  0.00802088, -0.0098095 ,
       -0.0496374 ,  0.04365446, -0.03658764, -0.00641425, -0.05074848,
        0.05179052,  0.03867019,  0.00275154,  0.00967746, -0.02352947,
       -0.01963296,  0.03949232, -0.03148988, -0.01620716, -0.02038225,
        0.04254854, -0.0572639 , -0.01888803,  0.0097389 ,  0.02823656,
       -0.02143916,  0.04502099, -0.02241757,  0.03006161,  0.05513276,
        0.00542732,  0.03051723, -0.0151856 , -0.00178274,  0.00966146,
        0.00786996, -0.03158434,  0.00532175, -0.00527669,  0.00372345,
        0.00606473, -0.0069975 ,  0.000783  ,  0.01250619, -0.06659027,
        0.04205128, -0.00256243, -0.00900331,  0.04399565, -0.0054242 ,
        0.02908159, -0.01255256,  0.00214993, -0.02152544, -0.00843643,
        0.01723286,  0.03456137,  0.00315868,  0.0319553 ,  0.00743679,
        0.00756385, -0.03583492,  0.03414934, -0.00636494, -0.03969736,
        0.04923311,  0.02317054, -0.02788422,  0.09123396,  0.00720223,
        0.03989819,  0.03981881,  0.01223121, -0.00018664, -0.01765976,
       -0.02285627, -0.03967078, -0.01411336,  0.04215933, -0.00783132,
       -0.02789186, -0.00932335,  0.00580649, -0.04821439,  0.06134486], dtype=float32), array([  2.97791045e-02,   2.92245876e-02,  -5.24101295e-02,
         7.09660212e-03,  -8.60585049e-02,  -4.27778391e-03,
        -1.65693797e-02,   3.29355821e-02,  -4.42883596e-02,
        -4.64421250e-02,   2.06861105e-02,  -1.06916996e-02,
         1.86194833e-02,  -2.17375346e-02,   3.55408760e-03,
        -3.50384787e-03,  -8.75804387e-03,   1.04743429e-01,
         2.40295026e-02,  -2.11608056e-02,  -2.85484586e-02,
         3.98285091e-02,   2.04728786e-02,  -1.26629413e-04,
        -5.45213334e-02,   1.99894346e-02,   6.65091649e-02,
        -3.36305005e-03,   2.24930290e-02,  -2.69130915e-02,
        -1.75697096e-02,   4.80898954e-02,  -6.90201819e-02,
        -4.88232169e-03,  -5.36123067e-02,  -6.30306127e-03,
        -4.16911617e-02,  -6.72187805e-02,  -4.96391505e-02,
         6.23352677e-02,   3.52765583e-02,   2.81683560e-02,
         6.56479783e-03,   9.27688181e-03,   6.41403496e-02,
         4.17300547e-03,   7.01137185e-02,   1.70297492e-02,
         3.14506292e-02,  -2.18279921e-02,  -3.22817406e-03,
         1.67464069e-03,  -8.76700855e-04,  -1.16608636e-02,
         3.07709854e-02,   6.60822168e-02,  -3.46842757e-03,
        -1.79562606e-02,   5.11039756e-02,  -9.14587751e-02,
         6.57569151e-04,  -3.37843709e-02,   9.11536627e-03,
         6.16809689e-02,  -4.56418693e-02,   5.30157462e-02,
        -9.74674418e-04,   1.24423755e-02,  -3.41149606e-02,
        -5.09149060e-02,   2.88949963e-02,   4.99013662e-02,
        -2.51113977e-02,   4.55200076e-02,   1.27148442e-03,
         3.17321979e-02,  -4.86170202e-02,   4.36112545e-02,
        -1.67852473e-02,  -7.21916556e-02,  -1.12160910e-02,
         1.00924755e-02,  -1.71204917e-02,   1.68247402e-01,
         3.58277522e-02,   2.64241546e-03,   3.11299916e-02,
         2.13823672e-02,  -5.43000586e-02,  -4.35684845e-02,
        -2.84932703e-02,  -3.28321084e-02,  -1.24350581e-02,
         3.97730470e-02,   1.87301543e-02,  -7.51469880e-02,
         2.75046267e-02,  -1.82721280e-02,  -3.31709683e-02,
         6.33249879e-02], dtype=float32), array([  3.17899585e-02,   3.72926220e-02,  -4.53155898e-02,
         9.23442654e-03,  -5.91153689e-02,  -3.78361903e-03,
        -2.23367140e-02,   3.44694927e-02,  -5.13203256e-02,
        -6.65825307e-02,  -3.09166673e-04,  -2.54209358e-02,
         3.99894528e-02,  -3.42222303e-02,  -1.25589147e-02,
        -7.18332529e-02,   1.01705473e-02,   1.16475165e-01,
         6.31270185e-03,  -1.40677793e-02,  -4.41554040e-02,
         3.95052619e-02,   1.41196372e-02,  -3.53798969e-03,
        -4.54886332e-02,   4.85596322e-02,   6.64163679e-02,
         2.91618854e-02,  -2.58863838e-06,   7.46971555e-03,
        -3.16116214e-02,   4.33837585e-02,  -9.39153209e-02,
         5.72457910e-04,  -5.30402251e-02,   4.56501842e-02,
        -3.34158242e-02,  -8.49572197e-02,  -3.13562676e-02,
         8.64942968e-02,   1.05334044e-01,   5.51055446e-02,
         5.64599037e-03,   3.71897072e-02,   7.62889981e-02,
        -3.08698174e-02,   6.09245151e-02,   3.03505827e-02,
         6.42577708e-02,  -3.08203492e-02,  -8.19554459e-03,
        -1.09774927e-02,  -2.77702920e-02,  -2.96875406e-02,
         2.24856231e-02,   7.19242021e-02,  -2.54318342e-02,
        -3.28874625e-02,   2.17872914e-02,  -1.12008817e-01,
         1.48128849e-02,  -4.14752662e-02,   3.71797085e-02,
         6.37958199e-02,  -4.07371148e-02,   5.37961163e-02,
        -5.52006438e-03,   1.01578292e-02,  -4.97216508e-02,
        -1.50293075e-02,   4.88223322e-02,   7.28278086e-02,
        -3.51159833e-02,   9.10737664e-02,  -1.08966921e-02,
         5.43013252e-02,  -4.34666798e-02,   1.80610474e-02,
        -1.81698799e-02,  -7.50834793e-02,   3.77247445e-02,
         3.89695503e-02,  -2.09567472e-02,   1.36435732e-01,
         2.43541207e-02,   2.63922624e-02,   3.88090611e-02,
         1.17712244e-02,  -7.26787671e-02,  -4.03097980e-02,
        -4.88301441e-02,  -4.30798233e-02,  -8.94729421e-03,
         5.39795086e-02,   3.65818944e-03,  -6.28917143e-02,
         2.30648518e-02,  -1.25125693e-02,  -4.51625623e-02,
         5.92188053e-02], dtype=float32), array([  2.64222305e-02,  -6.20401348e-04,  -5.85660525e-02,
         1.53884050e-02,  -8.95471424e-02,   1.71475671e-02,
        -2.88834181e-02,   1.72834489e-02,  -6.85693370e-03,
        -3.95645425e-02,   5.20724878e-02,  -2.13222969e-02,
         3.77568565e-02,  -8.48309137e-03,   8.02127272e-03,
        -4.16747518e-02,   4.26454702e-03,   5.65962493e-02,
         3.61644924e-02,  -2.89417170e-02,   3.15972907e-03,
         6.33076653e-02,  -1.78627875e-02,  -1.81075912e-02,
        -4.97196056e-02,   4.35284339e-02,   4.41119894e-02,
         1.22387009e-02,  -8.11249111e-03,  -1.58858281e-02,
        -3.25786993e-02,   2.00735386e-02,  -3.88028882e-02,
        -4.14761482e-03,  -1.89045426e-02,   3.76404487e-02,
        -1.93732344e-02,  -4.17845510e-02,   1.59546081e-02,
         1.10187214e-02,   1.42793190e-02,   2.77667027e-02,
         6.49466040e-03,   1.45921512e-02,   8.92271921e-02,
         4.36817994e-03,   5.04910350e-02,   3.87426727e-02,
        -1.56221377e-05,   1.34875691e-02,   2.27242871e-03,
        -1.95387751e-02,  -2.24132109e-02,  -7.77703244e-03,
         3.16487327e-02,   7.01449066e-02,   1.26158381e-02,
        -2.96553988e-02,   3.11317183e-02,  -9.44882184e-02,
        -1.48152467e-03,  -3.33918035e-02,   3.67991850e-02,
         1.84922870e-02,  -6.03180286e-03,   4.62894477e-02,
        -3.00511550e-02,  -2.11522914e-04,  -4.57358100e-02,
        -2.90040337e-02,   4.75543030e-02,   3.20313498e-02,
        -1.84983276e-02,   3.35324891e-02,   4.81621083e-03,
        -1.43876753e-03,  -3.31215598e-02,   4.45365869e-02,
         5.19872596e-03,  -4.67136465e-02,   1.21480068e-02,
         1.72337908e-02,  -4.37260307e-02,   1.07643507e-01,
         2.80453544e-02,   3.39264162e-02,   4.80870605e-02,
        -1.58457994e-03,  -1.78366061e-02,  -8.52837693e-03,
        -3.62124182e-02,  -1.94615722e-02,  -7.16251461e-03,
         5.61990775e-02,  -1.51664494e-02,  -6.20795302e-02,
         7.32222293e-03,  -3.75047186e-03,  -3.73988152e-02,
         6.29205331e-02], dtype=float32), array([-0.00381744,  0.00777886, -0.07686018,  0.01880029, -0.05988782,
        0.0383105 , -0.00313901,  0.04814622,  0.00805434, -0.02253818,
        0.08598416,  0.01324114, -0.02386971, -0.04876679, -0.03092341,
       -0.05498878,  0.04080244,  0.10339973,  0.02065265, -0.01633357,
       -0.01560288,  0.07037368, -0.01352688, -0.01888064, -0.05251822,
        0.02795101,  0.09590644,  0.01532238,  0.00333958, -0.00603937,
       -0.02208498,  0.00854784, -0.02796725, -0.06053105, -0.05016029,
        0.04529563, -0.04372371, -0.03973548,  0.00064383,  0.04248422,
        0.07141697,  0.04394225, -0.03303492,  0.08517496,  0.10013468,
        0.01906468,  0.03443352,  0.07087754,  0.00187049, -0.02312717,
        0.00389288, -0.03416061,  0.0186202 , -0.05084805, -0.00421784,
        0.0588887 ,  0.02094087, -0.04373031,  0.0652682 , -0.12530699,
        0.01364224,  0.03236914,  0.01326832,  0.04993846, -0.05033327,
        0.01131274, -0.0511058 ,  0.00757508, -0.07404072, -0.06949595,
        0.02482804,  0.04458217, -0.04166505,  0.04328908, -0.01507007,
        0.01501371, -0.039684  ,  0.05008387,  0.02002059, -0.0827703 ,
        0.0096572 ,  0.01374626, -0.05871717,  0.15408999, -0.02742019,
        0.02577206,  0.02664702,  0.02413232, -0.02927957, -0.05264848,
       -0.00177316, -0.04567692, -0.02118669,  0.06993366, -0.00758269,
       -0.08400221,  0.02814539, -0.01063129, -0.0395842 ,  0.0606631 ], dtype=float32), array([-0.00436827, -0.00669912, -0.03323887, -0.03506225, -0.08678731,
        0.05586771, -0.00956639,  0.02807557,  0.02190124, -0.06620313,
        0.05918447,  0.01729222, -0.01056082, -0.00050668,  0.01596023,
       -0.03832913,  0.02711567,  0.07098735,  0.02853767, -0.0195222 ,
        0.05911845,  0.05686021, -0.04188676, -0.02343271, -0.01306837,
        0.06432614,  0.05634239,  0.04461602,  0.00967759, -0.0019175 ,
       -0.04730932,  0.0085708 , -0.01044218, -0.06783233, -0.04581066,
        0.02620899, -0.06126654, -0.03259095, -0.02698432,  0.06169089,
        0.07565009,  0.0700516 , -0.00362117,  0.07675215,  0.07048327,
       -0.01176545,  0.05035509,  0.08259419, -0.01813401, -0.04287851,
        0.0032734 , -0.06282288,  0.00129265, -0.07033607, -0.04148958,
        0.05778718, -0.00682511, -0.04847198,  0.05652964, -0.0741998 ,
       -0.01473708, -0.00773145,  0.05028557,  0.02034637, -0.06747042,
        0.00662761, -0.01658621, -0.0479034 , -0.03718187, -0.05356548,
        0.02676563,  0.05908791, -0.04821783,  0.06113458, -0.02072421,
        0.04453291, -0.08320539,  0.04237148, -0.00754571, -0.1087347 ,
        0.01085523,  0.01511751, -0.03864373,  0.14219029, -0.01547747,
        0.02820505,  0.0031917 , -0.03812295, -0.05845243, -0.00087225,
       -0.01951255, -0.04918972, -0.04068721,  0.13485241,  0.01500402,
       -0.07306474, -0.02824297,  0.01706412, -0.05653209,  0.05207149], dtype=float32), array([ 0.07236177,  0.0991613 , -0.0841009 ,  0.05680474, -0.09454848,
        0.05876733, -0.06257016,  0.0068151 , -0.0089631 , -0.01390222,
        0.03232192, -0.00197645,  0.00490362,  0.01057056, -0.10303584,
       -0.0244017 ,  0.02005301,  0.06369608,  0.03157608, -0.00396452,
        0.00602675,  0.04154611, -0.01265947, -0.05247875, -0.00844039,
        0.05085785,  0.04183597,  0.0145366 ,  0.00705099, -0.03670616,
       -0.00662141,  0.03896397, -0.06560706, -0.0170194 ,  0.02173105,
        0.03934015, -0.07014963, -0.07568074, -0.0448719 , -0.02568284,
        0.04731742,  0.0083336 , -0.02603647,  0.02233495,  0.08370285,
        0.04943595,  0.06087581,  0.0510039 , -0.00923629, -0.01067438,
       -0.04731464,  0.0083947 , -0.00098082,  0.02202543,  0.01130252,
       -0.00965008,  0.05495854, -0.04029208,  0.05022427, -0.11129788,
        0.01875672, -0.04844541,  0.05263268,  0.04801557, -0.08885338,
        0.00038155, -0.06142106, -0.00922722, -0.07784405, -0.05366176,
        0.05952299,  0.01529211, -0.05361833,  0.01031631, -0.00160291,
        0.03603392, -0.03508758,  0.04968062, -0.0065246 , -0.04704596,
        0.03697051,  0.03060291, -0.01250445,  0.15394981,  0.00683027,
        0.03121161,  0.06264979,  0.01873147, -0.01569489, -0.01613272,
       -0.01574365, -0.05150782, -0.08507618,  0.05752166, -0.03401481,
       -0.1223137 ,  0.00651366, -0.00896953, -0.04723814,  0.00599332], dtype=float32), array([ 0.0302457 ,  0.04741603, -0.07148688,  0.03780805, -0.07038139,
       -0.01842847, -0.01511567,  0.02247091, -0.0305917 , -0.05439631,
        0.03477908, -0.0177052 ,  0.0329951 , -0.03071782, -0.00976067,
       -0.05073965,  0.01534255,  0.10974808,  0.01481581,  0.0062986 ,
       -0.0261075 ,  0.05406944,  0.02172039,  0.00958644, -0.02826297,
        0.04218334,  0.07612427,  0.03867249,  0.00595918,  0.01922866,
       -0.03258409,  0.04799443, -0.10220439, -0.01129342, -0.06246331,
        0.02750381, -0.07868337, -0.06858058, -0.04636383,  0.06519563,
        0.03255107,  0.04788701, -0.01878551,  0.05287938,  0.07485708,
       -0.01815471,  0.07549784,  0.03587205,  0.01745223, -0.02399638,
       -0.00443564, -0.01811187, -0.01118285, -0.03831337,  0.03808048,
        0.05859821,  0.00595253, -0.02202119,  0.043945  , -0.1095864 ,
        0.03448163, -0.01034751, -0.02130987,  0.07189446, -0.01875593,
        0.02281708, -0.01178333,  0.00194695, -0.041219  , -0.03547018,
        0.06075764,  0.04646   , -0.01820962,  0.06572811,  0.00075269,
        0.04631044, -0.04048502,  0.03535959,  0.00035279, -0.08213261,
        0.00153362,  0.00493633, -0.05231009,  0.18321949,  0.01765539,
        0.02896701,  0.01146783,  0.03029109, -0.07618275, -0.04891378,
       -0.04563859, -0.04015601,  0.00219746,  0.07680266, -0.00259659,
       -0.05414259,  0.01486484,  0.00503409, -0.03497168,  0.06765465], dtype=float32), array([ 0.01657972,  0.04152795, -0.0665475 , -0.00881688, -0.08819298,
        0.00504207, -0.00396307, -0.02057667, -0.00961644, -0.04168896,
        0.03710036, -0.00902742, -0.00231434, -0.03576713, -0.01267328,
       -0.00152104,  0.0241166 ,  0.04079846, -0.01589929, -0.02579204,
       -0.03450577,  0.04372939, -0.01271519, -0.00747569, -0.04672427,
        0.02420637,  0.0625609 ,  0.01074561,  0.06247441, -0.01161965,
       -0.03502672,  0.02907279, -0.06694685, -0.01603554, -0.03507191,
        0.04417517, -0.0636505 , -0.02591075, -0.0358176 ,  0.03091959,
        0.00257064,  0.0599081 , -0.02517806,  0.067959  ,  0.08013932,
       -0.00878558,  0.04053358,  0.05186693,  0.0040374 , -0.00234463,
       -0.00811014, -0.01751631, -0.01630621, -0.0294321 ,  0.01693238,
        0.05307899,  0.01403302, -0.02268994,  0.03691062, -0.07058407,
        0.02409533, -0.00203903, -0.01449166,  0.05765682, -0.04355716,
       -0.00657224, -0.01787634, -0.00991735, -0.07163781, -0.04367903,
        0.03026417,  0.02135461,  0.00341518,  0.0793598 ,  0.00523381,
        0.06054804, -0.02465404,  0.05775872,  0.00472973, -0.07568205,
        0.01392537,  0.01504604, -0.0388843 ,  0.12351974,  0.00550669,
        0.04153031,  0.01854581,  0.02142233, -0.04664398, -0.01529463,
        0.00983503, -0.017678  ,  0.01333648,  0.07397903,  0.0151168 ,
       -0.08839861,  0.03013669,  0.0187116 , -0.0176618 ,  0.0516078 ], dtype=float32), array([-0.01183163,  0.05550985, -0.07075297,  0.04245754, -0.06402899,
       -0.01594388, -0.01182202,  0.02837531, -0.03197042, -0.04095725,
        0.01208161, -0.02187212,  0.02016065, -0.01399811, -0.0050912 ,
       -0.02548069, -0.01633999,  0.09589134,  0.04848252, -0.00875649,
       -0.04003546,  0.04843149,  0.00911638,  0.02265036, -0.04123566,
        0.02709507,  0.09326039, -0.00044488,  0.0013855 , -0.03652421,
       -0.04193547,  0.04113267, -0.07109956,  0.00469475, -0.0627126 ,
        0.00649651, -0.03000381, -0.0917163 , -0.05609707,  0.0971426 ,
        0.00954752,  0.05916687,  0.02265852,  0.01485997,  0.06273105,
        0.00029779,  0.09527887,  0.00388411,  0.00668618,  0.00100209,
        0.02775907, -0.01725767,  0.00246184,  0.00478167,  0.04073277,
        0.07878526,  0.02568315, -0.01606717,  0.0422333 , -0.08957873,
        0.03817406, -0.01531181,  0.00378763,  0.04524211, -0.03298184,
        0.03448093,  0.00815993,  0.0058535 , -0.01733224, -0.0450032 ,
        0.04473087,  0.04442649, -0.02672187,  0.05747463,  0.01435889,
        0.05157669, -0.0855916 ,  0.02836233, -0.01862445, -0.07733056,
        0.00465044,  0.02328673, -0.02561425,  0.15766625, -0.00169348,
        0.000659  ,  0.01979888,  0.00127314, -0.05743385, -0.03941838,
       -0.0640946 , -0.04355333, -0.01549019,  0.08801632,  0.03986376,
       -0.0685323 ,  0.02793731, -0.00264913, -0.03206027,  0.0573723 ], dtype=float32), array([ 0.03534643,  0.02796826, -0.04446715,  0.01075715, -0.07254836,
        0.02140077, -0.03938324, -0.0080866 , -0.05140752, -0.00305261,
        0.06287504, -0.02577602, -0.02938184, -0.05437581, -0.01810416,
       -0.0323585 ,  0.02863032,  0.08223042, -0.00602558,  0.00888975,
       -0.03194349,  0.01869456, -0.01596507,  0.00615208, -0.00673183,
        0.06313436,  0.06196287,  0.00658429,  0.00118859, -0.0076991 ,
       -0.02292632,  0.01542474, -0.05076794, -0.02347878, -0.02236838,
        0.04905239, -0.05070795, -0.05418358, -0.05084617,  0.05303806,
        0.01810496,  0.01800759, -0.02804668,  0.0625008 ,  0.05669317,
        0.02575518,  0.04729445,  0.01241472, -0.04191924,  0.01127873,
       -0.00287974, -0.01636249,  0.02999431, -0.02314897,  0.00556851,
        0.03938922,  0.01335253, -0.00821355,  0.01931039, -0.10536335,
        0.02828394,  0.00530371,  0.02980363,  0.04792782, -0.0377688 ,
        0.05539506, -0.05482801, -0.00343497, -0.03246768, -0.04772494,
        0.05388668,  0.06595676, -0.02633785,  0.05463656, -0.02066628,
        0.04793423, -0.06638074,  0.06336589, -0.00461814, -0.02094458,
       -0.00978886,  0.03387468, -0.01939446,  0.15251316,  0.02176547,
        0.04117494, -0.02488754,  0.01425727, -0.06204709, -0.04251656,
        0.04989219, -0.05815354, -0.01007397,  0.05867714,  0.01374071,
       -0.06467965,  0.00585166, -0.01731271, -0.02435161,  0.04777553], dtype=float32), array([  2.51631457e-02,   2.74221953e-02,  -6.46982566e-02,
        -3.13064759e-03,  -1.03286169e-01,   1.08844060e-02,
        -1.53006632e-02,   2.65729404e-03,  -1.39621217e-02,
        -9.81057994e-04,   4.67769876e-02,   7.17402296e-03,
        -2.95461826e-02,  -2.09373813e-02,  -4.58148196e-02,
        -6.00158237e-02,   6.15212927e-03,   6.34463131e-02,
        -2.14263592e-02,   6.64582755e-03,  -4.63101678e-02,
         7.51764104e-02,  -1.28673408e-02,  -3.49577214e-03,
        -3.61129045e-02,   9.34409499e-02,   3.08950450e-02,
        -6.94354111e-03,   1.41224563e-02,  -1.42724793e-02,
        -1.29063977e-02,   2.55596060e-02,  -4.44090329e-02,
         4.25168499e-03,  -3.01602837e-02,   2.71497779e-02,
        -5.95207661e-02,  -7.20123872e-02,  -3.82656343e-02,
        -2.94097164e-03,   1.81204863e-02,   2.88574155e-02,
        -3.09242047e-02,   6.20625950e-02,   9.39366445e-02,
         2.90327817e-02,   5.33758327e-02,   2.35545281e-02,
         2.13490967e-02,  -3.01645491e-02,   6.02686894e-04,
         1.84966903e-02,  -3.16989124e-02,  -1.19369188e-02,
        -2.94176470e-02,   5.36024943e-03,  -1.52034787e-02,
        -3.18015516e-02,   5.60443513e-02,  -1.11248001e-01,
         2.84277257e-02,  -3.33175734e-02,   4.05086093e-02,
         5.74979521e-02,  -8.75945911e-02,  -7.07488693e-03,
        -3.31685878e-02,   2.37451848e-02,  -4.15561236e-02,
        -4.04997766e-02,   8.95181298e-02,   2.09207013e-02,
        -2.69831549e-02,   1.44682322e-02,  -1.15005590e-04,
         3.92201543e-02,  -2.00730376e-02,   5.38256876e-02,
         1.85682923e-02,  -8.64418373e-02,   2.82838531e-02,
         6.57809386e-03,  -4.16615643e-02,   1.70372158e-01,
         3.05837020e-02,   2.59199296e-03,   2.60286611e-02,
         2.39876658e-02,  -8.44007581e-02,  -7.24262595e-02,
        -2.51297615e-02,  -7.23187551e-02,  -2.56722923e-02,
         8.15889165e-02,  -3.41639444e-02,  -9.98557881e-02,
        -7.03887641e-03,  -2.95663755e-02,  -4.05985676e-02,
         3.52825522e-02], dtype=float32), array([-0.00966735,  0.03247676, -0.0458894 , -0.01382175, -0.08026249,
        0.02179364, -0.0099502 ,  0.05100705, -0.03496197, -0.04883907,
        0.02877163, -0.02162569, -0.01585828, -0.03420067, -0.04062656,
       -0.01745184, -0.01484194,  0.09492353,  0.01207875, -0.02802815,
        0.01838541,  0.01313733,  0.0178669 , -0.0120628 , -0.00876993,
        0.05635901,  0.10359299,  0.01859805, -0.02372892, -0.00722674,
       -0.03468185, -0.02850306, -0.04748922, -0.0071707 , -0.04939408,
        0.0401665 , -0.04489387, -0.1089429 , -0.03052852,  0.07846376,
        0.08476433,  0.07401437,  0.01352819,  0.03588303,  0.11000591,
        0.00774939,  0.09678444,  0.08434242,  0.01003193,  0.00513564,
       -0.01940566, -0.02309736, -0.00062662, -0.03764045, -0.00243291,
        0.07711121, -0.0230487 , -0.03914693,  0.0746647 , -0.09972229,
        0.00635139, -0.02785966,  0.05472886,  0.01448208, -0.01915838,
        0.05914503, -0.03380887, -0.03295113, -0.03322399, -0.05055191,
        0.01878448,  0.06980562, -0.05093642,  0.02951415, -0.01777727,
        0.0016776 , -0.0453632 ,  0.025264  ,  0.04851181, -0.06197462,
        0.00848119,  0.02897794, -0.04147561,  0.129042  , -0.00322061,
        0.0276951 ,  0.04679884, -0.03300343, -0.05330565, -0.03717957,
       -0.04707265, -0.02469889, -0.01958912,  0.07697845,  0.03306577,
       -0.08906613, -0.00778385,  0.00680043, -0.0217416 ,  0.0374153 ], dtype=float32), array([ 0.00394878,  0.03193807, -0.04557445, -0.02956734, -0.06606639,
        0.0124891 ,  0.02309567,  0.0288291 , -0.03871121, -0.06581077,
        0.02228314, -0.01250882,  0.02980311, -0.00308312, -0.00405573,
       -0.00501548, -0.0263711 ,  0.12451995, -0.03168571,  0.02066381,
       -0.04586911, -0.01201707,  0.02921102,  0.01204688, -0.01971731,
        0.04656652,  0.0764984 , -0.00618292,  0.0479161 ,  0.00225626,
       -0.02361193,  0.0059283 , -0.0260475 , -0.01264515, -0.06059305,
        0.0487587 , -0.02902441, -0.06558405, -0.00981246,  0.0724216 ,
        0.03321812,  0.05367487, -0.00465923,  0.03712418,  0.05316259,
        0.01042497,  0.03232889,  0.06359763, -0.01215716, -0.00738696,
        0.03282255,  0.02361914,  0.00725051, -0.03103194,  0.02251041,
        0.08404642, -0.00463658,  0.00220915,  0.03144003, -0.08926606,
        0.05966729, -0.03277085,  0.01671951,  0.0750676 , -0.06693748,
        0.01389105, -0.01631809, -0.02889643, -0.02538385, -0.05082215,
        0.0144501 ,  0.07531644, -0.00765616,  0.02897703, -0.07294562,
        0.01716424, -0.07063656,  0.0524428 , -0.00631123, -0.08839199,
        0.00667656,  0.02891751,  0.00918572,  0.14642809,  0.0405606 ,
       -0.00671614,  0.00696044,  0.03481133, -0.06010008, -0.02114341,
       -0.05626522,  0.00388635,  0.01274948,  0.07711732,  0.0289633 ,
       -0.07652244,  0.0692805 , -0.01985124, -0.00764327,  0.06627391], dtype=float32), array([  9.78154987e-02,   2.32884288e-03,  -5.64890802e-02,
        -1.47712810e-04,  -1.07553504e-01,  -2.43281778e-02,
        -4.16999646e-02,  -2.60077380e-02,  -4.94823642e-02,
        -2.57572867e-02,   6.36148304e-02,   1.77084245e-02,
         2.85610976e-03,  -5.26386546e-03,  -2.77256873e-02,
        -8.13226178e-02,   2.12068502e-02,   1.54324487e-01,
         3.14384475e-02,  -2.51984540e-02,  -5.96277043e-02,
         1.74488593e-02,  -2.39289720e-02,   2.21527815e-02,
         2.77223028e-02,   4.30943146e-02,   2.02209456e-03,
         2.83934940e-02,   1.28530329e-02,   7.35372305e-05,
        -3.83261591e-04,   5.73692434e-02,  -4.70557399e-02,
        -2.08328962e-02,  -2.50589680e-02,   4.22509909e-02,
        -6.35375455e-02,  -5.75442053e-02,  -3.55475433e-02,
         3.50012816e-02,   8.04876760e-02,   8.26275721e-02,
        -5.69259524e-02,   4.49796282e-02,   2.27865539e-02,
         1.07319490e-03,   4.42212485e-02,  -2.45040189e-02,
         3.05758510e-02,  -5.04653379e-02,   2.78720353e-02,
         1.82337426e-02,   1.50691513e-02,  -1.97409578e-02,
        -7.49261677e-03,  -1.42573845e-02,  -1.27339745e-02,
         2.06768252e-02,   7.57853538e-02,  -6.24187402e-02,
        -8.24927725e-03,  -2.16946583e-02,   3.40087637e-02,
         1.07138738e-01,  -4.65486124e-02,  -1.76205281e-02,
        -3.45498398e-02,   2.00667419e-02,  -1.86771248e-02,
        -1.16971387e-02,   2.65214406e-02,   4.10751775e-02,
        -4.36868407e-02,   7.06509203e-02,  -1.18971197e-02,
         3.43741849e-02,  -6.50653765e-02,   3.19410451e-02,
        -6.00778218e-03,  -2.45101340e-02,   2.31659673e-02,
         1.05321575e-02,  -5.63906357e-02,   1.66832432e-01,
        -3.02051213e-02,  -2.24364735e-02,   3.80588844e-02,
         1.42016094e-02,  -4.67088223e-02,  -5.44173159e-02,
         3.32893878e-02,  -7.03144893e-02,  -1.42957186e-02,
         7.05104098e-02,  -1.75184924e-02,  -5.03105000e-02,
        -1.70773901e-02,   2.81077828e-02,  -5.05253859e-02,
         3.81226726e-02], dtype=float32), array([-0.02466326,  0.06122857, -0.07612204,  0.01832754, -0.08400728,
       -0.00720906, -0.01545091,  0.02084742, -0.0235527 , -0.07363994,
        0.01513512, -0.03711989, -0.00150562, -0.01994916, -0.00301724,
       -0.05416741,  0.00331034,  0.07546204,  0.06203653, -0.01616203,
       -0.04502367,  0.01632941, -0.00316931,  0.02591644, -0.03327356,
        0.01069579,  0.11737233, -0.03215699, -0.00942797, -0.07002581,
       -0.01181762,  0.02424157, -0.06451453, -0.01336883, -0.05490127,
       -0.01390055, -0.01540612, -0.09322597, -0.01609662,  0.10467993,
        0.05160421,  0.03587906,  0.03875299,  0.02033213,  0.06725317,
       -0.00804096,  0.10909276,  0.02428693, -0.01637011,  0.03681361,
        0.02927892, -0.02677947, -0.02159727,  0.03916439,  0.03818033,
        0.06248894, -0.00316311, -0.05617075,  0.0829073 , -0.09184686,
        0.01504613, -0.01246256,  0.02337855,  0.04677144, -0.03472566,
        0.04619835, -0.00753789, -0.01310319, -0.02674827, -0.0682539 ,
        0.00775151,  0.04430582, -0.00697989,  0.03405098,  0.00562787,
        0.05284515, -0.05827975,  0.03691798, -0.03037155, -0.05448807,
        0.00658201,  0.00525791,  0.00397679,  0.14390625, -0.03603772,
        0.00046741,  0.03505897, -0.0058042 , -0.02897189, -0.0346387 ,
       -0.08331367, -0.05504218, -0.05671063,  0.0977869 ,  0.04224679,
       -0.07233165,  0.03284631, -0.00948699, -0.03146738,  0.10114955], dtype=float32), array([-0.02218178,  0.04752482, -0.10219738,  0.02656671, -0.11176909,
       -0.01140378, -0.02397629,  0.02817082, -0.02651693, -0.03366095,
        0.01282701, -0.04035422, -0.03641529, -0.03136525,  0.00895122,
       -0.0533313 ,  0.00140757,  0.08271235,  0.05121581, -0.00206938,
       -0.04632364,  0.03255694, -0.00290737,  0.02070919, -0.04009187,
        0.02534607,  0.10950126, -0.03783935, -0.00550385, -0.04975376,
        0.00640325,  0.02160896, -0.0417438 , -0.00779265, -0.05826955,
       -0.02271465, -0.01244299, -0.10022479, -0.01250607,  0.1161371 ,
        0.03641881,  0.05679194,  0.03836643, -0.00518555,  0.06651951,
        0.00481804,  0.1230336 ,  0.00432293, -0.04405209,  0.03407327,
        0.03685148, -0.03454223, -0.01870329,  0.06024819,  0.04148789,
        0.0537352 ,  0.00385842, -0.03736349,  0.07131599, -0.09084186,
        0.0376752 , -0.00981313,  0.00801719,  0.02762772, -0.03003563,
        0.0370472 , -0.00801307,  0.00678772,  0.0056626 , -0.08344179,
        0.03077109,  0.07340939,  0.00161051,  0.02366592, -0.02504122,
        0.06577686, -0.08263444,  0.04356661,  0.00058658, -0.04308369,
        0.0028865 , -0.00148615,  0.01058471,  0.17378749, -0.04740503,
        0.00245791,  0.04054791, -0.00423881, -0.05602479, -0.06119114,
       -0.07519569, -0.07677788, -0.04205723,  0.09065734,  0.04257803,
       -0.1048659 ,  0.01858187, -0.00025618, -0.05436866,  0.08816005], dtype=float32), array([ 0.03373623,  0.07242484, -0.0379282 , -0.01440316, -0.09937637,
        0.03273256, -0.0254111 ,  0.0296063 ,  0.02977695, -0.0328887 ,
        0.07136206,  0.00602584,  0.0299149 , -0.02676198, -0.05139381,
       -0.05731717,  0.03181288,  0.07185181,  0.007026  ,  0.01186502,
       -0.00034021,  0.02475559,  0.01392092, -0.01381593,  0.0224427 ,
        0.05627584,  0.08416361,  0.00204649, -0.01436121, -0.00587061,
       -0.02137146,  0.0252428 , -0.06298061, -0.00778814, -0.04849658,
        0.07805829, -0.07699247, -0.08200517,  0.00777417,  0.00776903,
        0.02987948,  0.01204683, -0.03407858,  0.05902187,  0.08970059,
        0.00345357,  0.05661044,  0.04178095, -0.01874885,  0.01272402,
       -0.0113867 ,  0.00303365, -0.03532668, -0.02702118,  0.01516062,
        0.04582399,  0.0066933 , -0.04995108,  0.02289574, -0.10961352,
       -0.01779554, -0.01715259,  0.06351957,  0.07166484, -0.00454249,
        0.04595665, -0.03032805, -0.07021943, -0.06389729, -0.06505093,
        0.06308537,  0.06332361, -0.03664226,  0.04158387, -0.01610848,
        0.00471157, -0.00724344,  0.06114956, -0.00455061, -0.02940149,
        0.00349453, -0.01401155, -0.01383625,  0.1243216 ,  0.01491397,
        0.05216946, -0.00470958,  0.01518193, -0.01460176,  0.00352197,
       -0.01552007, -0.01931337, -0.01424401,  0.07035115, -0.00396013,
       -0.07642138,  0.00969441, -0.03673633,  0.00356267,  0.09100974], dtype=float32), array([ 0.01797234,  0.03703242, -0.03617575, -0.00324851, -0.07472872,
        0.05008585, -0.00458179,  0.02929785, -0.02856944, -0.02036573,
        0.06200054,  0.0173624 ,  0.0092285 , -0.02267899, -0.06809594,
       -0.066772  ,  0.02906415,  0.05267296,  0.03910046,  0.02066156,
        0.01793515,  0.01453873,  0.0084244 , -0.01761556, -0.00706796,
        0.05416062,  0.07537265,  0.02799945, -0.03227428, -0.01224627,
        0.01281371,  0.00922191, -0.03643363, -0.01308678, -0.01251944,
        0.0840672 , -0.07039195, -0.08367652, -0.0133136 ,  0.0303787 ,
        0.08361178,  0.02850053, -0.03093885,  0.03693717,  0.09748442,
       -0.00839425,  0.06542865,  0.05974951, -0.00777446,  0.02286225,
       -0.06012647, -0.02635584, -0.0325208 , -0.0187708 , -0.02135469,
        0.05582098, -0.01182912, -0.02127226,  0.01443461, -0.10939074,
        0.02162729, -0.05306043,  0.06775115,  0.05042732, -0.00486132,
        0.06891304, -0.02548484, -0.06060421, -0.07997224, -0.05470972,
        0.0423647 ,  0.0946604 , -0.02708694,  0.06719501, -0.00940565,
        0.03149969, -0.05417972,  0.05413131,  0.012508  , -0.07742637,
        0.00492004,  0.00793186,  0.00267186,  0.1115424 , -0.00608172,
        0.01186713,  0.03447966, -0.01792805, -0.04439915, -0.03340822,
       -0.05575245, -0.0288337 , -0.01772594,  0.06411085,  0.00468238,
       -0.08643311, -0.03376646, -0.02374602,  0.01437751,  0.07062396], dtype=float32), array([ 0.01612182,  0.02223853, -0.04100586, -0.00075908, -0.06933673,
        0.04797478, -0.03164255,  0.04099682, -0.03917435,  0.00832494,
        0.06023677, -0.00245085, -0.04446256, -0.02808256, -0.02403332,
       -0.02135918,  0.01244906,  0.08179335,  0.01685326, -0.00034133,
        0.00347641,  0.07823229,  0.04223685, -0.01987   , -0.01836195,
        0.07647187,  0.04148657,  0.01789289,  0.02752763, -0.00123315,
       -0.02361115,  0.02588947, -0.04515939, -0.04848574, -0.0481222 ,
        0.04193742, -0.05051593, -0.05856996, -0.02756437,  0.04252288,
        0.03501595,  0.01120571, -0.0128353 ,  0.05734811,  0.11218546,
        0.02004919,  0.05204815,  0.07345268, -0.01308119, -0.00454749,
       -0.04040136,  0.00382734, -0.02558935, -0.03053901, -0.00648188,
        0.04036293,  0.00554629, -0.01001533,  0.06233142, -0.10453979,
       -0.00951431, -0.0002342 ,  0.03884501,  0.04436784, -0.06485499,
        0.05063591, -0.01169932, -0.02202825, -0.04946408, -0.04892332,
        0.04042836,  0.05878486, -0.04574797,  0.03766363, -0.00676358,
        0.03344659, -0.02038218,  0.05753521,  0.03775746, -0.07272173,
        0.01907567, -0.015686  , -0.05439878,  0.14361139, -0.00025216,
        0.03178253,  0.0062434 , -0.00304887, -0.06219243, -0.02826699,
       -0.00910163, -0.09910089, -0.01606037,  0.06168795,  0.0098385 ,
       -0.12958725,  0.00110367,  0.04562255, -0.00180867,  0.02932858], dtype=float32), array([ 0.02680751,  0.04727677, -0.06050132,  0.00206487, -0.08270186,
       -0.01245693, -0.00054257,  0.0113468 , -0.01521472, -0.04853117,
        0.03372854, -0.00625577, -0.00078465, -0.01370615, -0.02110725,
       -0.02961509,  0.01555625,  0.078755  ,  0.01335291, -0.00025019,
        0.00200074,  0.04672508, -0.0117307 ,  0.00606868,  0.01399616,
        0.06124549,  0.07315557, -0.00891316,  0.01533852,  0.01079187,
       -0.01668997,  0.01868686, -0.06734075, -0.0476731 , -0.06002721,
        0.05295174, -0.05140688, -0.06221951, -0.00589995,  0.02464877,
        0.04209223,  0.07913459, -0.03313499,  0.04359175,  0.08648071,
       -0.04490939,  0.06883693,  0.03602673, -0.00489428, -0.0083419 ,
       -0.00508416,  0.01151525, -0.02192898, -0.01646799,  0.05361466,
        0.0596862 ,  0.04129499, -0.02542075,  0.0562289 , -0.07774439,
        0.00391977,  0.01609493,  0.02819711,  0.05421709, -0.01873124,
        0.0404695 , -0.04293056,  0.01188029, -0.05629211, -0.03055908,
        0.02476546,  0.03944882, -0.03002098,  0.07120671, -0.01357736,
        0.06052086, -0.03748712,  0.05744421, -0.03111282, -0.04414449,
        0.0236698 ,  0.00979095, -0.03962953,  0.11644384, -0.02811956,
        0.07300584,  0.00017889,  0.02254969, -0.05955263, -0.04862851,
       -0.01476874, -0.05146657,  0.00095682,  0.08839408,  0.00392852,
       -0.10143719,  0.02807125,  0.0009587 , -0.01384574,  0.05312941], dtype=float32), array([ 0.02596716,  0.01930458, -0.04166944, -0.0040234 , -0.07808805,
       -0.01653886, -0.03625784,  0.02925785, -0.03035232, -0.04755852,
       -0.0087493 , -0.00293679,  0.05722973, -0.02093276,  0.02089025,
       -0.07198196,  0.03209734,  0.0914249 ,  0.00324832, -0.00349115,
       -0.04910552,  0.04300957, -0.00464556,  0.01259431, -0.05738889,
        0.02107307,  0.05609223,  0.03138659,  0.00984553,  0.03464634,
       -0.03913976,  0.05081003, -0.04997146, -0.03012271, -0.04062935,
        0.02352484, -0.03039811, -0.06083373, -0.00704596,  0.07128064,
        0.06193497,  0.04028819,  0.01266536,  0.0188461 ,  0.04328921,
       -0.02504717,  0.05532476,  0.01898411,  0.07635839, -0.01924184,
        0.01314219, -0.00364094, -0.0225063 , -0.00769676,  0.02331081,
        0.04405928,  0.00338319, -0.04719028,  0.0110396 , -0.0943144 ,
        0.03300491, -0.03308179,  0.02387387,  0.04953016, -0.02366269,
        0.05299444, -0.00303018, -0.0126421 , -0.05741021, -0.02528376,
        0.04236564,  0.05232402, -0.02236704,  0.07267972,  0.02192829,
        0.01295234, -0.04777622,  0.02606127, -0.01052358, -0.06973287,
        0.03370457,  0.04869055, -0.02543201,  0.11216447, -0.02174141,
        0.0171589 , -0.01728608,  0.02073537, -0.04542709, -0.01497875,
       -0.042944  , -0.04565031,  0.00834964,  0.04225449,  0.01371636,
       -0.03822216,  0.0250286 , -0.02802827, -0.0197811 ,  0.06286501], dtype=float32), array([ 0.0072546 ,  0.0541053 , -0.02656388,  0.0254963 , -0.05093396,
       -0.01487139, -0.00275211,  0.044709  , -0.05770876, -0.03580368,
        0.04104313, -0.0436731 ,  0.05065366, -0.03848895, -0.01042734,
       -0.00591878, -0.01948435,  0.09689631,  0.02816769, -0.01690717,
       -0.01933579,  0.04600509, -0.01006835, -0.00195945, -0.02912595,
        0.03084216,  0.07956928,  0.02261075,  0.00795209,  0.01073464,
       -0.03072166,  0.03573333, -0.05734129, -0.01852683, -0.04849541,
        0.06660379, -0.06423074, -0.0514151 , -0.08096815,  0.08284997,
        0.04717917,  0.06763582, -0.00703475,  0.02090337,  0.07622555,
        0.02895556,  0.07151198,  0.01521577,  0.03677069,  0.01135506,
       -0.01062128, -0.03794154,  0.01707885, -0.05270115,  0.03254828,
        0.09197931, -0.0143354 , -0.03174293,  0.02548595, -0.09088754,
        0.03641376, -0.00904435, -0.02158603,  0.03692143, -0.0106868 ,
        0.04392902, -0.02762572, -0.00028495, -0.04418424, -0.00931483,
        0.04083303,  0.06558552, -0.03958302,  0.07224949, -0.00561965,
        0.01007346, -0.05691968,  0.01885418, -0.01187612, -0.0837957 ,
        0.00763302,  0.03129395, -0.06570578,  0.12576671,  0.030185  ,
        0.02836621,  0.02017876,  0.01615418, -0.07344257, -0.0113396 ,
       -0.03732052, -0.00612307, -0.00713438,  0.06620815, -0.0068128 ,
       -0.0596801 , -0.00977435, -0.01494442, -0.02095758,  0.02190309], dtype=float32), array([ 0.04517652,  0.10088222, -0.09926815,  0.00922997, -0.12455156,
       -0.00358558, -0.0182737 ,  0.01058313, -0.00357967, -0.03530859,
        0.01685092, -0.02117077, -0.03099328, -0.03482767,  0.00321277,
       -0.05084837, -0.00153189,  0.06409501, -0.01250538,  0.01043008,
       -0.02794101,  0.0309619 ,  0.00477245, -0.03068577, -0.04615123,
        0.01363976,  0.07720228, -0.0330436 ,  0.034436  ,  0.0046123 ,
       -0.0240053 ,  0.02859019, -0.03322616, -0.00714328, -0.02028788,
        0.01621863, -0.05059187, -0.08806065, -0.03132971,  0.03965928,
        0.02669203,  0.03572391, -0.0102659 ,  0.0085106 ,  0.07001484,
        0.01847286,  0.09499342,  0.03920798, -0.03469945, -0.00567926,
        0.00660268, -0.01412076,  0.01126869,  0.03566864,  0.02960743,
        0.05286474,  0.03115751, -0.04258652,  0.01472593, -0.10839042,
        0.04893827, -0.02296836, -0.00256687,  0.06335686, -0.07408058,
        0.03360855, -0.00228531,  0.000809  , -0.02455499, -0.08872552,
        0.03205979,  0.0537843 ,  0.01938333,  0.01373119, -0.01667226,
        0.05422963, -0.07521811,  0.0688014 , -0.0077647 , -0.03778284,
       -0.01240316,  0.02827622,  0.01074726,  0.17491262, -0.02252656,
        0.0274143 ,  0.01578441,  0.00353872, -0.06305797, -0.05071509,
       -0.01991724, -0.05252516,  0.01345692,  0.05913757,  0.01882739,
       -0.11043422,  0.06538139, -0.01026034, -0.01317901,  0.09017204], dtype=float32), array([ 0.04555244,  0.01612922, -0.03361211, -0.00419939, -0.09398722,
       -0.00976375, -0.0159839 ,  0.02522605, -0.04476859,  0.0064275 ,
        0.04792152,  0.00039271, -0.00239387, -0.00985964, -0.03125701,
       -0.04855338,  0.02016674,  0.0671928 ,  0.02651229, -0.02083676,
       -0.0271577 ,  0.06012495,  0.00528061, -0.01584214, -0.04542956,
        0.04294337, -0.00726575,  0.01746441,  0.02907802, -0.01946791,
       -0.02047844,  0.04828618, -0.03761617, -0.00436748, -0.00972762,
        0.01819323, -0.02237184, -0.01787916, -0.03089909,  0.02921885,
        0.0232229 ,  0.00208834,  0.0024324 ,  0.03391272,  0.10462056,
        0.00086673,  0.06655081,  0.04391879, -0.00545063, -0.0059103 ,
       -0.0075575 ,  0.00936401, -0.01085045,  0.00535719,  0.0389467 ,
        0.03345126, -0.00965118, -0.02697932,  0.05813771, -0.10593582,
        0.03738656, -0.02178968,  0.01596201,  0.03127883, -0.04852905,
        0.02070803, -0.00081192,  0.00735991, -0.02168941, -0.04984063,
        0.06311879,  0.02164834, -0.02844612,  0.02693146, -0.01714441,
        0.01926276, -0.02917069,  0.04063763,  0.00723217, -0.0595406 ,
        0.01481646,  0.01091116, -0.04789223,  0.13845161, -0.00505517,
        0.00793318,  0.03342304,  0.01025666, -0.0344654 , -0.03406478,
       -0.01302007, -0.06766046, -0.01596935,  0.0403103 , -0.00686047,
       -0.06075392,  0.00519373,  0.01892227, -0.05053393,  0.03042324], dtype=float32), array([-0.01716325,  0.04829491, -0.08235963,  0.03828269, -0.09102221,
       -0.00751692, -0.02113948,  0.02450544, -0.02157103, -0.05027941,
        0.01562735, -0.02980693, -0.00034387, -0.00763954,  0.00734269,
       -0.05064101, -0.00988589,  0.09573284,  0.05911094, -0.01180047,
       -0.06177325,  0.04846068,  0.00960399,  0.00992285, -0.04114854,
        0.00024007,  0.10493282, -0.01312852,  0.008658  , -0.05240368,
       -0.02192546,  0.03095172, -0.06619833, -0.00185024, -0.05181597,
       -0.02139426, -0.01363322, -0.09445003, -0.03110813,  0.11232607,
        0.02104212,  0.05452751,  0.03830685,  0.01060648,  0.05939415,
        0.0010054 ,  0.11364072,  0.00766934,  0.00107325,  0.03074422,
        0.01622636, -0.027607  , -0.01399968,  0.03312745,  0.03761317,
        0.06478998, -0.003862  , -0.03536736,  0.0578132 , -0.08182046,
        0.03483408, -0.01704595,  0.00141774,  0.04023081, -0.03685797,
        0.04069691,  0.00369773,  0.00385367, -0.00548632, -0.05417767,
        0.02189349,  0.05439213, -0.01272424,  0.03855957,  0.00652401,
        0.0574104 , -0.07681587,  0.02225786, -0.02842754, -0.06937942,
        0.01924346,  0.01332934, -0.02063374,  0.15206574, -0.02740124,
        0.00277504,  0.03881822,  0.00774245, -0.04832896, -0.0561109 ,
       -0.07111836, -0.05896122, -0.03841575,  0.06741584,  0.04063979,
       -0.06989034,  0.03391153, -0.00847371, -0.05143958,  0.07265096], dtype=float32), array([-0.01470597,  0.0366091 , -0.09062401,  0.0307071 , -0.09269381,
       -0.02236889, -0.02736326,  0.01463298, -0.01023293, -0.03491055,
        0.02560114, -0.03951212, -0.02621241, -0.03869654, -0.01066644,
       -0.04531172,  0.01622654,  0.09158681,  0.04217828, -0.01266234,
       -0.06115776,  0.04898823, -0.03578556,  0.02045368, -0.04292464,
        0.02632933,  0.08120683, -0.03039994,  0.00232575, -0.03566173,
       -0.00922017,  0.01950089, -0.03128204, -0.0218028 , -0.05866954,
       -0.01339286, -0.02024876, -0.06319304, -0.01640717,  0.10929241,
        0.02055693,  0.0684955 ,  0.02802035,  0.01125249,  0.05115486,
        0.00965599,  0.07823604, -0.01061559, -0.00380966,  0.01881961,
        0.03358722, -0.03187269,  0.00132962,  0.03284018,  0.02887393,
        0.04791551,  0.0154668 , -0.0380376 ,  0.06895053, -0.07492708,
        0.04568579, -0.00953749, -0.00472581,  0.03745124, -0.02465157,
        0.0207615 , -0.02771103,  0.00281595, -0.00694297, -0.06422011,
        0.02105047,  0.06099314,  0.01197057,  0.04494496, -0.00611069,
        0.06567076, -0.06102965,  0.02762524,  0.00200948, -0.05651637,
        0.00727821,  0.02171095, -0.01573705,  0.15630022, -0.02599812,
        0.0170402 ,  0.01670234, -0.0002786 , -0.03917269, -0.04473395,
       -0.03368579, -0.05522619, -0.02018442,  0.06962246,  0.02652363,
       -0.08761959,  0.01478119, -0.01150493, -0.06874836,  0.08376384], dtype=float32), array([ 0.02198197,  0.06204775, -0.04419016,  0.03981637, -0.06363253,
       -0.03676577, -0.00270759,  0.02970402, -0.04786536, -0.04257988,
        0.00564462, -0.03634614,  0.05004201, -0.0332602 ,  0.00700516,
       -0.00023447, -0.01346152,  0.09142894,  0.01765149,  0.00801122,
       -0.03700746,  0.06034332,  0.00291285,  0.01658696, -0.03138607,
        0.02188484,  0.07439744,  0.02975738,  0.02357185,  0.01850376,
       -0.0469304 ,  0.05871132, -0.09667003, -0.00288243, -0.04611712,
        0.03463611, -0.06365257, -0.07168335, -0.09275507,  0.07176461,
        0.00192255,  0.06263871, -0.00334363,  0.02059548,  0.04233748,
       -0.00641544,  0.07321034,  0.00472886,  0.04702393, -0.01109922,
        0.00340826, -0.01846614,  0.01233667, -0.05703813,  0.01649217,
        0.066319  ,  0.01355804, -0.02325936,  0.01820214, -0.09085162,
        0.03598514, -0.00527617, -0.04785967,  0.04793062, -0.02634606,
        0.03261189, -0.00961868,  0.00975182, -0.05268837, -0.00807362,
        0.05596301,  0.04625318, -0.02372008,  0.07192182,  0.01631275,
        0.04954245, -0.0660909 ,  0.00539648, -0.02436026, -0.0771571 ,
       -0.01830682,  0.03569511, -0.06815634,  0.14981899,  0.04309543,
        0.0291632 ,  0.00720369,  0.03351422, -0.06279828, -0.02842782,
       -0.02497106, -0.00972345,  0.00976284,  0.06458288,  0.00125217,
       -0.02296127,  0.03727008,  0.00131458, -0.01909601,  0.02136196], dtype=float32), array([ 0.00820764,  0.03753734, -0.03731699,  0.00361511, -0.10366172,
        0.0364224 , -0.04348404,  0.03273299, -0.04262454, -0.0225047 ,
        0.04800608, -0.00851105, -0.00338142, -0.00849745, -0.03289099,
       -0.02915952,  0.00070425,  0.06491005,  0.01114293, -0.01249645,
       -0.00438891,  0.03704487, -0.0078871 , -0.0037607 , -0.01042712,
        0.04744284,  0.04543324,  0.00103028,  0.00877341, -0.02559894,
       -0.03929662,  0.02379584, -0.07166436,  0.00583626, -0.02350355,
        0.051024  , -0.03382923, -0.07295397, -0.04864137,  0.04532803,
        0.06442254,  0.04736459, -0.00691449,  0.05035205,  0.07010482,
        0.00663579,  0.08115152,  0.04034864, -0.00500722,  0.00285972,
       -0.01564256, -0.01651183, -0.03686073, -0.02722897,  0.01796834,
        0.07239886, -0.00509995, -0.00705309,  0.02850776, -0.11163735,
        0.02476643, -0.03193082,  0.02055652,  0.04277098, -0.06952873,
        0.03847045, -0.00118731,  0.00109793, -0.03558134, -0.07499356,
        0.0444396 ,  0.06539489, -0.05502556,  0.07965767,  0.00624302,
        0.05553554, -0.01907313,  0.03537153, -0.02270711, -0.07435779,
        0.02241113,  0.03023401, -0.02285949,  0.13755785,  0.03354396,
        0.01151222,  0.00186793,  0.01406717, -0.10758285, -0.00964419,
       -0.02559001, -0.04500565, -0.03950682,  0.06457903,  0.03365615,
       -0.09687771,  0.00864737,  0.02510437, -0.0178365 ,  0.01000096], dtype=float32), array([ 0.05864576,  0.01447757, -0.05894876, -0.00608751, -0.08619114,
       -0.016829  , -0.02118928, -0.02272093, -0.01474751,  0.0010461 ,
        0.04684309, -0.0091916 , -0.0210175 , -0.04659454,  0.01385392,
       -0.04844199,  0.04589111,  0.08841224, -0.00386352, -0.0393737 ,
       -0.06188792,  0.05544229, -0.02983124,  0.00340887, -0.04684731,
        0.06671511,  0.03486388,  0.02545678,  0.01910767,  0.01496676,
       -0.07497358,  0.05596728, -0.06875719,  0.01440112, -0.04316676,
        0.02314322, -0.05338622, -0.01901945, -0.01886274,  0.05327473,
        0.02608181,  0.06076474, -0.04695278,  0.057369  ,  0.05080062,
       -0.00496093,  0.06511983,  0.00073268,  0.02663455, -0.01009146,
        0.0174975 , -0.02276368, -0.01999306, -0.01558137,  0.02722353,
        0.05960827,  0.01193992, -0.03934709,  0.03816392, -0.07989044,
        0.04525772,  0.00286058, -0.00410014,  0.03953465, -0.03216311,
        0.0065895 , -0.00360574,  0.01367023, -0.04093302, -0.04113609,
        0.02676834,  0.04117117, -0.03116188,  0.09689119,  0.01314931,
        0.03557726, -0.07686334,  0.03184662, -0.00596331, -0.07554729,
        0.01936731, -0.0047384 , -0.07386398,  0.16619651, -0.01446659,
        0.0188735 ,  0.03226655, -0.02043566, -0.05952896, -0.04690197,
       -0.01964192, -0.08495902,  0.01880968,  0.05377969,  0.01920639,
       -0.04893774,  0.02634822,  0.00927185, -0.03221349,  0.06963497], dtype=float32), array([ 0.01566417,  0.05784383, -0.06800694, -0.00915718, -0.08323766,
       -0.01885669, -0.01517609, -0.0140403 ,  0.01646743, -0.05632112,
        0.02425611, -0.01223834,  0.01208034, -0.03963875, -0.02464271,
       -0.03218561,  0.01417019,  0.06593523, -0.01273523,  0.01255807,
       -0.00545053,  0.0495839 , -0.01058048, -0.01258973, -0.03004695,
        0.02449125,  0.08282848,  0.01881282,  0.05134489,  0.0083593 ,
       -0.03993558,  0.0246604 , -0.06343716, -0.01482331, -0.05197294,
        0.04390104, -0.05547677, -0.0450617 , -0.00521317,  0.02724725,
        0.05502265,  0.03048774, -0.00552591,  0.08061764,  0.09214364,
       -0.03500792,  0.02489552,  0.08718684,  0.00789168, -0.03425083,
       -0.02014844, -0.0212506 ,  0.00068359, -0.02463344,  0.02091752,
        0.04308081,  0.02614787, -0.03097205,  0.03943232, -0.10531203,
        0.01558306,  0.00251407,  0.02640382,  0.08752163, -0.03009298,
        0.02687611, -0.02458559, -0.01922939, -0.06229985, -0.06347558,
       -0.01409261,  0.04690578, -0.01256708,  0.05586763,  0.00325256,
        0.07082266, -0.04203322,  0.06447233, -0.04501821, -0.08478135,
        0.00218667,  0.01453809, -0.01839046,  0.1322646 ,  0.0111426 ,
        0.06942758,  0.00681823,  0.03990061, -0.02902053, -0.01232801,
       -0.02725105, -0.02247924, -0.00166536,  0.07419049,  0.00482778,
       -0.07571344,  0.0524433 , -0.01888372, -0.01827642,  0.10286378], dtype=float32), array([ 0.06908532,  0.02254444, -0.09722823,  0.01636931, -0.11530422,
       -0.01387052, -0.05323938,  0.00959431, -0.04534109, -0.04280181,
        0.00759482, -0.02388749,  0.00389419, -0.01926933, -0.00492216,
       -0.07550132, -0.0025067 ,  0.07381311,  0.00764403, -0.02000665,
       -0.03006959,  0.03807097, -0.02147019,  0.00200731, -0.02734022,
        0.0565449 ,  0.05397765,  0.00211272, -0.01777447,  0.02346124,
       -0.02379483,  0.04071958, -0.04378367,  0.00436752, -0.0448526 ,
        0.01523717, -0.04905263, -0.09513099, -0.0554394 ,  0.03499867,
        0.02916317,  0.00998575, -0.01299436,  0.03446108,  0.0584911 ,
        0.01891712,  0.0652492 , -0.01336092,  0.01509142,  0.00625379,
       -0.00040098, -0.01474844,  0.00718801,  0.00129089, -0.02780338,
        0.03417436, -0.00448361, -0.02264634,  0.02579735, -0.11414555,
        0.04618934, -0.02018303,  0.01259749,  0.0390797 , -0.05155822,
        0.0040591 , -0.00647709,  0.01662267, -0.02384788, -0.03757005,
        0.05793422,  0.02968471, -0.00335132,  0.01649986, -0.0006829 ,
        0.05113197, -0.06418616,  0.0381926 , -0.01414428, -0.05826095,
       -0.00731671,  0.02554867, -0.04924646,  0.16147286, -0.01116567,
       -0.02217005,  0.01867668,  0.01074601, -0.04153609, -0.04711506,
       -0.0103789 , -0.04242563, -0.0242374 ,  0.04441373, -0.01717469,
       -0.08129447,  0.00301034, -0.02137766, -0.02744499,  0.06825863], dtype=float32), array([ 0.06585561,  0.04777911, -0.06939586,  0.00206041, -0.0934139 ,
        0.02901169, -0.04668399,  0.05524963, -0.0099246 , -0.00562181,
        0.01661884, -0.01967902,  0.0169727 , -0.01707923, -0.01687902,
       -0.05118915,  0.02728039,  0.07623835,  0.01345954,  0.00148572,
        0.03664403,  0.03532331,  0.00060224, -0.0440089 , -0.01993232,
        0.03352775,  0.07222816,  0.00458999, -0.01403474, -0.02103828,
       -0.01582113,  0.02511206, -0.04714128, -0.02388296, -0.03616865,
        0.04207224, -0.07242923, -0.07502099, -0.02906429,  0.01614761,
        0.0646938 ,  0.05588671, -0.0471157 ,  0.0201392 ,  0.08090298,
        0.00740113,  0.04304701,  0.03280896,  0.01170574,  0.00579217,
       -0.01536614, -0.02073054, -0.00066924, -0.01096416, -0.00262891,
        0.04629278,  0.01882702, -0.06185438,  0.0467217 , -0.10056446,
        0.01719666, -0.0529795 ,  0.0352816 ,  0.02674542, -0.06991732,
        0.06331809, -0.00850415,  0.00249457, -0.05032678, -0.05249228,
        0.01456305,  0.06993819, -0.0272687 ,  0.06419529,  0.00346248,
        0.03917878, -0.05463816,  0.07192707, -0.03630592, -0.08699905,
        0.009246  , -0.00554784, -0.00497189,  0.17423278,  0.00173553,
        0.03602171,  0.03405637, -0.03764978, -0.04318857, -0.0283439 ,
       -0.06388669, -0.0518923 , -0.03508733,  0.08445386, -0.0081574 ,
       -0.10476686,  0.01373343,  0.00486152, -0.0181867 ,  0.06072149], dtype=float32), array([ 0.02829616,  0.01220595, -0.04674726,  0.01552849, -0.05757359,
        0.01314793, -0.0203804 ,  0.00477428, -0.01481384, -0.04517703,
        0.06653968, -0.01721781,  0.0346691 , -0.0040587 ,  0.00293682,
       -0.04528001,  0.02061461,  0.05150972,  0.04349311, -0.02248966,
        0.01474207,  0.07094681, -0.02399487, -0.04169645, -0.06263143,
        0.04782517,  0.04970994,  0.03822641,  0.00392529, -0.01696989,
       -0.04233491,  0.02735031, -0.04321776, -0.01310241, -0.03223465,
        0.029459  , -0.02946881, -0.02255113,  0.0039472 ,  0.02531741,
        0.03702927,  0.02825663, -0.01409581,  0.03361054,  0.10122446,
        0.00396933,  0.0576027 ,  0.03256435, -0.00784429, -0.008774  ,
       -0.0039732 , -0.02967945, -0.01534616, -0.01627803,  0.03471915,
        0.08536934,  0.0128333 , -0.04524811,  0.05387234, -0.09460102,
       -0.0015052 , -0.02601267,  0.0231171 ,  0.02597929, -0.02425813,
        0.04724131, -0.00058834,  0.00843594, -0.04503283, -0.0368227 ,
        0.04602001,  0.0491764 , -0.0278866 ,  0.05764597,  0.00867265,
        0.02121096, -0.03701672,  0.04879001, -0.00074234, -0.0759987 ,
        0.02583541,  0.01863122, -0.05373611,  0.11639571,  0.00668398,
        0.02322857,  0.05020333, -0.01645476, -0.0431308 , -0.01959442,
       -0.05512412, -0.05108164, -0.01407341,  0.06461464, -0.00831147,
       -0.06175651,  0.01613805,  0.01663996, -0.05056764,  0.06907364], dtype=float32), array([ 0.01637247,  0.00409111, -0.02199132, -0.00489845, -0.06925683,
        0.0003498 ,  0.00642691,  0.01069724, -0.03043069, -0.02706711,
        0.02865559, -0.02002667,  0.02824378, -0.05753354, -0.01702574,
       -0.07020061,  0.00881865,  0.08187401, -0.01184427, -0.00345074,
       -0.0451876 ,  0.0079809 ,  0.00726322,  0.02118685, -0.0425953 ,
        0.03095341,  0.07947554,  0.00186921,  0.04281092, -0.00614374,
        0.00342709,  0.00982598, -0.06665584, -0.00719547, -0.00540975,
        0.03874063, -0.05416088, -0.10077935, -0.04129472,  0.04700862,
        0.07860337,  0.05205283,  0.01600709,  0.06451672,  0.0640033 ,
        0.00928594,  0.05751769,  0.02108303,  0.02948146,  0.01358291,
       -0.00700571, -0.01422659, -0.03765921, -0.05426341, -0.00426418,
        0.07642352, -0.03052313, -0.01518934,  0.02843652, -0.09460119,
       -0.00183514, -0.05740137,  0.03738742,  0.07239853, -0.02203872,
        0.05774822, -0.02752602,  0.00754972, -0.05046403, -0.04350448,
        0.02410078,  0.04823939, -0.0480631 ,  0.08613352, -0.01966367,
        0.07782579, -0.05824382,  0.03140014, -0.00141988, -0.0494586 ,
        0.00584777,  0.00393301, -0.03828068,  0.10842478,  0.02439686,
        0.00435707,  0.03950516,  0.03632468, -0.06576353, -0.03052174,
       -0.07367837, -0.03652016, -0.02433686,  0.05961263, -0.03204588,
       -0.07856025,  0.01494774, -0.00296362, -0.03118343,  0.0325507 ], dtype=float32), array([ 0.02150789,  0.02350332, -0.06868125,  0.02325713, -0.0956703 ,
        0.00997681, -0.03852909,  0.04742182, -0.00936869, -0.0503722 ,
        0.00877124,  0.00284043,  0.00442757,  0.02628225,  0.00150314,
       -0.08613   ,  0.00404882,  0.08635025,  0.01535512, -0.03995057,
       -0.02291383,  0.06941897,  0.01202976,  0.02970947, -0.05556178,
        0.05281265,  0.04556405, -0.01478267,  0.01362852, -0.01531703,
       -0.00177956,  0.02364103, -0.01249687,  0.03019289, -0.06062288,
       -0.03241925,  0.00303173, -0.10464457, -0.03167377, -0.02127009,
        0.03873976,  0.03138695,  0.00507482,  0.02308158,  0.06485445,
       -0.01040644,  0.09943701,  0.05278897,  0.03054061, -0.00079452,
       -0.02166061, -0.00031452, -0.02714153, -0.03762903,  0.02806476,
        0.069535  , -0.02820173, -0.03987851,  0.02819395, -0.08794101,
       -0.01168159, -0.02438949,  0.05068823,  0.01917565, -0.04656591,
        0.06041642,  0.0016786 ,  0.00861215, -0.03394458, -0.04442989,
        0.08345346,  0.04185978, -0.02975977,  0.01284918,  0.00970049,
        0.04429547, -0.0702432 ,  0.08001827,  0.00140394, -0.0637591 ,
        0.01188302,  0.02127536, -0.03516185,  0.1550581 , -0.0002101 ,
        0.0167571 ,  0.03935521,  0.00273079, -0.03725995, -0.04268683,
       -0.0566728 , -0.07397734, -0.07253649,  0.04261095,  0.02311367,
       -0.0894271 , -0.00597222, -0.01330975, -0.06291083,  0.07798331], dtype=float32), array([ 0.07317384,  0.02340697, -0.07166082,  0.01010644, -0.09085011,
       -0.01058332, -0.02599644, -0.04457796, -0.007097  , -0.02053448,
        0.0441955 ,  0.01588442,  0.00060166, -0.04402459,  0.00956954,
       -0.05174336,  0.02514152,  0.0633346 , -0.0108565 , -0.02201656,
       -0.09384299,  0.04452851, -0.02176188,  0.01160808, -0.03734119,
        0.06580814,  0.03239566,  0.03006551,  0.02639962,  0.00665301,
       -0.06720908,  0.0519268 , -0.08425432,  0.01465424, -0.02274385,
        0.00191985, -0.07306559, -0.04666473, -0.03452936,  0.03180264,
        0.00304266,  0.05603753, -0.04272452,  0.06120793,  0.04227387,
       -0.00635471,  0.06472529, -0.01709131,  0.02547202, -0.01166271,
        0.02832991, -0.02773816, -0.00735587, -0.0223072 ,  0.00262646,
        0.03415217, -0.00821031, -0.02232673,  0.03300598, -0.07633728,
        0.05200168, -0.00523406, -0.00247796,  0.0630649 , -0.04075526,
       -0.01252626, -0.01446589,  0.01739676, -0.03550549, -0.0430643 ,
        0.03002336,  0.03029422, -0.01672078,  0.09768228,  0.02667804,
        0.05573043, -0.08031113,  0.03897405, -0.02739872, -0.05925319,
        0.02300582,  0.00212823, -0.05623252,  0.15466489,  0.01143626,
        0.00481738,  0.03827826, -0.00303311, -0.05515862, -0.04438663,
       -0.03447254, -0.07320326, -0.01423669,  0.06819179,  0.00408691,
       -0.0261072 ,  0.00756795, -0.0085624 , -0.02396107,  0.05689861], dtype=float32), array([ 0.01530977,  0.01635242, -0.06057828, -0.01239347, -0.06523889,
       -0.01121145, -0.00394642, -0.00618252, -0.01604949, -0.00295884,
        0.06152306, -0.02810346,  0.01073859, -0.02789915,  0.01530714,
       -0.04455629,  0.00330828,  0.06549684, -0.00128286, -0.02386335,
       -0.06477872,  0.08382523,  0.00692322, -0.0123172 , -0.02139549,
        0.02460041,  0.06294105,  0.00716915,  0.04483531,  0.01078153,
       -0.04432137,  0.04476624, -0.03370435, -0.01702679, -0.03310443,
        0.02879496, -0.03035951, -0.03813319, -0.0222702 ,  0.02905971,
        0.00763832,  0.02015009, -0.03255107,  0.04769415,  0.0775608 ,
       -0.00102198,  0.05432535, -0.01510088,  0.01014492, -0.0242586 ,
        0.0184716 ,  0.01133532,  0.01770794, -0.02242461,  0.02339089,
        0.05559611, -0.00514376, -0.03587974,  0.03438462, -0.07122833,
        0.03664485, -0.00879153,  0.01632093,  0.06224734, -0.04371871,
        0.02391036, -0.02274784, -0.00079275, -0.01702565, -0.02407435,
        0.04916797,  0.04434063, -0.03409308,  0.08215982,  0.00764055,
        0.03093528, -0.08787391,  0.03114752, -0.01058549, -0.06406772,
        0.01363664, -0.00356991, -0.03362755,  0.14667648, -0.0165488 ,
        0.0205604 ,  0.01384917,  0.00535658, -0.06036583, -0.06145316,
       -0.03003784, -0.07494775, -0.0023024 ,  0.06176752,  0.03202113,
       -0.06417388,  0.03003988, -0.0110999 , -0.00024281,  0.03596823], dtype=float32), array([ 0.01789647,  0.0240268 , -0.02706286,  0.00209414, -0.07381054,
        0.01807826, -0.00921522,  0.03480422, -0.0446466 , -0.04825323,
        0.03669028, -0.02098571,  0.0219375 , -0.02465851, -0.0007137 ,
       -0.01444059, -0.00108082,  0.07964171,  0.03951309,  0.00385534,
       -0.00362451,  0.06230722,  0.00761713, -0.00682023, -0.02337041,
        0.04516796,  0.06392759,  0.03422002,  0.03544447,  0.00920118,
       -0.05325479,  0.0304746 , -0.07749273,  0.00308127, -0.02968305,
        0.03063526, -0.05272399, -0.07167581, -0.07252949,  0.07336132,
        0.03719431,  0.05024654,  0.00566219,  0.03771527,  0.07163441,
       -0.01672431,  0.07620909,  0.02988159,  0.01969305, -0.01169532,
        0.00224047, -0.0244726 , -0.00792851, -0.04606148,  0.00726813,
        0.08466376, -0.01748159, -0.01442861,  0.04570059, -0.10455137,
        0.02498537, -0.02532922,  0.00948383,  0.03819676, -0.04316611,
        0.0485301 , -0.00298636, -0.01637133, -0.04211618, -0.04276477,
        0.0577758 ,  0.05957447, -0.04615675,  0.06893038, -0.00721767,
        0.04537506, -0.06220753,  0.0237997 , -0.00579857, -0.09116703,
        0.00618013,  0.01755989, -0.07070568,  0.15201923,  0.01930351,
        0.00928241,  0.01464494, -0.00073612, -0.0844983 , -0.02978957,
       -0.03539812, -0.02536701, -0.00315853,  0.09472121,  0.00727002,
       -0.06828342,  0.00315593,  0.00557447, -0.0309423 ,  0.02584745], dtype=float32), array([ 0.00529117,  0.03007088, -0.07542678,  0.0026152 , -0.05146038,
       -0.03761054,  0.02436341,  0.0072401 , -0.03380619, -0.05123376,
        0.08979731, -0.05539776,  0.01160405, -0.05090334,  0.00552619,
       -0.04433374,  0.02963322,  0.07134082,  0.01240334, -0.01467433,
       -0.04886498,  0.01794459, -0.01241797,  0.00599776, -0.01678546,
        0.05537781,  0.09062133,  0.03379462,  0.02521313, -0.01471528,
       -0.01941099,  0.04122139, -0.07037748, -0.02351332, -0.04450881,
        0.05087702, -0.04220252, -0.07921978, -0.03065857,  0.07347709,
        0.01939647,  0.03634669, -0.03206431,  0.06320184,  0.09332591,
       -0.02971668,  0.07215719,  0.02043729,  0.00790498,  0.01643686,
        0.02179277, -0.0300263 , -0.00021352, -0.0085424 ,  0.03475725,
        0.09562298, -0.02617291, -0.03343224,  0.07535464, -0.06892229,
        0.01861228, -0.02194558,  0.01261402,  0.05187509, -0.02753296,
        0.03060719, -0.02136102,  0.01829762, -0.03256005,  0.00458744,
        0.01595647,  0.04609925, -0.00897375,  0.06078891, -0.0162896 ,
        0.01560162, -0.04843729,  0.03713506, -0.02881226, -0.05232477,
       -0.00195612,  0.00746505, -0.03935177,  0.11249019, -0.02208021,
        0.02778335,  0.05530575, -0.0173002 , -0.0448527 , -0.06295665,
       -0.04744568, -0.05346555, -0.01674942,  0.09781467, -0.0016903 ,
       -0.03502776,  0.03795953,  0.00824535,  0.0130386 ,  0.05475022], dtype=float32), array([ 0.03508845,  0.03529599, -0.07618611,  0.01226182, -0.07739328,
        0.02721476, -0.03220773,  0.04100056, -0.03813786, -0.01844536,
        0.04287089, -0.01600507,  0.00161903, -0.02832637, -0.05208169,
       -0.05439459,  0.01235353,  0.11372416,  0.03344471, -0.01646205,
        0.00042782,  0.06069513,  0.0034428 ,  0.00481157, -0.02397717,
        0.02275442,  0.06163465,  0.00467223,  0.0013301 , -0.01577605,
       -0.00522634,  0.01773709, -0.03218256, -0.00687441, -0.03832425,
        0.04108052, -0.02929567, -0.08803757, -0.01786775,  0.04283382,
        0.0458572 ,  0.01963645, -0.03248311,  0.03607654,  0.10488913,
        0.02280995,  0.06377009,  0.01737007, -0.01261416,  0.00300843,
       -0.02386718,  0.00148452, -0.028798  , -0.01989611,  0.02945043,
        0.0552924 , -0.01053911, -0.03871857,  0.05830684, -0.13097228,
        0.00614924, -0.04097705,  0.04242424,  0.04285482, -0.0233095 ,
        0.04738239, -0.00774016,  0.01424765, -0.01928156, -0.06257249,
        0.04268697,  0.03682262, -0.03733585,  0.03269709, -0.00099117,
        0.04010739, -0.04174572,  0.05856776,  0.01677461, -0.06770518,
        0.0132714 ,  0.01863991, -0.01835806,  0.1525075 , -0.00560085,
        0.02326051,  0.04606546,  0.0087019 , -0.0338666 , -0.04377352,
       -0.03098517, -0.0745166 , -0.02608994,  0.05008506,  0.01778821,
       -0.10138992,  0.03692996, -0.00185725, -0.05394652,  0.05938227], dtype=float32), array([ 0.01363347,  0.01341902, -0.06663257,  0.00474779, -0.07861748,
        0.02168659, -0.01548406,  0.0426945 ,  0.00830748, -0.03353921,
        0.05912052, -0.01002533,  0.00588669, -0.01287544, -0.05779984,
       -0.02537918,  0.00894444,  0.09023419,  0.01959012, -0.01372331,
       -0.00700218,  0.06917191,  0.02915884,  0.00929441, -0.00422518,
        0.04010363,  0.04007722, -0.01518922,  0.01170341,  0.01084843,
       -0.00523939,  0.01358683, -0.03542022, -0.00553785, -0.05015896,
        0.04104497, -0.03926213, -0.07316809, -0.01274618,  0.03765375,
        0.02698919,  0.00738729, -0.04922863,  0.05852006,  0.07808208,
        0.00297993,  0.05321737,  0.03293421, -0.00375373, -0.00895033,
       -0.01013155,  0.00907901, -0.02728688, -0.04041467, -0.00146814,
        0.04784866, -0.01450801, -0.03052298,  0.02761555, -0.09908175,
        0.00497869, -0.02890574,  0.04478702,  0.05344649, -0.02445365,
        0.00501194, -0.00248815, -0.03402951, -0.01605975, -0.06334647,
        0.05383982,  0.05096814, -0.06124617,  0.0392761 ,  0.01041318,
        0.04006189, -0.01758676,  0.06022965,  0.02552453, -0.05683302,
       -0.00156402, -0.00315201, -0.01608535,  0.14061776, -0.00027903,
        0.03136987,  0.0087992 , -0.00519229, -0.05081163, -0.04126678,
       -0.00474208, -0.0293846 , -0.06239296,  0.07083011,  0.03823874,
       -0.08847402,  0.03768213, -0.03218231, -0.03188857,  0.05607662], dtype=float32), array([ 0.02648496,  0.05275845, -0.09247546, -0.01786697, -0.09490822,
       -0.01013407, -0.03463938,  0.02200973,  0.009707  , -0.00464515,
        0.03666051, -0.06235716, -0.01150109, -0.0597443 , -0.005974  ,
       -0.06788672,  0.0460428 ,  0.06013837, -0.01006806,  0.00778823,
       -0.01953536, -0.00912355,  0.00148437, -0.02396247, -0.05068572,
        0.02712296,  0.10919125,  0.01812538,  0.02087748, -0.00291448,
       -0.03067324, -0.00255471, -0.07076129, -0.01774401, -0.03351524,
        0.05972634, -0.054547  , -0.06877399, -0.00927144,  0.05156366,
        0.04369146,  0.02162574, -0.04928641,  0.08518312,  0.07611441,
        0.02114241,  0.05558896,  0.05247245, -0.00886577,  0.01625246,
        0.00067597, -0.02191326,  0.02314601, -0.0011313 ,  0.02022469,
        0.07642187,  0.01826606, -0.04051957,  0.08252902, -0.1072185 ,
        0.03913504, -0.03754589,  0.02740921,  0.05544962, -0.07429264,
        0.03519255, -0.02186316, -0.0051203 , -0.06392152, -0.05377993,
        0.00654915,  0.03104059,  0.01057129,  0.06521429,  0.01055765,
        0.05709898, -0.0360477 ,  0.05461004, -0.00488715, -0.0515471 ,
       -0.01431101,  0.0257997 , -0.0053005 ,  0.16965154, -0.00415892,
        0.02002752,  0.02946571, -0.03879941, -0.0657091 , -0.05347291,
       -0.04050019, -0.02220905,  0.00353631,  0.06594992, -0.00908258,
       -0.0657611 ,  0.06326788,  0.01334358, -0.01563339,  0.090796  ], dtype=float32), array([ 0.01574963, -0.0107178 , -0.03411726, -0.00924325, -0.06631396,
       -0.00615261, -0.00961606,  0.03297783, -0.0321974 , -0.00574206,
        0.02810782,  0.01660997,  0.01974935, -0.02252036, -0.0402128 ,
       -0.08372638,  0.02039797,  0.11425129,  0.00924679, -0.03954823,
       -0.04538839,  0.05574467, -0.02805386, -0.00669345,  0.00410301,
        0.05236392,  0.01626219,  0.00351293,  0.02145673,  0.01494104,
       -0.02940692,  0.04594134, -0.02976385, -0.02441307, -0.05374055,
        0.05839506, -0.01919636, -0.0326517 ,  0.00500338,  0.03091163,
        0.0656786 ,  0.04553081, -0.02469679,  0.04603576,  0.03379778,
       -0.00866099,  0.0317896 ,  0.02218149,  0.02768219, -0.07006095,
        0.02328908, -0.01364962,  0.02158497, -0.00646271,  0.00349918,
        0.01347322, -0.03018293, -0.00665258,  0.08818433, -0.09797418,
        0.02036632,  0.00267408,  0.06324616,  0.08596183, -0.0455431 ,
        0.00144064, -0.01443495, -0.01965605, -0.04186491, -0.03500254,
        0.06101422,  0.07050063, -0.03467545,  0.05283765, -0.02963205,
        0.04590647, -0.08656026,  0.02645783,  0.00854918, -0.0602269 ,
        0.01802446,  0.00794403, -0.05274059,  0.1641525 , -0.00372799,
       -0.03089607, -0.00026449,  0.04868328, -0.03038277, -0.04786961,
       -0.01696136, -0.07090618, -0.06295263,  0.05195327, -0.00976727,
       -0.0559899 ,  0.01067235, -0.00423081, -0.02709122,  0.07384539], dtype=float32), array([-0.00050415,  0.00879757, -0.06076111, -0.0037884 , -0.1139493 ,
       -0.01215299,  0.01834411,  0.01632677, -0.03622005, -0.02184822,
        0.04996199, -0.03029955, -0.01520565, -0.04322114,  0.00141316,
       -0.03637594,  0.00147216,  0.09839465,  0.00321948, -0.03503473,
       -0.02613548,  0.07592654,  0.00410197, -0.01287766, -0.05745269,
        0.06973937,  0.0332743 , -0.02191504,  0.01528795, -0.01922856,
       -0.01224553,  0.0396737 , -0.03247586, -0.01553727, -0.0311133 ,
        0.01580704, -0.02754053, -0.06091809, -0.03007071,  0.02317329,
        0.01200639,  0.06094186,  0.00375281,  0.04334207,  0.09616093,
        0.01723368,  0.06897415,  0.06048621,  0.01634192, -0.0190687 ,
        0.03168568,  0.01583662, -0.00226221, -0.0347405 , -0.00446988,
        0.02704959, -0.02980108, -0.01080612,  0.03816349, -0.08648267,
        0.04197943, -0.00942185,  0.00822381,  0.05498257, -0.04863779,
        0.04857804,  0.00066594,  0.01171448, -0.02695088, -0.04117174,
        0.06045256,  0.02630001, -0.01136125,  0.02846425, -0.02485582,
        0.03230931, -0.03882911,  0.05700142,  0.00535898, -0.05530045,
       -0.00757475,  0.01558837, -0.04386026,  0.16676308,  0.02464798,
        0.01931755,  0.04080613, -0.01446872, -0.06563432, -0.0642428 ,
       -0.03003568, -0.05148579, -0.03070534,  0.05823925,  0.00724701,
       -0.08673098,  0.01462422, -0.00480604, -0.02555263,  0.04300594], dtype=float32), array([-0.00949257,  0.06213211, -0.07694735,  0.04459442, -0.09524571,
       -0.02273062, -0.0275895 ,  0.02803012, -0.02451926, -0.05307038,
       -0.002338  , -0.01609545, -0.00057211, -0.01175507,  0.01819981,
       -0.03433893, -0.00171712,  0.08536441,  0.05259702, -0.00447644,
       -0.04383355,  0.04672369, -0.00278727,  0.0169005 , -0.03984688,
        0.0296184 ,  0.1066927 , -0.00575744,  0.00154899, -0.03637492,
       -0.03293201,  0.03284502, -0.07434606,  0.00207038, -0.05921241,
       -0.01988302, -0.02864888, -0.09025553, -0.05124556,  0.10957324,
        0.01824451,  0.07515044,  0.03836255,  0.00218026,  0.05602583,
       -0.01163365,  0.11459401,  0.00200212, -0.00214361,  0.01508656,
        0.02419499, -0.0293901 , -0.01336462,  0.02560237,  0.03545379,
        0.06024213,  0.02348229, -0.02784729,  0.05495428, -0.07838747,
        0.04956047, -0.00752442, -0.01176207,  0.03590593, -0.03161725,
        0.0252403 ,  0.00240589,  0.00851521, -0.01285486, -0.06100804,
        0.03680484,  0.05292879, -0.01116547,  0.04637223,  0.0052159 ,
        0.06572612, -0.08365154,  0.02553286, -0.0260995 , -0.06922527,
        0.01079763,  0.01735493, -0.0204612 ,  0.16596037, -0.01406041,
        0.00727043,  0.01915881, -0.00208131, -0.06593599, -0.04778932,
       -0.06669195, -0.05464501, -0.01393721,  0.08700778,  0.02897542,
       -0.08057165,  0.02715134, -0.00530755, -0.05123056,  0.06362672], dtype=float32), array([ 0.06061517,  0.05925007, -0.07745139,  0.02113011, -0.08892279,
        0.03400679, -0.05297711, -0.00140732, -0.01346956, -0.02146381,
       -0.0094005 , -0.02420408, -0.05972315, -0.04068856, -0.03878476,
       -0.03108616,  0.01158614,  0.09021105, -0.0022157 ,  0.01627526,
       -0.02550859,  0.03135511,  0.01753899, -0.00024158, -0.0334514 ,
       -0.00992719,  0.04855271,  0.02422548,  0.02376011,  0.00768959,
       -0.03111264,  0.00280965, -0.03092244, -0.03735599, -0.04432434,
        0.04985433, -0.05805106, -0.06482463,  0.00807185,  0.02948258,
        0.02419249,  0.02986101, -0.05661013,  0.05668109,  0.06243156,
       -0.00548407,  0.02998973,  0.08518694, -0.01307767, -0.01351667,
       -0.01812235,  0.00853621, -0.01882525, -0.01080893,  0.0375394 ,
        0.01343967,  0.01481066, -0.05646528,  0.06848574, -0.10935483,
        0.04146074, -0.04220367,  0.00600939,  0.05789457, -0.07989994,
        0.03068726, -0.0060212 , -0.01808945, -0.06618118, -0.06358014,
       -0.00151909,  0.05102205, -0.0287136 ,  0.01604601,  0.00336964,
        0.0838206 , -0.01038321,  0.0550694 , -0.00400727, -0.05423769,
        0.0445077 ,  0.02201442, -0.00584314,  0.17212293,  0.00893483,
        0.03828114,  0.03919921, -0.00420857, -0.07497414, -0.03585966,
       -0.0212176 , -0.06783967, -0.01414252,  0.06305107,  0.00438698,
       -0.09401025,  0.08865368,  0.00894777, -0.0348705 ,  0.06596354], dtype=float32), array([ 0.01200017,  0.05832948, -0.03150566,  0.03162018, -0.05556181,
       -0.02703352, -0.00240341,  0.03471997, -0.05068764, -0.05229764,
        0.00763652, -0.03252945,  0.05639939, -0.02766282,  0.00384061,
       -0.00066089, -0.01158538,  0.09359164,  0.02825989,  0.00332495,
       -0.03481383,  0.05405008,  0.008546  ,  0.00577383, -0.03255463,
        0.02652234,  0.08266424,  0.03466726,  0.02527627,  0.01081723,
       -0.04945333,  0.05721861, -0.09052278,  0.00728359, -0.05043891,
        0.0375138 , -0.05264707, -0.08162386, -0.1005541 ,  0.0808998 ,
        0.0210898 ,  0.06520021, -0.00090811,  0.02404188,  0.04912734,
       -0.0031586 ,  0.08490621,  0.00379195,  0.05453838, -0.01075708,
        0.00834533, -0.02364782,  0.01134658, -0.061431  ,  0.02127875,
        0.08276958,  0.01213162, -0.01366381,  0.02111306, -0.09713688,
        0.0403691 , -0.00888994, -0.03879337,  0.04418271, -0.01780638,
        0.0320242 , -0.00221935,  0.00273341, -0.05500543, -0.01260297,
        0.05641343,  0.0487146 , -0.03561531,  0.07514455,  0.01182656,
        0.03916983, -0.0699741 ,  0.00685653, -0.03151896, -0.08897241,
       -0.0031118 ,  0.03355855, -0.07209827,  0.15185881,  0.04228632,
        0.02299266, -0.00041298,  0.03084091, -0.06347421, -0.0289595 ,
       -0.03668768, -0.00746117,  0.01558804,  0.0715993 , -0.00082726,
       -0.03020372,  0.02680094, -0.00954774, -0.02092385,  0.02922867], dtype=float32), array([ 0.02231382,  0.00989142, -0.04984004, -0.01171828, -0.08393919,
        0.02370752, -0.02651946,  0.05157609,  0.01870898, -0.02961883,
        0.05543479, -0.01615866,  0.02907902, -0.03433767, -0.01749646,
       -0.02816894, -0.00886719,  0.07075337, -0.00779727, -0.02034533,
        0.01364481, -0.00332169,  0.04013633, -0.02311122, -0.02675658,
        0.02752   ,  0.07790506,  0.00865408,  0.02593412, -0.01084511,
       -0.02716896,  0.00367758, -0.0697832 , -0.01357336, -0.03472018,
        0.07727621, -0.07491708, -0.06896645, -0.01312761,  0.05134007,
        0.05276346,  0.03889443, -0.00809849,  0.04366023,  0.08426221,
       -0.0084477 ,  0.02513299,  0.0305439 , -0.00586732, -0.00787648,
       -0.0018037 , -0.01197898, -0.04386793, -0.01709631,  0.00661856,
        0.04024396, -0.00336733, -0.05460294,  0.02689933, -0.11104237,
       -0.01293291, -0.03518534,  0.03733177,  0.03579832, -0.03164848,
        0.01407561, -0.03595424, -0.02501868, -0.0429107 , -0.05938647,
        0.04240723,  0.07330506, -0.04259361,  0.03160074, -0.01472585,
        0.00900299, -0.00860284,  0.05801364,  0.00364442, -0.04967862,
       -0.00538168,  0.00199897, -0.01524898,  0.08417428,  0.02343637,
        0.04150464,  0.01344902,  0.01491086, -0.0184307 , -0.0126965 ,
        0.00501264, -0.0253139 , -0.00929947,  0.07232238,  0.01418629,
       -0.08018073,  0.00419577, -0.02573769,  0.00102533,  0.06300236], dtype=float32), array([ 0.03146853,  0.0433869 , -0.10242563,  0.02842875, -0.10898469,
        0.01478877, -0.0375279 ,  0.02664127, -0.01486585, -0.00865132,
        0.03080385, -0.00118703, -0.04538811,  0.01965022, -0.00111726,
       -0.03436191, -0.02582805,  0.05055871,  0.01026068, -0.02092526,
       -0.01611603,  0.09859273,  0.00220159, -0.00165828, -0.03580444,
        0.02991866,  0.05861062, -0.02689111,  0.03904825, -0.02213803,
       -0.0295146 ,  0.0100318 , -0.03537983, -0.00734213, -0.01803783,
       -0.01484221, -0.02320001, -0.0483859 , -0.00421589,  0.00084666,
        0.02004127,  0.0349743 , -0.00714032,  0.01111083,  0.06619285,
        0.01139869,  0.06160402,  0.03068229, -0.00241554,  0.00355899,
       -0.02369797, -0.00173099,  0.00088514,  0.0224614 ,  0.04214592,
        0.02794021,  0.02397264, -0.03416881,  0.03125485, -0.07045287,
        0.02881888, -0.0300094 ,  0.0035498 ,  0.00691593, -0.05702243,
        0.0573425 , -0.00615428,  0.02586402, -0.02274419, -0.07283079,
        0.05238653,  0.05788582, -0.00343083,  0.02742231, -0.0089592 ,
        0.07629903, -0.04059275,  0.03890135,  0.00602559, -0.05657684,
        0.0217235 ,  0.00392489, -0.00558125,  0.17190926, -0.03559274,
        0.02944644,  0.0045909 , -0.00370463, -0.05557768, -0.02692945,
       -0.02715173, -0.068704  , -0.01155798,  0.03510197,  0.00370997,
       -0.10572778,  0.06771128,  0.00734892, -0.04162892,  0.06350919], dtype=float32), array([-0.00279675,  0.03020976,  0.00148751,  0.00221077, -0.07148947,
       -0.01756261, -0.00182325,  0.04259107, -0.05720763, -0.05430954,
        0.0147568 , -0.01930625,  0.04398625, -0.02321081,  0.00261398,
       -0.01837475,  0.00425365,  0.09736566,  0.02291232,  0.00709252,
       -0.0248623 ,  0.03321218,  0.01722858, -0.00329834, -0.02259322,
        0.04265742,  0.06314749,  0.02148805,  0.03251718,  0.00171478,
       -0.02049776,  0.03697149, -0.08083905, -0.00278693, -0.03003491,
        0.0446203 , -0.03519378, -0.03737492, -0.04207087,  0.0782339 ,
        0.05956406,  0.0532078 ,  0.01289811,  0.03666937,  0.06512868,
       -0.04001633,  0.06655117,  0.02930596,  0.05922086, -0.00606142,
        0.0189249 , -0.00797021,  0.00149704, -0.05110222,  0.0221834 ,
        0.06956369, -0.01767749, -0.02330921,  0.02537953, -0.10673761,
        0.03644955, -0.00553   , -0.01932003,  0.03709996, -0.02176283,
        0.04048201, -0.01111822, -0.02658566, -0.05930163, -0.01100924,
        0.02565118,  0.08190379, -0.03634878,  0.0586044 , -0.00685572,
        0.04383256, -0.06080965,  0.01847936, -0.01711787, -0.09183628,
        0.01444643,  0.04548015, -0.03025264,  0.13931547,  0.044129  ,
        0.02816896, -0.01355265,  0.02175128, -0.07516615, -0.03261416,
       -0.04316182, -0.0093878 ,  0.00543419,  0.07516557, -0.0103902 ,
       -0.02431754,  0.00909195, -0.00639592, -0.00675825,  0.02909162], dtype=float32), array([ 0.06189065,  0.06269927, -0.08748903,  0.01025609, -0.09397645,
       -0.00743126, -0.03922241,  0.04232808, -0.04005094, -0.0313064 ,
        0.01703122, -0.04079092,  0.03538046, -0.02440863, -0.00827737,
       -0.03910154,  0.01681929,  0.08148711, -0.00286378,  0.00398873,
       -0.02446481,  0.06045325,  0.00724395,  0.00679816, -0.02943785,
        0.02118344,  0.08193989,  0.00164501,  0.00020123, -0.01719965,
       -0.03279   ,  0.04302953, -0.06333659, -0.01238786, -0.04450155,
        0.01753573, -0.06139106, -0.08348923, -0.03074165,  0.05656737,
        0.05066795,  0.04542067, -0.02202868,  0.00680918,  0.06246055,
        0.00347309,  0.06757821, -0.00066379,  0.02617714,  0.00421933,
       -0.00715136, -0.0020907 , -0.02410777, -0.01169902,  0.00830271,
        0.04978577,  0.0162244 , -0.04820888,  0.02276939, -0.09768478,
        0.03628526, -0.0402911 , -0.00108961,  0.04958766, -0.04919636,
        0.03529336, -0.00331195,  0.00355013, -0.03432815, -0.0426502 ,
        0.03830109,  0.0674577 , -0.03359069,  0.06888025,  0.01313509,
        0.06634229, -0.05399543,  0.01906479, -0.03513876, -0.0701678 ,
       -0.0029097 ,  0.03724859, -0.02577543,  0.14452311,  0.01785186,
        0.04599237,  0.02219119,  0.02007495, -0.05807358, -0.05475108,
       -0.03386188, -0.04957627, -0.00658146,  0.04886199,  0.01532272,
       -0.05184855,  0.04204231, -0.00978693, -0.03340537,  0.05844376], dtype=float32), array([ 0.07666172,  0.02485422, -0.04395158, -0.00353098, -0.09273787,
       -0.01159762, -0.03298602, -0.00592757,  0.02116714,  0.00454799,
        0.04629223,  0.02840878,  0.00718979, -0.02841004, -0.01946959,
       -0.05797964,  0.02856703,  0.04771606,  0.00769036, -0.01066263,
       -0.04488747,  0.02969177, -0.02998223, -0.00552448, -0.03154517,
        0.06108342,  0.05662103,  0.02762385,  0.01981718, -0.0354013 ,
       -0.03144334,  0.04704997, -0.04590478, -0.03291792, -0.01235011,
        0.05165055, -0.07649566, -0.04030302, -0.02572965,  0.03105776,
       -0.02245216,  0.05423523, -0.03843214,  0.04059086,  0.03069013,
       -0.00075693,  0.04343695,  0.00033864, -0.01421774,  0.00409719,
        0.02435755, -0.01265047, -0.01141082, -0.00449686, -0.03056935,
        0.01910731,  0.01366494, -0.0300705 ,  0.01588517, -0.06302416,
        0.02771911,  0.00789421,  0.00483711,  0.05611204, -0.0301297 ,
       -0.01925678, -0.01039099,  0.00177162, -0.02472206, -0.03801394,
        0.02394898,  0.05162676, -0.00395658,  0.05787104,  0.0110958 ,
        0.03570873, -0.06677078,  0.04830424, -0.01958491, -0.03387337,
        0.02589835,  0.00423812, -0.03328   ,  0.08897383,  0.00854715,
        0.02162216,  0.02253109,  0.00050361, -0.00967197, -0.01972053,
       -0.02154436, -0.0583611 , -0.00411748,  0.06798322,  0.00068126,
       -0.03381906, -0.00679108, -0.00791312, -0.02859561,  0.06354745], dtype=float32), array([-0.03411668,  0.05897935, -0.1088558 ,  0.0397212 , -0.10841586,
       -0.01619361, -0.03458925,  0.02831799, -0.02338711, -0.05079796,
        0.00323952, -0.03394874, -0.04225277, -0.01684764,  0.00247261,
       -0.05414463, -0.00041942,  0.07462279,  0.06845542, -0.00273148,
       -0.05421712,  0.03422932,  0.00115383,  0.03729712, -0.033289  ,
        0.0230227 ,  0.11173338, -0.04495418, -0.01750198, -0.07021556,
        0.004291  ,  0.02042369, -0.0525495 , -0.00504325, -0.06174107,
       -0.04191555,  0.00304203, -0.10480228, -0.00815878,  0.12215081,
        0.02999705,  0.05910457,  0.0518287 , -0.00955259,  0.06263392,
       -0.00155481,  0.12914518,  0.00682045, -0.04446225,  0.03822548,
        0.03477008, -0.03973067, -0.02033628,  0.07715867,  0.05574047,
        0.05868041,  0.00953862, -0.03109212,  0.09333081, -0.08614332,
        0.04558763, -0.01223283,  0.0141459 ,  0.02718395, -0.04108495,
        0.03850608, -0.00263854,  0.00673862,  0.0085297 , -0.08679428,
        0.02553449,  0.05305364,  0.00629031,  0.01669738, -0.01563043,
        0.08289057, -0.06741993,  0.03464055, -0.00503087, -0.05317083,
        0.01205547, -0.00212786,  0.02142308,  0.1828898 , -0.04933976,
       -0.00793603,  0.04127846, -0.01533749, -0.06097434, -0.05624348,
       -0.08567657, -0.07233578, -0.05609199,  0.0958366 ,  0.05489869,
       -0.10650921,  0.02778327,  0.00090353, -0.06398288,  0.09192548], dtype=float32), None]
