[array([ 0.,  0.,  0.,  0.,  0.,  0.,  0.,  0.,  0.,  0.,  0.,  0.,  0.,
        0.,  0.,  0.,  0.,  0.,  0.,  0.,  0.,  0.,  0.,  0.,  0.,  0.,
        0.,  0.,  0.,  0.,  0.,  0.,  0.,  0.,  0.,  0.,  0.,  0.,  0.,
        0.,  0.,  0.,  0.,  0.,  0.,  0.,  0.,  0.,  0.,  0.,  0.,  0.,
        0.,  0.,  0.,  0.,  0.,  0.,  0.,  0.,  0.,  0.,  0.,  0.,  0.,
        0.,  0.,  0.,  0.,  0.,  0.,  0.,  0.,  0.,  0.,  0.,  0.,  0.,
        0.,  0.,  0.,  0.,  0.,  0.,  0.,  0.,  0.,  0.,  0.,  0.,  0.,
        0.,  0.,  0.,  0.,  0.,  0.,  0.,  0.,  0.], dtype=float32), array([ 0.,  0.,  0.,  0.,  0.,  0.,  0.,  0.,  0.,  0.,  0.,  0.,  0.,
        0.,  0.,  0.,  0.,  0.,  0.,  0.,  0.,  0.,  0.,  0.,  0.,  0.,
        0.,  0.,  0.,  0.,  0.,  0.,  0.,  0.,  0.,  0.,  0.,  0.,  0.,
        0.,  0.,  0.,  0.,  0.,  0.,  0.,  0.,  0.,  0.,  0.,  0.,  0.,
        0.,  0.,  0.,  0.,  0.,  0.,  0.,  0.,  0.,  0.,  0.,  0.,  0.,
        0.,  0.,  0.,  0.,  0.,  0.,  0.,  0.,  0.,  0.,  0.,  0.,  0.,
        0.,  0.,  0.,  0.,  0.,  0.,  0.,  0.,  0.,  0.,  0.,  0.,  0.,
        0.,  0.,  0.,  0.,  0.,  0.,  0.,  0.,  0.], dtype=float32), array([ 0.,  0.,  0.,  0.,  0.,  0.,  0.,  0.,  0.,  0.,  0.,  0.,  0.,
        0.,  0.,  0.,  0.,  0.,  0.,  0.,  0.,  0.,  0.,  0.,  0.,  0.,
        0.,  0.,  0.,  0.,  0.,  0.,  0.,  0.,  0.,  0.,  0.,  0.,  0.,
        0.,  0.,  0.,  0.,  0.,  0.,  0.,  0.,  0.,  0.,  0.,  0.,  0.,
        0.,  0.,  0.,  0.,  0.,  0.,  0.,  0.,  0.,  0.,  0.,  0.,  0.,
        0.,  0.,  0.,  0.,  0.,  0.,  0.,  0.,  0.,  0.,  0.,  0.,  0.,
        0.,  0.,  0.,  0.,  0.,  0.,  0.,  0.,  0.,  0.,  0.,  0.,  0.,
        0.,  0.,  0.,  0.,  0.,  0.,  0.,  0.,  0.], dtype=float32), array([ -5.43090064e-05,   8.21157591e-05,   4.01432153e-05,
        -1.26604587e-04,  -1.96732672e-05,   1.48755003e-04,
        -4.80255148e-05,  -3.71941533e-05,  -1.29317603e-04,
        -8.34925086e-05,   2.34440449e-04,   7.33748602e-05,
         4.38430798e-05,  -2.43687136e-05,   9.64013743e-05,
        -1.35121067e-04,  -9.81996209e-07,   1.83777709e-04,
        -2.43599607e-05,  -1.72182277e-04,   8.66382743e-06,
         9.97024472e-05,  -4.50618900e-05,   9.41420367e-05,
         9.45342472e-05,   1.17298878e-04,  -1.20049983e-04,
         8.60918080e-05,   7.34656278e-05,  -1.65088524e-04,
         7.83481591e-05,   8.65746915e-05,   2.37155564e-05,
        -2.83563841e-05,  -5.66511480e-05,  -1.04905179e-04,
         6.65386469e-05,  -1.19910197e-04,  -5.53716891e-05,
         2.93938283e-05,  -7.51060143e-05,   8.72318924e-05,
        -1.79740280e-04,   1.92452528e-04,   1.03342581e-05,
        -1.48058883e-04,   1.53891397e-05,  -7.44219142e-05,
        -6.06482245e-05,  -3.81112659e-05,   5.81089989e-05,
        -7.34631249e-05,   1.04303064e-04,  -1.93901124e-05,
        -8.66435439e-05,  -4.74815852e-06,   4.45955120e-05,
         1.67696009e-04,  -6.69859000e-05,   1.36770846e-04,
         1.54730205e-05,  -2.45544288e-05,   6.11210999e-05,
         1.31836714e-04,  -8.21444928e-07,   1.03773971e-04,
        -1.67315928e-04,   7.44944773e-05,   1.45472091e-04,
        -5.73005273e-05,  -2.27847646e-04,   5.18660818e-05,
        -1.27557316e-04,  -9.51452967e-05,   1.48795138e-04,
        -1.46178296e-04,  -3.18413404e-05,   1.08646083e-04,
        -7.52846245e-05,  -1.60405674e-04,  -4.32824127e-05,
         6.60082660e-05,  -7.14041380e-05,   1.12181660e-04,
         1.07103569e-05,   1.33918176e-04,  -5.05613971e-05,
        -2.55748764e-05,  -6.90169963e-06,   7.41879630e-05,
        -6.17374535e-05,   8.01582792e-05,   6.73192335e-05,
        -3.25568581e-05,   1.26510393e-04,   5.74819460e-05,
         1.44353748e-04,  -3.51620874e-05,  -1.91184488e-04,
         1.30624569e-04], dtype=float32), array([ 0.,  0.,  0.,  0.,  0.,  0.,  0.,  0.,  0.,  0.,  0.,  0.,  0.,
        0.,  0.,  0.,  0.,  0.,  0.,  0.,  0.,  0.,  0.,  0.,  0.,  0.,
        0.,  0.,  0.,  0.,  0.,  0.,  0.,  0.,  0.,  0.,  0.,  0.,  0.,
        0.,  0.,  0.,  0.,  0.,  0.,  0.,  0.,  0.,  0.,  0.,  0.,  0.,
        0.,  0.,  0.,  0.,  0.,  0.,  0.,  0.,  0.,  0.,  0.,  0.,  0.,
        0.,  0.,  0.,  0.,  0.,  0.,  0.,  0.,  0.,  0.,  0.,  0.,  0.,
        0.,  0.,  0.,  0.,  0.,  0.,  0.,  0.,  0.,  0.,  0.,  0.,  0.,
        0.,  0.,  0.,  0.,  0.,  0.,  0.,  0.,  0.], dtype=float32), array([ -5.43090064e-05,   8.21157591e-05,   4.01432153e-05,
        -1.26604587e-04,  -1.96732672e-05,   1.48755003e-04,
        -4.80255148e-05,  -3.71941533e-05,  -1.29317603e-04,
        -8.34925086e-05,   2.34440449e-04,   7.33748602e-05,
         4.38430798e-05,  -2.43687136e-05,   9.64013743e-05,
        -1.35121067e-04,  -9.81996209e-07,   1.83777709e-04,
        -2.43599607e-05,  -1.72182277e-04,   8.66382743e-06,
         9.97024472e-05,  -4.50618900e-05,   9.41420367e-05,
         9.45342472e-05,   1.17298878e-04,  -1.20049983e-04,
         8.60918080e-05,   7.34656278e-05,  -1.65088524e-04,
         7.83481591e-05,   8.65746915e-05,   2.37155564e-05,
        -2.83563841e-05,  -5.66511480e-05,  -1.04905179e-04,
         6.65386469e-05,  -1.19910197e-04,  -5.53716891e-05,
         2.93938283e-05,  -7.51060143e-05,   8.72318924e-05,
        -1.79740280e-04,   1.92452528e-04,   1.03342581e-05,
        -1.48058883e-04,   1.53891397e-05,  -7.44219142e-05,
        -6.06482245e-05,  -3.81112659e-05,   5.81089989e-05,
        -7.34631249e-05,   1.04303064e-04,  -1.93901124e-05,
        -8.66435439e-05,  -4.74815852e-06,   4.45955120e-05,
         1.67696009e-04,  -6.69859000e-05,   1.36770846e-04,
         1.54730205e-05,  -2.45544288e-05,   6.11210999e-05,
         1.31836714e-04,  -8.21444928e-07,   1.03773971e-04,
        -1.67315928e-04,   7.44944773e-05,   1.45472091e-04,
        -5.73005273e-05,  -2.27847646e-04,   5.18660818e-05,
        -1.27557316e-04,  -9.51452967e-05,   1.48795138e-04,
        -1.46178296e-04,  -3.18413404e-05,   1.08646083e-04,
        -7.52846245e-05,  -1.60405674e-04,  -4.32824127e-05,
         6.60082660e-05,  -7.14041380e-05,   1.12181660e-04,
         1.07103569e-05,   1.33918176e-04,  -5.05613971e-05,
        -2.55748764e-05,  -6.90169963e-06,   7.41879630e-05,
        -6.17374535e-05,   8.01582792e-05,   6.73192335e-05,
        -3.25568581e-05,   1.26510393e-04,   5.74819460e-05,
         1.44353748e-04,  -3.51620874e-05,  -1.91184488e-04,
         1.30624569e-04], dtype=float32), array([ 0.,  0.,  0.,  0.,  0.,  0.,  0.,  0.,  0.,  0.,  0.,  0.,  0.,
        0.,  0.,  0.,  0.,  0.,  0.,  0.,  0.,  0.,  0.,  0.,  0.,  0.,
        0.,  0.,  0.,  0.,  0.,  0.,  0.,  0.,  0.,  0.,  0.,  0.,  0.,
        0.,  0.,  0.,  0.,  0.,  0.,  0.,  0.,  0.,  0.,  0.,  0.,  0.,
        0.,  0.,  0.,  0.,  0.,  0.,  0.,  0.,  0.,  0.,  0.,  0.,  0.,
        0.,  0.,  0.,  0.,  0.,  0.,  0.,  0.,  0.,  0.,  0.,  0.,  0.,
        0.,  0.,  0.,  0.,  0.,  0.,  0.,  0.,  0.,  0., -0.,  0.,  0.,
        0.,  0.,  0.,  0.,  0.,  0.,  0.,  0.,  0.], dtype=float32), array([ 0.,  0.,  0.,  0.,  0.,  0.,  0.,  0.,  0.,  0.,  0.,  0.,  0.,
        0.,  0.,  0.,  0.,  0.,  0.,  0.,  0.,  0.,  0.,  0.,  0.,  0.,
        0.,  0.,  0.,  0.,  0.,  0.,  0.,  0.,  0.,  0.,  0.,  0.,  0.,
        0.,  0.,  0.,  0.,  0.,  0.,  0.,  0.,  0.,  0.,  0.,  0.,  0.,
        0.,  0.,  0.,  0.,  0.,  0.,  0.,  0.,  0.,  0.,  0.,  0.,  0.,
        0.,  0.,  0.,  0.,  0.,  0.,  0.,  0.,  0.,  0.,  0.,  0.,  0.,
        0.,  0.,  0.,  0.,  0.,  0.,  0.,  0.,  0.,  0.,  0.,  0.,  0.,
        0.,  0.,  0.,  0.,  0.,  0.,  0.,  0.,  0.], dtype=float32), array([ -1.38647956e-04,  -1.16297570e-05,   1.77474401e-04,
         3.94293165e-05,   1.41857763e-05,   9.21089377e-05,
         3.59237602e-05,  -5.99572741e-05,  -3.58784819e-05,
         1.14787101e-04,   9.38658995e-05,   3.10987025e-06,
        -6.43044541e-06,   2.99202929e-05,   1.15484319e-04,
         2.95601385e-05,   8.52712838e-05,  -9.90988774e-05,
        -8.53351739e-05,   2.56298197e-04,   1.78048067e-05,
         1.48169915e-04,  -1.34446149e-04,  -1.43940551e-05,
        -4.24498176e-05,  -2.44314506e-05,   8.22989532e-05,
         1.03221595e-04,   2.80741024e-05,   8.74445032e-05,
         3.87035252e-05,   6.79262594e-05,  -2.39565070e-05,
        -9.73663555e-06,   1.62756143e-04,   3.67538632e-05,
        -2.37420409e-05,   1.67851176e-04,  -8.84974434e-05,
         4.10389985e-05,  -8.07534161e-05,  -1.15833645e-04,
         2.10308994e-04,  -1.14146584e-04,  -3.14008466e-05,
        -1.78622122e-05,  -1.72873897e-05,  -2.13463918e-05,
         1.17806057e-05,   1.16075258e-04,   2.16341796e-04,
         3.18954262e-05,   6.41196311e-05,  -6.71189773e-05,
         1.69465871e-04,   2.41379848e-06,  -8.86966227e-05,
        -1.69636507e-04,   9.92734931e-05,  -5.88630173e-05,
         7.08718799e-05,   1.46595063e-04,   1.42036195e-04,
         2.48127937e-04,   1.48565989e-04,  -1.76619913e-04,
         9.42308252e-05,   3.27098132e-05,   1.32831439e-04,
         4.88549267e-05,  -1.30316694e-04,   6.55745753e-05,
         2.01374605e-05,  -1.65669499e-05,   2.86086088e-05,
         6.79046498e-05,   1.08064400e-04,  -1.00905905e-04,
        -2.26765958e-04,   2.38452139e-05,   1.15377379e-05,
         1.26407846e-04,   1.97946239e-04,  -9.41635735e-05,
         3.93999035e-05,  -6.41294755e-05,  -4.07666193e-05,
         2.76951505e-05,  -7.28585946e-05,   1.71379084e-04,
         5.96181599e-05,  -5.56099440e-05,   1.03395914e-05,
         3.91052781e-05,   2.11891966e-05,   9.82859856e-05,
        -4.38120969e-06,  -7.72362982e-05,   9.71089466e-05,
        -1.88842696e-05], dtype=float32), array([ 0.,  0.,  0.,  0.,  0.,  0.,  0.,  0.,  0.,  0.,  0.,  0.,  0.,
        0.,  0.,  0.,  0.,  0.,  0.,  0.,  0.,  0.,  0.,  0.,  0.,  0.,
        0.,  0.,  0.,  0.,  0.,  0.,  0.,  0.,  0.,  0.,  0.,  0.,  0.,
        0.,  0.,  0.,  0.,  0.,  0.,  0.,  0.,  0.,  0.,  0.,  0.,  0.,
        0.,  0.,  0.,  0.,  0.,  0.,  0.,  0.,  0.,  0.,  0.,  0.,  0.,
        0.,  0.,  0.,  0.,  0.,  0.,  0.,  0.,  0.,  0.,  0.,  0.,  0.,
        0.,  0.,  0.,  0.,  0.,  0.,  0.,  0.,  0.,  0.,  0.,  0.,  0.,
        0.,  0.,  0.,  0.,  0.,  0.,  0.,  0.,  0.], dtype=float32), array([-0.,  0.,  0.,  0.,  0.,  0.,  0.,  0.,  0.,  0.,  0.,  0.,  0.,
        0.,  0.,  0.,  0.,  0.,  0.,  0.,  0.,  0.,  0.,  0.,  0.,  0.,
        0.,  0.,  0.,  0.,  0.,  0.,  0.,  0.,  0.,  0.,  0.,  0.,  0.,
        0.,  0.,  0.,  0.,  0.,  0.,  0.,  0.,  0.,  0.,  0.,  0.,  0.,
        0.,  0.,  0.,  0.,  0.,  0.,  0.,  0.,  0.,  0.,  0.,  0.,  0.,
        0.,  0.,  0.,  0.,  0.,  0.,  0.,  0.,  0.,  0.,  0.,  0.,  0.,
        0.,  0.,  0.,  0.,  0.,  0.,  0.,  0.,  0.,  0.,  0.,  0.,  0.,
        0.,  0.,  0.,  0.,  0.,  0.,  0.,  0.,  0.], dtype=float32), array([ 0.,  0.,  0.,  0.,  0.,  0.,  0.,  0.,  0.,  0.,  0.,  0.,  0.,
        0.,  0.,  0.,  0.,  0.,  0.,  0.,  0.,  0.,  0.,  0.,  0.,  0.,
        0.,  0.,  0.,  0.,  0.,  0.,  0.,  0.,  0.,  0.,  0.,  0.,  0.,
        0.,  0.,  0.,  0.,  0.,  0.,  0.,  0.,  0.,  0.,  0.,  0.,  0.,
        0.,  0.,  0.,  0.,  0.,  0.,  0.,  0.,  0.,  0.,  0.,  0.,  0.,
        0.,  0.,  0.,  0.,  0.,  0.,  0.,  0.,  0.,  0.,  0.,  0.,  0.,
        0.,  0.,  0.,  0.,  0.,  0.,  0.,  0.,  0.,  0.,  0.,  0.,  0.,
        0.,  0.,  0.,  0.,  0.,  0.,  0.,  0.,  0.], dtype=float32), array([ 0.,  0.,  0.,  0.,  0.,  0.,  0.,  0.,  0.,  0.,  0.,  0.,  0.,
        0.,  0.,  0.,  0.,  0.,  0.,  0.,  0.,  0.,  0.,  0.,  0.,  0.,
        0.,  0.,  0.,  0.,  0.,  0.,  0.,  0.,  0.,  0.,  0.,  0.,  0.,
        0.,  0.,  0.,  0.,  0.,  0.,  0.,  0.,  0.,  0.,  0.,  0.,  0.,
        0.,  0.,  0.,  0.,  0.,  0.,  0.,  0.,  0.,  0.,  0.,  0.,  0.,
        0.,  0.,  0.,  0.,  0.,  0.,  0.,  0.,  0.,  0.,  0.,  0.,  0.,
        0.,  0.,  0.,  0.,  0.,  0.,  0.,  0.,  0.,  0.,  0.,  0.,  0.,
        0.,  0.,  0.,  0.,  0.,  0.,  0.,  0.,  0.], dtype=float32), array([ 0.,  0.,  0.,  0.,  0.,  0.,  0.,  0.,  0.,  0.,  0.,  0.,  0.,
        0.,  0.,  0.,  0.,  0.,  0.,  0.,  0.,  0.,  0.,  0.,  0.,  0.,
        0.,  0.,  0.,  0.,  0.,  0.,  0.,  0.,  0.,  0.,  0.,  0.,  0.,
        0.,  0.,  0.,  0.,  0.,  0.,  0.,  0.,  0.,  0.,  0.,  0.,  0.,
        0.,  0.,  0.,  0.,  0.,  0.,  0.,  0.,  0.,  0.,  0.,  0.,  0.,
        0., -0.,  0.,  0.,  0.,  0.,  0.,  0.,  0.,  0.,  0.,  0.,  0.,
        0.,  0.,  0.,  0.,  0.,  0.,  0.,  0.,  0.,  0.,  0.,  0.,  0.,
        0.,  0.,  0.,  0.,  0.,  0.,  0.,  0.,  0.], dtype=float32), array([ 0.,  0.,  0.,  0.,  0.,  0.,  0.,  0.,  0.,  0.,  0.,  0.,  0.,
        0.,  0.,  0.,  0.,  0.,  0.,  0.,  0.,  0.,  0.,  0.,  0.,  0.,
        0.,  0.,  0.,  0.,  0.,  0.,  0.,  0.,  0.,  0.,  0.,  0.,  0.,
        0.,  0.,  0.,  0.,  0.,  0.,  0.,  0.,  0.,  0.,  0.,  0.,  0.,
        0.,  0.,  0.,  0.,  0.,  0.,  0.,  0.,  0.,  0.,  0.,  0.,  0.,
        0., -0.,  0.,  0.,  0.,  0.,  0.,  0.,  0.,  0.,  0.,  0.,  0.,
        0.,  0.,  0.,  0.,  0.,  0.,  0.,  0.,  0.,  0.,  0.,  0.,  0.,
        0.,  0.,  0.,  0.,  0.,  0.,  0.,  0.,  0.], dtype=float32), array([ 0.,  0.,  0.,  0.,  0.,  0.,  0.,  0.,  0.,  0.,  0.,  0.,  0.,
        0.,  0.,  0.,  0.,  0.,  0.,  0.,  0.,  0.,  0.,  0.,  0.,  0.,
        0.,  0.,  0.,  0.,  0.,  0.,  0.,  0.,  0.,  0.,  0.,  0.,  0.,
        0.,  0.,  0.,  0.,  0.,  0.,  0.,  0.,  0.,  0.,  0.,  0.,  0.,
        0.,  0.,  0.,  0.,  0.,  0.,  0.,  0.,  0.,  0.,  0.,  0.,  0.,
        0.,  0.,  0.,  0.,  0.,  0.,  0.,  0.,  0.,  0.,  0.,  0.,  0.,
        0.,  0.,  0.,  0.,  0.,  0.,  0.,  0.,  0.,  0.,  0.,  0.,  0.,
        0.,  0.,  0.,  0.,  0.,  0.,  0.,  0.,  0.], dtype=float32), array([ -5.43090064e-05,   8.21157591e-05,   4.01432153e-05,
        -1.26604587e-04,  -1.96732672e-05,   1.48755003e-04,
        -4.80255148e-05,  -3.71941533e-05,  -1.29317603e-04,
        -8.34925086e-05,   2.34440449e-04,   7.33748602e-05,
         4.38430798e-05,  -2.43687136e-05,   9.64013743e-05,
        -1.35121067e-04,  -9.81996209e-07,   1.83777709e-04,
        -2.43599607e-05,  -1.72182277e-04,   8.66382743e-06,
         9.97024472e-05,  -4.50618900e-05,   9.41420367e-05,
         9.45342472e-05,   1.17298878e-04,  -1.20049983e-04,
         8.60918080e-05,   7.34656278e-05,  -1.65088524e-04,
         7.83481591e-05,   8.65746915e-05,   2.37155564e-05,
        -2.83563841e-05,  -5.66511480e-05,  -1.04905179e-04,
         6.65386469e-05,  -1.19910197e-04,  -5.53716891e-05,
         2.93938283e-05,  -7.51060143e-05,   8.72318924e-05,
        -1.79740280e-04,   1.92452528e-04,   1.03342581e-05,
        -1.48058883e-04,   1.53891397e-05,  -7.44219142e-05,
        -6.06482245e-05,  -3.81112659e-05,   5.81089989e-05,
        -7.34631249e-05,   1.04303064e-04,  -1.93901124e-05,
        -8.66435439e-05,  -4.74815852e-06,   4.45955120e-05,
         1.67696009e-04,  -6.69859000e-05,   1.36770846e-04,
         1.54730205e-05,  -2.45544288e-05,   6.11210999e-05,
         1.31836714e-04,  -8.21444928e-07,   1.03773971e-04,
        -1.67315928e-04,   7.44944773e-05,   1.45472091e-04,
        -5.73005273e-05,  -2.27847646e-04,   5.18660818e-05,
        -1.27557316e-04,  -9.51452967e-05,   1.48795138e-04,
        -1.46178296e-04,  -3.18413404e-05,   1.08646083e-04,
        -7.52846245e-05,  -1.60405674e-04,  -4.32824127e-05,
         6.60082660e-05,  -7.14041380e-05,   1.12181660e-04,
         1.07103569e-05,   1.33918176e-04,  -5.05613971e-05,
        -2.55748764e-05,  -6.90169963e-06,   7.41879630e-05,
        -6.17374535e-05,   8.01582792e-05,   6.73192335e-05,
        -3.25568581e-05,   1.26510393e-04,   5.74819460e-05,
         1.44353748e-04,  -3.51620874e-05,  -1.91184488e-04,
         1.30624569e-04], dtype=float32), array([ 0.,  0.,  0.,  0.,  0.,  0.,  0.,  0.,  0.,  0.,  0.,  0.,  0.,
        0.,  0.,  0.,  0.,  0.,  0.,  0.,  0.,  0.,  0.,  0.,  0.,  0.,
        0.,  0.,  0.,  0.,  0.,  0.,  0.,  0.,  0.,  0.,  0.,  0.,  0.,
        0.,  0.,  0.,  0.,  0.,  0.,  0.,  0.,  0.,  0.,  0.,  0.,  0.,
        0.,  0.,  0.,  0.,  0.,  0.,  0.,  0.,  0.,  0.,  0.,  0.,  0.,
        0.,  0.,  0.,  0.,  0.,  0.,  0.,  0.,  0.,  0.,  0.,  0.,  0.,
        0.,  0.,  0.,  0.,  0.,  0.,  0.,  0.,  0.,  0.,  0.,  0.,  0.,
        0.,  0.,  0.,  0.,  0.,  0.,  0.,  0.,  0.], dtype=float32), array([ 0.,  0.,  0.,  0.,  0.,  0.,  0.,  0.,  0.,  0.,  0.,  0.,  0.,
        0.,  0.,  0.,  0.,  0.,  0.,  0.,  0.,  0.,  0.,  0.,  0.,  0.,
        0.,  0.,  0.,  0.,  0.,  0.,  0.,  0.,  0.,  0.,  0.,  0.,  0.,
        0.,  0.,  0.,  0.,  0.,  0.,  0.,  0.,  0.,  0.,  0.,  0.,  0.,
        0.,  0.,  0.,  0.,  0.,  0.,  0.,  0.,  0.,  0.,  0.,  0.,  0.,
        0.,  0.,  0.,  0.,  0.,  0.,  0.,  0.,  0.,  0.,  0.,  0.,  0.,
        0.,  0.,  0.,  0.,  0.,  0.,  0.,  0.,  0.,  0.,  0.,  0.,  0.,
        0.,  0.,  0.,  0.,  0.,  0.,  0.,  0.,  0.], dtype=float32), array([ 0.,  0.,  0.,  0.,  0.,  0.,  0.,  0.,  0.,  0.,  0.,  0.,  0.,
        0.,  0.,  0.,  0.,  0.,  0.,  0.,  0.,  0.,  0.,  0.,  0.,  0.,
        0.,  0.,  0.,  0.,  0.,  0.,  0.,  0.,  0.,  0.,  0.,  0.,  0.,
        0.,  0.,  0.,  0.,  0.,  0.,  0.,  0.,  0.,  0.,  0.,  0.,  0.,
        0.,  0.,  0.,  0.,  0.,  0.,  0.,  0.,  0.,  0.,  0.,  0.,  0.,
        0.,  0.,  0.,  0.,  0.,  0.,  0.,  0.,  0.,  0.,  0.,  0.,  0.,
        0.,  0.,  0.,  0.,  0.,  0.,  0.,  0.,  0.,  0.,  0.,  0.,  0.,
        0.,  0.,  0.,  0.,  0.,  0.,  0.,  0.,  0.], dtype=float32), array([ -5.43090064e-05,   8.21157591e-05,   4.01432153e-05,
        -1.26604587e-04,  -1.96732672e-05,   1.48755003e-04,
        -4.80255148e-05,  -3.71941533e-05,  -1.29317603e-04,
        -8.34925086e-05,   2.34440449e-04,   7.33748602e-05,
         4.38430798e-05,  -2.43687136e-05,   9.64013743e-05,
        -1.35121067e-04,  -9.81996209e-07,   1.83777709e-04,
        -2.43599607e-05,  -1.72182277e-04,   8.66382743e-06,
         9.97024472e-05,  -4.50618900e-05,   9.41420367e-05,
         9.45342472e-05,   1.17298878e-04,  -1.20049983e-04,
         8.60918080e-05,   7.34656278e-05,  -1.65088524e-04,
         7.83481591e-05,   8.65746915e-05,   2.37155564e-05,
        -2.83563841e-05,  -5.66511480e-05,  -1.04905179e-04,
         6.65386469e-05,  -1.19910197e-04,  -5.53716891e-05,
         2.93938283e-05,  -7.51060143e-05,   8.72318924e-05,
        -1.79740280e-04,   1.92452528e-04,   1.03342581e-05,
        -1.48058883e-04,   1.53891397e-05,  -7.44219142e-05,
        -6.06482245e-05,  -3.81112659e-05,   5.81089989e-05,
        -7.34631249e-05,   1.04303064e-04,  -1.93901124e-05,
        -8.66435439e-05,  -4.74815852e-06,   4.45955120e-05,
         1.67696009e-04,  -6.69859000e-05,   1.36770846e-04,
         1.54730205e-05,  -2.45544288e-05,   6.11210999e-05,
         1.31836714e-04,  -8.21444928e-07,   1.03773971e-04,
        -1.67315928e-04,   7.44944773e-05,   1.45472091e-04,
        -5.73005273e-05,  -2.27847646e-04,   5.18660818e-05,
        -1.27557316e-04,  -9.51452967e-05,   1.48795138e-04,
        -1.46178296e-04,  -3.18413404e-05,   1.08646083e-04,
        -7.52846245e-05,  -1.60405674e-04,  -4.32824127e-05,
         6.60082660e-05,  -7.14041380e-05,   1.12181660e-04,
         1.07103569e-05,   1.33918176e-04,  -5.05613971e-05,
        -2.55748764e-05,  -6.90169963e-06,   7.41879630e-05,
        -6.17374535e-05,   8.01582792e-05,   6.73192335e-05,
        -3.25568581e-05,   1.26510393e-04,   5.74819460e-05,
         1.44353748e-04,  -3.51620874e-05,  -1.91184488e-04,
         1.30624569e-04], dtype=float32), array([ 0.,  0.,  0.,  0.,  0.,  0.,  0.,  0.,  0.,  0.,  0.,  0.,  0.,
        0.,  0.,  0.,  0.,  0.,  0.,  0.,  0.,  0.,  0.,  0.,  0.,  0.,
        0.,  0.,  0.,  0.,  0.,  0.,  0.,  0.,  0.,  0.,  0.,  0.,  0.,
        0.,  0.,  0.,  0.,  0.,  0.,  0.,  0.,  0.,  0.,  0.,  0.,  0.,
        0.,  0.,  0.,  0.,  0.,  0.,  0.,  0.,  0.,  0.,  0.,  0.,  0.,
        0.,  0.,  0.,  0.,  0.,  0.,  0.,  0.,  0.,  0.,  0.,  0.,  0.,
        0.,  0.,  0.,  0.,  0.,  0.,  0.,  0.,  0.,  0.,  0.,  0.,  0.,
        0.,  0.,  0.,  0.,  0.,  0.,  0.,  0.,  0.], dtype=float32), array([-0.,  0.,  0.,  0.,  0.,  0.,  0.,  0.,  0.,  0.,  0.,  0.,  0.,
        0.,  0.,  0.,  0.,  0.,  0.,  0.,  0.,  0.,  0.,  0.,  0.,  0.,
        0.,  0.,  0.,  0.,  0.,  0.,  0.,  0.,  0.,  0.,  0.,  0.,  0.,
        0.,  0.,  0.,  0.,  0.,  0.,  0.,  0.,  0.,  0.,  0.,  0.,  0.,
        0.,  0.,  0.,  0.,  0.,  0.,  0.,  0.,  0., -0.,  0.,  0.,  0.,
        0.,  0.,  0.,  0.,  0.,  0.,  0.,  0.,  0.,  0.,  0.,  0.,  0.,
        0.,  0.,  0.,  0.,  0.,  0.,  0.,  0.,  0.,  0.,  0.,  0.,  0.,
        0.,  0.,  0.,  0.,  0.,  0.,  0.,  0.,  0.], dtype=float32), array([ 0.,  0.,  0.,  0.,  0.,  0.,  0.,  0.,  0.,  0.,  0.,  0.,  0.,
        0.,  0.,  0.,  0.,  0.,  0.,  0.,  0.,  0.,  0.,  0.,  0.,  0.,
        0.,  0.,  0.,  0.,  0.,  0.,  0.,  0.,  0.,  0.,  0.,  0.,  0.,
        0.,  0.,  0.,  0.,  0.,  0.,  0.,  0.,  0.,  0.,  0.,  0.,  0.,
        0.,  0.,  0.,  0.,  0.,  0.,  0.,  0.,  0.,  0.,  0.,  0.,  0.,
        0.,  0.,  0.,  0.,  0.,  0.,  0.,  0.,  0.,  0.,  0.,  0.,  0.,
        0.,  0.,  0.,  0.,  0.,  0.,  0.,  0.,  0.,  0.,  0.,  0.,  0.,
        0.,  0.,  0.,  0.,  0.,  0.,  0.,  0.,  0.], dtype=float32), array([ 0.,  0.,  0.,  0.,  0.,  0.,  0.,  0.,  0.,  0.,  0.,  0.,  0.,
        0.,  0.,  0.,  0.,  0.,  0.,  0.,  0.,  0.,  0.,  0.,  0.,  0.,
        0.,  0.,  0.,  0.,  0.,  0.,  0.,  0.,  0.,  0.,  0.,  0.,  0.,
        0.,  0.,  0.,  0.,  0.,  0.,  0.,  0.,  0.,  0.,  0.,  0.,  0.,
        0.,  0.,  0.,  0.,  0.,  0.,  0.,  0.,  0.,  0.,  0.,  0.,  0.,
        0.,  0.,  0.,  0.,  0.,  0.,  0.,  0.,  0.,  0.,  0.,  0.,  0.,
        0.,  0.,  0.,  0.,  0.,  0.,  0.,  0.,  0.,  0.,  0.,  0.,  0.,
        0.,  0.,  0.,  0.,  0.,  0.,  0.,  0.,  0.], dtype=float32), array([ 0.,  0.,  0.,  0.,  0.,  0.,  0.,  0.,  0.,  0.,  0.,  0.,  0.,
        0.,  0.,  0.,  0.,  0.,  0.,  0.,  0.,  0.,  0.,  0.,  0.,  0.,
        0.,  0.,  0.,  0.,  0.,  0.,  0.,  0.,  0.,  0.,  0.,  0.,  0.,
        0.,  0.,  0.,  0.,  0.,  0.,  0.,  0.,  0.,  0.,  0.,  0.,  0.,
        0.,  0.,  0.,  0.,  0.,  0.,  0.,  0.,  0.,  0.,  0.,  0.,  0.,
        0.,  0.,  0.,  0.,  0.,  0.,  0.,  0.,  0.,  0.,  0.,  0.,  0.,
        0.,  0.,  0.,  0.,  0.,  0.,  0.,  0.,  0.,  0.,  0.,  0.,  0.,
        0.,  0.,  0.,  0.,  0.,  0.,  0.,  0.,  0.], dtype=float32), array([ -5.43090064e-05,   8.21157591e-05,   4.01432153e-05,
        -1.26604587e-04,  -1.96732672e-05,   1.48755003e-04,
        -4.80255148e-05,  -3.71941533e-05,  -1.29317603e-04,
        -8.34925086e-05,   2.34440449e-04,   7.33748602e-05,
         4.38430798e-05,  -2.43687136e-05,   9.64013743e-05,
        -1.35121067e-04,  -9.81996209e-07,   1.83777709e-04,
        -2.43599607e-05,  -1.72182277e-04,   8.66382743e-06,
         9.97024472e-05,  -4.50618900e-05,   9.41420367e-05,
         9.45342472e-05,   1.17298878e-04,  -1.20049983e-04,
         8.60918080e-05,   7.34656278e-05,  -1.65088524e-04,
         7.83481591e-05,   8.65746915e-05,   2.37155564e-05,
        -2.83563841e-05,  -5.66511480e-05,  -1.04905179e-04,
         6.65386469e-05,  -1.19910197e-04,  -5.53716891e-05,
         2.93938283e-05,  -7.51060143e-05,   8.72318924e-05,
        -1.79740280e-04,   1.92452528e-04,   1.03342581e-05,
        -1.48058883e-04,   1.53891397e-05,  -7.44219142e-05,
        -6.06482245e-05,  -3.81112659e-05,   5.81089989e-05,
        -7.34631249e-05,   1.04303064e-04,  -1.93901124e-05,
        -8.66435439e-05,  -4.74815852e-06,   4.45955120e-05,
         1.67696009e-04,  -6.69859000e-05,   1.36770846e-04,
         1.54730205e-05,  -2.45544288e-05,   6.11210999e-05,
         1.31836714e-04,  -8.21444928e-07,   1.03773971e-04,
        -1.67315928e-04,   7.44944773e-05,   1.45472091e-04,
        -5.73005273e-05,  -2.27847646e-04,   5.18660818e-05,
        -1.27557316e-04,  -9.51452967e-05,   1.48795138e-04,
        -1.46178296e-04,  -3.18413404e-05,   1.08646083e-04,
        -7.52846245e-05,  -1.60405674e-04,  -4.32824127e-05,
         6.60082660e-05,  -7.14041380e-05,   1.12181660e-04,
         1.07103569e-05,   1.33918176e-04,  -5.05613971e-05,
        -2.55748764e-05,  -6.90169963e-06,   7.41879630e-05,
        -6.17374535e-05,   8.01582792e-05,   6.73192335e-05,
        -3.25568581e-05,   1.26510393e-04,   5.74819460e-05,
         1.44353748e-04,  -3.51620874e-05,  -1.91184488e-04,
         1.30624569e-04], dtype=float32), array([ -1.62927026e-04,   2.46347277e-04,   1.20429642e-04,
        -3.79813777e-04,  -5.90198033e-05,   4.46265010e-04,
        -1.44076548e-04,  -1.11582456e-04,  -3.87952809e-04,
        -2.50477518e-04,   7.03321362e-04,   2.20124581e-04,
         1.31529232e-04,  -7.31061446e-05,   2.89204123e-04,
        -4.05363215e-04,  -2.94598863e-06,   5.51333127e-04,
        -7.30798783e-05,  -5.16546832e-04,   2.59914814e-05,
         2.99107342e-04,  -1.35185663e-04,   2.82426103e-04,
         2.83602742e-04,   3.51896626e-04,  -3.60149948e-04,
         2.58275424e-04,   2.20396876e-04,  -4.95265587e-04,
         2.35044485e-04,   2.59724067e-04,   7.11466710e-05,
        -8.50691504e-05,  -1.69953448e-04,  -3.14715551e-04,
         1.99615941e-04,  -3.59730591e-04,  -1.66115060e-04,
         8.81814849e-05,  -2.25318043e-04,   2.61695677e-04,
        -5.39220870e-04,   5.77357598e-04,   3.10027754e-05,
        -4.44176665e-04,   4.61674208e-05,  -2.23265743e-04,
        -1.81944677e-04,  -1.14333801e-04,   1.74326997e-04,
        -2.20389367e-04,   3.12909193e-04,  -5.81703353e-05,
        -2.59930617e-04,  -1.42444751e-05,   1.33786540e-04,
         5.03087998e-04,  -2.00957700e-04,   4.10312554e-04,
         4.64190598e-05,  -7.36632865e-05,   1.83363300e-04,
         3.95510142e-04,  -2.46433478e-06,   3.11321928e-04,
        -5.01947768e-04,   2.23483425e-04,   4.36416274e-04,
        -1.71901585e-04,  -6.83542923e-04,   1.55598245e-04,
        -3.82671948e-04,  -2.85435875e-04,   4.46385413e-04,
        -4.38534888e-04,  -9.55240248e-05,   3.25938250e-04,
        -2.25853873e-04,  -4.81217023e-04,  -1.29847234e-04,
         1.98024791e-04,  -2.14212414e-04,   3.36544996e-04,
         3.21310727e-05,   4.01754514e-04,  -1.51684188e-04,
        -7.67246311e-05,  -2.07050980e-05,   2.22563889e-04,
        -1.85212353e-04,   2.40474837e-04,   2.01957708e-04,
        -9.76705778e-05,   3.79531179e-04,   1.72445842e-04,
         4.33061243e-04,  -1.05486266e-04,  -5.73553494e-04,
         3.91873706e-04], dtype=float32), array([ 0.,  0.,  0.,  0.,  0.,  0.,  0.,  0.,  0.,  0.,  0.,  0.,  0.,
        0.,  0.,  0.,  0.,  0.,  0.,  0.,  0.,  0.,  0.,  0.,  0.,  0.,
        0.,  0.,  0.,  0.,  0.,  0.,  0.,  0.,  0.,  0.,  0.,  0.,  0.,
        0.,  0.,  0.,  0.,  0.,  0.,  0.,  0.,  0.,  0.,  0.,  0.,  0.,
        0.,  0.,  0.,  0.,  0.,  0.,  0.,  0.,  0.,  0.,  0.,  0.,  0.,
        0.,  0.,  0.,  0.,  0.,  0.,  0.,  0.,  0.,  0.,  0.,  0.,  0.,
        0.,  0.,  0.,  0.,  0.,  0.,  0.,  0.,  0.,  0.,  0.,  0.,  0.,
        0.,  0.,  0.,  0.,  0.,  0.,  0.,  0.,  0.], dtype=float32), array([ 0.,  0.,  0.,  0.,  0.,  0.,  0.,  0.,  0.,  0.,  0.,  0.,  0.,
        0.,  0.,  0.,  0.,  0.,  0.,  0.,  0.,  0.,  0.,  0.,  0.,  0.,
        0.,  0.,  0.,  0.,  0.,  0.,  0.,  0.,  0.,  0.,  0.,  0.,  0.,
        0.,  0.,  0.,  0.,  0.,  0.,  0.,  0.,  0.,  0.,  0.,  0.,  0.,
        0.,  0.,  0.,  0.,  0.,  0.,  0.,  0.,  0.,  0.,  0.,  0.,  0.,
        0.,  0.,  0.,  0.,  0.,  0.,  0.,  0.,  0.,  0.,  0.,  0.,  0.,
        0.,  0.,  0.,  0.,  0.,  0.,  0.,  0.,  0.,  0.,  0.,  0.,  0.,
        0.,  0.,  0.,  0.,  0.,  0.,  0.,  0.,  0.], dtype=float32), array([ 0.,  0.,  0.,  0.,  0.,  0.,  0.,  0.,  0.,  0.,  0.,  0.,  0.,
        0.,  0.,  0.,  0.,  0.,  0.,  0.,  0.,  0.,  0.,  0.,  0.,  0.,
        0.,  0.,  0.,  0.,  0.,  0.,  0.,  0.,  0.,  0.,  0.,  0.,  0.,
        0.,  0.,  0.,  0.,  0.,  0.,  0.,  0.,  0.,  0.,  0.,  0.,  0.,
        0.,  0.,  0.,  0.,  0.,  0.,  0.,  0.,  0.,  0.,  0.,  0.,  0.,
        0.,  0.,  0.,  0.,  0.,  0.,  0.,  0.,  0.,  0.,  0.,  0.,  0.,
        0.,  0.,  0.,  0.,  0.,  0.,  0.,  0.,  0.,  0.,  0.,  0.,  0.,
        0.,  0.,  0.,  0.,  0.,  0.,  0.,  0.,  0.], dtype=float32), array([ 0.,  0.,  0.,  0.,  0.,  0.,  0.,  0.,  0.,  0.,  0.,  0.,  0.,
        0.,  0.,  0.,  0.,  0.,  0.,  0.,  0.,  0.,  0.,  0.,  0.,  0.,
        0.,  0.,  0.,  0.,  0.,  0.,  0.,  0.,  0.,  0.,  0.,  0.,  0.,
        0.,  0.,  0.,  0.,  0.,  0.,  0.,  0.,  0.,  0.,  0.,  0.,  0.,
        0.,  0.,  0.,  0.,  0.,  0.,  0.,  0.,  0.,  0.,  0.,  0.,  0.,
        0.,  0.,  0.,  0.,  0.,  0.,  0.,  0.,  0.,  0.,  0.,  0.,  0.,
        0.,  0.,  0.,  0.,  0.,  0.,  0.,  0.,  0.,  0.,  0.,  0.,  0.,
        0.,  0.,  0.,  0.,  0.,  0.,  0.,  0.,  0.], dtype=float32), array([ 0.,  0.,  0.,  0.,  0.,  0.,  0.,  0.,  0.,  0.,  0.,  0.,  0.,
        0.,  0.,  0.,  0.,  0.,  0.,  0.,  0.,  0.,  0.,  0.,  0.,  0.,
        0.,  0.,  0.,  0.,  0.,  0.,  0.,  0.,  0.,  0.,  0.,  0.,  0.,
        0.,  0.,  0.,  0.,  0.,  0.,  0.,  0.,  0.,  0.,  0.,  0.,  0.,
        0.,  0.,  0.,  0.,  0.,  0.,  0.,  0.,  0.,  0.,  0.,  0.,  0.,
        0.,  0.,  0.,  0.,  0.,  0.,  0.,  0.,  0.,  0.,  0.,  0.,  0.,
        0.,  0.,  0.,  0.,  0.,  0.,  0.,  0.,  0.,  0.,  0.,  0.,  0.,
        0.,  0.,  0.,  0.,  0.,  0.,  0.,  0.,  0.], dtype=float32), array([ 0.,  0.,  0.,  0.,  0.,  0.,  0.,  0.,  0.,  0.,  0.,  0.,  0.,
        0.,  0.,  0.,  0.,  0.,  0.,  0.,  0.,  0.,  0.,  0.,  0.,  0.,
        0.,  0.,  0.,  0.,  0.,  0.,  0.,  0.,  0.,  0.,  0.,  0.,  0.,
        0.,  0.,  0.,  0.,  0.,  0.,  0.,  0.,  0.,  0.,  0.,  0.,  0.,
        0.,  0.,  0.,  0.,  0.,  0.,  0.,  0.,  0.,  0.,  0.,  0.,  0.,
        0.,  0.,  0.,  0.,  0.,  0.,  0.,  0.,  0.,  0.,  0.,  0.,  0.,
        0.,  0.,  0.,  0.,  0.,  0.,  0.,  0.,  0.,  0.,  0.,  0.,  0.,
        0.,  0.,  0.,  0.,  0.,  0.,  0.,  0.,  0.], dtype=float32), array([ 0.,  0.,  0.,  0.,  0.,  0.,  0.,  0.,  0.,  0.,  0.,  0.,  0.,
        0.,  0.,  0.,  0.,  0.,  0.,  0.,  0.,  0.,  0.,  0.,  0.,  0.,
        0.,  0.,  0.,  0.,  0.,  0.,  0.,  0.,  0.,  0.,  0.,  0.,  0.,
        0.,  0.,  0.,  0.,  0.,  0.,  0.,  0.,  0.,  0.,  0.,  0.,  0.,
        0.,  0.,  0.,  0.,  0.,  0.,  0.,  0.,  0.,  0.,  0.,  0.,  0.,
        0.,  0.,  0.,  0.,  0.,  0.,  0.,  0.,  0.,  0.,  0.,  0.,  0.,
        0.,  0.,  0.,  0.,  0.,  0.,  0.,  0.,  0.,  0.,  0.,  0.,  0.,
        0.,  0.,  0.,  0.,  0.,  0.,  0.,  0.,  0.], dtype=float32), array([ 0.,  0.,  0.,  0.,  0.,  0.,  0.,  0.,  0.,  0.,  0.,  0.,  0.,
        0.,  0.,  0.,  0.,  0.,  0.,  0.,  0.,  0.,  0.,  0.,  0.,  0.,
        0.,  0.,  0.,  0.,  0.,  0.,  0.,  0.,  0.,  0.,  0.,  0.,  0.,
        0.,  0.,  0.,  0.,  0.,  0.,  0.,  0.,  0.,  0.,  0.,  0.,  0.,
        0.,  0.,  0.,  0.,  0.,  0.,  0.,  0.,  0.,  0.,  0.,  0.,  0.,
        0.,  0.,  0.,  0.,  0.,  0.,  0.,  0.,  0.,  0.,  0.,  0.,  0.,
        0.,  0.,  0.,  0.,  0.,  0.,  0.,  0.,  0.,  0.,  0.,  0.,  0.,
        0.,  0.,  0.,  0.,  0.,  0.,  0.,  0.,  0.], dtype=float32), array([ -5.43090064e-05,   8.21157591e-05,   4.01432153e-05,
        -1.26604587e-04,  -1.96732672e-05,   1.48755003e-04,
        -4.80255148e-05,  -3.71941533e-05,  -1.29317603e-04,
        -8.34925086e-05,   2.34440449e-04,   7.33748602e-05,
         4.38430798e-05,  -2.43687136e-05,   9.64013743e-05,
        -1.35121067e-04,  -9.81996209e-07,   1.83777709e-04,
        -2.43599607e-05,  -1.72182277e-04,   8.66382743e-06,
         9.97024472e-05,  -4.50618900e-05,   9.41420367e-05,
         9.45342472e-05,   1.17298878e-04,  -1.20049983e-04,
         8.60918080e-05,   7.34656278e-05,  -1.65088524e-04,
         7.83481591e-05,   8.65746915e-05,   2.37155564e-05,
        -2.83563841e-05,  -5.66511480e-05,  -1.04905179e-04,
         6.65386469e-05,  -1.19910197e-04,  -5.53716891e-05,
         2.93938283e-05,  -7.51060143e-05,   8.72318924e-05,
        -1.79740280e-04,   1.92452528e-04,   1.03342581e-05,
        -1.48058883e-04,   1.53891397e-05,  -7.44219142e-05,
        -6.06482245e-05,  -3.81112659e-05,   5.81089989e-05,
        -7.34631249e-05,   1.04303064e-04,  -1.93901124e-05,
        -8.66435439e-05,  -4.74815852e-06,   4.45955120e-05,
         1.67696009e-04,  -6.69859000e-05,   1.36770846e-04,
         1.54730205e-05,  -2.45544288e-05,   6.11210999e-05,
         1.31836714e-04,  -8.21444928e-07,   1.03773971e-04,
        -1.67315928e-04,   7.44944773e-05,   1.45472091e-04,
        -5.73005273e-05,  -2.27847646e-04,   5.18660818e-05,
        -1.27557316e-04,  -9.51452967e-05,   1.48795138e-04,
        -1.46178296e-04,  -3.18413404e-05,   1.08646083e-04,
        -7.52846245e-05,  -1.60405674e-04,  -4.32824127e-05,
         6.60082660e-05,  -7.14041380e-05,   1.12181660e-04,
         1.07103569e-05,   1.33918176e-04,  -5.05613971e-05,
        -2.55748764e-05,  -6.90169963e-06,   7.41879630e-05,
        -6.17374535e-05,   8.01582792e-05,   6.73192335e-05,
        -3.25568581e-05,   1.26510393e-04,   5.74819460e-05,
         1.44353748e-04,  -3.51620874e-05,  -1.91184488e-04,
         1.30624569e-04], dtype=float32), array([ -5.43090064e-05,   8.21157591e-05,   4.01432153e-05,
        -1.26604587e-04,  -1.96732672e-05,   1.48755003e-04,
        -4.80255148e-05,  -3.71941533e-05,  -1.29317603e-04,
        -8.34925086e-05,   2.34440449e-04,   7.33748602e-05,
         4.38430798e-05,  -2.43687136e-05,   9.64013743e-05,
        -1.35121067e-04,  -9.81996209e-07,   1.83777709e-04,
        -2.43599607e-05,  -1.72182277e-04,   8.66382743e-06,
         9.97024472e-05,  -4.50618900e-05,   9.41420367e-05,
         9.45342472e-05,   1.17298878e-04,  -1.20049983e-04,
         8.60918080e-05,   7.34656278e-05,  -1.65088524e-04,
         7.83481591e-05,   8.65746915e-05,   2.37155564e-05,
        -2.83563841e-05,  -5.66511480e-05,  -1.04905179e-04,
         6.65386469e-05,  -1.19910197e-04,  -5.53716891e-05,
         2.93938283e-05,  -7.51060143e-05,   8.72318924e-05,
        -1.79740280e-04,   1.92452528e-04,   1.03342581e-05,
        -1.48058883e-04,   1.53891397e-05,  -7.44219142e-05,
        -6.06482245e-05,  -3.81112659e-05,   5.81089989e-05,
        -7.34631249e-05,   1.04303064e-04,  -1.93901124e-05,
        -8.66435439e-05,  -4.74815852e-06,   4.45955120e-05,
         1.67696009e-04,  -6.69859000e-05,   1.36770846e-04,
         1.54730205e-05,  -2.45544288e-05,   6.11210999e-05,
         1.31836714e-04,  -8.21444928e-07,   1.03773971e-04,
        -1.67315928e-04,   7.44944773e-05,   1.45472091e-04,
        -5.73005273e-05,  -2.27847646e-04,   5.18660818e-05,
        -1.27557316e-04,  -9.51452967e-05,   1.48795138e-04,
        -1.46178296e-04,  -3.18413404e-05,   1.08646083e-04,
        -7.52846245e-05,  -1.60405674e-04,  -4.32824127e-05,
         6.60082660e-05,  -7.14041380e-05,   1.12181660e-04,
         1.07103569e-05,   1.33918176e-04,  -5.05613971e-05,
        -2.55748764e-05,  -6.90169963e-06,   7.41879630e-05,
        -6.17374535e-05,   8.01582792e-05,   6.73192335e-05,
        -3.25568581e-05,   1.26510393e-04,   5.74819460e-05,
         1.44353748e-04,  -3.51620874e-05,  -1.91184488e-04,
         1.30624569e-04], dtype=float32), array([ 0.,  0.,  0.,  0.,  0.,  0.,  0.,  0.,  0.,  0.,  0.,  0.,  0.,
        0.,  0.,  0.,  0.,  0.,  0.,  0.,  0.,  0.,  0.,  0.,  0.,  0.,
        0.,  0.,  0.,  0.,  0.,  0.,  0.,  0.,  0.,  0.,  0.,  0.,  0.,
        0.,  0.,  0.,  0.,  0.,  0.,  0.,  0.,  0.,  0.,  0.,  0.,  0.,
        0.,  0.,  0.,  0.,  0.,  0.,  0.,  0.,  0.,  0.,  0.,  0.,  0.,
        0.,  0.,  0.,  0.,  0.,  0.,  0.,  0.,  0.,  0.,  0.,  0.,  0.,
        0.,  0.,  0.,  0.,  0.,  0.,  0.,  0.,  0.,  0.,  0.,  0.,  0.,
        0.,  0.,  0.,  0.,  0.,  0.,  0.,  0.,  0.], dtype=float32), array([ 0.,  0.,  0.,  0.,  0.,  0.,  0.,  0.,  0.,  0.,  0.,  0.,  0.,
        0.,  0.,  0.,  0.,  0.,  0.,  0.,  0.,  0.,  0.,  0.,  0.,  0.,
        0.,  0.,  0.,  0.,  0.,  0.,  0.,  0.,  0.,  0.,  0.,  0.,  0.,
        0.,  0.,  0.,  0.,  0.,  0.,  0.,  0.,  0.,  0.,  0.,  0.,  0.,
        0.,  0.,  0.,  0.,  0.,  0.,  0.,  0.,  0.,  0.,  0.,  0.,  0.,
        0.,  0.,  0.,  0.,  0.,  0.,  0.,  0.,  0.,  0.,  0.,  0.,  0.,
        0.,  0.,  0.,  0.,  0.,  0.,  0.,  0.,  0.,  0.,  0.,  0.,  0.,
        0.,  0.,  0.,  0.,  0.,  0.,  0.,  0.,  0.], dtype=float32), array([ -5.43090064e-05,   8.21157591e-05,   4.01432153e-05,
        -1.26604587e-04,  -1.96732672e-05,   1.48755003e-04,
        -4.80255148e-05,  -3.71941533e-05,  -1.29317603e-04,
        -8.34925086e-05,   2.34440449e-04,   7.33748602e-05,
         4.38430798e-05,  -2.43687136e-05,   9.64013743e-05,
        -1.35121067e-04,  -9.81996209e-07,   1.83777709e-04,
        -2.43599607e-05,  -1.72182277e-04,   8.66382743e-06,
         9.97024472e-05,  -4.50618900e-05,   9.41420367e-05,
         9.45342472e-05,   1.17298878e-04,  -1.20049983e-04,
         8.60918080e-05,   7.34656278e-05,  -1.65088524e-04,
         7.83481591e-05,   8.65746915e-05,   2.37155564e-05,
        -2.83563841e-05,  -5.66511480e-05,  -1.04905179e-04,
         6.65386469e-05,  -1.19910197e-04,  -5.53716891e-05,
         2.93938283e-05,  -7.51060143e-05,   8.72318924e-05,
        -1.79740280e-04,   1.92452528e-04,   1.03342581e-05,
        -1.48058883e-04,   1.53891397e-05,  -7.44219142e-05,
        -6.06482245e-05,  -3.81112659e-05,   5.81089989e-05,
        -7.34631249e-05,   1.04303064e-04,  -1.93901124e-05,
        -8.66435439e-05,  -4.74815852e-06,   4.45955120e-05,
         1.67696009e-04,  -6.69859000e-05,   1.36770846e-04,
         1.54730205e-05,  -2.45544288e-05,   6.11210999e-05,
         1.31836714e-04,  -8.21444928e-07,   1.03773971e-04,
        -1.67315928e-04,   7.44944773e-05,   1.45472091e-04,
        -5.73005273e-05,  -2.27847646e-04,   5.18660818e-05,
        -1.27557316e-04,  -9.51452967e-05,   1.48795138e-04,
        -1.46178296e-04,  -3.18413404e-05,   1.08646083e-04,
        -7.52846245e-05,  -1.60405674e-04,  -4.32824127e-05,
         6.60082660e-05,  -7.14041380e-05,   1.12181660e-04,
         1.07103569e-05,   1.33918176e-04,  -5.05613971e-05,
        -2.55748764e-05,  -6.90169963e-06,   7.41879630e-05,
        -6.17374535e-05,   8.01582792e-05,   6.73192335e-05,
        -3.25568581e-05,   1.26510393e-04,   5.74819460e-05,
         1.44353748e-04,  -3.51620874e-05,  -1.91184488e-04,
         1.30624569e-04], dtype=float32), array([ 0.,  0.,  0.,  0.,  0.,  0.,  0.,  0.,  0.,  0.,  0.,  0.,  0.,
        0.,  0.,  0.,  0.,  0.,  0.,  0.,  0.,  0.,  0.,  0.,  0.,  0.,
        0.,  0.,  0.,  0.,  0.,  0.,  0.,  0.,  0.,  0.,  0.,  0.,  0.,
        0.,  0.,  0.,  0.,  0.,  0.,  0.,  0.,  0.,  0.,  0.,  0.,  0.,
        0.,  0.,  0.,  0.,  0.,  0.,  0.,  0.,  0.,  0.,  0.,  0.,  0.,
        0.,  0.,  0.,  0.,  0.,  0.,  0.,  0.,  0.,  0.,  0.,  0.,  0.,
        0.,  0.,  0.,  0.,  0.,  0.,  0.,  0.,  0.,  0.,  0.,  0.,  0.,
        0.,  0.,  0.,  0.,  0.,  0.,  0.,  0.,  0.], dtype=float32), array([ 0.,  0.,  0.,  0.,  0.,  0.,  0.,  0.,  0.,  0.,  0.,  0.,  0.,
        0.,  0.,  0.,  0.,  0.,  0.,  0.,  0.,  0.,  0.,  0.,  0.,  0.,
        0.,  0.,  0.,  0.,  0.,  0.,  0.,  0.,  0.,  0.,  0.,  0.,  0.,
        0.,  0.,  0.,  0.,  0.,  0.,  0.,  0.,  0.,  0.,  0.,  0.,  0.,
        0.,  0.,  0.,  0.,  0.,  0.,  0.,  0.,  0.,  0.,  0.,  0.,  0.,
        0.,  0.,  0.,  0.,  0.,  0.,  0.,  0.,  0.,  0.,  0.,  0.,  0.,
        0.,  0.,  0.,  0.,  0.,  0.,  0.,  0.,  0.,  0.,  0.,  0.,  0.,
        0.,  0.,  0.,  0.,  0.,  0.,  0.,  0.,  0.], dtype=float32), array([ 0.,  0.,  0.,  0.,  0.,  0.,  0.,  0.,  0.,  0.,  0.,  0.,  0.,
        0.,  0.,  0.,  0.,  0.,  0.,  0.,  0.,  0.,  0.,  0.,  0.,  0.,
        0.,  0.,  0.,  0.,  0.,  0.,  0.,  0.,  0.,  0.,  0.,  0.,  0.,
        0.,  0.,  0.,  0.,  0.,  0.,  0.,  0.,  0.,  0.,  0.,  0.,  0.,
        0.,  0.,  0.,  0.,  0.,  0.,  0.,  0.,  0.,  0.,  0.,  0.,  0.,
        0.,  0.,  0.,  0.,  0.,  0.,  0.,  0.,  0.,  0.,  0.,  0.,  0.,
        0.,  0.,  0.,  0.,  0.,  0.,  0.,  0.,  0.,  0.,  0.,  0.,  0.,
        0.,  0.,  0.,  0.,  0.,  0.,  0.,  0.,  0.], dtype=float32), array([ 0.,  0.,  0.,  0.,  0.,  0.,  0.,  0.,  0.,  0.,  0.,  0.,  0.,
        0.,  0.,  0.,  0.,  0.,  0.,  0.,  0.,  0.,  0.,  0.,  0.,  0.,
        0.,  0.,  0.,  0.,  0.,  0.,  0.,  0.,  0.,  0.,  0.,  0.,  0.,
        0.,  0.,  0.,  0.,  0.,  0.,  0.,  0.,  0.,  0.,  0.,  0.,  0.,
        0.,  0.,  0.,  0.,  0.,  0.,  0.,  0.,  0.,  0.,  0.,  0.,  0.,
        0.,  0.,  0.,  0.,  0.,  0.,  0.,  0.,  0.,  0.,  0.,  0.,  0.,
        0.,  0.,  0.,  0.,  0.,  0.,  0.,  0.,  0.,  0.,  0.,  0.,  0.,
        0.,  0.,  0.,  0.,  0.,  0.,  0.,  0.,  0.], dtype=float32), array([ 0.,  0.,  0.,  0.,  0.,  0.,  0.,  0.,  0.,  0.,  0.,  0.,  0.,
        0.,  0.,  0.,  0.,  0.,  0.,  0.,  0.,  0.,  0.,  0.,  0.,  0.,
        0.,  0.,  0.,  0.,  0.,  0.,  0.,  0.,  0.,  0.,  0.,  0.,  0.,
        0.,  0.,  0.,  0.,  0.,  0.,  0.,  0.,  0.,  0.,  0.,  0.,  0.,
        0.,  0.,  0.,  0.,  0.,  0.,  0.,  0.,  0.,  0.,  0.,  0.,  0.,
        0.,  0.,  0.,  0.,  0.,  0.,  0.,  0.,  0.,  0.,  0.,  0.,  0.,
        0.,  0.,  0.,  0.,  0.,  0.,  0.,  0.,  0.,  0.,  0.,  0.,  0.,
        0.,  0.,  0.,  0.,  0.,  0.,  0.,  0.,  0.], dtype=float32), array([ -5.43090064e-05,   8.21157591e-05,   4.01432153e-05,
        -1.26604587e-04,  -1.96732672e-05,   1.48755003e-04,
        -4.80255148e-05,  -3.71941533e-05,  -1.29317603e-04,
        -8.34925086e-05,   2.34440449e-04,   7.33748602e-05,
         4.38430798e-05,  -2.43687136e-05,   9.64013743e-05,
        -1.35121067e-04,  -9.81996209e-07,   1.83777709e-04,
        -2.43599607e-05,  -1.72182277e-04,   8.66382743e-06,
         9.97024472e-05,  -4.50618900e-05,   9.41420367e-05,
         9.45342472e-05,   1.17298878e-04,  -1.20049983e-04,
         8.60918080e-05,   7.34656278e-05,  -1.65088524e-04,
         7.83481591e-05,   8.65746915e-05,   2.37155564e-05,
        -2.83563841e-05,  -5.66511480e-05,  -1.04905179e-04,
         6.65386469e-05,  -1.19910197e-04,  -5.53716891e-05,
         2.93938283e-05,  -7.51060143e-05,   8.72318924e-05,
        -1.79740280e-04,   1.92452528e-04,   1.03342581e-05,
        -1.48058883e-04,   1.53891397e-05,  -7.44219142e-05,
        -6.06482245e-05,  -3.81112659e-05,   5.81089989e-05,
        -7.34631249e-05,   1.04303064e-04,  -1.93901124e-05,
        -8.66435439e-05,  -4.74815852e-06,   4.45955120e-05,
         1.67696009e-04,  -6.69859000e-05,   1.36770846e-04,
         1.54730205e-05,  -2.45544288e-05,   6.11210999e-05,
         1.31836714e-04,  -8.21444928e-07,   1.03773971e-04,
        -1.67315928e-04,   7.44944773e-05,   1.45472091e-04,
        -5.73005273e-05,  -2.27847646e-04,   5.18660818e-05,
        -1.27557316e-04,  -9.51452967e-05,   1.48795138e-04,
        -1.46178296e-04,  -3.18413404e-05,   1.08646083e-04,
        -7.52846245e-05,  -1.60405674e-04,  -4.32824127e-05,
         6.60082660e-05,  -7.14041380e-05,   1.12181660e-04,
         1.07103569e-05,   1.33918176e-04,  -5.05613971e-05,
        -2.55748764e-05,  -6.90169963e-06,   7.41879630e-05,
        -6.17374535e-05,   8.01582792e-05,   6.73192335e-05,
        -3.25568581e-05,   1.26510393e-04,   5.74819460e-05,
         1.44353748e-04,  -3.51620874e-05,  -1.91184488e-04,
         1.30624569e-04], dtype=float32), array([ 0.,  0.,  0.,  0.,  0.,  0.,  0.,  0.,  0.,  0.,  0.,  0.,  0.,
        0.,  0.,  0.,  0.,  0.,  0.,  0.,  0.,  0.,  0.,  0.,  0.,  0.,
        0.,  0.,  0.,  0.,  0.,  0.,  0.,  0.,  0.,  0.,  0.,  0.,  0.,
        0.,  0.,  0.,  0.,  0.,  0.,  0.,  0.,  0.,  0.,  0.,  0.,  0.,
        0.,  0.,  0.,  0.,  0.,  0.,  0.,  0.,  0.,  0.,  0.,  0.,  0.,
        0.,  0.,  0.,  0.,  0.,  0.,  0.,  0.,  0.,  0.,  0.,  0.,  0.,
        0.,  0.,  0.,  0.,  0.,  0.,  0.,  0.,  0.,  0.,  0.,  0.,  0.,
        0.,  0.,  0.,  0.,  0.,  0.,  0.,  0.,  0.], dtype=float32), array([ -5.43090064e-05,   8.21157591e-05,   4.01432153e-05,
        -1.26604587e-04,  -1.96732672e-05,   1.48755003e-04,
        -4.80255148e-05,  -3.71941533e-05,  -1.29317603e-04,
        -8.34925086e-05,   2.34440449e-04,   7.33748602e-05,
         4.38430798e-05,  -2.43687136e-05,   9.64013743e-05,
        -1.35121067e-04,  -9.81996209e-07,   1.83777709e-04,
        -2.43599607e-05,  -1.72182277e-04,   8.66382743e-06,
         9.97024472e-05,  -4.50618900e-05,   9.41420367e-05,
         9.45342472e-05,   1.17298878e-04,  -1.20049983e-04,
         8.60918080e-05,   7.34656278e-05,  -1.65088524e-04,
         7.83481591e-05,   8.65746915e-05,   2.37155564e-05,
        -2.83563841e-05,  -5.66511480e-05,  -1.04905179e-04,
         6.65386469e-05,  -1.19910197e-04,  -5.53716891e-05,
         2.93938283e-05,  -7.51060143e-05,   8.72318924e-05,
        -1.79740280e-04,   1.92452528e-04,   1.03342581e-05,
        -1.48058883e-04,   1.53891397e-05,  -7.44219142e-05,
        -6.06482245e-05,  -3.81112659e-05,   5.81089989e-05,
        -7.34631249e-05,   1.04303064e-04,  -1.93901124e-05,
        -8.66435439e-05,  -4.74815852e-06,   4.45955120e-05,
         1.67696009e-04,  -6.69859000e-05,   1.36770846e-04,
         1.54730205e-05,  -2.45544288e-05,   6.11210999e-05,
         1.31836714e-04,  -8.21444928e-07,   1.03773971e-04,
        -1.67315928e-04,   7.44944773e-05,   1.45472091e-04,
        -5.73005273e-05,  -2.27847646e-04,   5.18660818e-05,
        -1.27557316e-04,  -9.51452967e-05,   1.48795138e-04,
        -1.46178296e-04,  -3.18413404e-05,   1.08646083e-04,
        -7.52846245e-05,  -1.60405674e-04,  -4.32824127e-05,
         6.60082660e-05,  -7.14041380e-05,   1.12181660e-04,
         1.07103569e-05,   1.33918176e-04,  -5.05613971e-05,
        -2.55748764e-05,  -6.90169963e-06,   7.41879630e-05,
        -6.17374535e-05,   8.01582792e-05,   6.73192335e-05,
        -3.25568581e-05,   1.26510393e-04,   5.74819460e-05,
         1.44353748e-04,  -3.51620874e-05,  -1.91184488e-04,
         1.30624569e-04], dtype=float32), array([ 0.,  0.,  0.,  0.,  0.,  0.,  0.,  0.,  0.,  0.,  0.,  0.,  0.,
        0.,  0.,  0.,  0.,  0.,  0.,  0.,  0.,  0.,  0.,  0.,  0.,  0.,
        0.,  0.,  0.,  0.,  0.,  0.,  0.,  0.,  0.,  0.,  0.,  0.,  0.,
        0.,  0.,  0.,  0.,  0.,  0.,  0.,  0.,  0.,  0.,  0.,  0.,  0.,
        0.,  0.,  0.,  0.,  0.,  0.,  0.,  0.,  0.,  0.,  0.,  0.,  0.,
        0.,  0.,  0.,  0.,  0.,  0.,  0.,  0.,  0.,  0.,  0.,  0.,  0.,
        0.,  0.,  0.,  0.,  0.,  0.,  0.,  0.,  0.,  0.,  0.,  0.,  0.,
        0.,  0.,  0.,  0.,  0.,  0.,  0.,  0.,  0.], dtype=float32), array([ 0.,  0.,  0.,  0.,  0.,  0.,  0.,  0.,  0.,  0.,  0.,  0.,  0.,
        0.,  0.,  0.,  0.,  0.,  0.,  0.,  0.,  0.,  0.,  0.,  0.,  0.,
        0.,  0.,  0.,  0.,  0.,  0.,  0.,  0.,  0.,  0.,  0.,  0.,  0.,
        0.,  0.,  0.,  0.,  0.,  0.,  0.,  0.,  0.,  0.,  0.,  0.,  0.,
        0.,  0.,  0.,  0.,  0.,  0.,  0.,  0.,  0.,  0.,  0.,  0.,  0.,
        0.,  0.,  0.,  0.,  0.,  0.,  0.,  0.,  0.,  0.,  0.,  0.,  0.,
        0.,  0.,  0.,  0.,  0.,  0.,  0.,  0.,  0.,  0.,  0.,  0.,  0.,
        0.,  0.,  0.,  0.,  0.,  0.,  0.,  0.,  0.], dtype=float32), array([ 0.,  0.,  0.,  0.,  0.,  0.,  0.,  0.,  0.,  0.,  0.,  0.,  0.,
        0.,  0.,  0.,  0.,  0.,  0.,  0.,  0.,  0.,  0.,  0.,  0.,  0.,
        0.,  0.,  0.,  0.,  0.,  0.,  0.,  0.,  0.,  0.,  0.,  0.,  0.,
        0.,  0.,  0.,  0.,  0.,  0.,  0.,  0.,  0.,  0.,  0.,  0.,  0.,
        0.,  0.,  0.,  0.,  0.,  0.,  0.,  0.,  0.,  0.,  0.,  0.,  0.,
        0.,  0.,  0.,  0.,  0.,  0.,  0.,  0.,  0.,  0.,  0.,  0.,  0.,
        0.,  0.,  0.,  0.,  0.,  0.,  0.,  0.,  0.,  0.,  0.,  0.,  0.,
        0.,  0.,  0.,  0.,  0.,  0.,  0.,  0.,  0.], dtype=float32), array([ -2.08982437e-05,   5.16412947e-05,   6.22774951e-06,
         1.04947998e-04,   1.73627093e-04,   8.19782599e-06,
         1.30084472e-05,  -8.12661383e-05,  -9.11305688e-05,
         1.04128929e-04,   1.31028195e-04,   1.26476560e-04,
        -7.52304622e-05,   2.63735055e-05,   4.93636435e-05,
        -8.59606298e-05,  -8.85120535e-05,  -4.38444804e-05,
         5.07411314e-05,   6.61005970e-06,  -4.27163286e-06,
         2.01921739e-05,  -1.11663139e-04,   6.47792040e-05,
         5.82919929e-05,   8.12245999e-05,   4.49483341e-05,
        -1.22472004e-04,  -1.17536983e-05,  -1.19583667e-04,
         2.30077596e-04,  -1.74661600e-05,  -6.40708822e-05,
         1.38018440e-04,  -6.28378803e-06,  -6.79373770e-05,
        -1.00621954e-04,  -4.13744565e-05,  -2.73422429e-05,
         1.64726051e-04,  -4.28792882e-05,  -3.71822171e-05,
         1.42498408e-04,   4.90748898e-05,   6.20177598e-05,
        -4.57343704e-05,  -1.64165103e-05,  -1.24003491e-04,
        -2.35450643e-05,   8.54650498e-05,  -6.56194316e-05,
         5.36065818e-05,   2.93211750e-04,   7.90490303e-05,
         5.66043018e-05,   4.55225818e-05,   1.74916822e-05,
        -2.01243456e-05,  -1.26484403e-04,   1.13657246e-04,
        -6.62730645e-06,  -5.39201210e-06,   7.74618529e-05,
         1.84849181e-04,   7.13178524e-05,   1.12040507e-05,
        -7.06677165e-05,   2.30640231e-04,   1.37208655e-04,
        -3.13002201e-05,  -5.18190791e-05,   1.22851488e-05,
        -1.57063376e-04,   1.03859275e-04,   7.75333028e-05,
        -9.24426204e-05,   5.62627974e-05,   1.61576594e-04,
        -1.89047467e-04,  -3.14310018e-05,   9.38979338e-06,
        -1.93046595e-04,  -4.66123820e-05,  -1.96385918e-05,
         2.90966036e-05,  -1.95082466e-04,  -8.08761542e-05,
        -1.19987482e-04,  -3.03750585e-05,   1.08348948e-04,
        -3.31944175e-05,  -9.50224785e-05,  -1.36097078e-04,
        -1.28704312e-04,   1.71987893e-04,   4.86727658e-05,
         1.56838403e-04,  -1.52263296e-04,  -9.36594006e-05,
         9.25118002e-05], dtype=float32), array([ 0.,  0.,  0.,  0.,  0.,  0.,  0.,  0.,  0.,  0.,  0.,  0.,  0.,
        0.,  0.,  0.,  0.,  0.,  0.,  0.,  0.,  0.,  0.,  0.,  0.,  0.,
        0.,  0.,  0.,  0.,  0.,  0.,  0.,  0.,  0.,  0.,  0.,  0.,  0.,
        0.,  0.,  0.,  0.,  0.,  0.,  0.,  0.,  0.,  0.,  0.,  0.,  0.,
        0.,  0.,  0.,  0.,  0.,  0.,  0.,  0.,  0.,  0.,  0.,  0.,  0.,
        0.,  0.,  0.,  0.,  0.,  0.,  0.,  0.,  0.,  0.,  0.,  0.,  0.,
        0.,  0.,  0.,  0.,  0.,  0.,  0.,  0.,  0.,  0.,  0.,  0.,  0.,
        0.,  0.,  0.,  0.,  0.,  0.,  0.,  0.,  0.], dtype=float32), array([ -5.43090064e-05,   8.21157591e-05,   4.01432153e-05,
        -1.26604587e-04,  -1.96732672e-05,   1.48755003e-04,
        -4.80255148e-05,  -3.71941533e-05,  -1.29317603e-04,
        -8.34925086e-05,   2.34440449e-04,   7.33748602e-05,
         4.38430798e-05,  -2.43687136e-05,   9.64013743e-05,
        -1.35121067e-04,  -9.81996209e-07,   1.83777709e-04,
        -2.43599607e-05,  -1.72182277e-04,   8.66382743e-06,
         9.97024472e-05,  -4.50618900e-05,   9.41420367e-05,
         9.45342472e-05,   1.17298878e-04,  -1.20049983e-04,
         8.60918080e-05,   7.34656278e-05,  -1.65088524e-04,
         7.83481591e-05,   8.65746915e-05,   2.37155564e-05,
        -2.83563841e-05,  -5.66511480e-05,  -1.04905179e-04,
         6.65386469e-05,  -1.19910197e-04,  -5.53716891e-05,
         2.93938283e-05,  -7.51060143e-05,   8.72318924e-05,
        -1.79740280e-04,   1.92452528e-04,   1.03342581e-05,
        -1.48058883e-04,   1.53891397e-05,  -7.44219142e-05,
        -6.06482245e-05,  -3.81112659e-05,   5.81089989e-05,
        -7.34631249e-05,   1.04303064e-04,  -1.93901124e-05,
        -8.66435439e-05,  -4.74815852e-06,   4.45955120e-05,
         1.67696009e-04,  -6.69859000e-05,   1.36770846e-04,
         1.54730205e-05,  -2.45544288e-05,   6.11210999e-05,
         1.31836714e-04,  -8.21444928e-07,   1.03773971e-04,
        -1.67315928e-04,   7.44944773e-05,   1.45472091e-04,
        -5.73005273e-05,  -2.27847646e-04,   5.18660818e-05,
        -1.27557316e-04,  -9.51452967e-05,   1.48795138e-04,
        -1.46178296e-04,  -3.18413404e-05,   1.08646083e-04,
        -7.52846245e-05,  -1.60405674e-04,  -4.32824127e-05,
         6.60082660e-05,  -7.14041380e-05,   1.12181660e-04,
         1.07103569e-05,   1.33918176e-04,  -5.05613971e-05,
        -2.55748764e-05,  -6.90169963e-06,   7.41879630e-05,
        -6.17374535e-05,   8.01582792e-05,   6.73192335e-05,
        -3.25568581e-05,   1.26510393e-04,   5.74819460e-05,
         1.44353748e-04,  -3.51620874e-05,  -1.91184488e-04,
         1.30624569e-04], dtype=float32), array([ 0.,  0.,  0.,  0.,  0.,  0.,  0.,  0.,  0.,  0.,  0.,  0.,  0.,
        0.,  0.,  0.,  0.,  0.,  0.,  0.,  0.,  0.,  0.,  0.,  0.,  0.,
        0.,  0.,  0.,  0.,  0.,  0.,  0.,  0.,  0.,  0.,  0.,  0.,  0.,
        0.,  0.,  0.,  0.,  0.,  0.,  0.,  0.,  0.,  0.,  0.,  0.,  0.,
        0.,  0.,  0.,  0.,  0.,  0.,  0.,  0.,  0.,  0.,  0.,  0.,  0.,
        0.,  0.,  0.,  0.,  0.,  0.,  0.,  0.,  0.,  0.,  0.,  0.,  0.,
        0.,  0.,  0.,  0.,  0.,  0.,  0.,  0.,  0.,  0.,  0.,  0.,  0.,
        0.,  0.,  0.,  0.,  0.,  0.,  0.,  0.,  0.], dtype=float32), array([ 0.,  0.,  0.,  0.,  0.,  0.,  0.,  0.,  0.,  0.,  0.,  0.,  0.,
        0.,  0.,  0.,  0.,  0.,  0.,  0.,  0.,  0.,  0.,  0.,  0.,  0.,
        0.,  0.,  0.,  0.,  0.,  0.,  0.,  0.,  0.,  0.,  0.,  0.,  0.,
        0.,  0.,  0.,  0.,  0.,  0.,  0.,  0.,  0.,  0.,  0.,  0.,  0.,
        0.,  0.,  0.,  0.,  0.,  0.,  0.,  0.,  0.,  0.,  0.,  0.,  0.,
        0.,  0.,  0.,  0.,  0.,  0.,  0.,  0.,  0.,  0.,  0.,  0.,  0.,
        0.,  0.,  0.,  0.,  0.,  0.,  0.,  0.,  0.,  0.,  0.,  0.,  0.,
        0.,  0.,  0.,  0.,  0.,  0.,  0.,  0.,  0.], dtype=float32), array([ 0.,  0.,  0.,  0.,  0.,  0.,  0.,  0.,  0.,  0.,  0.,  0.,  0.,
        0.,  0.,  0.,  0.,  0.,  0.,  0.,  0.,  0.,  0.,  0.,  0.,  0.,
        0.,  0.,  0.,  0.,  0.,  0.,  0.,  0.,  0.,  0.,  0.,  0.,  0.,
        0.,  0.,  0.,  0.,  0.,  0.,  0.,  0.,  0.,  0.,  0.,  0.,  0.,
        0.,  0.,  0.,  0.,  0.,  0.,  0.,  0.,  0.,  0.,  0.,  0.,  0.,
        0.,  0.,  0.,  0.,  0.,  0.,  0.,  0.,  0.,  0.,  0.,  0.,  0.,
        0.,  0.,  0.,  0.,  0.,  0.,  0.,  0.,  0.,  0.,  0.,  0.,  0.,
        0.,  0.,  0.,  0.,  0.,  0.,  0.,  0.,  0.], dtype=float32), array([ 0.,  0.,  0.,  0.,  0.,  0.,  0.,  0.,  0.,  0.,  0.,  0.,  0.,
        0.,  0.,  0.,  0.,  0.,  0.,  0.,  0.,  0.,  0.,  0.,  0.,  0.,
        0.,  0.,  0.,  0.,  0.,  0.,  0.,  0.,  0.,  0.,  0.,  0.,  0.,
        0.,  0.,  0.,  0.,  0.,  0.,  0.,  0.,  0.,  0.,  0.,  0.,  0.,
        0.,  0.,  0.,  0.,  0.,  0.,  0.,  0.,  0.,  0.,  0.,  0.,  0.,
        0.,  0.,  0.,  0.,  0.,  0.,  0.,  0.,  0.,  0.,  0.,  0.,  0.,
        0.,  0.,  0.,  0.,  0.,  0.,  0.,  0.,  0.,  0.,  0.,  0.,  0.,
        0.,  0.,  0.,  0.,  0.,  0.,  0.,  0.,  0.], dtype=float32), array([ 0.,  0.,  0.,  0.,  0.,  0.,  0.,  0.,  0.,  0.,  0.,  0.,  0.,
        0.,  0.,  0.,  0.,  0.,  0.,  0.,  0.,  0.,  0.,  0.,  0.,  0.,
        0.,  0.,  0.,  0.,  0.,  0.,  0.,  0.,  0.,  0.,  0.,  0.,  0.,
        0.,  0.,  0.,  0.,  0.,  0.,  0.,  0.,  0.,  0.,  0.,  0.,  0.,
        0.,  0.,  0.,  0.,  0.,  0.,  0.,  0.,  0.,  0.,  0.,  0.,  0.,
        0.,  0.,  0.,  0.,  0.,  0.,  0.,  0.,  0.,  0.,  0.,  0.,  0.,
        0.,  0.,  0.,  0.,  0.,  0.,  0.,  0.,  0.,  0.,  0.,  0.,  0.,
        0.,  0.,  0.,  0.,  0.,  0.,  0.,  0.,  0.], dtype=float32), array([ -1.38647956e-04,  -1.16297570e-05,   1.77474401e-04,
         3.94293165e-05,   1.41857763e-05,   9.21089377e-05,
         3.59237602e-05,  -5.99572741e-05,  -3.58784819e-05,
         1.14787101e-04,   9.38658995e-05,   3.10987025e-06,
        -6.43044541e-06,   2.99202929e-05,   1.15484319e-04,
         2.95601385e-05,   8.52712838e-05,  -9.90988774e-05,
        -8.53351739e-05,   2.56298197e-04,   1.78048067e-05,
         1.48169915e-04,  -1.34446149e-04,  -1.43940551e-05,
        -4.24498176e-05,  -2.44314506e-05,   8.22989532e-05,
         1.03221595e-04,   2.80741024e-05,   8.74445032e-05,
         3.87035252e-05,   6.79262594e-05,  -2.39565070e-05,
        -9.73663555e-06,   1.62756143e-04,   3.67538632e-05,
        -2.37420409e-05,   1.67851176e-04,  -8.84974434e-05,
         4.10389985e-05,  -8.07534161e-05,  -1.15833645e-04,
         2.10308994e-04,  -1.14146584e-04,  -3.14008466e-05,
        -1.78622122e-05,  -1.72873897e-05,  -2.13463918e-05,
         1.17806057e-05,   1.16075258e-04,   2.16341796e-04,
         3.18954262e-05,   6.41196311e-05,  -6.71189773e-05,
         1.69465871e-04,   2.41379848e-06,  -8.86966227e-05,
        -1.69636507e-04,   9.92734931e-05,  -5.88630173e-05,
         7.08718799e-05,   1.46595063e-04,   1.42036195e-04,
         2.48127937e-04,   1.48565989e-04,  -1.76619913e-04,
         9.42308252e-05,   3.27098132e-05,   1.32831439e-04,
         4.88549267e-05,  -1.30316694e-04,   6.55745753e-05,
         2.01374605e-05,  -1.65669499e-05,   2.86086088e-05,
         6.79046498e-05,   1.08064400e-04,  -1.00905905e-04,
        -2.26765958e-04,   2.38452139e-05,   1.15377379e-05,
         1.26407846e-04,   1.97946239e-04,  -9.41635735e-05,
         3.93999035e-05,  -6.41294755e-05,  -4.07666193e-05,
         2.76951505e-05,  -7.28585946e-05,   1.71379084e-04,
         5.96181599e-05,  -5.56099440e-05,   1.03395914e-05,
         3.91052781e-05,   2.11891966e-05,   9.82859856e-05,
        -4.38120969e-06,  -7.72362982e-05,   9.71089466e-05,
        -1.88842696e-05], dtype=float32), array([ 0.,  0.,  0.,  0.,  0.,  0.,  0.,  0.,  0.,  0.,  0.,  0.,  0.,
        0.,  0.,  0.,  0.,  0.,  0.,  0.,  0.,  0.,  0.,  0.,  0.,  0.,
        0.,  0.,  0.,  0.,  0.,  0.,  0.,  0.,  0.,  0.,  0.,  0.,  0.,
        0.,  0.,  0.,  0.,  0.,  0.,  0.,  0.,  0.,  0.,  0.,  0.,  0.,
        0.,  0.,  0.,  0.,  0.,  0.,  0.,  0.,  0.,  0.,  0.,  0.,  0.,
        0.,  0.,  0.,  0.,  0.,  0.,  0.,  0.,  0.,  0.,  0.,  0.,  0.,
        0.,  0.,  0.,  0.,  0.,  0.,  0.,  0.,  0.,  0.,  0.,  0.,  0.,
        0.,  0.,  0.,  0.,  0.,  0.,  0.,  0.,  0.], dtype=float32), None]
