[array([-1.43555653, -0.80292052,  0.44956762,  2.38347936,  0.13961059,
       -2.53043675, -1.64739978, -2.01317883, -0.91231322, -0.05571346,
        3.48936319, -0.28149775, -0.49393243, -2.3149817 , -1.30603302,
       -1.97981787,  0.56753308, -2.43217254,  0.91962218, -2.84836149,
        1.12141967,  2.81819057,  0.81501764,  2.75702143,  0.65238225,
       -0.39794815, -0.71809059,  0.78987867, -0.07665715, -0.23242034,
        0.39424875,  0.04125115,  0.04700514, -1.84195435, -0.73542953,
        0.80825418,  0.0111454 ,  1.21553135,  1.30889726, -1.17238808,
        2.32324195,  0.90293682,  0.0797757 ,  1.88563371,  0.53379774,
       -0.60868728,  1.02200067, -1.44784606, -2.44236374, -1.10633302,
       -0.67516667, -0.36588362,  2.21077347,  0.25722912, -0.62280506,
        4.07825422,  1.17358911, -1.3801049 , -0.73170322,  0.3704105 ,
        1.42527163, -2.37743664, -0.549766  , -0.23740999,  1.98674595,
        0.19384226, -0.65929216, -1.05248356,  1.31431592, -0.39055046,
        0.57542139,  0.10683437, -0.36818743, -1.98669374,  3.12463307,
       -1.31056118,  0.44557476, -1.01467574,  1.29040635,  1.59839666,
       -0.35512543, -0.48678315, -0.79659247, -1.65906465,  0.23555912,
        4.03380108,  0.51728994, -0.32361698, -1.51475418,  0.40882108,
       -0.92787141,  3.23949599, -0.7041356 ,  0.28211597, -0.00560703,
        0.23419985,  0.22521521, -0.11366507, -0.77847719,  0.22405651], dtype=float32), array([  2.50631198e-02,  -1.14358671e-01,  -9.93903503e-02,
         5.51755130e-01,   1.68529242e-01,  -8.11391592e-01,
        -3.96882832e-01,  -3.55532885e-01,  -4.02748466e-01,
        -2.86348552e-01,   1.14578974e+00,   9.82806087e-04,
         9.38548446e-02,  -1.05148159e-01,  -3.68447304e-01,
        -3.19437116e-01,   3.41805220e-01,  -6.32567555e-02,
         1.38763428e-01,  -8.69271696e-01,   3.41495574e-01,
         7.51639009e-01,   4.32231762e-02,   2.16963798e-01,
         1.19419202e-01,  -5.59331954e-01,  -1.03083201e-01,
         9.05146241e-01,  -3.29856604e-01,   3.31111789e-01,
        -4.43555415e-01,   5.17001152e-01,   4.01571572e-01,
         1.51505142e-01,  -6.14792109e-04,   4.41410810e-01,
        -1.02630377e-01,   3.45445663e-01,   2.67517835e-01,
        -4.84021157e-02,   5.94332337e-01,  -7.20010847e-02,
        -2.54907072e-01,   4.03681278e-01,   5.01926959e-01,
        -5.81768692e-01,  -1.49188921e-01,  -1.75536931e-01,
        -4.01357532e-01,  -5.07516921e-01,  -1.03892207e-01,
        -8.47964138e-02,   6.57465100e-01,  -4.11771446e-01,
         1.95766345e-01,   5.13523161e-01,   1.50742903e-02,
        -6.81420267e-01,  -6.26242161e-02,  -8.30684230e-02,
        -3.11893411e-04,  -2.47610912e-01,   4.64480445e-02,
         5.56419075e-01,   3.49984407e-01,  -4.24266160e-01,
        -2.86870807e-01,   1.95958287e-01,   7.50989318e-01,
         3.11431676e-01,   2.53492624e-01,   1.21842213e-01,
        -2.37674832e-01,   1.79237485e-01,   7.54593194e-01,
         4.40265208e-01,   3.54744911e-01,   2.21449167e-01,
        -9.87580791e-02,  -2.47699022e-03,  -3.14463973e-01,
        -3.49109679e-01,   1.29801020e-01,  -1.80130273e-01,
        -4.60483789e-01,   8.33356023e-01,  -8.18688124e-02,
         7.13462085e-02,  -3.60164642e-01,   2.01289449e-02,
         4.23178077e-03,   8.38642478e-01,  -3.65824640e-01,
         1.63373083e-01,  -9.57674235e-02,   4.94250476e-01,
         4.20632303e-01,   8.10104907e-02,   5.13375029e-02,
        -5.53193927e-01], dtype=float32), array([-0.41778567, -0.47760385,  0.5752306 ,  0.72428811,  0.85886878,
       -0.00422176, -1.67331862, -0.24616475, -0.36312494, -0.22281589,
        0.84264225, -0.21165878, -0.22571376, -1.11740935, -0.46731636,
       -1.83144271, -0.59297615, -1.949036  ,  0.72584951, -1.65087557,
        0.50144488,  1.93907797,  1.28243852,  1.10857344,  0.04993532,
       -1.09116125, -0.45711267,  0.53100455,  0.25647816, -0.59612948,
        1.2953881 , -0.29340714,  0.62229091, -1.09526432, -0.08265181,
        1.96756625,  0.07416578,  0.11424956,  1.28429079, -0.10052209,
        1.3443414 ,  1.23517692,  0.50613701,  1.36958122, -0.00933398,
       -0.87705553,  0.07837027, -0.22361223, -0.96976376, -0.92025459,
       -0.29997772, -0.7023229 ,  1.20146549,  0.38673705, -0.35752708,
        1.57526398,  0.3215746 ,  0.25132969,  0.69353604,  0.13731802,
        1.43449676, -1.60502946,  0.59020138,  0.21421346,  1.02071369,
       -0.90764242, -0.63487339, -0.88401884,  1.46027493,  0.8056404 ,
       -0.31009734,  0.38531137, -1.08433568, -1.04656672,  1.39238143,
       -0.23702063,  0.15382868, -0.99895948,  1.87679124, -0.00238839,
       -0.0227704 ,  0.17284894, -0.81454903, -1.29316366, -0.85891563,
        1.28466618, -0.37536341, -0.65403014, -1.32212067,  0.14813012,
       -1.65000772,  2.02572298, -0.39199376,  0.11981066, -0.10658783,
       -0.04393468,  0.1343796 ,  0.06961983,  0.04654452, -0.31908026], dtype=float32), array([-0.61530757, -0.14873026,  0.11049365,  1.31888032,  0.59752798,
       -0.75626689, -1.52652419, -1.58700383, -0.96643084,  0.29211032,
        1.58743608, -0.28146276, -0.32382119, -1.16479659, -0.59504259,
       -1.58792102,  0.35545021, -1.97903931,  1.49106371, -2.3102057 ,
        0.71664393,  2.26133418,  0.72582859,  1.2596972 ,  0.09597651,
       -0.37444413, -0.15290183,  1.08147204, -0.23035985, -0.34769189,
        1.00626719, -0.27078086,  0.58583558, -1.34324682, -0.83011031,
        0.83565253, -0.53153807,  0.93976039,  0.80964565, -0.56114691,
        2.49349475,  1.07604432,  0.05466887,  1.76287234,  0.75645536,
       -1.48926818, -0.18457559, -0.90235215, -1.1792655 , -0.60120606,
       -0.06446475, -0.5280056 ,  1.54302216, -0.13282835,  0.19765159,
        1.70416236,  0.65286189, -0.95546067,  0.82219261,  0.34823924,
        1.24887145, -1.70281768,  0.25927848,  0.30511153,  0.79212862,
       -0.50467932, -0.61871606, -0.46376655,  1.72645986,  0.99827015,
        0.31311503,  0.32083914, -0.87583578, -0.26761827,  2.8352375 ,
       -1.18111181, -0.03316043, -0.67086899,  0.2488952 ,  0.240439  ,
       -0.81071711, -0.35385486,  0.19815394, -0.46604055, -0.64244962,
        1.89185059, -0.43743503, -0.53338861, -1.61727917, -0.15186082,
       -1.30817103,  1.99409127, -0.49215695,  0.142612  ,  0.67778182,
        0.47328845,  1.0979104 , -0.07084496,  0.01353949, -1.35984468], dtype=float32), array([-0.58077228, -0.62384319,  0.01232687,  1.89118481, -0.40932888,
        0.01001407, -1.60574186, -0.96593195, -1.02873385, -0.27148727,
        0.69677895, -0.82195121, -1.04697883, -0.81460685, -0.28267294,
       -0.80679506,  0.56724465, -1.34537482,  1.66502845, -1.39805031,
       -0.04518691,  2.5760653 ,  0.81699276,  1.73667288,  0.82347667,
       -0.44352522, -0.07135397,  1.36720681, -0.08528651, -0.42066303,
        0.49234119, -0.11956786,  1.07327175, -0.96391821, -0.47894174,
        1.79194427, -0.25919828,  0.21672457,  1.45596945,  0.04595   ,
        1.67178106,  0.51419467,  0.4482103 ,  1.46460426, -0.45909834,
       -1.04014862,  0.43839204, -1.05996907, -1.70031381, -0.96712732,
       -0.65249676, -0.73116195,  1.30691648,  0.98817492, -0.555601  ,
        1.43307042,  0.50850499, -0.28547105, -0.52941072,  0.4621743 ,
        1.11961746, -2.04244828,  0.42445284,  0.09798716,  1.60473704,
       -0.73216784, -0.17786418, -0.7456432 ,  1.51846743,  0.65331763,
       -0.44086966,  0.0428558 , -0.3245604 , -1.36223114,  1.84030068,
       -0.30558234,  0.0716963 , -1.14048362,  1.27861118, -0.13117784,
       -0.28622466, -1.23962533, -1.31178772, -0.78553551, -0.61428028,
        1.77602708,  0.49001074, -1.09294462, -0.3048164 , -1.16038525,
       -1.7274698 ,  2.05989122, -1.00888324,  1.26952302,  0.12072924,
        0.54139602, -0.13985653,  1.38330507, -0.04194322, -0.47422796], dtype=float32), array([  3.41565222e-01,  -7.01207101e-01,   1.02117741e+00,
         2.50744772e+00,   9.58333492e-01,  -2.06473708e+00,
        -1.85906565e+00,  -1.23688447e+00,  -6.26275420e-01,
        -4.85390037e-01,   2.37608743e+00,   3.30777407e-01,
         5.75337410e-02,  -8.76112342e-01,  -8.21853936e-01,
        -2.83237696e+00,   2.23961204e-01,  -8.64517808e-01,
         1.71476871e-01,  -2.72164083e+00,   7.91859686e-01,
         2.35711813e+00,   1.94548309e+00,   1.02250588e+00,
        -1.37961805e-01,  -1.08556974e+00,  -6.53257251e-01,
         1.85292578e+00,  -6.75705552e-01,  -3.98035407e-01,
         7.98411727e-01,   3.65213722e-01,   7.59334385e-01,
        -1.10746491e+00,  -1.09813249e+00,   6.11522257e-01,
         1.77934259e-01,   7.65407562e-01,   1.76507783e+00,
        -7.42323220e-01,   2.45096827e+00,   5.23490727e-01,
        -3.69105220e-01,   1.92857540e+00,  -7.43438452e-02,
        -1.37590325e+00,  -4.72080350e-01,  -8.25910866e-01,
        -1.59323800e+00,  -8.41312349e-01,  -2.06832066e-02,
        -6.20001018e-01,   1.80470693e+00,   4.34718966e-01,
         5.14289200e-01,   2.86890912e+00,   3.01033437e-01,
        -3.98495525e-01,  -3.36598605e-05,   4.91914563e-02,
         1.60795748e+00,  -1.32906663e+00,  -3.27010840e-01,
         8.11603367e-01,   2.29206467e+00,  -9.46210086e-01,
        -8.35102558e-01,  -5.23698449e-01,   1.68486857e+00,
         1.32114708e+00,   4.23348725e-01,   1.42211229e-01,
        -4.55468357e-01,  -2.35307142e-01,   2.68682289e+00,
         7.38608599e-01,   1.22903013e+00,  -9.27809238e-01,
         1.24726617e+00,   1.72809973e-01,  -1.73133209e-01,
        -9.99461174e-01,   5.13899565e-01,  -8.37217152e-01,
        -6.83726072e-01,   3.13857436e+00,  -1.45301133e-01,
         2.68793076e-01,  -2.43691683e+00,  -5.22269607e-01,
        -9.93519425e-01,   2.76111102e+00,  -2.55171746e-01,
         6.65363729e-01,   2.27415457e-01,   1.17268848e+00,
         3.44985753e-01,   2.58264005e-01,  -6.70628190e-01,
        -3.21674019e-01], dtype=float32), array([-0.30953273, -1.390751  ,  0.59738052,  1.26221335,  0.4250764 ,
       -0.06196132, -0.43463543, -0.66262299, -1.47939694, -0.23049802,
        1.49649811,  0.05586489, -0.64468914, -0.59482294,  0.18129486,
       -0.63317066,  0.02681956, -0.96984756,  1.03772736, -0.95213836,
        0.69507235,  1.47846484,  0.88426006,  0.88420147,  0.60672003,
       -0.16553707,  0.47980082,  2.15211391, -0.10240351,  0.04179517,
        0.47806072,  0.24188939,  1.03449667,  0.24271432, -0.21351165,
        1.22557008, -1.44406152, -0.02130155,  0.27234417, -1.22719789,
        0.96450472,  0.76443326,  0.79752034,  1.36428273, -0.01610684,
       -1.60673249,  0.97385687,  0.53629243, -1.30028069, -1.28516519,
       -1.68187344, -0.54709959, -0.60157132, -0.86606389, -0.30703288,
        0.83036971,  0.71770006, -0.3815667 , -0.51471543,  0.544195  ,
        0.22508533, -0.9203015 ,  0.34649363, -0.00673624,  0.4915804 ,
       -0.31652474,  1.80224669,  0.14423516,  0.55461335,  0.21840674,
       -0.56064308,  0.57111013, -0.63229698, -1.13439178,  1.50821817,
       -0.66646188,  0.09316034, -0.15300721,  0.69174111, -0.18191031,
        0.27332884, -0.4681046 , -1.35264051, -0.38119453, -1.10119605,
        0.58697969,  0.1642217 , -1.15954697, -1.15648687,  0.25748727,
       -1.27107096,  2.29671168, -0.03094558,  0.10754061, -1.16348898,
        1.06663668,  0.90609026,  0.36424571, -0.87301296, -0.42976817], dtype=float32), array([ 0.10079907, -0.64015114, -0.39408422,  1.35361755,  1.25242102,
       -0.54397094, -2.0335865 , -0.91466147, -1.03648293,  0.34294975,
        1.25441742, -0.02099608,  0.05743074, -1.39628637, -0.85356569,
       -1.15538049, -0.03508345, -0.62770259,  0.64084148, -1.35398746,
        1.25412941,  2.23592901,  0.25018072,  1.48335564, -0.28215092,
       -0.80475557,  0.45291093,  1.5363276 , -0.31937477, -0.66386747,
        0.27693981,  0.18823977, -0.05509519,  0.42392284, -0.37164879,
        1.76384091, -0.45114672,  0.4092229 ,  0.74189615, -0.29688162,
        1.69870818, -0.175118  , -0.28713873,  1.66063404, -0.12347022,
       -1.04544044, -0.65330076, -0.68216807, -1.29313207, -0.67138618,
       -0.63261962, -0.17711857,  1.63021731,  0.08412845, -0.33743724,
        1.1870451 ,  0.89543319, -0.82200497, -0.00454668, -0.29221976,
        1.50898075, -1.69489288,  0.27108964,  0.51177347,  0.44622797,
        0.01908589, -0.37026602, -0.25878441,  0.89517319,  0.96132743,
       -0.62975466,  0.83292395,  0.03187069, -1.60641801,  1.82340539,
       -0.01300919, -0.21653168,  0.11623167,  0.67826915,  0.13612489,
        0.1700756 , -0.75289214,  0.06901801, -0.75689131, -0.94334668,
        2.27097583,  0.65892315, -0.77537274, -0.92828679, -0.41361177,
       -1.16829455,  0.9588064 , -0.54121137,  0.97119296,  0.0928663 ,
       -0.58039916,  0.27933276, -0.2029188 ,  0.35549271, -0.8743192 ], dtype=float32), array([-0.21751007, -1.0409261 ,  0.55499709,  1.96165359,  0.88124561,
       -0.42159277, -0.540447  , -1.59121811, -0.25074667,  0.16913275,
       -0.01588075,  0.05552009, -0.45851332, -0.25096667, -0.35338581,
       -1.61305833,  1.00199151, -0.70520562,  1.6465385 , -1.43332016,
        0.3949869 ,  1.81886542,  1.74689245,  1.2276237 ,  0.08739772,
        0.26867867, -0.49668729,  0.15049687, -0.29386857, -0.34601223,
        0.29263359,  0.15126634, -0.01848634, -0.33521843, -1.11580038,
        0.11518467,  0.46202371,  0.29606608,  1.14970946, -0.77438223,
        1.3053056 , -0.09110466, -0.63650668,  0.98399192, -0.46841294,
       -0.82773864, -0.32665443, -1.50256646, -2.28364325, -0.42930466,
        0.3948192 , -0.4866313 ,  1.22318029,  1.21540236,  0.57994431,
        1.23969626,  0.63550842, -0.99048311,  0.63869631,  0.48001486,
        1.17300105, -2.26178432, -0.58181423, -0.45204401,  1.56208003,
       -1.04926729, -0.21620083, -0.66717684,  2.23440671, -0.12270465,
       -0.53266227,  1.32641459,  0.72486299, -1.06796861,  1.71983445,
        0.03924461,  0.99095935, -0.13448206,  0.26496589,  0.1361053 ,
       -0.46397632, -0.86537212,  0.73368484, -0.57599097,  0.0661905 ,
        1.88657498, -0.08736221, -0.48283875, -1.51893854, -0.75921983,
       -1.0916158 ,  1.44740522, -0.97524208,  0.95451593, -0.13895248,
        1.0550456 ,  0.34339994,  0.3577747 , -0.64132881, -0.41883177], dtype=float32), array([-0.54222023, -0.97122461,  0.32582909,  2.53886652,  0.50914264,
       -1.26790714, -2.93719959, -1.16327381, -1.4228214 ,  0.10765529,
        1.53557289, -0.26951012, -0.15541342, -2.14888644, -0.81332088,
       -1.83904839, -0.42828017, -2.37881517,  0.39864245, -2.63260841,
        1.18233073,  2.62175655,  1.13625085,  1.68812692,  0.67721629,
       -1.20059323,  0.39387316,  1.59185481, -0.87461418, -1.59061563,
        0.62312675,  0.73986793,  0.44051957, -0.52253163, -0.85147703,
        1.20950127, -1.06665766,  0.78988868,  2.26483488, -0.658692  ,
        2.77984476,  1.13995016,  1.24343002,  2.48429298, -0.85478771,
       -1.49772346,  0.12861057, -0.22406831, -1.58418834, -1.1519649 ,
       -1.56824219, -0.9606145 ,  1.34458339,  0.10949838, -0.63021117,
        2.4541111 ,  1.12517619, -1.23143375, -0.61198092, -0.71399504,
        2.03747535, -3.39770865,  0.52855635, -0.34620488,  2.05700564,
        0.28283229, -0.15394422,  0.25235805,  1.66065967,  1.26738501,
        0.69782603, -0.22951359, -1.05645669, -1.81854343,  2.82422686,
       -0.45284268, -0.34007633, -0.64172852,  1.93486512,  0.33005515,
        0.02582149, -0.80437368, -0.71303129, -0.7380619 , -1.28711522,
        3.39293742,  0.62064481, -1.05012047, -2.12052107, -0.48024845,
       -1.62341189,  2.612432  , -0.75860626,  1.90098739, -0.53217071,
       -0.19040258,  0.47743779,  1.08262181, -0.32811278, -1.15727019], dtype=float32), array([ 0.11315593, -0.67005742, -0.117305  ,  1.12921786,  0.62851995,
       -0.75517547, -1.23601615, -0.84696072, -0.9587332 ,  0.83810014,
        1.44040275,  0.52566236, -0.31960094, -1.37929845, -0.87789798,
       -1.27616858,  0.35444397, -1.34489036,  0.51404619, -1.45838213,
        1.2960434 ,  1.73964882,  0.73583037,  0.83858502,  0.18693271,
       -0.99112117,  0.31226027,  1.1120826 , -0.56371504, -0.9988656 ,
        0.44654736, -0.46643519, -0.25835681, -0.51244575, -0.23983659,
        0.78862399, -0.51934004,  0.99966455,  1.14184809,  0.58139837,
        1.36780488,  0.20414332,  0.07705075,  1.28925788, -0.29379463,
       -0.73290944, -0.44997424, -0.26945055, -1.35468566, -0.23923244,
       -0.59300661, -0.51240861,  1.22493732,  0.07029091, -0.38922593,
        1.32242656,  0.65747249, -0.9786613 , -0.08207366, -0.13924681,
        0.82023191, -1.56418753,  0.27139112,  0.13481438,  0.76947975,
       -0.23529325, -0.54682863,  0.29446056,  0.73632073,  0.94491369,
        0.01209333,  0.00635411, -0.6015088 , -1.3117274 ,  1.31930685,
       -0.19415803,  0.11986227, -0.56036007,  0.89442778,  0.17574389,
       -0.17749821, -0.42737877,  0.12954709,  0.00850847, -0.62526363,
        1.9976871 , -0.29874751, -0.87950033, -1.36275899, -0.12204088,
       -1.0801692 ,  0.82303107, -0.15937737,  0.49138904,  0.17072119,
        0.04529386,  0.30188024, -0.44968125, -0.58381546, -1.12498546], dtype=float32), array([  1.09350465e-01,  -5.07605910e-01,   5.65989256e-01,
         1.72515965e+00,   3.65046054e-01,  -1.54287899e+00,
        -1.54850769e+00,  -1.31337380e+00,  -6.66559935e-01,
        -1.03903031e+00,   1.66352952e+00,   2.30249658e-01,
        -2.43488908e-01,  -1.99528068e-01,  -6.66422367e-01,
        -2.29888129e+00,   2.86420822e-01,  -7.35208511e-01,
         6.66625857e-01,  -2.35427666e+00,   6.69606805e-01,
         1.53295422e+00,   1.74896991e+00,   1.11276364e+00,
        -6.11559749e-02,  -6.02098644e-01,  -4.82310206e-01,
         1.08553827e+00,  -6.57573998e-01,  -9.39742476e-03,
         6.61647558e-01,   2.08967984e-01,   6.40250266e-01,
        -3.74659270e-01,  -1.52365237e-01,   9.92453694e-01,
         1.44902527e-01,   6.08164072e-03,   1.66421115e+00,
        -2.20593408e-01,   1.79132950e+00,   6.88562915e-02,
         2.08694395e-03,   1.43309367e+00,   7.54410774e-02,
        -1.07682061e+00,  -2.81473100e-01,  -7.37334847e-01,
        -7.64166534e-01,  -9.38862443e-01,   3.71665925e-01,
        -6.27844870e-01,   1.48359740e+00,   5.21829844e-01,
         8.89483809e-01,   2.08225727e+00,  -4.52315435e-02,
        -6.78505182e-01,  -4.71311122e-01,  -1.56527549e-01,
         1.42076623e+00,  -1.31081045e+00,   2.39624456e-01,
         3.27209026e-01,   2.29984260e+00,  -8.25166225e-01,
        -3.50081593e-01,  -5.10314822e-01,   1.24278331e+00,
         9.19344246e-01,   5.20321429e-01,   7.67891645e-01,
         2.20740736e-02,  -5.19980848e-01,   1.71074224e+00,
         1.45429820e-01,   4.16409254e-01,   1.39422417e-02,
         1.20020044e+00,   3.75486881e-01,  -1.11007541e-01,
        -8.64251316e-01,   8.22970271e-01,  -2.42013365e-01,
        -7.84720659e-01,   2.42125511e+00,  -6.99922860e-01,
        -4.34718430e-01,  -1.39155722e+00,  -1.34504199e-01,
        -5.37985146e-01,   2.08896065e+00,   1.18145727e-01,
         7.24698484e-01,  -1.83285892e-01,   1.22135293e+00,
         5.36825657e-01,   1.65799171e-01,  -6.09926820e-01,
        -1.34211779e+00], dtype=float32), array([ -1.26160204e+00,   1.92477047e-01,   3.75981390e-01,
         1.78823817e+00,   6.12828851e-01,  -6.39125228e-01,
        -1.99544907e+00,  -1.21180952e+00,  -6.97830796e-01,
        -4.46333259e-01,   1.61032724e+00,   9.45309162e-01,
        -1.66317418e-01,  -1.15053439e+00,  -4.25650150e-01,
        -2.11901474e+00,   8.19835246e-01,  -8.84757042e-01,
         7.89915025e-01,  -1.95676088e+00,   6.46139681e-01,
         2.04083681e+00,   1.11395323e+00,   1.08648372e+00,
         4.40258712e-01,  -2.24923715e-01,  -7.22267866e-01,
         9.76041138e-01,  -7.02925444e-01,   3.03648025e-01,
         3.81542683e-01,   3.30914140e-01,   1.22432196e+00,
        -1.22372055e+00,  -4.78063859e-02,   1.51000798e+00,
        -1.46007305e-02,   1.57077599e+00,  -1.93428904e-01,
        -3.58697951e-01,   2.52400255e+00,   6.62757337e-01,
        -4.43485171e-01,   1.14169025e+00,   5.32649100e-01,
        -1.08770144e+00,  -6.52693033e-01,  -1.65643859e+00,
        -1.32115662e+00,  -4.25293863e-01,  -2.45420292e-01,
        -6.88189626e-01,   1.70020020e+00,   8.62978160e-01,
        -4.58711177e-01,   2.28178644e+00,   8.84819269e-01,
        -2.49895424e-01,   2.49288961e-01,   7.73059368e-01,
         6.15523696e-01,  -1.87568843e+00,   5.97611904e-01,
         1.03975844e+00,   1.53125989e+00,  -7.70405769e-01,
        -7.57500052e-01,  -8.52533579e-01,   1.78789869e-01,
         3.55889529e-01,   4.34415400e-01,   2.75360644e-01,
        -5.28803021e-02,  -8.65137279e-01,   1.92371106e+00,
        -9.83724654e-01,   5.97733498e-01,  -4.84358490e-01,
         7.82525480e-01,  -3.28746140e-02,   7.81870723e-01,
        -3.65250528e-01,  -2.65113950e-01,  -1.30680621e+00,
        -1.47991627e-01,   2.53247118e+00,   4.42945659e-01,
         9.01393533e-01,  -7.11189926e-01,   1.16036832e-03,
        -8.44905436e-01,   1.98954618e+00,  -1.11851525e+00,
         8.18500876e-01,  -1.31384641e-01,   7.82743573e-01,
         2.06174672e-01,   2.63596475e-02,   2.85741240e-01,
        -1.12556863e+00], dtype=float32), array([ -2.48687461e-01,   8.30508471e-02,  -2.73355097e-03,
         1.10945892e+00,   4.96632010e-01,  -6.89424098e-01,
        -7.65650630e-01,  -2.41541207e-01,  -1.25053272e-01,
         6.08773381e-02,   1.14740813e+00,   3.87451977e-01,
        -1.99612975e-03,  -8.42011690e-01,  -3.50732386e-01,
        -8.60423923e-01,   5.66071868e-01,  -2.69829780e-01,
         2.15167344e-01,  -5.61430216e-01,   5.51185250e-01,
         8.66650462e-01,   1.42087936e-01,   3.82801801e-01,
        -2.00427085e-01,  -7.63788104e-01,  -4.65353787e-01,
         9.29289579e-01,  -3.00834447e-01,   4.91762340e-01,
        -2.24883452e-01,   3.81294399e-01,   5.34973800e-01,
        -1.18899956e-01,  -2.90901899e-01,   7.66791582e-01,
        -3.86654407e-01,   7.98503041e-01,   2.09745154e-01,
        -4.79614347e-01,   1.07727468e+00,   2.35917166e-01,
        -3.23516279e-01,   8.52807403e-01,   1.02125093e-01,
        -8.81186366e-01,  -5.30142486e-01,  -7.08824217e-01,
        -5.67660928e-01,  -3.89105439e-01,  -1.98370770e-01,
        -5.52315935e-02,   9.50293601e-01,  -2.96269298e-01,
         1.41491696e-01,   9.55111802e-01,   5.16213953e-01,
        -5.84396243e-01,   3.27063620e-01,   1.23771496e-01,
        -4.47764844e-02,  -6.01268172e-01,   1.81631327e-01,
         1.26448464e+00,   7.17356503e-01,  -3.13093185e-01,
        -6.45974994e-01,   1.55808106e-02,   7.25540876e-01,
         1.46456361e-01,   1.68795228e-01,   3.16392452e-01,
        -3.44359845e-01,   2.43585035e-01,   1.10698473e+00,
         9.18573439e-02,   3.85481983e-01,   1.10952713e-01,
        -3.55147198e-02,  -7.52636418e-02,   1.90530092e-01,
         5.29397791e-03,  -3.39223333e-02,  -6.30779684e-01,
        -5.04665613e-01,   7.50439286e-01,  -1.55867621e-01,
         2.18332604e-01,  -5.53619623e-01,  -3.73397879e-02,
        -4.78191748e-02,   8.20759833e-01,  -6.72975183e-01,
         1.99494943e-01,   2.55398452e-04,   9.35585424e-03,
        -2.68148333e-02,  -1.58175066e-01,   3.69478673e-01,
        -7.27563500e-01], dtype=float32), array([-0.43979907, -0.08792593, -0.11097176,  0.69405383, -0.097879  ,
       -0.09851136, -0.26153758, -0.4079504 ,  0.08709344, -0.40571314,
        0.73606426, -0.23908105, -0.04096007,  0.28376043, -0.56733227,
       -0.64186001,  0.00275172, -0.93891209,  0.86847097, -1.02613795,
        0.43199545,  0.42290258,  0.17755657,  0.71422243,  0.3021321 ,
       -0.68976492,  0.10211183,  0.31261379, -0.17348462, -0.06633634,
        0.04194249,  0.31333485,  0.19300602, -0.46566206, -0.17337042,
        0.16494632,  0.20024498, -0.15242305,  0.41280669, -0.13053   ,
        0.46038938,  0.08026326, -0.40469164,  0.68018025,  0.18180119,
       -0.314946  ,  0.3916505 , -0.13860711, -0.40651211, -0.47531959,
       -0.02591664, -0.27350044,  0.52054405,  0.24423465, -0.48229051,
        0.71209347,  0.05782872, -0.48944771,  0.3384634 ,  0.45878974,
        0.3537958 , -0.46902484,  0.2011683 ,  0.42231661,  0.65815246,
       -0.31971031, -0.63593256, -0.30478656,  0.39918074, -0.12292357,
        0.00355923, -0.19695921, -0.38429695, -0.15364346,  0.89297408,
        0.01661551,  0.59948802,  0.12623572,  0.67974943,  0.41596711,
        0.13854516, -0.09609182,  0.03508541, -0.59546614, -0.32422435,
        1.07444239,  0.33293408, -0.26547834, -0.08845443,  0.28873509,
       -0.8742348 ,  0.89534396, -0.15437405,  0.16653538,  0.39770201,
        0.17824785,  0.37405473,  0.55789876, -0.06208069, -0.16716504], dtype=float32), array([ -8.84165317e-02,  -1.08611262e+00,   5.45506030e-02,
         1.94631243e+00,   1.13475275e+00,  -5.20413935e-01,
        -2.24865150e+00,  -1.36015511e+00,  -1.42116380e+00,
         7.76049554e-01,   1.33940470e+00,   2.45162562e-01,
        -1.42320573e-01,  -2.15190768e+00,  -1.20772727e-01,
        -2.13558888e+00,  -1.28773704e-01,  -1.32068765e+00,
         7.62650669e-01,  -2.70151639e+00,   1.43967366e+00,
         2.87465262e+00,   9.54351604e-01,   1.75109529e+00,
         1.77113652e-01,  -1.27531219e+00,   5.99638820e-01,
         1.53070569e+00,  -3.90617132e-01,  -1.18053639e+00,
         6.84946895e-01,  -3.51791084e-01,  -1.78591162e-03,
        -3.58296663e-01,  -2.78538048e-01,   1.94468939e+00,
        -2.74093330e-01,   4.84611392e-01,   1.13226104e+00,
        -2.55103111e-01,   3.33430767e+00,   3.75512719e-01,
         8.38329867e-02,   2.27115011e+00,  -5.20520627e-01,
        -1.24289620e+00,  -5.81612512e-02,  -8.23403955e-01,
        -1.53005326e+00,  -6.90360427e-01,  -4.70489472e-01,
        -8.60894740e-01,   2.17761064e+00,   6.36894763e-01,
        -6.70427978e-01,   1.52317810e+00,   5.66640913e-01,
        -1.08299768e+00,  -1.80666625e-01,   3.69078308e-01,
         1.77314460e+00,  -3.42552233e+00,   7.08205402e-01,
         3.54243875e-01,   1.50199616e+00,  -2.82243252e-01,
        -1.37524068e+00,  -3.42546046e-01,   1.54754186e+00,
         1.30134416e+00,  -1.71288699e-01,   5.50236285e-01,
        -1.54605597e-01,  -1.79114640e+00,   1.76768708e+00,
        -2.77105868e-01,  -1.57454714e-01,  -3.42859596e-01,
         1.18707120e+00,   5.30132949e-01,   2.99235463e-01,
        -9.92669523e-01,   1.41532958e-01,  -7.80597627e-01,
        -1.30816925e+00,   2.76910472e+00,   4.65991318e-01,
        -7.10499406e-01,  -1.38233614e+00,  -2.83614516e-01,
        -1.26837575e+00,   1.22469139e+00,  -1.04686236e+00,
         7.15270519e-01,   2.36438319e-01,   6.72066450e-01,
         5.64483523e-01,  -9.42818224e-02,   6.99439287e-01,
        -8.71496201e-01], dtype=float32), array([-0.20301154, -0.3122558 ,  0.14653742,  1.31551576,  1.5238713 ,
        0.28545746, -1.6881783 , -0.42055845, -0.00415263,  0.23168314,
        0.90348697, -0.47886163,  0.15991068, -1.6852659 , -0.85710752,
       -1.35687125, -0.21522069, -1.26721585,  0.9595409 , -1.42432773,
        0.09221061,  1.76966465,  0.60423356,  1.29936969,  0.21678793,
       -1.16146123, -0.52959269,  0.18679862,  0.43365782, -0.02352887,
        0.58557987,  0.22528586,  1.35297084, -0.88921255,  0.07587808,
        1.59445262,  0.06331449,  0.66620332,  0.78516757, -0.09000945,
        1.92651904, -0.16149254, -0.05843945,  0.94930959, -0.17769304,
       -1.0353334 , -0.19644105, -0.69538885, -1.42291951, -0.80663538,
        0.24717619, -0.64353591,  2.05327153,  1.57335269, -0.29786342,
        1.0890162 ,  1.1228739 , -0.6383934 ,  0.26473913,  0.14866485,
        2.17946148, -2.40221143, -0.09040862,  1.1928494 ,  1.89172316,
       -0.95471555, -0.70274043, -0.8278318 ,  1.40094781,  0.62756288,
        0.12449373,  0.33785909, -0.42737755, -1.32248425,  1.48154688,
       -0.20021355,  0.129885  , -0.72080863,  1.07994604,  0.12703626,
       -0.15180209, -1.11067796,  0.16045991, -0.49768931, -0.88678396,
        2.25845242,  0.01066283, -0.47454736, -0.4984048 , -0.97542119,
       -0.93835604,  1.82628047, -1.56795442,  0.68144256,  0.11027869,
        0.02271871, -0.0957491 , -0.32750133,  0.67262948, -0.78906977], dtype=float32), array([ 0.32141042, -1.30844545,  0.25006056,  2.36783719,  1.12993121,
       -0.35695282, -1.8642081 , -1.21784842, -1.82481897,  0.3205196 ,
        1.4937607 , -0.25982583, -0.34964421, -1.77555311, -0.47082275,
       -1.60874534, -0.7356208 , -1.50483966,  0.5047611 , -1.81202829,
        1.26766598,  2.17959118,  1.10487676,  1.59355116,  0.60393119,
       -0.90647149,  0.60509861,  2.33426309, -0.02059399, -0.9414382 ,
        0.71416116,  0.14320292,  1.05917978,  0.80531514, -0.50433052,
        1.98085618, -0.96402431,  0.4179998 ,  1.80572796, -0.7384131 ,
        2.49319959,  0.79053181,  0.00924174,  1.68281376, -0.23124784,
       -1.50076747, -0.18316725, -0.0137398 , -1.72858608, -1.15928268,
       -1.2928369 , -0.61463052,  1.1208117 , -0.17769237, -0.40557984,
        1.17839956,  1.15808439, -0.788629  , -0.53044212, -1.08497953,
        1.25593305, -2.11782384,  0.44066513, -0.2693097 ,  1.56999481,
       -0.26526439,  0.3067019 , -0.3741222 ,  1.57839072,  0.7257849 ,
       -0.43032563,  0.41848183, -0.67109555, -2.17981815,  1.58484054,
       -0.49698099,  0.21708605, -0.27032536,  0.97527474,  0.0846547 ,
        0.63670129, -0.45541734, -0.76897925, -0.85667008, -1.22523153,
        1.90508461,  0.59910119, -0.95407671, -1.41257548, -0.15794158,
       -1.40362442,  1.85205209, -0.03281537,  1.05908918, -0.5305239 ,
        0.70518172,  0.80142325,  0.19439864, -0.19508238, -0.38753161], dtype=float32), array([-0.01282947,  0.53794354, -0.50484753,  2.05098104,  0.95641124,
       -0.36683643, -2.22466207, -1.25257957, -0.36458561, -0.51179874,
        0.99211061, -0.47431478, -0.74331087, -0.48984796, -0.67067009,
       -1.37452996,  0.92463493, -0.52269775,  1.7557081 , -1.29014802,
        0.51169568,  1.94460905,  0.7109549 ,  1.17724204,  0.8223933 ,
       -0.39351782, -0.20263413,  1.43437874, -0.51368719, -0.34728584,
        0.83286989, -0.42848134,  0.72429568, -0.19442657, -0.73080313,
        0.4642722 , -0.02418828,  0.28932589,  0.16318867, -0.88064182,
        1.95293486, -0.09731154,  0.12817234,  1.9216584 ,  0.61621594,
       -0.67359507, -1.07763624, -0.68908936, -1.47931397, -0.67042655,
       -0.30944344, -0.46331078,  0.48761424,  0.72765315, -0.26067725,
        1.34564972,  0.89979953, -1.03267586, -0.03766081,  0.78254104,
        0.71762013, -2.02383351, -0.14148101,  0.21028897,  1.08757067,
       -0.85911018, -0.7635262 , -0.40271413,  1.0370717 ,  0.25447714,
       -0.03999682,  0.34997371, -0.78968239, -0.90409195,  1.96317577,
       -0.30377537, -0.56242228, -0.22452322,  0.63689303,  0.07689851,
        0.04242335, -1.07629144, -0.29390916, -0.97363997, -0.37213701,
        2.31706548,  0.14407371, -0.25573644, -0.03334741, -0.70035696,
       -1.56790459,  0.78852546, -1.07228339,  0.6690414 ,  0.7164042 ,
       -0.11151087, -0.00606515,  0.7321974 ,  0.09229787,  0.05227265], dtype=float32), array([ -4.00200009e-01,  -1.84575468e-01,   5.28985783e-02,
         1.15907919e+00,  -8.84171054e-02,  -8.05206954e-01,
        -4.60915715e-01,  -9.70287979e-01,  -8.02840412e-01,
         5.63127279e-01,   1.34275877e+00,   7.77600780e-02,
         2.12267518e-01,  -1.55261111e+00,  -1.18342340e+00,
        -8.63218784e-01,   7.61405945e-01,  -1.43516421e+00,
         1.22411656e+00,  -1.81006026e+00,   8.67189884e-01,
         1.73482513e+00,   8.04302514e-01,   1.65548205e+00,
         2.91338563e-01,  -1.04206538e+00,  -1.39424145e-01,
         7.46307731e-01,  -5.36113262e-01,   2.62193888e-01,
        -2.72989005e-01,  -2.81838298e-01,   7.91906416e-01,
        -6.52242839e-01,  -4.98671442e-01,   5.89708090e-01,
         1.86243206e-01,  -2.02051595e-01,   4.85824108e-01,
        -1.29945055e-01,   1.06016946e+00,   3.40316370e-02,
         3.15984696e-01,   1.78640354e+00,   8.97733450e-01,
        -1.07469773e+00,   2.79802263e-01,  -1.00605023e+00,
        -7.47708321e-01,  -4.23613518e-01,   4.35943931e-01,
        -4.64332402e-01,   1.15173912e+00,   7.49628603e-01,
        -5.59276938e-01,   1.88214529e+00,  -3.99761796e-01,
        -7.62152016e-01,   2.89700031e-01,   8.20932984e-01,
         7.83401787e-01,  -1.99280763e+00,   1.96455538e-01,
         2.30662853e-01,   2.01093435e+00,  -8.20225239e-01,
        -6.99750841e-01,  -2.07324326e-03,   1.01861548e+00,
        -2.01520607e-01,   7.03744590e-02,   6.66763008e-01,
        -4.68234003e-01,  -5.22067904e-01,   1.78212523e+00,
        -6.24847710e-01,   1.72988921e-01,  -1.57241389e-01,
         1.12347908e-01,   5.01048565e-01,  -3.58930081e-01,
        -8.08063447e-01,  -1.13808763e+00,  -1.15805912e+00,
        -6.26647651e-01,   2.43783998e+00,   9.45762277e-01,
        -1.00171721e+00,  -2.99104363e-01,   4.04461354e-01,
        -1.10007715e+00,   1.52241027e+00,  -1.21459794e+00,
         5.97868741e-01,   9.85655114e-02,   1.76737726e-01,
         2.48197392e-01,   5.09107947e-01,  -5.01856446e-01,
         1.76890895e-01], dtype=float32), array([-0.28501242, -0.54025042,  0.08202195,  1.35836363,  0.45540959,
       -0.49776605, -1.35813475, -0.55196446, -0.97609556, -0.33737004,
        0.93524617,  0.23628739, -0.43730924, -0.56331259, -0.77550471,
       -0.97926128,  0.1122562 , -0.76507747,  0.41736236, -1.4556756 ,
        1.05638182,  1.54278946,  0.72408551,  0.42979297,  0.07885649,
       -0.6037032 , -0.19128251,  1.57153666, -0.29320985,  0.05352888,
        0.32538471,  0.2294651 , -0.32005942,  0.01448399,  0.05659432,
        1.17656744, -0.22621757,  0.96284038,  0.30302545, -0.1969251 ,
        1.22850323,  0.47438991, -0.32400551,  0.91694623, -0.04186466,
       -1.04028511, -0.54469192, -0.26462781, -0.43202877, -0.73507816,
       -0.15948533, -0.64130479,  1.13865197, -0.10176321,  0.21374512,
        2.06205869,  0.72153437,  0.00296249,  0.26482415, -0.28946221,
       -0.35324132, -0.91862577,  0.5164426 ,  0.51768732,  0.89037472,
       -0.17178422, -0.13144198,  0.02189501,  0.41285029,  0.54162782,
        0.25586873,  0.08181182, -1.63733876, -0.40217203,  1.03021824,
       -0.17655171,  0.14830193,  0.08846428,  0.5539124 ,  0.15795738,
        0.18643081,  0.02217684, -0.3494246 , -0.25012964, -0.6134727 ,
        1.08601451, -0.17126146,  0.0519604 , -0.46423268,  0.75375777,
       -1.22983372,  1.16425836, -0.18209779,  0.72558022,  0.02716699,
        0.33693948,  0.36877215, -0.34221643, -0.36224955, -0.78570741], dtype=float32), array([ 0.28940707, -0.56589174,  0.37950271,  0.61094213,  0.48742473,
       -0.55049902, -1.09939384, -0.25500119, -0.08502782,  0.28037331,
        0.26419291, -0.52471256, -0.52887595, -1.27154744, -0.23982525,
       -0.65998179,  0.08858286, -0.66914153,  0.81493771, -0.61782116,
        0.33362907,  0.81273764,  0.28317571,  0.26956034,  0.70628506,
       -0.50545961, -0.0740537 ,  0.65451556, -0.59201145, -0.09026486,
       -0.05488364,  0.07203763,  0.3228288 , -0.01127193, -0.30152163,
        1.08030343, -0.15354674,  0.67961562,  0.81793827,  0.25950572,
        0.99690539,  0.85160428,  0.05380058,  1.1647532 , -0.13385744,
       -0.68903112, -0.10309465, -0.19565485, -0.69706506,  0.08058117,
       -0.38331649, -0.40616125,  0.56987339,  0.1168033 , -0.28080878,
        1.14480507,  0.24514851,  0.09098255, -0.40848005, -0.17570296,
        0.32439101, -1.31337976,  0.1067603 ,  0.25796857,  0.71958381,
       -0.05888591, -0.0030833 , -0.10120566,  0.3575502 ,  0.42190111,
        0.15671314, -0.06805884, -0.84527272, -0.64448172,  0.48715609,
       -0.22783902, -0.40343252, -0.39142144,  1.07137918, -0.55716515,
       -0.30799556, -0.27055195, -0.33605832, -0.5444786 , -0.52654856,
        0.60493833,  0.04811046,  0.13013506, -0.47084942, -0.2242254 ,
       -0.46084034,  0.06779907, -0.48635268,  0.1528829 ,  0.01589544,
       -0.33211434, -0.21594912, -0.04215451, -0.27056015, -0.38054302], dtype=float32), array([-0.33439791, -0.34763885, -0.13540463,  0.61240554,  0.01559936,
        0.0047563 , -0.21338725, -0.43181604, -0.29952601,  0.24548908,
        0.21382217,  0.00981994, -0.100801  , -0.25182134, -0.20455867,
       -0.33674949,  0.5948233 , -0.3174893 ,  0.49360433, -0.66127443,
        0.43993384,  0.67006373,  0.17376816,  0.18229145,  0.18578221,
       -0.35582209,  0.11112921,  0.31550741, -0.5504849 , -0.0758875 ,
       -0.13594125, -0.23026836,  0.08854105, -0.39290065, -0.16477445,
        0.14042352,  0.05477985,  0.35389656,  0.33262539, -0.00310855,
        0.61704934, -0.17556776,  0.20649183,  0.46190912, -0.20833755,
       -0.41737863,  0.14931837, -0.03507989, -0.65071768,  0.03017594,
       -0.34557024, -0.04149127,  0.30555856,  0.27440697,  0.04694664,
        0.42774874,  0.15255001, -0.39812478,  0.05681796,  0.18038595,
        0.37531215, -0.77199376, -0.29348415, -0.19940971,  0.46474952,
       -0.32451153, -0.17318779,  0.31196314,  0.21440709,  0.02983125,
       -0.30489281, -0.21476598, -0.04953407, -0.32646605,  0.61413741,
        0.257442  ,  0.53294915, -0.18881243, -0.22120914,  0.15664169,
       -0.13070044, -0.12312853, -0.08219872, -0.36877748, -0.3077749 ,
        0.53403592,  0.33660597, -0.17400764, -0.07096472,  0.0317096 ,
       -0.12611914,  0.26838416, -0.51281625,  0.28876334,  0.52306974,
       -0.02431466,  0.11012566,  0.44211701,  0.40569937, -0.31689811], dtype=float32), array([ 0.33200422, -1.58421361,  0.8168503 ,  2.51070309,  1.34249759,
       -1.10687327, -1.04931712, -1.13708162, -1.88446617, -0.12056484,
        1.50030673,  0.44562623, -1.33587039, -1.35749853, -0.3798984 ,
       -2.5152564 , -0.78614879, -2.11951137,  1.44430912, -1.56549025,
        1.28880072,  1.7960403 ,  1.63956642,  1.68646765,  0.69942474,
       -0.71021622, -0.16415918,  1.76544631,  0.33558875, -0.61537158,
        1.50689197, -0.2771109 ,  1.2289046 , -0.08008484, -0.53838044,
        1.73883414, -1.65902686,  0.63069803,  1.81510413, -0.32516402,
        3.33561754,  2.36676979,  0.43994322,  1.34726667, -0.93538928,
       -2.02804518, -0.25766283,  0.00805476, -1.07366979, -2.12621856,
       -1.94862783, -0.93666589,  0.66112351, -0.84706706, -0.17133398,
        1.61687481,  1.92831349, -0.55812144, -0.24815457, -0.13089253,
        0.49429023, -1.52981222,  0.42141604,  0.3726635 ,  1.68013   ,
       -0.80881691,  0.94141412, -0.30841172,  1.96970487,  1.11254835,
       -0.62625909,  0.05360711, -1.76811421, -1.78090465,  1.39727271,
       -0.26529741,  0.36463907, -0.68188238,  0.56850404, -0.15850361,
        0.59556818, -0.39628512, -1.30197382, -0.30281785, -0.87496763,
        1.62899601,  1.26708531, -0.84825855, -1.5959754 ,  0.02021112,
       -1.94932425,  3.17865539,  0.11185713,  0.76036787, -1.18858981,
        1.22301388,  1.42633271,  0.32287019, -0.59374142, -1.40669513], dtype=float32), array([-0.38576683, -1.41997409,  0.9140901 ,  2.39010644,  0.61991471,
       -0.39703792, -0.86420673, -1.09868205, -1.66979039, -0.2372472 ,
        1.50981939,  0.02621435, -1.33075583, -0.95825338,  0.10963217,
       -1.72486401, -0.26936698, -1.55021811,  1.24380124, -1.28069735,
        0.98378485,  2.24261308,  1.62586176,  1.37896943,  0.85389555,
       -0.39214766, -0.00822347,  2.15152001,  0.24527164, -0.61042237,
        0.90804279, -0.2700603 ,  1.38559771,  0.24631274, -0.63986206,
        1.55672491, -0.76425111, -0.05408004,  1.40997267, -1.32694769,
        2.50707555,  1.76977098,  0.73700976,  1.71952116, -0.35683039,
       -1.53639352,  0.49935874,  0.05026055, -1.66160858, -1.5067879 ,
       -1.79330659, -1.02863157, -0.17576608, -0.36554348, -0.07344127,
        1.26413846,  1.45177376, -0.4212147 , -0.12006315,  0.12545839,
        0.23495385, -1.70843935,  0.52417725, -0.14852794,  1.25239527,
       -0.72722781,  0.89154279,  0.09669342,  1.61310017,  0.54416913,
       -0.4457857 ,  0.53494328, -1.5887394 , -1.43040884,  1.57728207,
       -0.45077521, -0.00356501, -0.46532625,  0.36366293, -0.14814782,
        0.18484066, -0.94764394, -1.48663139, -0.61584634, -1.00344074,
        1.24970388,  0.67295575, -1.12490046, -1.27022791, -0.01662627,
       -1.76586735,  2.73201513, -0.41785988,  0.2682822 , -1.30667961,
        1.47233272,  0.49155736,  0.03796025, -0.48485702, -0.73558283], dtype=float32), array([ 0.07727627, -0.29994565, -0.74704617,  0.83097172,  0.11017476,
       -1.45010698, -0.64985907, -0.74185294,  0.31668645, -0.40751025,
        0.93550205,  0.03048448, -0.36101627, -0.82970196, -0.02948294,
       -2.57763743,  0.58893275, -0.70990586,  1.30381441, -1.82915783,
        0.96808976,  1.73304617,  1.04768109,  1.11645174,  0.47851858,
       -0.73951489, -0.80643922,  0.7417804 ,  0.11621377, -0.25452393,
        0.89446348, -0.53615445, -0.10930397, -0.8223483 , -0.32631522,
        0.24610063,  0.64444619,  0.36626852,  0.87011844, -0.33822894,
        2.22371697,  1.109864  , -0.88587534,  1.97311509,  0.08398929,
       -0.77449703, -0.70678097, -1.12674129,  0.1319627 , -0.75438535,
        0.45941326,  0.05104918,  1.80535662, -0.23459816, -0.22451147,
        1.68527758,  0.52518439, -0.57418418,  0.43935698,  1.08647013,
        0.67005044, -0.93660402, -0.1263172 ,  0.86891615,  1.49302459,
       -0.35957935, -0.43735904, -0.87255096,  0.88245577,  0.62279499,
       -0.21092308, -0.45664251, -1.13409054, -0.40342081,  1.03422487,
       -0.01147627, -0.31110254,  0.01369137,  1.09115434, -0.00650942,
        0.2438727 , -0.81217009,  0.53200227, -0.5804013 , -0.81493884,
        1.84740627, -0.19953693,  0.47446045, -0.53619373, -0.17212084,
       -1.74040353,  0.70717746, -0.6729334 ,  0.78964305,  0.18600127,
        0.53956383,  0.70959628,  0.22425106,  0.16966729, -0.30122596], dtype=float32), array([ -4.91924286e-02,  -5.84189355e-01,  -5.47376126e-02,
         1.08054662e+00,   8.50607812e-01,  -1.02010596e+00,
        -8.88445497e-01,  -1.20198309e+00,   2.12342292e-02,
        -2.32341364e-01,   1.29379022e+00,   3.82051468e-02,
        -5.91412723e-01,  -4.08739626e-01,  -6.49469614e-01,
        -1.90496302e+00,   3.24175060e-01,  -1.04328907e+00,
         1.08742380e+00,  -8.97960424e-01,   1.16923630e+00,
         1.50191832e+00,   3.70892078e-01,   7.05350697e-01,
        -2.46127658e-02,  -5.88759720e-01,  -8.78841877e-01,
         1.10403574e+00,  -1.37816548e-01,  -5.91616817e-02,
         2.58396357e-01,  -3.58035684e-01,  -3.74158084e-01,
        -5.49500704e-01,   2.32527927e-01,   3.67852807e-01,
         1.05254030e+00,   8.81916344e-01,   3.29892218e-01,
        -4.92084622e-02,   1.17010069e+00,   3.16964865e-01,
        -3.16430658e-01,   1.41051865e+00,   8.00152421e-02,
        -2.26344898e-01,  -7.61989355e-02,  -4.10870105e-01,
        -4.90512133e-01,  -6.75860584e-01,  -1.06811397e-01,
        -2.90913165e-01,   1.63388455e+00,  -5.36629200e-01,
        -3.12591791e-01,   1.78075564e+00,   3.30719650e-01,
        -8.25517654e-01,   2.91822314e-01,   5.49144745e-01,
        -2.00288564e-01,  -7.31722057e-01,   3.44624698e-01,
         2.77722329e-01,   1.20474327e+00,  -2.72279918e-01,
        -9.69359040e-01,   1.40170425e-01,   1.34518981e+00,
         1.96283638e-01,   1.12111866e-03,  -3.12909007e-01,
        -5.63527703e-01,  -3.39160800e-01,   7.31375217e-01,
         8.84127170e-02,  -1.76336110e-01,   1.50550038e-01,
         3.82596582e-01,   3.64990622e-01,   4.41419631e-01,
        -4.83010858e-01,   1.63282037e-01,  -4.65923131e-01,
        -8.25703740e-01,   1.27134812e+00,  -1.59344673e-01,
         5.10873139e-01,  -5.66627920e-01,   7.79572785e-01,
        -1.72040689e+00,   5.96529126e-01,  -1.91357657e-01,
         8.11882854e-01,  -8.86692405e-02,   4.00734544e-01,
         6.29818559e-01,  -4.54133898e-01,  -5.42659581e-01,
        -8.08180153e-01], dtype=float32), array([ -6.80736542e-01,  -2.20642075e-01,   4.78986859e-01,
         1.61644304e+00,   4.06796336e-01,  -1.42246890e+00,
        -2.12899113e+00,  -1.30722523e+00,  -9.02045667e-01,
        -6.47070825e-01,   2.36111784e+00,  -1.03049898e+00,
        -2.92830467e-01,  -7.18666852e-01,  -1.19681132e+00,
        -1.40471578e+00,   1.09484410e+00,  -1.36358547e+00,
         4.25821364e-01,  -2.97737479e+00,   6.41965687e-01,
         1.74333572e+00,   4.74127352e-01,   8.99150789e-01,
         6.86258435e-01,  -1.08330321e+00,   4.04745370e-01,
         7.37285614e-01,  -4.04320419e-01,   4.92103189e-01,
         5.25607109e-01,   4.66220498e-01,   5.30036926e-01,
        -8.85707080e-01,  -1.13526374e-01,   9.23266709e-01,
        -2.21399218e-01,   1.02938700e+00,   8.86595771e-02,
        -1.24874413e+00,   2.74949074e+00,   3.60850900e-01,
         4.12975848e-01,   1.26147115e+00,   8.95885587e-01,
        -1.26261938e+00,   2.39507005e-01,  -8.45676482e-01,
        -8.61701131e-01,  -7.73316145e-01,   4.24704790e-01,
        -4.01334584e-01,   1.76309776e+00,   5.93824208e-01,
        -1.11897171e+00,   2.31266451e+00,   9.24220800e-01,
        -9.22329783e-01,  -1.26750588e-01,   3.09987217e-01,
         5.54325998e-01,  -1.88174510e+00,   1.02067813e-01,
         9.24112260e-01,   8.92007589e-01,  -2.86573291e-01,
        -8.61359358e-01,  -1.58504263e-01,   6.59161091e-01,
         4.05431658e-01,  -2.58253455e-01,   2.16195494e-01,
        -3.76084089e-01,  -1.67915389e-01,   2.14865851e+00,
        -1.06509352e+00,   1.20506987e-01,   2.57388949e-01,
        -2.71594346e-01,   6.77804708e-01,  -2.20611364e-01,
        -1.39709663e+00,  -1.01248793e-01,  -1.08700860e+00,
        -4.59529996e-01,   2.67639875e+00,   1.02089055e-01,
         4.24449474e-01,  -6.83348000e-01,   1.63475052e-03,
        -1.54724455e+00,   2.11259413e+00,  -1.16255164e+00,
         2.24184573e-01,   4.39612791e-02,   6.51285827e-01,
         1.37555420e-01,  -1.33584425e-01,   1.02359258e-01,
        -3.71608704e-01], dtype=float32), array([-0.24835163, -0.4963924 , -0.37705493,  0.99228483,  0.91356069,
       -0.59077781, -0.9481746 , -0.7564714 , -0.17226487, -0.22894077,
        1.02217817, -0.22426635,  0.03964998, -1.08260047, -0.57498032,
       -1.67114127,  0.61417067, -1.43643975,  0.24602917, -1.77453685,
        0.27591005,  1.89355469,  0.92310208,  0.56674755,  0.22112599,
       -1.29946327, -0.40304458,  1.08899522,  0.10559826,  0.23006047,
        0.52367449, -0.61304903,  0.25331452, -0.87205064, -0.16521603,
        1.60872149,  0.19462334,  0.3583346 ,  0.92208582, -0.32493702,
        2.38772202,  0.43357131, -0.34189922,  1.00552332, -0.32379797,
       -1.02705717, -0.08711663,  0.0673595 , -1.27006555, -0.23558988,
       -0.09062892, -0.28150564,  1.55967689,  0.62530732, -0.215453  ,
        0.99828357,  0.80968302, -0.43330565,  0.26679367,  0.29257417,
        0.5443027 , -1.53175223, -0.0469113 ,  0.07652591,  0.58303833,
       -1.146258  , -0.00398158, -0.58823657,  0.24447927,  0.85858095,
       -0.37120113,  0.18358442, -0.91573626, -0.82244521,  1.68336916,
       -0.5097611 ,  0.00383922, -0.15446404,  0.66208875,  0.10374457,
        0.11068936, -0.60424137, -0.31487334, -0.09747351, -1.17837656,
        1.6334703 ,  0.48039946, -0.18986686, -0.36460558, -0.77021581,
       -1.08144891,  1.17873991, -0.47411236, -0.31522161,  0.28559965,
        0.37816435,  0.75198871, -0.08083108,  0.36901429, -0.92103076], dtype=float32), array([-0.0032229 , -0.41465157,  0.16537915,  0.59944093,  0.21662305,
       -0.43545628, -0.73971993, -0.46004057, -0.46944377,  0.56399012,
        0.61782128,  0.34205258, -0.01490399, -0.88530672, -0.02392817,
       -1.21163774,  0.20251773, -0.63153279,  0.36889014, -0.6746003 ,
        0.82298172,  1.18102217,  0.31864837,  0.50209361, -0.00623759,
       -0.47494406,  0.10110767,  0.31788078, -0.32967818, -0.54058796,
        0.32208237, -0.42856997,  0.36731702, -0.63922501, -0.1451714 ,
        0.59616506, -0.47961092,  0.63511866,  0.89795291, -0.0670546 ,
        0.80689967,  0.08277697, -0.05864161,  0.61598992, -0.11165608,
       -0.34309575, -0.09788521, -0.05372031, -0.98071027, -0.27868932,
       -0.2584877 , -0.14314729,  0.6981051 , -0.18151708, -0.00427724,
        0.64622366,  0.13192692, -0.39527571, -0.03923979, -0.19309765,
        0.61330795, -0.69771862,  0.11056422, -0.01673302,  0.3664231 ,
       -0.11036778,  0.04977278, -0.10195459,  0.40470079,  0.67428619,
        0.06308373,  0.31660292, -0.07900534, -0.72799534,  0.67541373,
       -0.08976439,  0.28591675, -0.38833755,  0.10139103, -0.01948949,
        0.29892549, -0.16923767,  0.48201433, -0.16980934, -0.06584369,
        1.06056356, -0.22123873, -0.71920431, -0.94905543, -0.11215426,
       -0.49277934, -0.01517497, -0.38100964,  0.31683457, -0.13726504,
       -0.11139177,  0.08632262, -0.26772723, -0.32753056, -0.62974179], dtype=float32), array([-0.27361661, -1.06511426, -0.42678481,  1.79163945,  1.31637549,
       -0.26649827, -2.43072176, -1.11599684, -1.4764514 , -0.0445696 ,
        0.94715244, -0.63336658, -0.37880847, -0.957331  , -0.59011859,
       -1.26624513, -0.58512419, -1.04797983, -0.01709966, -2.09278035,
        1.36116624,  2.24897957,  0.77532595,  1.29300141,  0.1500603 ,
       -0.26179057, -0.10641958,  2.26071596, -1.14606571, -0.99241984,
        1.15098476,  0.34869713, -0.29299992,  0.93861806, -0.09147047,
        1.79362583, -0.12753925,  1.13753903,  1.82938409,  0.24314184,
        2.16562438, -0.55526978, -0.69693512,  2.25856686, -0.27918595,
       -0.58146691, -1.21382844, -1.16562474, -1.59829199, -0.58026177,
       -1.01399374, -0.31313485,  2.45602274,  0.59126675, -0.12807074,
        1.97848392,  0.59867078, -0.8994388 , -0.13991402, -0.95164657,
        1.11205876, -2.47291088,  0.59400123,  0.84033585,  0.28486463,
        0.01776269, -0.28252703, -0.66010606,  1.218256  ,  1.13954771,
        0.27577701,  0.5066281 , -0.34594089, -1.46964717,  1.53494442,
       -0.249411  , -0.08614199, -0.0768427 ,  1.04996502,  0.53538245,
        0.75949711, -0.33429378,  0.15868479, -0.34660342, -0.86748582,
        2.41140795,  0.54982167, -0.73076105, -0.75478619,  0.149212  ,
       -1.36519933,  1.01830888, -0.54061615,  1.17510271,  0.63583475,
        0.03852645, -0.3988643 , -0.67458069, -0.07964833, -1.20861983], dtype=float32), array([-0.43863976, -0.32111877,  0.36153752,  1.5514369 ,  0.43054935,
       -0.22720617, -0.99333811, -0.52871835, -0.04159546, -0.33099091,
        0.77872497, -0.58557147, -0.15058681, -0.76300901, -0.15340298,
       -1.70371819, -0.00972043, -0.96649659,  1.01574671, -1.0120908 ,
        0.37112352,  1.82712007,  0.52810252,  1.04045558,  0.7129513 ,
       -0.69672191, -0.20735697,  0.66175807,  0.21172954, -0.79862666,
        0.35234463, -0.27917698,  0.86515129, -0.64625359, -0.73950666,
        1.31127036,  0.36666059, -0.01141566,  1.06890476, -1.00581896,
        1.26394653,  1.12792015,  0.17522861,  1.19312334, -0.02474152,
       -0.26520419,  0.60437441,  0.06079648, -0.89115494, -0.70843905,
       -0.50104696, -0.59500277, -0.04399478,  0.132673  , -0.42120576,
        1.09418488,  0.64741248, -0.01087135, -0.14115   ,  0.09016867,
        0.84716713, -1.54373133,  0.3694922 ,  0.36080807,  0.86940324,
       -0.76433307, -0.44271475, -0.75846112,  1.17429817,  0.5769735 ,
       -0.15506606,  0.36504003, -1.27968764, -0.67881799,  0.89184713,
       -0.50987053,  0.20087099, -0.84407181,  1.33484638,  0.15780163,
        0.00747437, -0.43156227, -0.68755108, -0.7903924 , -0.62970304,
        1.50716937,  0.10859998, -0.77575946, -0.79803532, -0.5641557 ,
       -1.31051326,  1.47287643, -0.5918901 ,  0.36599374, -0.29161394,
        0.21695136, -0.33629787,  0.34180504, -0.05066087,  0.27036697], dtype=float32), array([-0.79554278, -0.6349678 ,  0.48923996,  1.3780371 ,  0.59333277,
       -1.21654558, -1.36443424, -1.41731489, -1.20469809,  0.0699686 ,
        1.79729819, -0.76647848, -0.31362796, -0.46696553, -0.82296914,
       -1.31663132,  0.66168213, -1.33461654,  0.57686609, -2.51420736,
        0.2821033 ,  2.03901744,  1.30317938,  1.44777918,  1.58337855,
       -0.10549888,  0.53281492,  0.58388972, -0.54519957, -0.47494748,
       -0.29073799, -0.27407518,  0.65435112, -0.93485212, -0.58593768,
        1.06732833, -0.69376576,  0.48396149,  0.89785844, -1.16874409,
        1.84575295,  0.03915535,  0.8534621 ,  1.35957682,  0.3200576 ,
       -1.03388667,  0.73629451, -0.88985193, -1.22887158, -1.4821198 ,
       -0.14950848, -0.63581485,  1.53472137,  0.71235263, -0.27467164,
        2.05986166, -0.13286971, -0.35666633, -0.16091157,  0.2525028 ,
        1.55551565, -1.68192101, -0.39777982,  0.13691121,  1.35682261,
       -0.26427937, -1.13915372,  0.13159838,  1.27820611, -0.09963083,
       -0.26005319,  0.81119955, -0.2523264 , -0.68560839,  2.15406942,
        0.71934682,  0.60779083,  0.23603405,  0.8469016 ,  1.16849148,
       -0.34023368, -0.7218672 , -0.38538557, -1.191378  , -0.11491624,
        2.65393639,  0.03102211, -1.22582698, -1.36134648,  0.55384094,
       -0.53500289,  2.10684419, -0.74117792,  0.20571618,  0.07518728,
        0.37828422,  0.47283208,  0.10659756, -0.10443467, -0.57291085], dtype=float32), array([-0.0447785 , -2.58549476,  0.9021939 ,  3.11106992,  1.32654655,
       -0.90653497, -1.33017647, -1.74341941, -2.50091887,  0.4516443 ,
        1.90698516,  0.16886529, -1.23899639, -2.06133866, -0.55154729,
       -2.01593375, -0.94813192, -1.77928662,  1.19685566, -2.26008558,
        1.52578473,  2.67731857,  1.85612273,  2.0399425 ,  0.60318822,
       -0.81717205,  0.2744112 ,  2.38497186,  0.163242  , -1.44423866,
        0.9660303 ,  0.22909158,  1.59494579,  0.30163354, -0.68940324,
        2.01948762, -2.11305881,  0.57380682,  2.12921715, -1.11808157,
        3.01370335,  1.77568829,  0.47590879,  2.09858084, -1.03130031,
       -1.69875395,  0.47223717, -0.26638436, -2.43724871, -2.40667725,
       -2.304106  , -1.32626176,  0.46360356, -0.53059328, -0.32710144,
        1.8597796 ,  1.9714582 , -0.81889707, -0.65599632, -0.86582166,
        1.03662753, -2.39991784,  0.76806468, -0.27855647,  1.49616063,
       -0.70226419,  0.98091781, -0.24761851,  2.18523216,  1.12600076,
       -0.5934884 ,  0.48740074, -0.99905407, -2.86896968,  2.08167934,
       -0.94177908,  0.61347228, -0.65848023,  0.8428539 , -0.13425343,
        0.52193654, -0.78603506, -1.28523874, -0.56002992, -1.36471605,
        2.15629983,  1.02596748, -1.40898931, -1.87202144, -0.31066975,
       -2.34325027,  3.54381657,  0.09701167,  0.8573699 , -1.24206924,
        1.29754436,  1.12006915,  0.41124359, -0.50139886, -1.28325534], dtype=float32), array([-0.43472078, -1.34847224,  0.42981184,  2.97070432,  0.76833433,
        0.13967329, -1.70085251, -1.54648924, -1.74338424,  0.18343887,
        1.13639152,  0.06668618, -1.26279557, -1.20088792, -0.08870134,
       -1.65104532, -0.07076253, -1.59742022,  1.64913499, -1.68033803,
        1.10342944,  2.66504645,  2.01526785,  1.92686164,  0.6875034 ,
       -0.20257828, -0.32606226,  2.70474124,  0.0503333 , -0.39849317,
        1.25182307, -0.17795771,  1.8493191 , -0.16091871, -0.69264847,
        1.96104217, -1.25605094,  0.33417112,  1.45286095, -0.80753642,
        2.869452  ,  1.34777272,  0.98071051,  2.08123708, -0.18187863,
       -1.45677507,  0.09221926, -0.08501339, -2.74803567, -1.27859402,
       -1.04840899, -0.70803547,  0.32798436,  0.19143441,  0.11236145,
        1.15768576,  1.60775471, -0.85584313,  0.13762654,  0.40765816,
        0.96437633, -2.19376469,  0.4636839 , -0.01645175,  1.48447359,
       -0.86683172,  1.22992325, -0.45870286,  1.72326291,  0.70622391,
       -0.50253683,  0.73160774, -0.6284135 , -2.16677666,  2.12159133,
       -0.67636263,  0.53652686, -1.11541533,  0.66008872, -0.15501955,
        0.27940241, -0.95084816, -1.28902197, -0.71876901, -0.94930673,
        1.27379012,  0.71562171, -1.38948584, -1.28123927, -0.23573974,
       -1.46308768,  3.23349404, -0.8112154 ,  1.28125834, -1.10427594,
        1.4689548 ,  0.04236411,  0.22891654, -0.13135584, -1.27806723], dtype=float32), array([-0.03134619, -0.60453641, -0.28329998,  1.13541889,  0.88289195,
        0.04134348, -1.39133656, -0.54626238, -0.68478823,  0.45942622,
        0.34840715, -0.19669105,  0.16079614, -1.08078051, -0.41716892,
       -0.80309957, -0.52044135, -0.44424769,  0.21127687, -1.31232929,
        0.63020897,  1.30772448,  0.16028184,  0.92296594, -0.16391082,
       -0.69414347,  0.24694289,  0.83689809, -0.48517558, -0.90430439,
        0.35982057,  0.04076011, -0.23032729,  0.33833325, -0.01464724,
        1.20968628, -0.39145994,  0.03503807,  0.83183497, -0.11264098,
        1.14094102, -0.14264396, -0.18057656,  1.04670942, -0.23532175,
       -0.51639163, -0.49673361, -0.3260515 , -0.97643745, -0.15651681,
       -0.5069766 , -0.2580561 ,  1.0457896 ,  0.54346645, -0.40325812,
        0.49943167,  0.34369335, -0.49744973, -0.05403743, -0.82250023,
        1.21513307, -1.46775913,  0.30611068,  0.18085231,  0.22260879,
        0.1220239 , -0.30914885, -0.21276753,  0.64058363,  0.56679559,
        0.13580725,  0.49794254, -0.01227917, -1.1476047 ,  0.67651272,
       -0.2695463 , -0.08656423, -0.16467351,  0.70226085,  0.21008018,
        0.38865465, -0.43871033,  0.25631827, -0.24046375, -0.66697997,
        1.39929247,  0.46416575, -0.80986696, -0.51971024, -0.30617213,
       -0.66236377,  0.32234031, -0.31244123,  0.84213758,  0.27330315,
       -0.04313719, -0.10512923,  0.04125902,  0.33762294, -0.25748992], dtype=float32), array([ 0.03617882,  0.01234571,  0.04048538,  1.45543718,  1.08283329,
       -0.71992725, -1.7199719 , -1.60413361, -1.25896811, -0.14833727,
        2.98893547, -0.53226036, -0.24435967, -1.09329283, -1.5594691 ,
       -1.15813398,  0.30990028, -1.67162061,  1.0502634 , -1.51634526,
        1.28876352,  2.50453234,  0.31319207,  1.47175872,  0.30101943,
       -1.45965493,  0.6208393 ,  1.96291208, -0.26240402, -0.52973622,
        0.1989232 ,  0.3155117 ,  0.05358849, -0.29150632, -0.74851811,
        1.2612195 ,  0.07019512,  1.01191258,  1.18619359, -0.34018415,
        1.50344467,  0.16958536, -0.54435039,  1.80118942,  0.14066176,
       -1.38586092, -0.85367864, -0.70231736, -1.25204897, -2.4938848 ,
       -0.36802483,  0.07635174,  1.33370137,  0.26703113, -0.67253041,
        2.18098855,  0.43362549, -1.24852872, -0.71803308,  0.17121628,
        1.34304774, -1.71503222, -0.60310656,  1.00076401,  0.99164915,
       -0.56312424, -0.1858727 , -0.23681852,  1.813936  ,  1.18805194,
        0.25991994, -0.35421932, -0.70011628, -1.5343138 ,  2.27693152,
       -0.36628428, -0.50456744, -0.17363676,  0.95849746,  0.4109391 ,
       -0.21289779, -1.14793181, -0.82244009, -1.02141869, -1.35410953,
        3.07685471,  0.2836881 , -0.75763339, -0.59877765, -0.12105161,
       -1.66891718,  1.92554319, -0.82448816,  0.57837832,  0.20083781,
       -0.25049418,  0.65365338, -0.62510979,  0.17119384, -0.71803075], dtype=float32), array([-0.7539711 , -0.00465977,  0.34811726,  1.56140077,  1.35675037,
        0.65315604, -2.24937248, -1.05148649, -0.63723946,  1.26421893,
        1.25974083, -0.04806925, -0.80487454, -2.09239602, -0.24557164,
       -1.14933157,  0.89417833, -0.97386336,  0.7302435 , -1.99614179,
        1.10845697,  3.52020121,  1.54685497,  1.51014006, -0.28497991,
       -1.57619643,  0.19423997,  1.01567018, -0.66989517, -0.91382295,
        1.03036153, -0.72688186,  1.2967304 , -0.40527374, -0.61389136,
        1.77672672, -0.1076026 ,  1.3482188 ,  1.11041164, -0.6205771 ,
        2.68338847,  0.24254252,  0.55862957,  1.61857915, -0.05016765,
       -1.05392647,  0.15567549, -0.86620253, -2.04120541, -0.57099986,
       -0.33081651, -1.23509538,  1.10719168,  1.49860048,  1.04072881,
        0.9843356 ,  1.18665242, -1.15669787, -0.57970828, -0.22713467,
        1.83156586, -1.96797514, -0.80494946, -0.78096271,  2.11179733,
       -1.57483101, -1.05587804, -0.64865196,  1.03585649,  0.45971125,
       -0.19083612,  1.46484303,  0.5326485 , -1.17095602,  1.89074349,
        0.58026332,  0.97723436, -0.24310058, -0.46007562,  0.45264032,
       -0.12990949, -0.49597543,  0.54479373, -1.39821649, -0.89048707,
        2.77902055, -0.23279297, -1.10641074, -1.70478237, -1.26333225,
       -0.6855287 ,  2.25112891, -1.44456482,  1.4087621 ,  0.21647733,
       -0.18580301,  0.53094554, -0.11342773,  0.54105228, -0.53170627], dtype=float32), array([-0.15687722,  0.13845207,  0.06104175,  1.60888219,  1.36797607,
       -0.93760842, -2.09981585, -0.69132411,  0.68939555,  0.53882539,
        1.39361858,  0.09845104,  0.6936332 , -2.19741893, -0.34638759,
       -2.41777802,  0.07827961, -1.47662163,  0.88027346, -1.42583096,
        0.61240351,  1.25331998,  1.15635288,  1.38208318,  0.3442966 ,
       -1.09450758, -0.67379612,  0.68652749,  0.03331938, -0.0977442 ,
        0.52497029, -0.29273659,  0.53665924, -1.46269727, -0.43210879,
        1.39079154,  0.17806488,  0.39090437,  1.11273801,  0.41185915,
        2.5284214 ,  1.33462179, -0.04900744,  0.96394485, -0.77251416,
       -1.12198186, -0.5633347 , -0.67204052, -0.98420197, -0.627756  ,
        0.15527025, -0.26626557,  1.73850405,  0.99065888, -0.90784615,
        1.67237747,  0.80224901, -0.27229345,  1.06376922,  0.5467608 ,
        1.20691574, -1.76671922,  0.15723121,  0.82565391,  0.97699523,
       -1.06218362, -1.31641579, -1.31259942,  1.73130953,  1.37930071,
       -0.31257838, -0.11708972, -0.703592  , -1.08497655,  1.69765317,
       -0.49147063,  0.25250944, -0.41093144,  1.8379246 , -0.35611296,
       -0.01501452, -0.68562984, -0.14421341, -0.59193361, -0.67019606,
        1.59797645, -0.19619446,  0.1281189 , -1.13233817, -1.16147649,
       -1.41243887,  1.92305636, -0.94907242,  0.23272389, -0.15491498,
       -0.1193459 ,  0.25776517,  0.23631713,  0.1175512 , -0.88038903], dtype=float32), array([-0.23866466, -0.29018453,  0.07476391,  1.81730223,  0.09421715,
       -0.24723256, -0.85370767, -0.73325706, -0.75161004,  0.22477368,
        0.96202707,  0.34252968, -0.52830589, -0.66000783, -0.30713254,
       -1.29392564,  0.27894714, -0.41213363,  1.03489041, -0.84645402,
        1.22911131,  1.35999393,  0.5431155 ,  1.15723085,  0.45471248,
       -0.42107511, -0.13852729,  0.76810092, -0.6111095 , -0.40646729,
        0.2730284 , -0.32371837,  0.32725579, -0.34953949, -0.96005076,
        0.81250912, -0.01495864, -0.4894864 ,  1.00511587, -0.6502865 ,
        1.08486271, -0.06729537,  0.26349047,  1.05962312, -0.26695561,
       -0.78657329,  0.1856041 , -0.40266645, -0.92547238, -0.47410616,
        0.0535078 , -0.80382925,  0.52697325,  0.2443662 , -0.17704192,
        1.07931161,  0.33584365, -0.59525764, -0.22796899,  0.0126917 ,
        0.552553  , -1.63511884,  0.35403407, -0.17921966,  0.98960936,
       -0.60877568, -0.60766619, -0.31871474,  0.64209193,  0.09575559,
       -0.02277225,  0.29561439, -0.27828109, -0.61977452,  0.98735219,
       -0.1756065 ,  0.83477831, -0.55415154,  0.1798041 ,  0.52505273,
        0.08777444, -0.63658899, -0.63620144, -0.65898913, -0.73601216,
        1.6477176 ,  0.49086675, -1.25781786, -0.65219247,  0.07647501,
       -1.12728596,  0.5809477 , -0.65994668,  1.03427565, -0.30228472,
        0.12888968, -0.14771742,  0.51936805, -0.07732227, -0.16271037], dtype=float32), array([ -2.34342486e-01,  -1.85621962e-01,  -8.92184675e-04,
         2.39232540e+00,   9.59414005e-01,  -7.42025852e-01,
        -1.56031454e+00,  -1.51842821e+00,  -1.28087653e-02,
        -2.08952516e-01,   2.55719447e+00,  -2.24406973e-01,
        -7.30430603e-01,  -6.04731500e-01,  -5.30434310e-01,
        -2.66796517e+00,   2.05808714e-01,  -1.92978549e+00,
         8.36390615e-01,  -1.87285542e+00,   1.83074677e+00,
         2.13468552e+00,   5.63868046e-01,   6.61630094e-01,
        -2.99116611e-01,  -1.87077630e+00,  -5.83004892e-01,
         1.04617345e+00,  -7.09609032e-01,  -9.77738202e-01,
         9.36481714e-01,   6.63116455e-01,   5.34445718e-02,
        -1.04804802e+00,  -4.81174052e-01,   9.44605052e-01,
         6.51454151e-01,   8.92415121e-02,   1.52587533e+00,
        -1.02792132e+00,   2.42430687e+00,   1.66608536e+00,
        -1.11571297e-01,   1.73227859e+00,   1.63735360e-01,
        -8.25182319e-01,  -7.26798028e-02,  -9.05888319e-01,
        -2.33517981e+00,  -7.10407197e-01,  -2.43127793e-02,
        -1.04748249e+00,   1.30518162e+00,  -3.32760096e-01,
        -7.23282993e-02,   2.11911511e+00,   4.58309025e-01,
        -1.15544879e+00,   2.34790653e-01,   8.24174955e-02,
         4.99667555e-01,  -1.20693624e+00,   1.18541636e-01,
         7.45282829e-01,   1.69470549e+00,  -7.75709152e-01,
        -9.77416456e-01,  -8.65617454e-01,   2.14841127e+00,
         4.02614743e-01,   7.00785279e-01,  -2.68795311e-01,
        -1.19486666e+00,   1.47394732e-01,   2.32751298e+00,
        -7.24034011e-01,   6.92380548e-01,  -9.29796398e-01,
         8.14342201e-01,   7.88365841e-01,   5.76108098e-01,
        -1.29981712e-01,  -1.49052106e-02,  -1.17601144e+00,
        -1.25939786e+00,   2.38853693e+00,   6.06887341e-01,
        -7.28369057e-01,  -1.91435659e+00,   5.09803593e-01,
        -1.62426567e+00,   2.19225001e+00,  -3.80666435e-01,
         7.42330551e-01,   6.53216302e-01,   2.01427788e-01,
         4.07789111e-01,  -9.12533477e-02,  -2.14260772e-01,
        -7.42075562e-01], dtype=float32), array([-0.12418354, -0.31886369,  0.57209814,  1.58337498,  1.16062045,
       -1.46214294, -1.95095706, -1.59413171, -1.18366289, -0.43320087,
        2.28749633,  0.63734901, -0.10261076, -0.65008497, -0.78411436,
       -1.79626477,  0.21506618, -0.96413898,  0.06059623, -2.42475414,
        0.70448202,  1.79438353,  1.43393373,  0.84212667, -0.21819115,
       -0.54685909, -0.32748294,  1.21590269, -0.55974334, -0.47248006,
        0.70094979,  0.21998182,  1.28125083, -0.29525042, -0.46951553,
        1.26957345,  0.07055901,  0.7507478 ,  1.66514528,  0.06949432,
        2.50380492,  0.45271429, -0.19592008,  1.48255515,  0.25846094,
       -0.92639202, -0.34635478, -0.7957772 , -1.23419845, -1.10852158,
        0.0942705 , -0.79962415,  1.76835787,  0.36300445,  0.43722025,
        1.89679813,  0.42143214, -1.08489525, -0.42907026,  0.00516059,
        1.308267  , -1.30395079,  0.48576301,  0.75950241,  1.78257465,
       -0.94298804, -1.30364418, -0.1166699 ,  1.80338061,  0.78433424,
        0.20453504,  1.01220918,  0.19095667, -0.45772147,  2.05498242,
        0.59212399,  0.89078891, -0.02307849,  0.71249342,  0.81457388,
       -0.41859022, -0.48580626,  0.89535761, -0.48639506, -0.93460387,
        2.67258644, -0.1403337 , -0.09501554, -1.86291122, -0.46038637,
       -0.27195656,  2.66475439, -0.09893627,  0.40414095, -0.32259879,
        0.97900152,  0.69383287, -0.25088307, -0.29317057, -1.26812959], dtype=float32), array([ 0.0397127 , -0.706092  , -0.03535316,  0.94906658,  0.69350529,
       -0.59384745, -0.74785173, -0.87012094, -0.41981238,  0.43845034,
        1.03557158,  0.43515688, -0.27717003, -0.85904932, -0.184644  ,
       -0.75468248,  0.14692713, -0.78827876,  0.60735261, -1.04974282,
        0.52625304,  1.03771138,  0.38888264,  0.98017228,  0.28902796,
       -0.60802442, -0.12256576,  1.12019229, -0.56405121, -0.31473839,
        0.31102324, -0.29119456,  0.02719855, -0.51145583,  0.5281992 ,
        0.39786953,  0.04381599,  0.91922915,  0.86794329,  0.4796657 ,
        0.777242  ,  0.38475782, -0.16028866,  0.89199883, -0.17588989,
       -0.63985133, -0.50827903, -0.63012815, -0.33113921, -0.40007317,
       -0.51543015, -0.19034569,  0.62479591,  0.47362447, -0.70009553,
        1.45869386,  0.74094945, -0.28665057,  0.06514442, -0.39068455,
        0.45407632, -1.39863157, -0.01484837, -0.04845168,  0.77001208,
       -0.37005395, -0.5248282 ,  0.08272526,  0.86496258,  0.48608404,
        0.51051623, -0.23642889, -0.55625677, -0.99333501,  1.18379056,
        0.14218   , -0.44982424, -0.34917021, -0.15283871,  0.09735155,
       -0.39804012, -0.70242667, -0.00314067,  0.18613917, -0.6235978 ,
        1.30375302,  0.29470554, -0.46839327, -0.52743089,  0.20649084,
       -1.06012642,  0.48728946, -0.1624999 ,  0.28611141,  0.38394466,
        0.05049966, -0.17792466, -0.03399199, -0.38395655, -0.67553556], dtype=float32), array([ -3.13371629e-01,  -7.56667852e-01,   2.06175685e-01,
         1.08111966e+00,  -2.68588722e-01,  -1.03175831e+00,
        -4.08458769e-01,  -1.15715063e+00,  -8.47828627e-01,
         1.19712427e-02,   1.43330157e+00,   6.67820096e-01,
        -1.65823221e-01,  -1.09981799e+00,  -3.02362531e-01,
        -8.22824597e-01,  -3.06430042e-01,  -9.15205896e-01,
         7.06592858e-01,  -8.93287063e-01,   9.73904610e-01,
         1.22734833e+00,   1.02592397e+00,   8.72390568e-01,
        -4.38878126e-02,  -8.93833876e-01,  -8.26521544e-04,
         6.41822338e-01,  -2.80472934e-01,   1.96671933e-01,
        -2.25213721e-01,  -1.75312325e-01,   2.61555880e-01,
        -2.77354091e-01,  -4.78489101e-01,   3.44714165e-01,
        -4.01660830e-01,  -1.74743235e-02,   9.59910870e-01,
        -7.72632599e-01,   1.08459580e+00,   2.57515430e-01,
         8.31380010e-01,   8.03301334e-01,   6.43537566e-02,
        -9.87322807e-01,   3.99468094e-01,  -1.09443724e-01,
        -4.07232463e-01,  -1.01814401e+00,  -1.25532150e-01,
        -5.03134131e-01,   2.28341118e-01,  -3.48823696e-01,
        -1.38704628e-01,   1.65594935e+00,   6.92297518e-01,
        -2.15944424e-01,  -3.85949224e-01,  -3.18461061e-01,
         2.68557966e-01,  -8.21077645e-01,  -4.81399372e-02,
         1.15789324e-02,   6.28417075e-01,  -5.96845269e-01,
        -1.91629738e-01,  -2.59184629e-01,   2.62596875e-01,
        -4.96582724e-02,   2.05564886e-01,   1.62643760e-01,
        -5.48784256e-01,  -3.69265795e-01,   1.37522912e+00,
        -2.47588485e-01,  -2.59286389e-02,  -8.91816169e-02,
         5.39020360e-01,   8.59481156e-01,   1.93734288e-01,
        -2.93036789e-01,  -9.56666842e-02,   2.08835393e-01,
        -6.09421790e-01,   1.88742042e+00,  -1.08836174e-01,
        -4.70894396e-01,  -8.72260928e-01,   5.05682081e-03,
        -5.07061720e-01,   1.09627867e+00,  -2.35789418e-01,
         4.60783303e-01,  -4.20689702e-01,   2.70818233e-01,
         3.43288183e-01,   2.57373929e-01,  -6.61534429e-01,
        -3.55198681e-01], dtype=float32), array([-0.38908091, -0.67070562,  0.2126486 ,  2.29494619,  1.67635095,
        0.47654453, -1.6141367 , -1.84979224, -0.44511694,  2.14041829,
        0.93613267, -0.0723482 , -0.36548403, -2.80214381, -0.26043978,
       -0.93772602,  0.58040285, -1.05849719,  1.95827746, -1.98368371,
        1.2406199 ,  3.86573935,  1.22921562,  2.0465095 , -0.08810759,
       -2.40319204,  0.23951787,  0.62563652, -0.72748339, -1.02160764,
        0.63460839, -0.64876866,  1.15193105, -0.39673871, -0.84621274,
        1.3104887 , -0.22338301,  0.44216302,  1.5326035 , -0.73324788,
        2.36195827,  0.18140788, -0.12588491,  1.66184282, -0.4417578 ,
       -1.68529963, -0.20667189, -1.19857419, -1.94921219, -0.8619073 ,
       -0.32453737, -1.39856446,  1.32595539,  1.83780873,  0.50872457,
        1.32927966,  1.41517758, -2.11084723, -0.62816519, -0.26495889,
        2.49092436, -3.08269978, -0.96331215, -1.10768664,  3.06321502,
       -2.12455869, -2.27505875, -0.49229321,  2.17174125,  0.39169678,
       -0.28857115,  1.67608118,  0.38541365, -2.17546606,  2.286695  ,
        0.85164273,  1.37855041, -0.91667807, -0.78242785, -0.06885239,
       -0.27185023, -0.83090901,  0.49289191, -1.68522298, -1.39892197,
        3.43305945,  1.02327633, -1.76438248, -1.9746722 , -1.27262449,
       -1.55474794,  2.25927854, -2.12867594,  1.66506112,  0.40886742,
       -0.34333473,  0.92223263,  0.67928362,  0.61257339, -0.38910139], dtype=float32), array([-0.58852631, -1.23280609, -0.11539333,  1.95071721,  1.15821815,
       -0.5809378 , -1.9562192 , -1.47386968, -0.41504616,  1.21136332,
        2.13170433, -0.44242549,  0.0578189 , -2.86170721, -0.58231694,
       -2.03919601,  0.36062804, -0.77201974,  0.7607581 , -2.47071075,
        1.25057471,  3.16138387,  1.24597502,  1.33114457,  1.06736016,
       -1.09677863, -0.23720881,  1.44868302, -0.97278988, -0.93537474,
        0.98721033, -0.43282175,  2.70276427, -0.16294806, -0.22636831,
        1.37905812, -0.57831693,  1.20028794,  2.45933151, -1.57298744,
        4.05450153,  0.06013191,  0.05547471,  2.6082902 , -0.08485936,
       -0.72359854,  0.01457733, -0.83587343, -2.41975546,  0.0326792 ,
       -0.70164734, -0.01161984,  0.93615109,  1.13450992,  0.82232839,
        2.35565042,  1.31427228, -0.25691715, -0.63596249, -0.83975893,
        1.72252309, -2.42105007, -0.74929661, -0.21266001,  2.10871434,
       -1.29030561, -1.8063283 , -0.45521808,  1.5287025 ,  0.20273834,
        0.32078999,  1.59837997,  0.42784011, -1.84381795,  2.57500148,
       -0.9433834 ,  0.52866107, -0.28165412,  0.68133235,  0.2383561 ,
       -1.06393325, -0.95951438, -0.43414384, -1.16420126, -0.12199623,
        3.68384743,  1.01563108, -0.47652924, -0.9467271 , -0.94081628,
       -1.7290262 ,  1.91160357, -1.78189397,  0.88546813,  0.31634516,
       -0.18792878,  1.100456  ,  0.1135571 , -0.28005111, -0.20334716], dtype=float32), array([ 0.11951827, -0.87058175, -0.26597413,  1.81012094,  1.1567657 ,
       -1.20718002, -2.17313123, -1.117823  , -1.11552072,  0.55850351,
        1.79979134, -0.16137727, -0.08890545, -1.80623233, -1.02107751,
       -1.32191288, -0.08422384, -0.68767411,  0.34175631, -2.1444118 ,
        0.94398761,  2.44871497,  0.44068903,  1.15264094,  0.12338701,
       -1.41058362, -0.07018203,  1.94846261, -0.6145038 , -1.06441653,
        0.45769677,  0.34530669,  0.13683531,  0.1936762 , -0.20624346,
        2.01676393, -0.73970437,  0.84869498,  1.42689383, -0.4926962 ,
        1.87298644, -0.15981477, -0.13432762,  1.65430951,  0.1386134 ,
       -1.2396127 , -0.93167865, -0.90113616, -1.13107622, -0.99997032,
       -1.04776645, -0.38561603,  1.98999882,  0.47623718, -0.4415676 ,
        1.87529719,  0.63840646, -0.9513194 , -0.56731749, -0.73138797,
        1.0681957 , -2.19530129,  0.4207328 ,  0.82588756,  0.91210252,
        0.03416826, -0.78847581,  0.20276383,  1.46069646,  0.63674331,
        0.109791  ,  0.90264893, -0.26681367, -1.32560456,  1.90047693,
        0.10901372, -0.15783688,  0.16391969,  0.56272668,  0.35379893,
        0.12042313, -0.62341923, -0.17143458, -0.91892898, -1.65633535,
        2.40620756,  0.343449  , -0.70548987, -1.21663535,  0.16068609,
       -1.07812428,  1.19932926, -0.59328151,  1.08809829,  0.19447374,
       -0.12091086,  0.12977229, -0.13291596,  0.36976814, -1.06252015], dtype=float32), array([ 0.1057564 , -0.49758083,  0.28436235,  1.1534214 ,  1.18146086,
       -0.30056506, -0.81301481, -0.35276759, -0.94412142, -0.25690928,
        0.28398037,  0.13896689, -0.76243472, -0.94189215, -0.7904709 ,
       -1.06640518,  0.13703258, -0.66368014,  0.49608904, -1.52822661,
        0.76502103,  1.09518468,  0.89272225,  0.51817417,  0.53926247,
       -0.35527396, -0.51302922,  0.51692086, -0.27213496, -0.75088286,
        0.86884087, -0.29224333,  0.32471982,  0.09714191,  0.03154119,
        1.11749995,  0.27328187,  0.69816625,  1.09458268, -0.01907958,
        2.30507636,  0.76475579,  0.06927324,  0.79874879, -0.16085634,
       -0.45659998, -0.55766851, -0.63491726, -1.01994336, -0.39030558,
       -0.42983299, -0.37823942,  1.13709545,  0.86519307,  0.30258369,
        1.26009285,  0.83423048, -0.31463394,  0.04082269, -0.57968694,
        0.48265371, -1.61851406, -0.01340458,  0.14411137,  1.03596747,
       -0.86517078, -0.83534551,  0.2189905 ,  1.06851566,  0.52536219,
       -0.2949996 ,  0.38011575, -0.23519811, -0.82075077,  0.66526651,
       -0.09743901,  0.0965595 , -0.30251604,  0.06557304, -0.13391492,
        0.0162811 , -0.57343173, -0.33624089,  0.10334339, -0.4677465 ,
        1.34927332,  0.8349762 , -0.41702101, -0.60910702, -0.38180578,
       -0.63330907,  0.74795723, -0.2558876 ,  0.46870816,  0.12852237,
        0.20836164,  0.89604461, -0.51916486,  0.16927746, -0.96028548], dtype=float32), array([-0.90584749, -0.74082333, -0.10819265,  3.16511559,  0.5932954 ,
       -2.08205032, -2.56567287, -2.64731622, -1.82786548, -0.73890948,
        3.88711262,  0.70350081, -1.36449063, -1.60379684, -0.6352827 ,
       -2.48919821,  0.16617599, -2.36474895,  1.36452043, -4.72713947,
        2.13695717,  3.23665571,  2.13516951,  1.71545482,  1.16908181,
       -0.78658414, -0.3755233 ,  2.33186316, -0.91485912, -0.61511135,
        0.38240007, -0.35799307,  1.10389447, -1.86553073, -1.61416519,
        1.0614742 ,  0.30387583,  1.24179924,  2.10575914, -1.08937418,
        3.98511362,  1.2918011 , -0.30494359,  3.09484696,  0.17527565,
       -2.07664704,  0.39476076, -1.22848272, -3.23940754, -1.46543801,
       -0.21731931, -1.25127792,  1.81499374,  0.60722828, -0.87498963,
        4.4149785 ,  1.64063644, -0.90572566, -0.71972537,  0.66883653,
        0.89979601, -2.96892357,  0.07563981, -0.0621457 ,  2.5467248 ,
       -0.98206758, -0.99166971, -0.35290211,  2.21194291,  0.55401969,
        0.07760775, -0.7009756 , -1.54946434, -2.07141757,  3.3335557 ,
       -0.36830848,  0.11850665, -0.70777196,  2.48233032,  1.90775216,
       -0.17749867, -0.4881632 , -0.88677746, -0.90553647, -0.07566983,
        4.79214478,  0.39723808, -1.22562957, -1.7375071 ,  0.76354373,
       -2.13671136,  3.41809154, -0.21390802,  1.28103065, -0.6060645 ,
        1.94788289,  1.56045341,  0.95631647, -0.33740875, -0.92073703], dtype=float32), array([ -4.45417434e-01,  -5.38158178e-01,  -5.87462604e-01,
         1.35819173e+00,  -9.75179076e-02,  -1.47394681e+00,
        -1.00871563e+00,  -9.32815552e-01,  -3.29862028e-01,
        -3.56413960e-01,   2.25681329e+00,   6.03317380e-01,
        -1.51064575e-01,  -1.96536982e+00,   5.79018146e-04,
        -1.42977142e+00,   4.69219476e-01,  -7.30267704e-01,
         1.31203496e+00,  -2.08822966e+00,   1.20508885e+00,
         1.47755373e+00,   5.92515051e-01,   9.93427277e-01,
         5.36232352e-01,  -1.17603767e+00,  -3.97320122e-01,
         1.82568562e+00,   2.71898806e-01,   4.94281873e-02,
         3.60079736e-01,  -1.28462061e-01,   4.31506246e-01,
        -8.89973581e-01,  -7.73703575e-01,   7.01612473e-01,
         1.91208586e-01,   7.88075805e-01,   6.03448093e-01,
        -1.02047729e+00,   2.96282840e+00,   1.83670193e-01,
        -6.22823954e-01,   2.36426997e+00,   2.32089818e-01,
        -1.65588474e+00,   4.10287321e-01,  -1.43567193e+00,
        -1.03673065e+00,  -9.07653987e-01,   8.58336240e-02,
        -4.05079722e-01,   1.57565093e+00,   1.49648830e-01,
        -4.32241738e-01,   2.37706470e+00,   1.36922371e+00,
        -3.94289374e-01,  -1.94396794e-01,   8.71246517e-01,
         4.64104891e-01,  -1.70072174e+00,  -6.75341785e-01,
         8.24380279e-01,   1.53077877e+00,   2.35413641e-01,
        -6.43696547e-01,  -7.69470036e-01,   1.05919909e+00,
         1.83288246e-01,  -7.09780455e-02,  -3.60398054e-01,
        -6.13895833e-01,  -8.97251368e-01,   1.64491928e+00,
        -4.69988316e-01,  -5.05230546e-01,  -7.01625228e-01,
         1.70567012e+00,   5.57609081e-01,  -2.23229915e-01,
        -6.04787707e-01,  -7.36820519e-01,  -9.72528875e-01,
        -6.58896267e-01,   2.96183729e+00,   4.04834092e-01,
        -1.95809826e-03,  -6.27435684e-01,   7.54618794e-02,
        -9.39140379e-01,   1.67081285e+00,  -9.98023272e-01,
         1.36616588e+00,  -4.81914371e-01,   1.04047600e-02,
         1.50909579e+00,  -2.39788234e-01,   1.22072399e-02,
        -1.96648940e-01], dtype=float32), array([ 0.1658878 ,  0.29581085,  0.04532436,  1.46437263,  0.68506098,
        0.04682229, -1.0323292 , -0.5442608 , -0.2302504 ,  0.00898767,
        0.64077091,  0.20164639, -0.42872149, -0.43532321, -0.66410959,
       -1.39630961, -0.22971819, -0.9573729 ,  1.02733052, -1.25543761,
        0.47644258,  1.09032321,  0.31942108,  0.73335701,  0.10511153,
       -0.53801465, -0.29599369,  0.42777801,  0.05647628, -0.78193653,
        0.9839437 , -0.15936249,  0.67718381, -0.73246169, -0.13287714,
        1.2032125 ,  0.71825027,  0.65062547,  0.73978215, -0.20645235,
        1.64171696,  1.0904882 ,  0.23117909,  0.7362746 ,  0.02180354,
       -0.37385389, -0.19286412, -0.67762643, -0.71733993, -0.89384598,
        0.14135882, -0.88583523,  0.52415884,  0.44543675, -0.04756712,
        1.14908767,  0.48214835,  0.20119685,  0.13767628,  0.18154287,
        0.37558541, -0.90029979,  0.32942152,  0.20247282,  1.30022871,
       -0.63587344, -0.88414967, -0.60664892,  1.34743667,  0.61639732,
        0.08983906,  0.18470509, -0.61489254, -0.6863364 ,  1.05654228,
       -0.51237524,  0.08659948, -0.9643591 ,  0.56488705, -0.16437161,
       -0.34357488, -0.39718395, -0.25825989, -0.60021341, -0.19998613,
        1.06897187,  0.11429341, -0.36196077, -0.44204563,  0.01194841,
       -0.79453284,  0.97747976, -0.54536068,  0.39488202,  0.03603146,
        0.08721584,  0.14239576, -0.09582824,  0.20938203, -0.35554469], dtype=float32), array([-0.19999921, -0.68946987,  0.36865717,  1.38200045,  0.19420564,
       -0.57567996, -0.65037483, -1.04352677, -0.81396896,  0.98080242,
        1.52155697,  0.42700401, -0.08713734, -1.64379859, -0.38394424,
       -1.45214045,  0.53840977, -0.75135857,  1.59936857, -1.57913029,
        0.62368417,  1.33981431,  0.85670936,  0.73983634,  1.05133736,
       -0.30968529,  0.0457227 ,  1.43363094, -1.49226737,  0.15090853,
       -0.67250597, -0.63119704,  0.09360066, -1.14033914, -0.89364219,
        0.58879012, -0.52981704,  0.86056513,  0.87243897,  0.14544123,
        2.48369575,  0.07926174,  0.58665514,  0.84327602,  0.25667772,
       -0.74164242, -0.14236414, -0.16152446, -1.26722407,  0.06117624,
       -0.56155258,  0.11501975,  1.38118708,  0.26811397,  0.412972  ,
        1.01435018,  0.37376443, -0.63049901, -0.04737321,  1.02615047,
        0.53304416, -1.16465724, -0.67269731, -0.20750512,  0.76778215,
       -0.48854733, -0.75751644,  0.73458552,  0.28198737, -0.23628584,
        0.46867886, -0.10251874,  0.63719177, -0.20524548,  1.62863302,
       -0.19497402,  1.17363787, -0.01812243,  0.5389055 ,  0.00650221,
       -0.41012061, -0.56922346,  0.02866673, -1.3120259 , -0.56777471,
        2.11095452,  0.23380017,  0.0699577 , -0.84495413,  0.17264467,
       -0.71998763,  0.6628325 , -1.66854727,  0.64264244,  0.33847222,
        0.13030961, -0.13899036,  0.19814296, -0.07678132, -0.57556343], dtype=float32), array([-0.81503952, -0.49257112,  0.48899931,  2.32143736,  0.54292637,
       -0.87184274, -1.19519043, -1.28257596, -1.56987572, -0.36999607,
        1.30495763, -0.83071935, -0.26845437, -1.94776082, -0.85368311,
       -1.38186204,  0.56465906, -1.45257568,  0.80092317, -2.18893361,
        0.65356827,  1.50698996,  1.36786723,  1.08224773,  0.2571637 ,
       -0.86029047, -0.03582536,  1.10492027, -0.13513784,  0.03592373,
       -0.41873872, -0.16262576,  0.54444385, -0.04225419, -0.12457079,
        0.95101577, -0.57809877,  0.88739109,  1.29094326, -0.9792816 ,
        1.88762486,  0.19595085,  0.86590916,  2.10156226,  0.47853601,
       -1.20588756, -0.12987848, -0.98427594, -1.08486867, -0.4522644 ,
        0.00548222, -0.44595942,  1.02767992,  1.38889456,  0.0092284 ,
        2.20900297,  0.5899424 ,  0.01044801, -0.6256603 ,  0.05780013,
        1.24781179, -2.60121155, -0.36003256,  0.16564247,  1.50390625,
       -0.49165723, -0.61741835, -0.12828043,  1.04116428, -0.13709334,
        0.16860741,  1.29324031, -0.69629478, -0.51374847,  2.00510311,
       -1.23354578,  0.20069921, -0.32678103,  0.92642057,  0.52743912,
       -0.32630917, -1.05867445, -1.16508067, -0.27687216, -1.00480258,
        2.15043664,  0.0268968 , -1.03422046, -1.57644486,  0.08582943,
       -0.94982255,  1.97764301, -1.7302599 ,  1.20536923, -0.59044176,
        0.09477414,  0.22420952,  0.3507829 , -0.28410244, -0.03490577], dtype=float32), array([  1.15629621e-02,  -2.03593159e+00,   5.43503165e-01,
         3.09936643e+00,   1.33199048e+00,  -3.17953140e-01,
        -1.87355173e+00,  -1.59828496e+00,  -2.15203881e+00,
         3.81666571e-01,   1.78332746e+00,  -9.82170254e-02,
        -9.16103184e-01,  -2.09791565e+00,  -4.70060319e-01,
        -2.04622412e+00,  -8.47956300e-01,  -1.93800318e+00,
         8.01702797e-01,  -2.10497427e+00,   1.38999033e+00,
         3.22995806e+00,   1.37156653e+00,   2.06085491e+00,
         3.45698684e-01,  -1.29184854e+00,   5.37805378e-01,
         2.77889824e+00,   2.48977914e-01,  -1.33182323e+00,
         1.01495600e+00,   2.74746716e-01,   1.33561361e+00,
         7.23311901e-01,  -5.57791591e-01,   2.51094365e+00,
        -1.61139405e+00,  -5.05965576e-03,   1.87191653e+00,
        -1.18886566e+00,   2.78040099e+00,   1.59814417e+00,
         3.45434695e-01,   1.95473385e+00,  -7.07110226e-01,
        -1.99096501e+00,   3.21393847e-01,   2.19740883e-01,
        -2.30300760e+00,  -1.78112018e+00,  -1.84563482e+00,
        -1.33645046e+00,   8.18244457e-01,  -1.83785647e-01,
        -5.69821239e-01,   1.07246161e+00,   1.46212935e+00,
        -1.19678235e+00,  -3.20953131e-01,  -8.35571468e-01,
         1.22030342e+00,  -2.39342046e+00,   8.50792110e-01,
        -5.76737337e-02,   1.43983030e+00,  -8.73712063e-01,
         1.03376222e+00,  -3.78219366e-01,   2.11290097e+00,
         1.07724154e+00,  -7.12143838e-01,   1.00635457e+00,
        -1.10164332e+00,  -2.44712973e+00,   1.96679080e+00,
        -4.85729456e-01,   3.27088356e-01,  -5.23913980e-01,
         7.46157050e-01,  -1.75922692e-01,   8.96372199e-01,
        -8.33017111e-01,  -1.28179049e+00,  -8.22970152e-01,
        -2.00404811e+00,   2.12417221e+00,   7.28830338e-01,
        -1.80815494e+00,  -1.78432488e+00,  -3.53554934e-01,
        -2.06470919e+00,   2.96501732e+00,  -4.90086198e-01,
         8.32347870e-01,  -1.05754280e+00,   9.88002956e-01,
         5.42772353e-01,   2.65303731e-01,   1.79106346e-03,
        -8.83926809e-01], dtype=float32), array([ -3.65348995e-01,   1.42474532e-01,   2.84400046e-01,
         1.58387089e+00,   6.07407451e-01,  -2.97561347e-01,
        -1.62943959e+00,  -6.40617371e-01,   4.87666987e-02,
         3.17272365e-01,   1.29608512e+00,  -7.50174150e-02,
         2.91563481e-01,  -9.77873564e-01,  -7.78214455e-01,
        -9.86298919e-01,  -5.60014009e-01,  -1.56972730e+00,
         1.93772447e+00,  -2.31663871e+00,   6.80015326e-01,
         1.57437670e+00,   3.87845263e-02,   3.74250233e-01,
         2.93648243e-01,  -1.54458845e+00,   1.62162632e-03,
        -3.02468389e-02,  -4.81320500e-01,  -2.65291929e-01,
         6.28138006e-01,  -3.81001174e-01,   6.17805183e-01,
        -1.78166759e+00,  -9.01441127e-02,   1.51995611e+00,
        -8.05738755e-03,   7.16811538e-01,   5.45982778e-01,
        -2.67183781e-01,   1.46165442e+00,   1.04565883e+00,
        -3.92015576e-02,   8.87481213e-01,   3.19245547e-01,
        -5.72530150e-01,   9.39875245e-01,  -8.80707622e-01,
        -1.71632266e+00,  -8.50617886e-01,   2.24457487e-01,
        -9.92882013e-01,   6.07536614e-01,   7.30861783e-01,
        -8.87016296e-01,   1.29676771e+00,   5.24779081e-01,
        -6.35463953e-01,  -3.58632356e-01,   8.98916841e-01,
         4.96851057e-01,  -1.55567801e+00,   1.58329904e-01,
         3.03285003e-01,   4.80568886e-01,  -5.63042045e-01,
        -5.50760508e-01,  -7.91053057e-01,   1.52770829e+00,
         4.40172523e-01,  -1.25979483e-01,  -4.81679261e-01,
        -1.41430783e+00,  -5.51957369e-01,   1.21447861e+00,
        -7.28099644e-01,   2.36228317e-01,  -1.10811055e+00,
         1.09404302e+00,   2.72295266e-01,  -3.04111093e-01,
        -5.16738370e-03,  -4.00255531e-01,  -1.05220628e+00,
        -1.15513634e-02,   1.45308328e+00,  -2.71855220e-02,
        -6.01407886e-01,  -6.25935495e-01,  -9.85453963e-01,
        -9.61242497e-01,   2.12501860e+00,  -7.79759824e-01,
         1.54324889e-01,  -2.02341229e-01,   5.53566694e-01,
         7.18522131e-01,   3.02609622e-01,  -4.63852584e-02,
        -3.17614466e-01], dtype=float32), array([ 0.0702211 , -0.65568984, -0.28517187,  1.03413641,  0.86333543,
       -0.14316782, -1.53091121, -0.63672042, -0.72597009,  0.50543106,
        0.48638523, -0.08478259, -0.01412846, -1.20360208, -0.4947789 ,
       -0.9131186 , -0.59230286, -0.5161742 ,  0.03665584, -1.31434798,
        0.68858171,  1.31897807,  0.30698314,  0.83320642, -0.10884352,
       -0.62404168,  0.25850776,  1.0282228 , -0.4351649 , -0.97332752,
        0.33355662,  0.1141016 , -0.17376551,  0.35314566, -0.12020232,
        1.23323846, -0.46028924,  0.23482867,  0.99642646,  0.02289416,
        1.12362361, -0.10161609, -0.20100418,  1.15280628, -0.24245694,
       -0.57892174, -0.58134705, -0.39227828, -0.87659979, -0.26930559,
       -0.66105402, -0.22206441,  1.18603683,  0.51282966, -0.3897534 ,
        0.63141072,  0.37249216, -0.61106658, -0.18556754, -0.87576568,
        1.11768746, -1.41348934,  0.37457454,  0.18281613,  0.29614928,
        0.11117278, -0.17818309, -0.21326818,  0.62361664,  0.54453433,
        0.07112328,  0.51464623,  0.02943566, -1.19235957,  0.75276768,
       -0.13018706, -0.07285901, -0.05981332,  0.63524592,  0.20755872,
        0.56249791, -0.27014819,  0.19079655, -0.34234783, -0.82530558,
        1.38697457,  0.39326227, -0.64999211, -0.53021944, -0.13232085,
       -0.79790258,  0.24642779, -0.28334802,  0.81131935,  0.19180013,
       -0.18595195, -0.08975196, -0.08918285,  0.22160967, -0.26784897], dtype=float32), array([-0.55732632, -0.35196856, -0.53107399,  0.62865365, -0.09721866,
       -0.64506263, -1.13894868, -0.58780879, -0.02023439, -0.12218449,
        1.41174436,  0.28369761, -0.28072774, -0.93862873, -0.52608103,
       -2.0756917 ,  0.77407855, -0.41860881,  0.8474462 , -1.46547222,
        0.98787779,  1.19438136,  0.1166513 ,  0.58135885,  0.78947026,
       -0.77416152, -0.48263711,  0.99834198, -0.02219039, -0.77662069,
        0.89907968,  0.1458286 ,  0.10650627, -1.06989217, -0.26953092,
        0.51249599,  0.4150826 ,  0.64517689,  0.99032468, -0.36773366,
        1.93807554,  0.64750302, -0.57403266,  1.65664494,  0.23241168,
       -1.10307205, -0.55775928, -1.55844235, -0.44951361, -0.88714725,
        0.1651981 , -0.62543422,  1.98306632,  0.00896525, -0.18240565,
        1.80194473,  0.54585749, -0.23898412,  0.97554511,  0.03373495,
        0.75586569, -1.75067925,  0.02152814,  1.05151415,  1.74728298,
       -0.34388229, -0.02781353, -0.38893285,  1.10624218,  1.10943711,
        0.26630107, -0.44509804, -1.59104908, -0.30970684,  1.68273187,
       -0.02333409, -0.56404299, -0.10314237,  1.18413186, -0.88793802,
       -0.18787439, -0.43763483, -0.24198368, -0.41459852, -0.51660317,
        2.44864631, -0.38031602,  0.50060141, -1.02705252, -0.23564138,
       -1.99487996,  1.01630425, -0.13789168,  1.13733101, -0.12797259,
        0.62282991,  0.25659937, -0.48275807,  0.31871575, -0.90665233], dtype=float32), array([-0.1602734 , -0.47288877,  0.06713282,  1.83299839,  0.49683377,
       -0.10879163, -1.14770675, -0.94566232, -0.4791308 , -0.57127911,
        1.97082937, -0.20799661, -0.0956369 , -1.22863114, -0.32895842,
       -1.25472999,  0.27176464, -1.22002196,  1.22224116, -2.12978601,
        0.35739425,  2.6143074 ,  1.32132816,  1.03879476,  0.35855687,
       -1.33803105,  0.3290576 ,  0.62502182, -0.03442862, -0.49459776,
        0.59345233,  0.53666341,  1.23336017, -0.9312731 , -0.31466797,
        1.10477817, -0.40700379, -0.62631702,  1.10495198, -1.79781449,
        1.3666271 ,  0.91539139,  0.73072129,  1.48208857,  0.07903752,
       -0.96327358,  1.85994053,  0.01048119, -1.46973526, -0.7842347 ,
       -0.25368583, -0.55635375,  0.31510729, -0.12711543, -0.48956931,
        2.21477246,  0.61539477,  0.21288946, -0.55066359,  0.19755574,
        0.86358303, -1.11502743,  0.37500709,  0.15894869,  0.523431  ,
       -0.79349238, -0.01502646, -0.58371085,  1.27002788, -0.02833344,
        0.01438891,  0.5915848 ,  0.09333645, -0.78172743,  2.40192294,
       -1.10763788,  0.16371463, -0.32231933,  1.62963831,  0.568537  ,
       -0.10178664, -0.58548409, -0.78771579, -0.77540004, -1.29698217,
        2.46682525,  0.26553774, -1.14713287, -1.44890785, -0.90937144,
       -1.60461068,  2.74704695, -1.00903761, -0.10976103, -0.58283472,
        0.97295439,  0.24109106,  0.22387016, -0.41193366, -0.32767865], dtype=float32), array([ 0.20879427, -0.76696736, -0.19487172,  0.94083256,  1.04740739,
       -0.74918896, -1.513062  , -0.92091018, -0.4205808 ,  0.71497154,
        0.55890059, -0.07211122,  0.08295184, -1.57556534, -0.91560078,
       -1.34713531, -0.16438225, -0.8096875 ,  0.31755763, -1.33993602,
        0.87752175,  1.51281083,  0.17199214,  0.48917431,  0.05095406,
       -0.50039536, -0.01824518,  1.12994552, -0.54188991, -0.83152771,
        0.31928214,  0.08517806, -0.3757928 , -0.19505537, -0.17487326,
        1.2466768 , -0.58427411,  0.82441849,  0.94739091,  0.37361807,
        1.25970924,  0.14426571,  0.29802868,  1.26848221, -0.20420729,
       -1.02592468, -0.56701094, -0.60299271, -1.18016779, -0.59209454,
       -0.54863662,  0.03987711,  1.28677046,  0.31801298, -0.14934146,
        0.95142573,  0.10587899, -0.62704688, -0.02349441, -0.43839309,
        0.84251642, -1.51564968,  0.20505284,  0.4193567 , -0.05780272,
        0.13469644, -0.21982409,  0.06662197,  0.73499978,  0.90469587,
        0.36172122,  0.89376837, -0.2639159 , -1.11470103,  0.90223098,
       -0.1349601 , -0.34867531,  0.16791156,  0.86656642, -0.05958259,
        0.36403418, -0.60915434, -0.09859936, -0.47148719, -0.73103344,
        1.41506612,  0.17148732, -0.25586915, -0.94378757,  0.12816007,
       -0.9001388 ,  0.00980599, -0.45004842,  0.47793767,  0.28258571,
       -0.27975124,  0.1850439 , -0.62614089, -0.10978932, -0.71571809], dtype=float32), array([-0.43536994, -0.75879252, -0.41250962,  2.03812933,  1.0852195 ,
       -0.42984903, -1.75588059, -1.38763165, -1.37331474,  0.251176  ,
        1.94331408,  0.20255911, -0.34909686, -1.53432465, -0.38177797,
       -2.36090899, -0.13589908, -1.72877359,  1.39281964, -2.20915222,
        1.79109621,  2.89180422,  0.57531387,  1.69701183, -0.13697557,
       -1.67451227,  0.14626989,  1.35796285, -0.7118299 , -2.03349423,
        0.93311828, -0.05855869,  0.43063265, -1.1810472 , -1.10692406,
        1.07251346, -0.28020939, -0.24926919,  1.5691613 , -0.62904519,
        2.45872307,  1.11400449, -0.44532156,  2.66234899, -0.43899292,
       -0.88369012,  0.06885059, -0.83135414, -2.59278369, -0.60928488,
       -0.36916405, -0.78773159,  1.12268388,  0.46719384, -0.16128781,
        1.46236563,  0.97380412, -1.103742  , -0.10059381, -0.67764091,
        2.18275809, -1.72005761,  0.18293595,  0.18242626,  0.83154017,
       -0.37080741, -0.68157601, -0.68255794,  1.81641459,  1.21208441,
        0.16387784,  0.16333675, -1.06585276, -2.28539824,  1.80185878,
       -0.84591222, -0.23618405, -0.91113311,  1.20511949,  0.4235847 ,
       -0.07292642, -0.59138089, -0.33232442, -0.34932545, -1.23925328,
        2.81696105,  0.6493755 , -1.39191067, -1.58826172, -0.34669656,
       -1.66506171,  1.59987891, -0.40043932,  1.41360664, -0.05531359,
        0.04136375,  0.23480648,  0.25985253, -0.18376468, -1.11859822], dtype=float32), array([-0.88041919, -1.1755091 , -0.27726901,  2.34898019,  1.59015453,
       -1.02184343, -1.08867288, -1.87283349, -0.0862564 ,  0.60895514,
        0.99401104, -0.95350707, -0.37236765, -1.3465538 , -0.25901422,
       -2.10417819,  1.62981009, -0.99714112,  2.12257814, -2.07411408,
        1.19798708,  2.83123589,  1.65954161,  1.65686059,  0.27211702,
       -1.47567081, -0.68800616,  0.86654085, -0.51195043, -0.50876784,
        0.03657556, -0.17842545,  0.70883596, -0.93985182, -1.54586017,
        0.67513919,  0.58873308,  0.64296013,  1.01243627, -1.15515292,
        2.46423292,  0.48076606, -1.38634992,  1.56322908, -0.42879334,
       -1.38563299, -0.48243877, -1.56976807, -2.73737788, -1.17961752,
        0.25329193, -1.42054021,  1.69186664,  1.29763246,  0.11042921,
        0.19440731,  0.94669861, -1.8742255 ,  1.163275  ,  0.11461667,
        2.31873727, -2.18460321, -0.55090517,  0.01073241,  3.64076996,
       -1.9666338 , -1.03112257, -1.32486176,  3.25830889, -0.85655868,
       -0.96342051,  1.29400718, -0.48565722, -1.04875255,  1.91924572,
        0.47418007,  1.38503766, -0.70393556, -1.07644629, -0.52248824,
        0.04066322, -1.27423215,  0.77086151, -1.76110232, -0.68484461,
        2.79732704,  0.54678851, -0.42531371, -1.66534722, -1.62425172,
       -2.34863043,  1.51927602, -1.90022898,  2.485811  ,  0.71661687,
        0.76428777,  0.36657357,  0.59234995,  0.56423426, -0.07668233], dtype=float32), array([ 0.02989374, -1.19866157,  0.88541895,  2.14194846,  0.64821732,
       -0.25486055, -0.48552087, -0.96126086, -1.68010962, -0.15793476,
        1.41036558,  0.13643736, -1.22420394, -0.82062697, -0.13119379,
       -1.27224362, -0.5115571 , -1.66158128,  1.17580426, -1.16799116,
        0.81071258,  1.84156919,  1.47833025,  1.34843159,  0.75378305,
       -0.52407801,  0.1032158 ,  1.80163097,  0.48792678, -0.39723524,
        0.88466662, -0.00338212,  1.18049419,  0.27071077, -0.55955696,
        1.57634723, -1.11527729, -0.2084212 ,  1.11586428, -1.05853033,
        2.27955079,  1.74315703,  0.67825156,  1.2557267 , -0.39714971,
       -1.51889169,  0.70190239,  0.44592661, -1.35721779, -1.6495229 ,
       -1.58086598, -0.88098705, -0.20611778, -0.6770013 , -0.14853245,
        0.94738197,  1.33655334, -0.49347961, -0.41591346,  0.12164809,
        0.05927188, -1.44778144,  0.50445086, -0.15051658,  1.12030113,
       -0.61423934,  1.08951426,  0.03606669,  1.5939002 ,  0.54975188,
       -0.55938119,  0.38388419, -1.2883724 , -1.52670193,  1.32305181,
       -0.43144011,  0.0638594 , -0.49217802,  0.50227797, -0.12445055,
        0.20403558, -0.66435242, -1.49261379, -0.60124594, -1.00460958,
        0.92297173,  0.6608541 , -1.14928675, -1.08667135,  0.08724513,
       -1.42804122,  2.69726658, -0.26584858,  0.18444788, -1.33893108,
        1.4181242 ,  0.80870545,  0.17264965, -0.4656302 , -0.73718792], dtype=float32), None]
