[array([ -1.68144405e-01,  -9.01381373e-01,  -6.10005736e-01,
         9.55203056e-01,  -4.34800982e-03,  -1.31629252e+00,
         8.51272643e-01,   6.81746528e-02,   3.02867889e-01,
        -2.41202164e+00,  -2.04234838e+00,  -7.60502994e-01,
        -2.54094809e-01,  -2.27906957e-01,   1.60408616e+00,
        -1.32383263e+00,   4.93039608e-01,  -3.26585352e-01,
        -1.48822439e+00,   3.27043056e+00,   4.78130549e-01,
         5.83011135e-02,  -1.00171363e+00,   6.85604274e-01,
         1.30203113e-01,   2.41000199e+00,  -7.71687329e-01,
        -1.30582976e+00,  -8.12443912e-01,  -1.29971898e+00,
         2.82512474e+00,   1.17811084e+00,  -2.96031928e+00,
         8.07182431e-01,   2.18693995e+00,  -8.18682611e-01,
         9.94023144e-01,  -3.30858278e+00,  -4.98755813e-01,
         1.80664945e+00,  -1.55656248e-01,   1.81024468e+00,
        -3.33415568e-01,   5.16392589e-01,   5.41820705e-01,
         1.50668693e+00,  -2.39658642e+00,   1.70067656e+00,
        -3.08745670e+00,  -1.57569230e-01,  -1.22268271e+00,
         4.48889762e-01,   1.30714595e+00,   3.50913227e-01,
        -3.37802470e-01,   9.83676836e-02,   4.75055248e-01,
         9.95134354e-01,   1.08646512e+00,  -1.07965374e+00,
         6.60793632e-02,   1.98894036e+00,   1.95153904e+00,
         1.21726096e-01,  -1.00472558e+00,   5.11210680e-01,
         3.08560804e-02,   1.81017983e+00,  -1.00455320e+00,
         6.04183853e-01,   1.06460679e+00,  -2.92125881e-01,
         1.11047721e+00,   1.37295878e+00,  -1.60237360e+00,
         2.25650859e+00,   1.08326852e+00,   1.60517782e-01,
         3.01327288e-01,   3.93683720e+00,  -1.90279877e+00,
        -4.65855539e-01,  -3.82593244e-01,  -5.39377213e-01,
        -1.06996620e+00,   3.31626028e-01,  -1.08872664e+00,
        -2.46849561e+00,   1.05104840e+00,   8.00985575e-01,
        -5.82749367e-01,  -2.35071540e+00,   1.05385137e+00,
        -1.52623773e+00,   7.39238225e-04,  -4.05045658e-01,
         2.72803903e-01,   2.13017821e+00,   1.24188757e+00,
         1.12754953e+00], dtype=float32), array([ 0.01599304, -0.38490951, -0.47981179, -0.14618304,  0.11456037,
        0.04386868,  0.11382106, -0.79436815,  0.47934967, -0.4095456 ,
       -0.01794949, -0.38518834,  0.49666625, -0.40170524, -0.23224486,
       -0.06708667, -0.04386161, -0.02450526, -0.93110895,  0.51036596,
       -0.50253081,  0.30779555, -0.30817625,  0.11246803, -0.29541934,
        0.26767027, -0.27909705, -0.14115027,  0.14581107,  0.10891415,
        0.68161869, -0.29799154, -0.12288652,  0.5156672 ,  0.4601782 ,
       -0.50487626, -0.11461993, -0.89429086, -0.29584152, -0.11905518,
       -0.2133581 ,  0.47765851,  0.43472716, -0.12492733,  0.30901182,
        0.21898183, -0.47225592,  0.59888911,  0.01919454,  0.01979575,
       -0.12196515,  0.4228538 ,  0.23742321,  0.02777887,  0.13795227,
        0.0186018 ,  0.32432544,  0.21189751,  0.16871218, -0.87107313,
        0.03386842,  0.48628181,  0.30166245,  0.08719593, -0.16258678,
       -0.00444092,  0.16168687, -0.27105337, -0.09100654, -0.46487907,
        0.50451291, -0.00171043, -0.3751412 , -0.01246857, -0.37212586,
        0.10481433,  0.16046312,  0.22639337,  0.12241368,  0.47040674,
       -0.34597516, -0.26607841,  0.01996772, -0.28533292, -0.41778579,
        0.24595334, -0.11411196, -0.49366391,  0.43579096, -0.00202997,
       -0.43590623, -0.79800147,  0.35428578, -0.43548304, -0.00661981,
       -0.3941443 , -0.08072932,  0.53733057,  0.5587979 ,  0.78086108], dtype=float32), array([ 0.00438729, -0.11431529, -0.10103481, -0.23201226, -1.03703368,
       -0.86799955, -0.23196009, -0.01982334, -0.11724959, -1.90259004,
       -0.81557029, -1.19036174,  0.43005079, -0.7596606 ,  0.06912129,
       -0.43548065, -0.65042984,  0.49784771,  0.18773794,  2.15653968,
       -0.62921941,  0.23249158, -0.21731807, -0.66745037, -0.91241604,
        0.57955849,  0.094649  , -0.77396506, -1.00728571, -0.89416641,
        1.31385744,  1.03028953, -1.098809  , -0.2085616 ,  1.90461946,
       -0.85356128,  1.10491216, -1.21786559, -0.14925362,  0.39350736,
        0.26170787,  0.17518526,  0.08925784, -0.89565653,  0.24945024,
       -0.18303372, -1.22375727,  0.44023457, -1.61519825, -0.416475  ,
       -0.85932672, -0.24396922,  0.96005863, -0.98154366, -0.49091265,
        1.20853806,  0.8299647 , -0.01249016,  1.0335654 , -0.01379605,
       -0.38250911,  0.76884955,  0.77876651,  0.2107607 , -0.26108375,
        0.71538639, -0.41010904, -0.21304086,  0.01837937,  0.84682894,
        0.91314912,  0.96038973,  0.89492476,  0.58398879, -0.60867608,
        0.88826311,  1.21606112, -0.33228973,  1.37230182,  1.77620494,
       -0.91922593, -0.8791697 , -0.96113884, -0.51469952, -0.71441185,
        0.56904227, -1.27204835, -2.08275056,  0.65205139,  0.91947311,
       -1.13912308, -1.43459117, -0.68693566, -0.51276642, -0.44857299,
       -0.76770163, -0.54200917,  1.36779761,  0.29688615,  0.86936194], dtype=float32), array([ 0.3113558 ,  0.01989097, -0.99272662,  0.13585807, -1.14612865,
       -0.30016285,  0.11889933, -0.57795143,  1.05620062, -1.0371027 ,
       -0.3146846 , -1.10600936,  0.68114763, -0.80585349,  0.50775099,
       -1.1583488 ,  0.00415718,  0.44067404, -0.49207643,  2.14074421,
       -1.11852193,  0.02509947,  0.23082559,  0.15864934, -0.83057159,
        1.2259897 , -0.54686636, -0.36085054, -0.55347288, -0.29244512,
        1.95700467,  0.66905355, -1.32289982,  0.36529306,  2.14732337,
       -0.78694874,  0.34844071, -1.32404804, -0.27401954,  1.17382729,
        0.39422914,  0.39325994, -0.19100745,  0.17096296,  0.41260457,
        0.4684521 , -1.65634394,  0.41290599, -1.33278012,  0.44983846,
       -0.63543558,  0.4592112 ,  2.2700491 , -0.35291928,  0.05186624,
        0.76336139,  0.93353605,  0.36382747,  0.64709526, -1.54141271,
        0.41506636,  1.19489014,  1.3900224 , -0.13754179, -0.15936205,
        0.35551256,  0.51542658, -0.36066413, -0.52253217,  0.20879641,
        1.0930202 ,  0.28536648,  0.23253748,  0.96916407, -0.66123581,
        1.76527369,  0.76407051, -0.68757057,  1.13202453,  2.45819688,
       -1.40163374, -0.67050284, -0.52600121, -1.2182523 , -1.04604566,
        0.59638828, -0.33565819, -1.84754527,  0.02710212,  1.06189775,
       -1.26408172, -1.44117999,  0.29392979, -1.03777575, -0.32264161,
       -0.12761274, -0.10067201,  1.15450966,  0.66678578,  1.12075627], dtype=float32), array([ 0.29720148, -0.49187464,  0.18752542, -0.57392168, -0.60614866,
       -2.00981045, -0.1577349 , -0.81429452,  0.23169383, -1.7199347 ,
       -0.82549906, -1.07041001,  0.06324024, -0.52749902,  0.20325673,
       -0.17001779,  1.06163216,  0.33872753, -0.34885135,  2.50126719,
       -0.11062525,  0.13043408, -0.595348  ,  0.45503208, -1.19676459,
        1.46669412,  0.51104724, -1.37575841, -0.24556306, -0.10078885,
        2.03967333,  1.49464846, -1.39863729, -0.28173071,  1.60864699,
       -0.57475883,  0.69482446, -1.38230371, -0.77269924,  0.36741391,
       -0.33924136,  0.66466552, -0.2421869 , -0.72775561, -0.45187265,
        0.42195755, -1.24942553,  0.73352331, -1.54769194, -0.46631178,
       -1.0714891 , -0.70488453,  0.74498475, -0.27262086,  0.13695888,
        0.33550555,  1.08634651,  0.43074211,  0.3386057 , -0.42814928,
        0.23280847,  2.07363367,  0.81286186,  0.22261833,  0.08402324,
        0.62359512,  0.03126512,  0.01160718, -0.34867805, -0.0754624 ,
        0.01980525,  1.51272738,  0.32976443,  0.02186565, -0.22853005,
        1.63861036,  1.43356466, -1.50085497,  0.5069384 ,  2.84224319,
       -0.44369385, -1.96512151, -0.60585153, -1.0630511 , -1.47604883,
        0.09717736, -0.80588806, -1.62798846,  0.5346902 ,  0.8856194 ,
       -0.72526729, -1.76754642,  0.29512382, -0.20649312, -1.47409654,
       -0.27432227, -0.31609887,  1.08555388,  0.80452752,  0.45226794], dtype=float32), array([-0.00399145, -1.0589273 , -0.71062618,  0.45361909, -0.05012827,
       -1.14766324, -0.11940858, -0.82384896,  1.20260322, -1.5222894 ,
       -0.80020422, -1.35762346,  1.15932286, -1.37618089,  0.36075345,
       -0.43912971, -0.41147721,  0.82488573, -1.64003456,  3.10113835,
       -1.19865823,  0.54628837, -0.91278994, -0.31760252, -0.14020084,
        0.75936049,  0.02060308, -0.60591239, -0.49850947, -0.02819055,
        2.25329232, -0.0593776 , -1.34991121, -0.05488578,  2.53240013,
       -1.49021733,  1.51068652, -2.54315686, -0.51386684,  0.58355683,
       -0.14189337,  1.2236594 , -0.4092811 ,  0.69602799,  0.28274807,
        1.04431987, -1.98463142,  1.38047004, -1.40458643, -0.55100995,
       -1.15903652,  0.61880106,  1.35003638, -0.32611763,  0.01445362,
        0.3426652 ,  0.66848588,  1.48327935,  0.0617696 , -1.66019738,
        0.20307359,  1.16352952,  1.3109473 ,  0.55297345, -0.83752203,
        0.28377768,  0.49770784,  0.09027129, -0.05986143,  0.4040572 ,
        1.15235639,  0.46283826,  1.23807621,  0.84154814, -0.30724961,
        1.8649683 ,  1.20346069, -0.19577526,  1.39530587,  2.673388  ,
       -2.16551471,  0.12755951, -1.40208209, -0.92083013, -1.09814632,
        0.75523078, -0.71801412, -1.68566525,  2.21596551,  0.00968303,
       -1.22080314, -2.24869013,  0.1073321 , -0.55165398, -0.10458846,
       -0.35220543,  0.39839241,  2.15915251,  0.9608106 ,  2.2556963 ], dtype=float32), array([ 0.50334018, -1.04903567, -1.19833565, -0.59056377, -1.71387887,
       -1.42716706, -0.21830644, -1.32574952, -0.05086486, -0.79773891,
       -1.26283467, -0.67533565,  0.34089994, -0.9134739 , -0.18080093,
       -0.27083877, -0.21408595,  0.62903059, -0.17009366,  1.70448542,
       -0.59645593,  0.64236057,  0.1343237 ,  0.45282018, -0.91051358,
        0.87155044,  1.02762496, -1.33162498, -0.58984029, -0.41300461,
        2.06838489,  0.5610348 , -1.08311462, -0.165491  ,  0.96948731,
       -0.62781835, -0.06815848, -0.79353678, -1.22712052, -0.50921863,
       -0.04702325,  0.23914155,  1.15411341, -0.7787472 ,  0.44170028,
        0.51571602,  0.0852882 , -0.21371228, -0.82271719,  0.51412201,
       -0.36103958,  0.00321065, -0.15168032, -0.39522567, -0.28541166,
        0.0312182 ,  1.80096245, -1.01850712,  0.23502842, -0.07123315,
       -0.53264326,  1.11311758,  0.24463244, -0.79430974,  0.39090356,
        0.09832425, -0.2988795 ,  0.05409222, -0.88089448, -0.59607327,
        0.54092634,  1.29019594, -0.49824792, -0.87428242, -0.68190837,
        1.13712406,  0.94645149, -1.1172148 ,  2.24566007,  2.00797009,
       -1.0503552 , -1.48520637,  0.18097192, -0.14177364,  0.13821152,
        0.40995193, -0.64581853, -1.38494003,  1.40390182,  0.70934486,
       -0.33318275, -1.28956711,  0.67009985, -0.97522044,  0.88733941,
        0.20486936,  0.04784034,  1.3230685 ,  1.32202971, -0.54230988], dtype=float32), array([ 0.60125434,  0.54495013, -1.56024265, -0.31772274, -1.33649826,
       -0.35123467,  0.06314202, -0.77300912,  0.27491814, -1.38257706,
       -1.66063464, -2.16640902,  0.06330636, -0.43210092,  0.11574657,
       -0.01338454,  0.25232297,  0.15472248, -0.22845335,  2.06289506,
       -0.28388262,  0.29240936, -1.04149389, -0.48079833, -1.21991777,
        1.94108236, -0.0857375 , -0.25325277,  0.39399529, -0.63636893,
        1.33898211,  0.54842126, -0.26682302, -0.02368459,  1.7836827 ,
       -0.60896128,  0.21443996, -1.33559859, -0.16830635, -0.21732965,
        0.34865043,  0.32605243,  0.0435252 ,  0.34794363, -0.18120137,
       -0.32554671, -1.42122638,  0.23783585, -1.19026792, -0.28891963,
       -0.41762275,  1.02012515,  0.5504306 , -1.00376797, -0.26099762,
       -0.49645248,  0.77951205,  0.08088231,  0.30265573, -0.49764299,
       -0.16392788,  1.28495276,  1.49622309,  0.49841824,  0.08086935,
       -0.46357974,  0.15457696,  0.16776744,  0.23969218, -0.22741577,
        0.44706112,  0.92334265,  0.34817207,  0.07113256, -0.08809918,
        1.551211  ,  0.42680132,  0.14093341, -0.02127519,  1.52359176,
       -0.43995947, -0.92445916, -0.69948673, -1.35241652, -0.68071711,
        0.35095635, -1.4621011 , -0.85655618,  0.28894284,  0.10948868,
       -1.03750324, -1.89170134,  0.43788257, -0.94459164, -1.36531496,
       -0.48881525, -0.25272435,  1.51931643,  1.49928737,  0.82138526], dtype=float32), array([ 0.59278089, -0.68536317, -0.19580323,  0.16824399, -0.30878606,
       -0.74254799, -0.55774099, -0.89738578,  1.11343241, -1.04458559,
       -0.65372616, -1.48507547,  0.5749048 , -0.32105249,  1.08995509,
       -0.66337931,  0.45730221,  0.0323065 , -1.51630414,  2.50199223,
        0.55958968, -0.03589253, -0.17270119,  0.02807629, -0.9966287 ,
        1.2774545 , -0.87196374, -1.31239593, -0.31606892, -0.44095159,
        1.30597794,  0.19416125, -0.8527993 , -0.09710449,  2.76241803,
       -1.06664729,  1.14103258, -2.0574522 ,  0.57752895,  0.52747774,
        0.08956311,  0.54368818, -0.95982909,  1.69462502, -1.09652114,
        0.17933261, -1.20333672,  0.02289787, -2.01998425, -0.82409066,
       -1.64206564,  0.13689601,  1.35756886,  0.19474599,  0.72683132,
       -0.26528335,  0.58486938,  0.95642984, -0.13490161, -0.60296762,
        1.18199468,  0.59036225,  0.71854347,  0.48301142, -0.14686622,
        0.54649967,  0.43497464, -0.0165085 , -0.39396828,  0.21824013,
        0.31972647,  0.02201691,  1.12483764, -0.3491351 , -0.24299921,
        0.40384191,  0.43145755, -1.17031443,  1.1155858 ,  1.73460245,
       -1.0302552 , -1.63195777, -1.08031249, -1.21479034, -0.62658679,
        0.62631196,  0.21837018, -0.34336379,  0.29034579,  0.11900819,
       -0.73457819, -1.68625748,  0.69865227,  1.07042849,  0.23023696,
        0.53409213,  0.50360733,  1.2238723 ,  0.31752512,  0.60406798], dtype=float32), array([  6.63605750e-01,  -8.18734765e-01,  -2.64916837e-01,
        -8.12498212e-01,  -1.39265013e+00,  -2.27238035e+00,
         2.15881214e-01,  -2.20835090e-01,  -1.98801234e-01,
        -2.92411613e+00,  -1.87491715e+00,  -2.23553538e+00,
         1.84370175e-01,  -1.38311815e+00,   5.51535010e-01,
        -8.96095037e-01,   1.92737281e-01,   8.14381301e-01,
        -8.57820809e-01,   2.84062338e+00,  -1.23837173e+00,
         7.87978768e-01,  -1.22477484e+00,   6.23227209e-02,
        -1.57509422e+00,   9.19180036e-01,   8.72088790e-01,
        -6.68297410e-01,  -4.78656411e-01,  -9.46185291e-02,
         3.14681005e+00,   1.52811122e+00,  -1.42181516e+00,
        -6.83794260e-01,   3.00367260e+00,  -1.58052778e+00,
         6.36290073e-01,  -1.93912745e+00,  -9.22949672e-01,
         2.24343330e-01,  -2.90207565e-03,   4.84695375e-01,
         1.09320655e-01,  -5.09569883e-01,   5.91012657e-01,
         3.82889241e-01,  -2.13311315e+00,   2.66824841e-01,
        -2.24024582e+00,  -1.07723248e+00,  -2.29319170e-01,
         2.66066909e-01,   9.27161038e-01,  -1.16316462e+00,
        -3.32018822e-01,  -1.97718531e-01,   1.38261318e+00,
         5.19409895e-01,   7.71062374e-01,  -2.03711182e-01,
         1.24612167e-01,   1.57277524e+00,   2.32137227e+00,
         2.46911600e-01,  -6.33867264e-01,   3.02644789e-01,
         4.10283029e-01,   5.63605428e-01,  -5.15998363e-01,
        -2.31669158e-01,   1.31653833e+00,   1.09803498e+00,
         2.43031591e-01,   6.32316291e-01,  -4.19252440e-02,
         3.37431145e+00,   5.25345564e-01,  -1.02690792e+00,
         9.73648250e-01,   2.86307669e+00,  -1.51365328e+00,
        -1.06994545e+00,  -1.34051371e+00,  -1.74274957e+00,
        -1.05767369e+00,  -2.78647572e-01,  -2.24096465e+00,
        -1.80928946e+00,   7.62086153e-01,  -6.93778619e-02,
        -1.12329078e+00,  -2.57081079e+00,   7.92018950e-01,
        -1.65149236e+00,  -2.26802140e-01,  -1.94749728e-01,
        -6.11883521e-01,   1.43694222e+00,   1.35996652e+00,
         1.17380381e+00], dtype=float32), array([ 0.73373294,  0.28024828, -1.68125165, -0.15913528, -0.64357114,
       -0.83460963,  0.03600482, -0.12917645,  0.3318342 , -1.64925373,
       -0.6459645 , -1.22801542,  0.70313865, -0.31083235, -0.24353188,
       -0.23134892, -0.42391503,  0.31049263, -0.20985617,  1.12119353,
       -0.28080338,  0.03979217,  0.00560459, -0.10982008, -1.1521312 ,
        1.04997671,  0.25443551, -0.86781383,  0.00481908,  0.08658069,
        1.54532385,  0.45313126, -0.8887676 , -0.39270055,  1.95586073,
       -1.05030358,  0.40988624, -0.90459281, -0.21681462,  0.52998984,
        0.3569915 ,  0.28856492,  0.65406924,  0.61278015,  0.2132719 ,
        0.04048516, -1.602929  ,  0.52129531, -1.55526054, -0.02319067,
       -0.18446034,  0.58264309,  0.27527586, -1.14157832, -0.07735538,
        0.16235274,  0.50858802,  0.13026282,  0.08642343, -0.33989418,
        0.26390252,  0.71235698,  0.90749943,  0.45637539, -0.379888  ,
        0.12019241,  0.74083447,  0.41509938, -0.10895643,  0.3335005 ,
        0.47650465,  0.40324932,  0.12697256,  0.79719341, -0.39903432,
        1.87539494,  0.73795909, -0.02375117,  0.36778632,  1.14563394,
       -1.02071548, -0.34925592, -0.6028713 , -1.03632176, -0.7050699 ,
        0.19242051, -1.01556277, -0.80942345,  0.31815916, -0.00760336,
       -1.32327759, -1.5080955 , -0.0154792 , -0.8811177 , -0.6721549 ,
        0.02675793,  0.16917451,  1.14400518,  1.15558648,  0.78138959], dtype=float32), array([ 0.56594235, -0.63841254, -0.46139354,  0.03666541, -0.15070511,
       -0.61675274, -0.24301909, -0.71553946,  0.77418977, -1.2324605 ,
       -0.55684334, -1.11965621,  1.05284989, -0.55556905, -0.08746459,
       -0.61783445, -0.57442558,  0.74262029, -1.22113204,  2.50590849,
       -1.05894005,  0.54678458, -0.35809979, -0.86583024,  0.15000722,
        0.31131995, -0.09647839, -0.33935112, -0.4007169 ,  0.45551187,
        2.24717426,  0.32109711, -1.25815737, -0.37252414,  1.69690907,
       -1.61567426,  1.30280185, -2.34278321, -0.6616019 ,  0.6676051 ,
       -0.23917404,  0.24370269, -0.0295534 ,  0.66237807,  0.01357993,
        0.48368034, -1.38420391,  0.7601409 , -0.85387206, -0.39261121,
       -0.64998311,  0.26539814,  1.00943387,  0.44094494,  0.30169147,
       -0.32049501,  0.58136904,  0.49366185,  0.18945591, -1.29625452,
       -0.1489539 ,  0.76797348,  0.37545633,  0.94703269, -0.59003943,
        0.40888309,  0.30042711, -0.76350796, -0.51418966,  0.23318005,
        0.78538907,  0.07656223,  0.81017447, -0.09235521, -0.3685618 ,
        1.55710554,  0.64612556, -0.15421033,  0.81948155,  2.06046963,
       -1.47631538, -0.5879609 , -0.47825253, -0.89271736, -1.1359098 ,
        0.4489249 , -0.55691051, -1.54577875,  0.46687472, -0.24523526,
       -0.91110474, -1.7161541 ,  0.45355445, -0.19060588, -0.20006293,
       -0.25849551, -0.10859777,  1.53029895,  0.75281799,  2.03474855], dtype=float32), array([  2.43095115e-01,   1.75967649e-01,  -1.27142048e+00,
         2.07141429e-01,   5.51979482e-01,  -9.18752372e-01,
        -4.65151906e-01,  -1.69898939e+00,   1.18185453e-01,
        -1.25222015e+00,  -4.52670008e-01,  -1.09722817e+00,
         2.43683696e-01,  -1.01130223e+00,   5.19968748e-01,
        -1.15577352e+00,   4.14540559e-01,  -2.43817449e-01,
        -5.45125186e-01,   2.27106118e+00,  -3.56437087e-01,
        -1.69595554e-01,  -8.10357928e-01,   4.10594046e-04,
        -1.04895210e+00,   2.07268953e+00,   1.24974392e-01,
        -4.74250913e-01,   6.16019741e-02,   2.99504817e-01,
         1.05590916e+00,   1.24633574e+00,  -1.70680654e+00,
         9.59432662e-01,   1.96392155e+00,  -1.11127293e+00,
         2.12306857e+00,  -1.84179544e+00,  -6.70053184e-01,
         2.62819767e-01,  -5.73888421e-03,   8.29550028e-01,
        -1.35212266e+00,   2.22810373e-01,  -1.02045275e-02,
         1.02123094e+00,  -1.53177321e+00,   3.82870793e-01,
        -1.59131885e+00,   2.69637853e-01,  -1.18115377e+00,
         7.05520928e-01,   1.73208809e+00,  -1.37913272e-01,
         1.42191991e-01,   9.33091640e-02,   2.87814438e-01,
         5.54445922e-01,   8.74316275e-01,  -1.08967614e+00,
        -1.43523693e-01,   1.50057817e+00,   1.46014202e+00,
        -3.55071008e-01,  -1.01354027e+00,   1.04189491e+00,
        -2.02053934e-01,   3.12054515e-01,  -4.96915251e-01,
         7.31011033e-01,   1.04476762e+00,   4.48804677e-01,
         7.32887089e-01,   4.57717717e-01,  -4.01103079e-01,
         1.45148039e+00,   1.48461318e+00,   2.84458041e-01,
         3.94485146e-01,   2.47413015e+00,  -1.16844833e+00,
        -1.46115422e+00,   7.65362084e-02,  -1.21675920e+00,
        -5.69894016e-01,   5.48584402e-01,  -6.51304424e-02,
        -1.60076058e+00,   9.71667767e-01,   2.06154510e-02,
        -9.76749778e-01,  -1.99281943e+00,  -1.23349428e-01,
        -9.70500946e-01,  -6.61224842e-01,  -7.12977573e-02,
        -1.29107118e-01,   1.33213806e+00,   2.80666888e-01,
         1.53405297e+00], dtype=float32), array([ 0.13951804,  0.1900439 , -0.5396049 ,  0.03273059,  0.08134208,
        0.01294386,  0.10244575, -0.80378568,  0.53964049, -0.41030192,
       -0.11878936, -0.64727634,  0.26924449, -0.65241867, -0.10322389,
       -0.38822353,  0.05028379, -0.25653973, -0.67293769,  0.7246964 ,
       -1.048563  ,  0.30003452, -0.30872387, -0.14139423, -0.55457753,
        1.10358441,  0.06624354,  0.03441564,  0.4687359 , -0.14550383,
        0.44355053, -0.02333566, -0.07052496,  0.75690645,  0.54401153,
       -0.5083884 ,  0.37847662, -1.16538095, -0.42728877, -0.3199144 ,
        0.44523075,  0.70457762, -0.13754013, -0.35696977,  0.03219964,
        0.44596699, -0.59971261,  0.52463096, -0.47275305,  0.29266247,
       -0.60122025,  0.51626456,  0.76312822, -0.34922305, -0.29415971,
        0.18536702,  0.63053894,  0.44682375,  0.47398505, -0.38103342,
        0.06697761,  0.68476313,  0.83167362, -0.06774527, -0.17598465,
       -0.04041258,  0.43611586,  0.01154904,  0.07699183, -0.19983171,
        0.52387351, -0.17771733,  0.33718923,  0.39807683, -0.45634365,
        0.26732558,  0.40344065,  0.53623247,  0.41481858,  0.77673256,
       -0.56953841, -0.51682043, -0.19195162, -0.44794044, -0.19254053,
        0.30883193, -0.59277833, -0.56044471,  0.51534063,  0.2389462 ,
       -0.83310217, -0.7544713 ,  0.1342946 , -0.28214329, -0.35971907,
       -0.40846056,  0.15182696,  0.82675713,  0.12098995,  1.03853369], dtype=float32), array([ 0.07083172, -0.22572239, -0.25067407, -0.06426847, -0.01866051,
       -0.00183382, -0.01963468, -0.10634963,  0.05454306, -0.79086703,
       -0.87758273, -0.04079267, -0.41966718, -0.33418933,  0.12602378,
       -0.12907223, -0.27654234,  0.177214  , -0.35834408,  0.90849257,
       -0.130913  ,  0.07426126,  0.04362533,  0.04334728,  0.3848756 ,
        0.13575521, -0.08739635, -0.42610344, -0.28636175, -0.03745695,
        0.45859742,  0.44883373, -0.24021149,  0.56060153,  0.72400069,
       -0.16882479,  0.33584899, -0.89991587,  0.27661246,  0.41737777,
       -0.05454136,  0.06579144, -0.26857519, -0.24889673,  0.08737044,
        0.01979034, -0.59067422,  0.97263682, -0.3737303 , -0.48500144,
       -0.82067686,  0.01536742,  0.25626713,  0.18100455,  0.08092216,
        0.39573264,  0.15656635,  0.43913013,  0.46745569, -0.82275951,
        0.45639044,  0.58203495,  0.22582456,  0.26798576, -0.07980371,
        0.40160871, -0.43532175,  0.42313564, -0.3324357 , -0.07260711,
        0.47701374,  0.03674781, -0.05462986,  0.23157549, -0.48851615,
        0.49627709,  0.53960687, -0.04144717,  0.6607039 ,  0.75353515,
       -0.41890335, -0.56453139, -0.24936166, -0.42525783, -0.46165276,
       -0.00485994, -0.28532311, -0.74776369, -0.18005921,  0.16233711,
       -0.49549645, -0.84076619,  0.11035174, -0.51626009, -0.31374964,
       -0.36849076,  0.12038691,  0.46821892, -0.03542963,  0.38578779], dtype=float32), array([ 1.08697486,  0.83179659, -1.61141157,  0.0854299 , -0.87341255,
       -1.09491277, -0.43736672, -1.34860241, -0.01245783, -1.83918333,
       -1.35800719, -2.62735438,  0.6034264 , -0.59265602,  0.72705585,
       -0.41333604, -0.18932422,  0.47400057, -0.46345073,  2.77091169,
       -0.38896275, -0.21275426, -0.69935775, -0.25617105, -1.83114767,
        2.22801185,  1.22608638, -0.00855159, -0.05704039, -0.37345842,
        1.6375072 ,  1.05100334, -1.07893014, -0.37382308,  2.73474026,
       -0.98947912,  1.47437382, -2.10208583, -0.65211505,  0.56015259,
        0.21411692,  0.4436419 , -0.23337558,  0.36892685,  0.28237978,
       -0.41931072, -2.05129528,  0.44127908, -2.19028163, -0.78324425,
       -0.83920044,  1.03598857,  0.84013599, -1.02870166, -0.39140055,
        0.2828581 ,  1.06247926,  0.50155723,  0.58308506, -0.54584306,
        0.49333531,  1.63498878,  1.76861346,  0.49987224, -0.61501145,
       -0.33425418,  0.71341145,  0.18586695,  0.2499623 ,  0.01738619,
        0.93055618,  0.86130279,  0.45503852,  0.83131737, -0.05490631,
        2.46397948,  1.40262771, -0.46071452, -0.05876887,  1.72065783,
       -0.98625416, -1.25069702, -0.90800571, -2.25411558, -1.02176046,
        0.68143439, -1.38928831, -1.58545351,  0.20250949,  0.33343071,
       -1.50934386, -2.57151699,  0.78442305, -1.03938091, -1.23354304,
        0.29913285, -0.82673651,  1.75188196,  1.42673647,  0.9270581 ], dtype=float32), array([  4.45514560e-01,   6.27394259e-01,   3.19639802e-01,
        -2.46900484e-01,  -3.00000086e-02,  -9.97415543e-01,
        -3.44009697e-01,  -1.60128325e-01,   2.83697784e-01,
        -7.68295884e-01,  -9.87555206e-01,  -9.86749172e-01,
         3.22118044e-01,  -3.71303633e-02,   6.80204690e-01,
        -3.41019124e-01,   2.93140590e-01,   3.99861842e-01,
        -2.50996441e-01,   2.69213486e+00,  -8.08639765e-01,
        -2.44643196e-01,  -6.73611999e-01,  -1.29032852e-02,
        -1.42818022e+00,   1.85418117e+00,   1.61561966e-01,
        -4.66957241e-01,   8.65503192e-01,  -6.06498599e-01,
         1.48578846e+00,   9.54130054e-01,  -5.14990449e-01,
        -5.92173934e-01,   2.67888975e+00,  -4.13560867e-01,
         1.39837289e+00,  -1.53149033e+00,  -9.60824415e-02,
         2.78493941e-01,   4.67664897e-01,   1.08231604e+00,
        -8.45796406e-01,   3.75866517e-02,   6.22557878e-01,
        -4.64878827e-01,  -1.55795717e+00,   8.49815607e-01,
        -1.32985783e+00,  -4.98437613e-01,  -1.21417296e+00,
        -2.02645704e-01,   1.24810529e+00,  -8.11332107e-01,
        -1.58049703e-01,  -2.15693831e-01,   8.71886849e-01,
         1.30236953e-01,   4.87790227e-01,  -7.62299716e-01,
         3.51860315e-01,   1.02988672e+00,   2.02179408e+00,
         3.39824736e-01,   2.72990406e-01,   6.89360142e-01,
         8.85902822e-01,  -5.66514015e-01,   8.22592825e-02,
         3.62915277e-01,   6.41178846e-01,   4.04936254e-01,
         3.05110902e-01,   3.95260662e-01,  -8.75764668e-01,
         1.00010395e+00,   6.72440588e-01,   7.73565173e-01,
        -1.52821600e-01,   1.88468254e+00,  -4.61395919e-01,
        -1.25344574e+00,  -1.15667355e+00,  -1.00257635e+00,
        -7.39378512e-01,   7.62215912e-01,  -1.54026580e+00,
        -1.73789048e+00,   1.50368467e-01,  -1.87876858e-02,
        -1.77113557e+00,  -1.95053744e+00,   3.56703997e-04,
        -8.27887431e-02,  -1.46203589e+00,  -2.38360867e-01,
        -3.42968643e-01,   1.08053434e+00,  -6.15945756e-01,
         7.72641361e-01], dtype=float32), array([  1.19367206e+00,  -7.14398503e-01,  -1.05227804e+00,
         1.38554499e-02,  -1.48365259e+00,  -1.81324935e+00,
        -6.32843971e-01,  -5.20344377e-01,   6.47336394e-02,
        -1.42856812e+00,  -1.95645010e+00,  -2.22691798e+00,
         3.87193382e-01,  -1.17668879e+00,   1.56342179e-01,
        -4.73294854e-01,  -7.00970963e-02,   6.66867375e-01,
        -4.80923623e-01,   2.64292240e+00,  -9.08323705e-01,
         3.54163170e-01,  -9.70681310e-01,  -5.37082016e-01,
        -1.46994543e+00,   1.28392196e+00,   1.26619506e+00,
        -1.20382273e+00,  -4.92547035e-01,  -9.45176542e-01,
         1.97890437e+00,   7.79821634e-01,  -8.99077654e-01,
        -5.26576757e-01,   1.92499423e+00,  -1.48986852e+00,
         4.19832140e-01,  -1.18759942e+00,  -6.59712911e-01,
        -7.08332121e-01,   4.82280582e-01,   1.51934102e-01,
         4.83928412e-01,  -6.22365594e-01,   3.90673310e-01,
        -4.62599874e-01,  -1.19957507e+00,   3.27581704e-01,
        -1.99478686e+00,  -4.42754567e-01,  -1.09722689e-01,
         1.21571958e+00,  -1.85778029e-02,  -1.40276206e+00,
        -3.65299731e-03,  -4.05720234e-01,   1.80880272e+00,
        -4.89590377e-01,   1.14642501e+00,  -5.81177413e-01,
         2.06444412e-03,   1.44491816e+00,   1.05210268e+00,
        -7.47840106e-03,   7.52294287e-02,  -1.85995966e-01,
         6.67999685e-03,  -2.24375799e-01,   3.43847066e-01,
        -1.57638699e-01,   8.84482265e-01,   1.57560253e+00,
        -2.05122083e-02,  -1.58584952e-01,  -1.08268410e-01,
         2.30359864e+00,   8.84253085e-01,  -7.86284983e-01,
         1.28870285e+00,   2.61505175e+00,  -7.67141938e-01,
        -1.07854414e+00,  -5.52593946e-01,  -1.31754923e+00,
        -4.54602897e-01,   2.27957711e-01,  -1.23019016e+00,
        -1.24766123e+00,   1.16479456e+00,   4.79281992e-01,
        -5.95636129e-01,  -2.34612727e+00,   3.70492816e-01,
        -7.89851427e-01,  -3.75376046e-01,  -1.34057432e-01,
        -7.51062572e-01,   2.18645692e+00,   1.83861935e+00,
         4.19843614e-01], dtype=float32), array([ 0.81172985,  0.21740735, -1.40823746, -0.01085889, -0.12012181,
       -0.65447366,  0.30609164, -0.94806761,  0.09082365, -0.46129242,
       -1.39937294, -0.84216684, -1.18994808, -1.18114281,  0.65135014,
       -0.87817776,  0.43828097, -0.28661856, -0.64496714,  1.2669915 ,
       -0.04134506,  0.74267769, -0.54845381, -0.64973617, -1.79097474,
        1.49623585, -0.19654763, -0.48544371, -0.54522872, -0.16551936,
        0.97718412,  1.1259656 , -0.42911726, -0.72090167,  1.63588321,
       -0.62016726,  0.71512938, -1.21723926, -0.21383283,  0.39808282,
       -0.54423457,  1.30211461, -0.59894675, -0.13349357, -0.22989003,
        0.12982278, -1.84303129,  0.07326003, -1.3573792 , -0.24153927,
       -1.76024699, -0.42327273,  0.98594987,  0.04616223,  0.12663813,
        0.01325147,  0.4850325 ,  0.39205593,  0.365888  , -1.66274321,
        0.24694732,  1.77779901,  1.59526765,  0.4908697 ,  0.7438767 ,
        0.34430289,  0.11386496,  0.04334035, -0.73710704,  0.56999779,
        0.02809219,  0.82023907,  0.36293054,  0.20557252, -0.51723909,
        1.54842961,  0.68630153, -0.54138696,  0.55195045,  2.08660483,
       -0.51017898, -0.64441675, -0.71648705, -1.52260804, -1.26567507,
       -0.13982815, -1.0227896 , -0.42068893,  0.31788248,  0.5798589 ,
       -1.21277547, -1.27186823,  0.28416124, -0.08015439, -0.93049264,
       -0.06940609, -0.00303294,  1.03692913,  0.48011231,  1.01096439], dtype=float32), array([ 0.08700413,  0.02795165, -0.39298657,  0.42843324,  0.02003419,
        0.03011292, -0.10208628, -1.01168489,  0.55875635, -1.35248828,
       -1.15572178, -0.99875581, -0.25014442, -0.19028939,  0.4526903 ,
       -0.42600146,  0.24179828,  0.23216893, -0.25668544,  2.19467831,
       -0.62252325,  0.21977386, -0.09507115,  0.64789081, -1.05350578,
        0.36838186, -0.82060826, -0.78970212, -1.07429433,  0.2327354 ,
        1.19909596,  0.86639553, -1.3557868 ,  0.16045558,  2.12642264,
       -0.60168457,  0.77198833, -2.19896841,  0.17473304,  0.57616234,
       -0.20052719,  0.65981108,  0.14405005, -0.29786944,  0.07462814,
        0.2626839 , -1.36760902,  1.57800245, -1.75554204, -0.33451393,
       -1.55314326, -0.1624283 ,  0.98427045,  0.30443707, -0.60297328,
       -0.34071481,  0.78770912,  0.55955303,  0.36826962, -0.20327601,
        0.22848424,  1.28937531,  1.15319204,  0.58709276, -0.37125617,
        0.54602778,  0.12685581,  0.82858771, -0.66721928, -0.17025717,
        0.54806465, -0.16307044, -0.36684486,  0.546139  , -1.31541646,
        0.99826866,  1.05384541, -0.26951256,  0.04658942,  1.7604959 ,
       -0.84718907, -0.98795927, -0.3142063 , -0.25322545, -0.98129439,
        0.5546748 , -0.34933114, -0.80740088,  0.28087735,  0.87494779,
       -1.1791991 , -2.21930432,  0.83093202, -0.60635287, -0.81878436,
        0.1652841 , -0.15388268,  0.59327298,  0.70901895,  0.80188793], dtype=float32), array([ 0.46542796,  0.03456455, -0.89167511, -0.03300506, -0.3833341 ,
       -0.19802597, -0.01938226, -0.75404906,  0.90024668, -0.60385895,
       -0.45230028, -1.00060081,  0.60356694, -1.22725523, -0.37919989,
       -0.38069755, -0.46984956,  0.08257212, -0.39966664,  0.66686523,
       -0.78097039,  0.57178056, -0.42743158, -0.8964265 , -0.652466  ,
        1.33057284,  0.26734403, -0.23034921, -0.19027224,  0.14575127,
        1.33463955,  0.96808773, -0.20601475,  0.64831847,  0.6038636 ,
       -0.97265756,  0.9076696 , -0.74185985, -0.3741174 ,  0.00445081,
        0.20357558,  0.31700075,  0.69083548, -0.42960805, -0.03788643,
        0.03608125, -1.29901659,  0.57366788, -1.01373887,  0.03174635,
       -0.10123835,  0.76574498,  0.0157588 , -0.1499612 ,  0.26460668,
        0.44966036, -0.01391558, -0.03608731,  0.91449934, -0.2320281 ,
       -0.37662864,  0.96758986,  0.5624705 ,  0.57852751, -0.66723669,
       -0.19612385,  0.19717109, -0.09993762, -0.012563  ,  0.6493057 ,
        0.58757782,  0.77213526,  0.30312353,  0.19474575, -0.40792763,
        1.16933239,  0.73346835,  0.42225325,  0.75702912,  1.6804173 ,
       -1.46704125, -0.46018916, -0.17865388, -0.38876244, -0.11232243,
       -0.05862556, -0.61336225, -0.8045314 ,  0.65103257,  0.33946121,
       -0.5137741 , -1.27689815, -0.16401915, -0.65867651, -0.20421575,
       -0.01472184, -0.1942613 ,  0.65074992,  0.63662106,  0.941122  ], dtype=float32), array([  3.34320724e-01,   2.61166364e-01,  -2.37617150e-01,
         1.61770489e-02,   1.85511112e-01,  -4.73080605e-01,
         1.25974119e-01,  -1.66930631e-01,  -1.34338364e-01,
        -6.21112049e-01,  -5.08305252e-01,  -4.72088456e-01,
         4.25982177e-02,  -5.05385458e-01,  -9.51524675e-02,
        -5.98944187e-01,  -1.08503886e-02,  -2.12891355e-01,
         4.12786871e-01,   6.94691598e-01,  -3.63129735e-01,
         3.87050986e-01,  -4.66268271e-01,  -3.59292507e-01,
        -1.19673526e+00,   6.72625065e-01,   7.03083336e-01,
        -4.16420192e-01,  -4.95788574e-01,  -4.13409650e-01,
         9.25645351e-01,   6.20869935e-01,  -9.52858210e-01,
        -2.40953490e-02,   7.72212684e-01,  -6.79646671e-01,
         2.13940486e-01,  -7.62042582e-01,  -3.30283850e-01,
        -2.46557996e-01,  -2.08415926e-01,   3.69295835e-01,
        -3.96432906e-01,  -3.32828313e-01,   2.92924931e-03,
        -2.58535951e-01,  -6.79688215e-01,  -1.41101956e-01,
        -1.28716767e+00,  -2.37339094e-01,  -7.54602179e-02,
         1.83922499e-02,   3.96898448e-01,  -7.38375604e-01,
        -2.11749971e-01,   2.70660669e-01,   7.25820661e-01,
         1.55228376e-01,   1.63911164e-01,   2.73965418e-01,
        -2.26327211e-01,   9.35854495e-01,   3.49568069e-01,
         3.42192054e-01,  -4.46018964e-01,   1.16592348e-02,
         2.13813037e-01,  -1.40762702e-01,   3.28006327e-01,
        -6.59720972e-04,  -7.26032481e-02,   6.17524028e-01,
        -4.66906689e-02,   9.01963472e-01,  -4.04933065e-01,
         8.24456453e-01,   4.48111832e-01,  -1.43318444e-01,
         3.25886905e-01,   9.16564524e-01,  -5.47796488e-01,
        -2.22846538e-01,  -4.43552881e-01,  -9.93012428e-01,
        -2.75611937e-01,  -3.84324998e-01,  -9.13610697e-01,
        -6.16742194e-01,   6.65332019e-01,   9.41496938e-02,
        -1.03625178e+00,  -9.08804595e-01,  -4.82388854e-01,
        -3.87492180e-01,  -6.50441408e-01,  -5.07033288e-01,
         6.49654120e-03,   2.52264410e-01,   7.84381390e-01,
         3.07349712e-01], dtype=float32), array([ 0.10914206,  0.0095662 , -0.6050545 , -0.20992865,  0.06136761,
       -0.36699033,  0.11459392, -0.41473645,  0.24672061, -0.46464276,
        0.08089322, -0.18210855,  0.04894932, -0.24053907, -0.03224757,
       -0.13958418,  0.48278952, -0.15774801, -0.2169062 ,  0.4453488 ,
       -0.12382506, -0.11507209, -0.15332806,  0.51674962, -0.26790211,
        0.5317241 , -0.04026796, -0.50549519, -0.29289904,  0.23676348,
        0.20044324,  0.38251376,  0.00459488,  0.12919983,  0.9264791 ,
       -0.23663396,  0.09045054, -0.78590488,  0.01918518,  0.33328292,
       -0.27220771,  0.17612092, -0.01134423, -0.01442884, -0.09868263,
        0.00314774, -0.35929915,  0.23204044, -0.43131489, -0.33273879,
       -0.27201429,  0.0354123 ,  0.01538946, -0.5557034 , -0.03531434,
       -0.15592706,  0.26384526,  0.4456616 ,  0.02395845, -0.36516109,
        0.54790568,  0.52543926,  0.1966681 ,  0.05385952, -0.07674883,
       -0.0026513 ,  0.11967905,  0.40818375, -0.1492459 , -0.12531087,
        0.36418918,  0.29229373,  0.22239271,  0.06846371, -0.21618915,
        0.68502897,  0.1280589 , -0.37160349,  0.07610363,  0.4882592 ,
       -0.037259  , -0.2940138 , -0.26955888, -0.14222683, -0.33939967,
        0.21409488, -0.54468691, -0.00780381, -0.1676266 ,  0.15916771,
       -0.59433174, -0.53329355,  0.29918224,  0.01197222, -0.21857665,
        0.09426781,  0.21342883,  0.04300869,  0.11057914,  0.02570519], dtype=float32), array([  9.88818049e-01,  -1.05193877e+00,  -1.19545805e+00,
        -9.47028935e-01,  -2.07966399e+00,  -2.39251518e+00,
        -7.14330614e-01,  -5.29513538e-01,   4.65513974e-01,
        -1.15568650e+00,  -1.10913336e+00,  -1.83005154e+00,
         1.65846795e-01,  -1.73113966e+00,   1.54618546e-03,
        -1.14614084e-01,  -5.82492530e-01,   6.55357540e-01,
        -1.02228522e-02,   2.75075078e+00,  -1.39620745e+00,
         1.18424070e+00,   4.44587111e-01,  -4.93873179e-01,
        -4.74486768e-01,   1.37676644e+00,   1.95900023e+00,
        -1.66346669e+00,  -1.30268490e+00,  -8.11136961e-01,
         1.80111563e+00,   7.74181247e-01,  -1.59389377e+00,
         5.18086255e-01,   2.38002586e+00,  -2.07957506e+00,
         9.51995373e-01,  -1.00009084e+00,  -1.33511949e+00,
        -4.96391952e-01,   4.09898788e-01,   5.54224432e-01,
         1.13081551e+00,  -1.27036154e+00,   9.77261782e-01,
         4.99849439e-01,  -1.26494420e+00,   3.77878845e-02,
        -2.03845143e+00,   3.28018457e-01,  -6.65475726e-01,
         1.08926320e+00,   6.27296641e-02,  -1.28112185e+00,
         4.38367337e-01,  -1.01142034e-01,   2.13058114e+00,
        -3.24907303e-01,   1.18439579e+00,  -1.36160254e-01,
        -8.24943930e-03,   1.72933698e+00,   6.51480913e-01,
        -3.01653355e-01,   7.30718791e-01,  -1.96722299e-01,
         3.11351299e-01,  -9.94472444e-01,  -1.03208274e-01,
         3.36800158e-01,   4.33602601e-01,   1.15285420e+00,
        -7.11718649e-02,   4.96571511e-02,  -8.11377913e-02,
         2.78862786e+00,   1.22660100e+00,  -1.36051977e+00,
         2.76392937e+00,   3.43884635e+00,  -1.52428794e+00,
        -1.51804590e+00,  -4.22846824e-01,  -8.51970017e-01,
         9.76656675e-02,   3.30874741e-01,  -1.07689190e+00,
        -2.86638570e+00,   2.08799267e+00,   8.33211914e-02,
        -3.43275368e-01,  -2.14012218e+00,   1.46001801e-01,
        -6.17568254e-01,   2.29115546e-01,   8.51370931e-01,
        -6.46604180e-01,   1.82896578e+00,   1.15902412e+00,
         2.76639849e-01], dtype=float32), array([ 0.71098286, -1.0528338 , -0.99297547, -0.65661532, -1.65286648,
       -2.08451438, -0.43512952, -1.25804722,  0.19425224, -0.97280526,
       -1.27340078, -1.42501581,  0.05011937, -1.38338387,  0.12921323,
       -0.46655628, -0.34047705,  0.36758357, -0.27967799,  2.3969481 ,
       -1.16956282,  0.78116423,  0.21466279, -0.05123536, -1.30528998,
        1.14434016,  1.43249238, -1.48464477, -1.24359226, -0.49312222,
        1.97389412,  0.51788265, -1.61705327, -0.14233916,  1.6286062 ,
       -1.2090348 ,  0.41216803, -0.73733085, -1.74347878, -0.77638131,
       -0.10174443,  0.74094748,  1.15121233, -0.78946686,  0.43938622,
        0.59647214, -0.48944688,  0.21070999, -1.9102422 ,  0.14934613,
       -0.90528041,  0.27535528, -0.19822016, -0.94131088, -0.05310822,
        0.23896241,  2.27425075, -0.53340715,  0.92475134, -0.05091906,
        0.09188634,  1.68760443,  0.77336806, -0.58201993,  0.68250126,
       -0.13202545,  0.1561143 , -0.36930919, -0.60137963,  0.14228162,
        0.75007558,  1.35590184,  0.10876822, -0.14519432, -0.15294787,
        1.98494756,  1.01872623, -1.50796306,  2.36418343,  3.3112154 ,
       -1.55468345, -1.90549552, -0.35407108, -0.85555953, -0.15774941,
        0.1261763 , -0.48335692, -2.08936048,  1.46084571,  0.94064331,
       -0.5435161 , -2.02611136,  0.30980673, -0.24355426,  0.49877357,
        0.72822225, -0.30625296,  1.49410009,  1.38996303,  0.00949916], dtype=float32), array([ 0.31708646,  0.23370837, -0.79127508,  0.90654016,  0.46246028,
       -0.345743  , -0.15576124, -0.19853809,  0.18434009, -0.97318393,
       -0.80336118, -1.55888402,  0.06616417, -0.87385571,  0.23099625,
       -0.68278617, -0.35348597,  0.13324732,  0.33227473,  1.62264013,
        0.32697511,  0.7650038 ,  0.3049238 , -1.05314362, -0.43334997,
        0.9657591 ,  0.62458163,  0.38921511, -1.27833462, -0.29315302,
        1.39796221,  0.32057327, -0.26015711,  1.13172078,  1.02686667,
       -1.46159184,  1.74238789, -1.71504533, -0.50787282,  1.21263373,
       -0.22725968,  1.31663334, -0.40511131, -0.10900106, -0.00262522,
        0.68647486, -1.95215642,  0.77673477, -1.4254874 , -0.41398621,
       -1.89408696,  0.65698671,  1.07937944,  0.09972326,  0.02766041,
        1.29523587,  0.74257582,  1.0955919 , -0.25169915, -1.01603782,
       -0.60942483,  1.24069393,  0.94122416,  0.68343323,  0.21752901,
       -0.15322405,  0.22948274, -0.06360909,  0.34105995,  0.48064488,
        0.23176202,  0.13971581,  0.62014544,  0.77200663, -0.6349709 ,
        1.56985188,  0.75021553,  0.17985591,  0.92597628,  1.06950724,
       -1.08733273, -0.45088097, -0.78645235, -1.0103029 , -0.99680674,
        0.44978428, -0.26233661, -0.88075566,  0.32280585, -0.12329068,
       -0.47319794, -0.80714786,  0.38112172, -0.02849247, -0.89100766,
        0.09976746, -0.58258796,  0.70324135,  0.39343083,  1.17778671], dtype=float32), array([ 0.68788671, -0.15347546, -1.34556377,  0.33103192, -0.13856466,
       -0.1847275 ,  0.38936135, -0.30873126, -0.17304926, -0.70357805,
       -1.04625773, -0.81464612,  0.40540287, -0.95953697, -0.14461231,
       -0.68591785, -0.74326265, -0.1922202 , -0.36521575,  0.42212963,
       -0.12313142,  0.1400754 ,  0.57424116, -0.8981021 , -0.15752876,
        1.49107814, -0.2296505 , -0.1304635 , -0.99834967, -0.06647425,
        0.57400453, -0.0109573 , -0.61266756,  0.76575577,  1.05565262,
       -1.21200633,  1.15674639, -0.92187577, -0.33323282,  0.24100515,
       -0.18719018,  0.87127429,  0.6510635 ,  0.15209484, -0.14836478,
        0.42808682, -1.39758813,  1.29243374, -1.47646224, -0.36599076,
       -1.17272258,  0.68343616,  0.75576508, -0.28490877,  0.82127666,
        0.58155185,  0.20026854,  0.27798972,  0.06279095, -0.75436479,
        0.00638816,  0.88436055,  0.17868836,  0.58924723, -0.47229472,
       -0.7016744 ,  0.18518874, -0.07173504,  0.04898345,  0.4447287 ,
        0.57363486,  0.25904202,  0.49814919,  1.11577654, -0.96851224,
        0.92084992,  0.83471262,  0.49495971,  0.43113524,  1.05547333,
       -1.16817534, -0.03044941, -0.46370664, -0.42558268, -0.73719525,
       -0.34356436, -0.46829563, -1.19711971,  0.03260454, -0.0077668 ,
       -0.32100293, -1.01174951,  0.23148848, -0.29561979, -0.707623  ,
        0.19450697,  0.11755525,  0.41820043,  0.20482844,  1.07808888], dtype=float32), array([ 0.22933221,  0.10598601, -1.12904596,  0.45073193, -0.04972671,
       -0.83393288,  0.40329313, -1.63235688,  0.1113662 , -0.61078942,
       -1.42140055, -0.92380434,  0.39640996, -0.83848834,  0.84195197,
       -0.78782183, -0.30281556,  0.24539463, -0.49110639,  1.52354085,
       -0.94722933,  0.34502062, -1.3413471 ,  0.46563137, -0.9082185 ,
        1.56339741, -0.51154506,  0.31613341, -0.38307232, -0.62805843,
        1.65753567,  1.28519535, -1.44419146,  1.59179068,  1.37867594,
       -0.91375321,  1.41790903, -1.95125961, -0.71989197,  1.05981362,
       -0.52401322,  0.97825974, -0.54785287,  0.26832676,  0.01823166,
        0.59162366, -1.62999356,  1.28796804, -1.15628803, -0.23421195,
       -0.9602657 ,  0.32138082,  0.88439202,  0.57630038, -0.03895522,
        0.14799169, -0.20573318, -0.15474737,  1.37117624, -2.00976443,
        0.46017855,  1.19186938,  2.50591636, -0.06636886,  0.0355588 ,
        0.53156877, -0.04706417,  0.53793609, -0.27060002, -0.06838061,
        0.99047083,  1.00843251, -0.31791347,  1.43151343, -0.88289928,
        1.23425269,  0.79877758,  0.34841642, -0.01504858,  2.3395195 ,
       -1.47097123, -0.61807835, -0.29584169, -0.97338784, -1.21538353,
        0.99241436, -0.46273136, -1.72684062,  0.38134649, -0.01308362,
       -1.0366472 , -1.85172665,  1.11237705, -1.41484869,  0.0916827 ,
       -0.53510702, -0.07604437,  0.85322893,  0.99291778,  0.66094685], dtype=float32), array([ 1.13769424,  0.10723887, -1.00738704, -0.22071999, -0.24547805,
       -0.50946045, -0.7325331 , -0.83250093,  0.43017009, -0.55854034,
       -0.26967302, -1.22489738,  1.02668965, -0.40384629,  0.26376545,
       -0.38560042,  0.00812477, -0.11977474,  0.27638954,  1.79659748,
       -0.5594213 ,  0.34726307, -0.48297805, -0.38585204, -0.90040505,
        1.62710464,  0.11929017, -0.3387683 , -0.37459636, -0.30987963,
        0.86624366,  0.88374019, -0.51311934, -0.09371922,  1.80885363,
       -0.87367386,  0.65568149, -1.10741925, -0.35358644,  0.74669886,
       -0.29514039,  0.60327607, -0.18792875,  0.89743853,  0.23517692,
       -0.0630869 , -0.52708626,  1.32849932, -0.62056541, -0.28834087,
       -0.97872716,  0.71606541,  0.17216396, -0.25153032, -0.5922336 ,
        0.64459574,  0.81696731,  0.16689181,  0.45750657, -1.37211704,
       -0.27014279,  1.58467746,  1.7524637 ,  0.11910827,  0.25799373,
        0.7442739 , -0.08212553, -0.03997682,  0.00963815,  0.51588881,
        0.34194261,  0.49752671,  0.62981683,  0.55796027, -0.60974675,
        1.38634694,  0.31278226,  0.20397329,  0.70668864,  1.40139639,
       -0.7867462 , -0.52819085, -0.66110456, -0.33724409, -0.57332462,
        0.35434666, -0.98654544, -1.06393719,  0.31052205,  0.38077748,
       -0.62915158, -0.86958653, -0.22290124, -0.82608837, -0.8546716 ,
       -0.06097293, -0.42502207,  1.10608459,  0.28007641,  0.21771945], dtype=float32), array([ 0.47983825,  0.20630533, -1.02747917,  0.15899476, -0.64529902,
       -0.42043665,  0.31729269, -0.12753667,  0.15498011, -1.06010973,
       -0.18487588, -0.82578409,  0.67882764, -0.31466159,  0.05641626,
       -0.30187064,  0.20548959,  0.03812664,  0.04614747,  0.80879396,
       -0.24046358, -0.10556134, -0.02010487,  0.11386422, -0.50845599,
        0.7885468 ,  0.07255941, -0.33743939, -0.09332637,  0.28974813,
        0.50402391,  0.08288147, -0.57307959, -0.24137342,  1.07780254,
       -0.26520607,  0.25149661, -0.64900255,  0.16274822,  0.45446613,
        0.18143187,  0.20006998,  0.10726281,  0.43361682,  0.29276037,
        0.19106248, -0.9915421 , -0.19978988, -1.10252678,  0.00748185,
       -0.15555811,  0.48131812,  0.11978918, -0.82743609, -0.23550281,
        0.17253149,  0.58658254, -0.15659884, -0.0364627 ,  0.0698577 ,
        0.17574137, -0.05875376,  0.26738992, -0.23665567, -0.33341277,
        0.19542331,  0.53428662,  0.27727482, -0.21709836,  0.22639531,
        0.0533572 ,  0.12275966,  0.33259451,  0.41751009,  0.15502372,
        0.82172275,  0.26565635,  0.05588199,  0.53853345,  0.82318544,
       -0.70850021, -0.13008896, -0.31807923, -0.830369  , -0.50544286,
        0.07303686, -0.62706184, -0.45015442,  0.23397878, -0.22601704,
       -0.40856996, -0.66274136,  0.32620433, -0.02342359, -0.03547221,
        0.04497914, -0.07630195,  0.82112586,  0.77085996,  0.43317318], dtype=float32), array([  7.40798950e-01,   5.18736124e-01,  -1.61140347e+00,
        -1.81845576e-01,  -1.24105239e+00,  -6.37886703e-01,
        -1.36352941e-01,  -7.01622128e-01,  -7.12347552e-02,
        -1.37828445e+00,  -1.35395944e+00,  -2.60677505e+00,
         1.61950529e-01,  -8.36328745e-01,   3.66102844e-01,
        -7.72635102e-01,   5.44846356e-01,   6.92571342e-01,
        -1.11011040e+00,   1.93975222e+00,  -3.93203735e-01,
         6.64925799e-02,  -6.16459846e-01,  -1.02043629e+00,
        -2.08294797e+00,   2.22878909e+00,   8.20835650e-01,
        -7.09553480e-01,   4.33391571e-01,  -1.01341093e+00,
         1.24526870e+00,   1.23514664e+00,  -3.00778508e-01,
         1.39753893e-03,   1.50987732e+00,  -7.35352457e-01,
         5.84123135e-01,  -1.28632939e+00,   3.15168172e-01,
        -4.22885686e-01,  -3.42104763e-01,  -2.66708553e-01,
        -3.68096493e-02,   7.36992061e-01,  -5.17014265e-01,
        -5.95634699e-01,  -1.98597872e+00,   5.34028292e-01,
        -1.24915469e+00,  -5.49886167e-01,   9.86716822e-02,
         1.16702175e+00,   4.35542434e-01,  -6.28721595e-01,
         3.60602111e-01,  -3.14229578e-01,   7.08688259e-01,
         8.25228214e-01,   7.96530128e-01,  -6.02590621e-01,
        -2.78551020e-02,   9.93319809e-01,   1.14205849e+00,
         1.11477673e+00,  -7.92054534e-01,  -1.01901054e+00,
         3.33201855e-01,  -7.57947713e-02,   7.15990126e-01,
         1.07330692e+00,   5.51194847e-01,   1.56197500e+00,
         2.17967391e-01,   1.22334719e-01,   3.60277951e-01,
         2.33926129e+00,  -4.74554598e-02,   2.90492892e-01,
        -9.68909562e-02,   1.88948286e+00,  -1.34229374e+00,
        -6.48533463e-01,  -9.19885576e-01,  -1.98940063e+00,
        -9.18328047e-01,   2.82035023e-01,  -8.05702150e-01,
        -1.35196221e+00,   4.77847517e-01,   1.68982208e-01,
        -1.29409790e+00,  -2.36354280e+00,   3.71220559e-01,
        -1.04185283e+00,  -1.13750124e+00,  -1.19783163e+00,
        -3.95291150e-01,   1.48867214e+00,   1.29628062e+00,
         1.52383339e+00], dtype=float32), array([-0.09787218, -0.12643528,  0.27481198, -0.49014106, -0.24108621,
       -0.87228429,  0.30130985, -0.44279045, -0.29730076, -1.28555059,
       -1.02962983, -0.96146601, -0.15330926, -0.80966145,  0.5554195 ,
       -0.50786459, -0.25442547,  0.38962689,  0.00804338,  1.43250108,
       -0.4408063 , -0.02969041, -0.21907045, -0.42646885, -0.86868656,
        0.54446632,  0.10036099, -0.67647487, -1.00119746, -0.14710808,
        1.25247121,  0.41222343, -1.14143503, -0.51810575,  0.96400952,
       -0.52389348,  0.45803848, -0.74104577, -0.52510124,  0.11014762,
        0.27666187,  0.76338148, -0.20485233, -0.42548931,  0.29932782,
        0.20044452, -0.64986694,  0.44835919, -1.41071022, -0.54014087,
       -1.13262534, -0.23002481,  0.02531804, -0.39205509, -0.23829459,
        0.59170049,  1.36280632,  0.03434391,  0.22338885, -0.25102049,
       -0.10394438,  1.01906157,  1.23434949, -0.04428512,  0.27589869,
        0.7389189 , -0.11453456,  0.44985235, -0.02041831,  0.43473282,
        0.72068298,  1.028332  ,  0.67269814,  0.71315956, -0.24097699,
        1.0031693 ,  1.05367017, -0.60698438,  1.48796809,  2.32127118,
       -0.72312564, -1.18464828, -0.84338909, -0.87716335, -0.61326575,
       -0.40133268, -1.14221644, -1.31672406,  0.66562897,  0.57665157,
       -0.59421629, -1.23645675, -0.03466913, -0.00271288, -0.21496549,
       -0.11166628, -0.01440744,  1.40502119,  0.74941355,  0.39618075], dtype=float32), array([-0.10381968,  0.59970832, -0.37657011, -0.01752326, -0.44077441,
       -0.68895984,  0.32346547, -0.70862573,  0.68373948, -1.40214753,
       -1.03778946, -0.41000211,  0.25478658, -0.01267043,  0.80260032,
        0.33342677,  0.16347817, -0.09240478, -1.89671493,  2.43607044,
       -0.83567989, -0.31665465, -0.68917322,  0.6874969 , -0.37172469,
        0.28460553, -0.56598902, -0.14757514, -1.17771089, -0.93681258,
        1.72929025,  0.70353389, -1.90460992,  0.36691809,  1.46703827,
       -0.99678624,  0.8280201 , -3.08917356,  0.36465684,  0.9928968 ,
       -0.31019145,  0.60784572,  0.123075  ,  0.10133792, -0.18699762,
        0.30484024, -1.6968751 ,  0.55206859, -1.22594869, -0.89347458,
       -1.24816799,  0.06905331,  1.00277531,  0.26651838, -0.64946938,
       -0.04083463, -0.05318788,  0.27217728,  0.26319212, -0.50932759,
        0.88447452,  1.35635269,  0.93573248,  0.06911515,  0.11597039,
        0.55417764, -0.59398812,  0.19536614, -1.25256956,  0.11681591,
        2.00320649,  0.65412331,  0.10220904,  0.34444737, -0.50436217,
        1.57681561,  0.67519122, -0.53887171, -0.14214058,  2.51662993,
       -1.37202024, -0.52138078, -0.3513656 , -1.41247368, -1.19695961,
        0.68596959, -0.83953035, -1.40185034,  0.12518145,  0.29265985,
       -1.07010722, -2.05992508,  0.88228387, -0.75740242,  0.46070483,
       -0.36739168, -0.27853349,  1.54655421,  1.11918151,  0.4842436 ], dtype=float32), array([ 0.99298072, -1.65140724, -1.49580002, -1.27560496, -2.54367161,
       -2.76146412, -0.39199218, -0.86038649,  0.7316348 , -1.8130697 ,
       -2.0725441 , -2.17350864,  0.37420744, -1.56646955,  0.06522612,
       -0.42510763,  0.0431513 ,  1.02716839, -0.69647932,  3.44142938,
       -0.88022232,  0.84331691, -0.43955934, -0.28405419, -1.27049947,
        1.53939772,  1.70759475, -1.7178843 , -0.83087647, -1.17484486,
        2.41494584,  0.87061381, -1.71787798, -0.41983354,  2.61662912,
       -2.00038099,  0.65796709, -1.43918121, -1.32787967, -0.70628798,
        0.2231997 ,  0.52567518,  0.90915805, -0.53606653,  0.69751585,
        0.4959026 , -1.28737986,  0.00689677, -2.93643689,  0.05096929,
       -0.25697953,  1.05738294, -0.28310713, -1.83715749,  0.24532166,
       -0.64451194,  2.81414294, -0.60762334,  1.32395899,  0.02654489,
        0.14577949,  1.70713091,  1.08797204, -0.85954618,  0.29110849,
       -0.25586253,  0.38970864, -0.22812337, -0.01228424, -0.00661212,
        0.79190814,  1.65020609, -0.43553835, -0.13732663, -0.15921542,
        3.11370492,  1.63815856, -1.54903245,  2.74723148,  4.12259293,
       -1.60737419, -2.23240662, -0.24980637, -1.39718306, -0.47710633,
        0.51615363, -1.51896727, -2.67635965,  1.85609162,  0.5245294 ,
       -0.76291609, -2.72114992,  0.60126734, -0.90223634,  0.52034074,
        0.81521511, -0.4601661 ,  2.47285604,  2.1562283 ,  0.15729856], dtype=float32), array([ 0.9532373 , -1.00373268, -1.03402078, -0.4590095 , -2.29416847,
       -2.67966461, -0.84514678, -1.5127573 ,  0.35588187, -1.43592525,
       -0.94112855, -1.83365655, -0.27104771, -1.11025119,  0.27499816,
       -0.93822527,  0.64555287,  0.26703596, -0.54392207,  3.09311748,
       -0.90486115,  0.43444702, -0.26315829,  0.15347672, -2.16759849,
        1.97484636,  1.25182092, -2.09303975, -0.96822143, -0.10544631,
        2.26149654,  0.97073609, -1.56457293, -0.22981825,  2.55294561,
       -1.20779979,  0.32223231, -1.22381997, -1.32606673, -0.74162799,
        0.3701618 ,  0.81131577,  0.51200658, -0.41632146,  0.05988869,
        0.7225709 , -1.05246317,  0.21921173, -1.96719325,  0.32296634,
       -0.68997055,  0.0973821 ,  0.51017439, -1.01243985, -0.23216712,
       -0.20736575,  2.33767772, -0.49500367,  0.79288328, -0.65266913,
        0.56800824,  1.82470036,  0.54523814, -0.69585919,  0.23374017,
        0.32810509,  0.47218779, -0.04855487, -0.55743617,  0.79475152,
        0.65958202,  2.02269602,  0.2876001 , -0.49214941, -0.38846689,
        2.09360027,  1.45848858, -1.82184529,  2.03043866,  3.49369097,
       -1.39506602, -2.73369503, -0.44422323, -1.02097249, -0.60892558,
        0.73377258, -0.74296021, -1.80372465,  1.88943064,  0.83551049,
       -0.81754279, -2.16058803,  0.52254885, -0.30255684,  0.3723554 ,
        0.7497502 , -0.3018139 ,  1.87155068,  0.82139438,  0.26899639], dtype=float32), array([ 0.62554216,  0.56250226, -0.68515193, -0.05385963, -0.8372581 ,
       -0.40225363,  0.09207328, -0.29231232, -0.24111275, -0.83172059,
       -0.95396954, -1.7330116 , -0.01676738, -0.44766065,  0.06638591,
       -0.33336779,  0.00326932,  0.5468241 , -0.29359922,  1.28200793,
       -0.03549091, -0.12395702, -0.82408929, -0.57833093, -1.12892413,
        1.01903975,  0.4262782 , -0.16522557,  0.35729721, -0.55520701,
        0.63711613,  0.55200827, -0.1386641 , -0.53398556,  1.26815927,
       -0.29149842,  0.27416915, -0.54525405,  0.12289047, -0.13290694,
        0.2990776 , -0.2533192 , -0.18581378,  0.17631203,  0.09526354,
       -0.62150991, -1.14457154,  0.20184955, -0.95902067, -0.47165531,
        0.25580233,  0.54764646,  0.07752293, -0.62284231, -0.02562449,
       -0.36428526,  0.53701884,  0.42045185,  0.23579632, -0.06332427,
        0.02448232,  0.51486939,  1.06641495,  0.36342788, -0.0428716 ,
       -0.40076521,  0.2133766 ,  0.17398736,  0.29057902,  0.20879626,
        0.49929079,  0.63527185,  0.11450183, -0.0274518 ,  0.29324865,
        1.2472614 ,  0.26670298, -0.07343987,  0.14019611,  0.9369536 ,
       -0.30839708, -0.49387652, -0.51316357, -1.15210974, -0.60803843,
        0.28509331, -0.84548223, -0.40359449,  0.05599357, -0.1486146 ,
       -0.5863235 , -1.32873738,  0.23455542, -0.50559175, -1.07388413,
       -0.35855204, -0.45109338,  0.85432971,  0.85129327,  0.35181826], dtype=float32), array([ 0.52205437, -0.14878149, -1.50533819, -0.83472037, -0.60273302,
       -0.83776867, -0.06138813, -0.39486983, -0.12995684, -1.4391067 ,
       -1.7624439 , -0.71112949, -0.14227743, -0.54939187,  0.09014635,
        0.29974279, -0.03562532,  1.09002745, -1.26840758,  2.66521645,
       -0.6109606 ,  0.88000298, -0.95064825,  0.09229788, -1.17748022,
        2.0564642 ,  0.07236798, -0.5590418 , -0.12246585, -1.12483811,
        1.86661041,  0.75989926, -0.61406666,  0.14888765,  1.81914186,
       -1.51783299,  0.00945774, -1.75779736, -0.69574147,  0.79662335,
        0.53546858,  1.27498996,  1.42480552,  0.13632479,  0.62977242,
        0.45891386, -1.61883998,  0.87446898, -1.43169391, -0.09971594,
       -1.28820181,  0.92066813,  0.66368908, -0.07949443, -0.3321515 ,
       -0.10227264,  0.54614145,  0.27111375,  0.85423368, -1.53712809,
       -0.65604746,  1.62270105,  2.05742359,  0.71072602,  0.12204152,
        0.08721513,  0.77685881, -0.21746223, -0.3708095 , -0.32386547,
        0.66562146,  0.89241165,  0.17295334,  1.33052516, -1.26180172,
        1.37698078,  0.82425642, -0.05522083,  0.2755757 ,  1.85460711,
       -0.84590805, -0.74128973, -0.7939961 , -1.0552386 , -1.16389275,
        0.02801029, -1.3279705 , -1.71260059,  0.39611751,  0.28467262,
       -1.20699382, -2.56350875,  0.97018254, -1.23988211, -1.48698378,
       -1.26654363,  0.47744909,  1.23114645,  1.51742911,  1.46225893], dtype=float32), array([ 0.6712544 ,  0.55658054, -1.48719823,  0.01131609, -0.85945791,
       -1.68415403,  0.50465965, -1.16271377,  1.17437744, -2.03216648,
       -1.49924326, -1.85914528,  0.68607718,  0.02680729,  0.42152083,
       -0.97668874,  1.07659709,  0.00799987, -1.10709608,  2.66780448,
       -0.88680774, -0.85414869, -0.99664742,  0.18536809, -1.93358743,
        1.16369307, -0.69109577, -1.20779467, -0.24245654,  0.64601183,
        1.03684545,  0.43436474, -1.30282891, -0.9551723 ,  2.88277531,
       -1.23398638,  0.62505192, -2.02216291,  0.37797499,  0.93647391,
        0.39068365,  1.33099854, -0.5684762 ,  0.04071372, -0.25353983,
        0.20718883, -0.17189787, -0.24699666, -2.36847639, -0.92888814,
       -1.48877323,  0.5067867 ,  1.25491261, -1.9260757 , -0.721784  ,
       -0.07238391,  1.03998661,  0.01926048,  0.62682319, -1.05078721,
        1.56697977,  0.56004983,  2.00133014,  0.19773832,  0.7630071 ,
        0.49179929,  0.84873772,  0.05079391, -0.40715447,  0.48405802,
        1.36203504,  1.44874609,  1.45653236, -0.35897386, -0.45591512,
        1.48698497,  0.74021602, -0.26684576, -0.71748185,  2.15093756,
       -0.14185473, -1.32049096, -0.5087412 , -1.0025022 , -1.08221459,
        1.54327404, -0.59546238, -1.53603244,  0.72405875,  0.21071421,
       -1.45582974, -2.73852158,  0.51569498,  0.39836609, -0.62434757,
        0.27002665,  0.54071003,  1.33024275,  0.67420489,  1.54637456], dtype=float32), array([ 0.62504721, -0.06935185, -0.1663307 ,  0.10350394, -0.10535888,
       -1.05209112, -0.94314635,  0.28623211, -0.07087903, -0.99016887,
        0.21033657, -1.1403532 ,  0.75099725, -0.3291069 , -0.10139062,
       -0.94551581, -0.29239345,  0.27525762,  0.67015719,  2.42173529,
       -0.38840729,  0.57172722, -0.54233295, -1.29877138, -0.78782338,
        1.34227312,  0.45879489, -0.26429915,  0.45550302, -0.69966137,
        0.86653495,  0.37681815, -1.03186703, -0.10081334,  2.27326393,
       -1.11138201,  1.44359815, -1.99184322, -0.8522135 ,  0.44206318,
        0.83496165,  0.90748084, -0.77032411,  0.42100692,  0.25526807,
        0.17987606, -1.738765  ,  0.83194113, -1.55268359, -0.53250748,
       -1.51687598,  0.33399862,  1.61602783, -0.68315566, -0.08802167,
        1.05466485,  0.66086322,  0.20634569,  0.64013648, -0.77712923,
       -0.17454854,  1.53272486,  2.20040083,  0.06443201,  0.14602815,
        1.08734655,  0.44566342,  0.28418559, -0.20116419,  0.37921175,
        0.37091276,  0.31254295,  0.70573699,  1.43642282, -0.65094173,
        1.37630093,  1.40026772,  0.12078957,  1.21154141,  1.8789444 ,
       -0.95254368, -1.03273058, -1.28133178, -1.26584971, -0.71819818,
        0.81390971, -1.76318896, -1.43067324,  0.83769757, -0.37573135,
       -1.35703421, -1.13924909, -0.48740801, -0.63181329, -1.16958976,
       -0.25485578, -0.49714753,  1.51220894, -0.27602708,  0.90971178], dtype=float32), array([ 0.50862408, -0.00798532, -0.70650768,  0.00776726, -0.19032255,
       -0.56505573,  0.31206524, -0.74383867,  0.12118528, -1.21107256,
       -0.83262348, -1.01158297, -0.25855282, -0.6831556 ,  0.5873161 ,
       -0.04296831, -0.07399663,  0.1921142 , -0.4990744 ,  1.54883146,
       -0.57939398, -0.03292633, -0.15263022,  0.10915822, -0.79783845,
        0.7561425 , -0.22225571, -0.80163109, -0.61198568,  0.51970291,
        0.55159515,  0.65058774, -1.06213069, -0.16168277,  1.07868087,
       -0.56024736,  0.23599234, -1.48607028, -0.27898872,  0.31717446,
        0.13116269,  0.39224827,  0.07364015, -0.01807618, -0.39756817,
       -0.16175263, -1.05583632,  0.76027364, -1.69663823, -0.54667985,
       -0.55980116, -0.23965234, -0.11581773, -0.39732724, -0.39646655,
       -0.28887087,  0.82719088,  0.23593991,  0.27434582, -0.19976565,
        0.55478853,  0.85505342,  0.5593704 ,  0.17355409,  0.4683702 ,
        0.03928791,  0.1886086 ,  0.69034767, -0.11138206,  0.09571698,
        0.1647637 ,  0.49259424,  0.51640224, -0.14146818, -0.08342143,
        1.06577563,  1.12522793, -0.76326597,  0.42259401,  1.75508642,
       -1.00124121, -0.91046435, -0.43256789, -0.91142446, -0.81889105,
       -0.25500131, -1.02721286, -0.34506014,  0.49125642,  0.26436698,
       -0.50773001, -1.37556148,  0.60300159,  0.08377282, -0.48433644,
        0.54107022,  0.01532535,  0.82858145,  0.8865521 ,  0.7193765 ], dtype=float32), array([-0.01838338, -0.87126887, -1.21556723,  0.22995275, -0.21685672,
       -0.57911474,  0.77153915, -0.50011694, -0.11769643, -1.32783139,
       -1.34281349, -1.76307404,  0.0406646 , -1.34042275,  0.33771455,
       -1.12627149, -0.71690434,  0.90336543, -1.41483688,  2.25013876,
       -1.47579193,  0.8391372 ,  0.19964482, -0.88763291, -0.69753218,
        1.62784898, -0.5459919 , -0.51686388, -1.39059842, -0.04515139,
        1.17294669,  0.17948845, -1.03756738,  0.90749073,  2.1566112 ,
       -1.58649683,  0.15764385, -1.26403785, -0.29805458,  0.63719523,
        0.74439752,  1.03900135, -0.71573746, -0.20541891,  0.25987276,
        0.53919381, -1.48722851,  2.07761884, -2.22531414, -0.65932357,
       -0.52338368,  0.74571866,  1.01947665, -0.19851324,  0.03164738,
        1.08618665,  0.7883392 ,  1.10113442,  1.68102157, -0.92321092,
        1.07139564,  1.01216662,  1.38282645,  0.33079258, -0.54792756,
        0.19697958,  0.20190242,  0.02851312, -0.47474903,  0.67650557,
        1.55174649,  0.3029187 ,  1.68076146,  1.05859447, -0.69018906,
        1.75415587,  1.74927258, -0.42129651,  1.31546903,  2.13722444,
       -2.00889349, -0.78615081, -1.08032048, -0.71671224, -1.23559451,
       -0.22620411, -0.82934099, -2.15577984,  0.31937492,  0.31926635,
       -1.22203648, -1.11051941,  0.65806675, -1.0949825 , -0.67592275,
       -0.4899087 ,  0.74240255,  1.74652791,  0.61144352,  1.44428384], dtype=float32), array([ 0.41492158, -0.21332306, -0.89655626, -0.06418698, -0.43512228,
       -1.0874083 , -0.49658507, -1.20071781,  0.88686389, -1.58114409,
       -0.37558302, -1.50853455,  1.06706417, -0.51141995,  0.68768001,
       -0.37915272,  0.0050049 ,  0.14971696, -2.16203451,  2.25278473,
       -1.30684912,  0.3258968 , -0.64568096, -0.55616492, -0.05936266,
        0.62825483, -0.33972409, -0.38450015,  0.20302935,  0.02812697,
        1.67711139,  0.06369107, -1.25043297, -0.19527906,  2.17912817,
       -1.80767345,  1.09261978, -2.36370254, -0.4319469 ,  0.24753484,
       -0.09325278,  0.46597415,  0.09915535,  0.57601917,  0.56477439,
        0.39426082, -1.15259337,  1.35070825, -1.20356703, -0.06044952,
       -0.97582823,  0.58652896,  1.62570596, -0.46393409,  0.19231781,
       -0.14299262,  0.40421885,  0.66243005,  0.50779033, -1.58633828,
        0.56630081,  0.87315732,  1.14467216,  0.59574187, -0.52857554,
       -0.01767795,  0.70778555, -0.89795613, -0.14999524,  0.05684829,
        1.39971364,  0.13227907,  0.8791585 ,  0.55271333, -0.41817534,
        1.67906594,  0.97164756,  0.06154329,  0.22193916,  1.86372519,
       -1.49435794, -0.5792166 , -0.3467266 , -1.00696409, -1.20389581,
        0.66730118, -0.43006498, -2.11190104,  0.67779881,  0.0918095 ,
       -1.25414169, -2.22288108,  0.18495905, -0.86226386,  0.15844284,
       -0.31387889, -0.15611422,  2.24287486,  1.12586606,  2.29912066], dtype=float32), array([ 0.29051679,  0.33227158, -0.91016299, -0.4411138 , -0.04025131,
       -0.50586426,  0.35845363, -0.03555993,  0.40579873, -0.535653  ,
       -0.3949931 , -0.46060514,  0.24394932, -0.4082253 , -0.03632759,
       -0.47353593,  0.21117026,  0.08835714, -0.18192829,  0.98700869,
       -0.3226372 ,  0.20902967,  0.02985534, -0.45250678, -0.68170595,
        0.83028144,  0.03113583, -0.68820715,  0.08800122, -0.33454657,
        1.09588349,  0.5516209 , -0.56855363, -0.39612061,  1.68860948,
       -0.71577573,  0.70884097, -0.63821042, -0.30780068,  0.35338855,
       -0.46913087,  0.62536043,  0.63518661,  0.13851413,  0.05162881,
        0.02655668, -1.26513278,  0.76634997, -1.12678766, -0.38984022,
       -0.19220778,  0.62591112,  0.3479445 , -0.61961174,  0.28829169,
        0.10392608,  0.13959409,  0.31822148, -0.0280775 , -0.1628041 ,
       -0.18520443,  0.61012059,  0.256271  ,  0.28148627,  0.00976243,
       -0.45947814,  0.86172354,  0.3246085 , -0.30894652,  0.10071675,
        0.01454854,  0.14999163,  0.31629792,  0.7339837 , -0.26272443,
        1.37281406,  0.77056503,  0.32771063,  0.52578276,  1.07212961,
       -0.53190082, -0.12485464, -0.2324312 , -0.62777305, -0.66694373,
       -0.03242708, -0.31370658, -0.97392833,  0.41005456,  0.2998181 ,
       -0.87671524, -1.76779914,  0.21350639, -0.63135052, -0.84968561,
        0.00920574, -0.00657311,  0.05201172,  0.36892629,  0.6018663 ], dtype=float32), array([  3.92636895e-01,  -5.85949719e-01,  -6.35399163e-01,
         9.82742757e-02,  -3.43971193e-01,   7.72488117e-03,
         1.76669791e-01,  -5.51156580e-01,   6.08120322e-01,
        -1.03375876e+00,  -8.12176526e-01,  -1.34005427e-01,
         3.49875033e-01,  -3.54419589e-01,   1.97120607e-01,
        -4.04812545e-02,  -3.02642196e-01,   2.72578180e-01,
        -3.64071727e-01,   1.48521268e+00,  -4.27955091e-01,
         1.22587224e-02,  -4.74827766e-01,   4.02833521e-02,
         2.17111588e-01,   5.01078963e-01,  -2.20605016e-01,
        -2.47198790e-01,  -2.57527679e-01,   1.62654132e-01,
         1.31532109e+00,   3.18107158e-01,  -1.39375424e+00,
        -3.98308039e-05,   1.22392964e+00,  -3.95228595e-01,
        -4.27986607e-02,  -1.27183366e+00,  -7.39046931e-01,
         5.03032923e-01,   3.07624400e-01,   9.35313940e-01,
         1.84781417e-01,  -2.71690369e-01,   3.10401589e-01,
         1.23584345e-01,  -8.87649119e-01,   9.30476904e-01,
        -9.79169965e-01,  -5.94652474e-01,  -2.80833989e-01,
         4.04873669e-01,  -1.47472322e-03,  -4.13639694e-02,
        -2.47323215e-01,  -2.33841598e-01,   8.99362981e-01,
        -3.58646870e-01,   6.30715728e-01,   7.61258900e-02,
        -4.87197280e-01,   7.07965076e-01,   7.88771629e-01,
         1.62206501e-01,   2.16101110e-01,  -3.08156610e-01,
         2.29803562e-01,   8.04718137e-01,  -6.61004305e-01,
        -8.84207897e-03,   2.75914818e-01,  -4.62267071e-01,
         3.69747609e-01,  -1.70792863e-02,  -7.16812730e-01,
         1.45892811e+00,   2.49455214e-01,  -3.31443667e-01,
         5.73893785e-01,   1.49997520e+00,  -1.27542746e+00,
        -4.74164426e-01,  -5.46227880e-02,  -8.38737607e-01,
        -6.31399930e-01,   3.26977819e-02,  -7.23376334e-01,
        -9.28307235e-01,   8.28538597e-01,   3.76421928e-01,
        -8.92698690e-02,  -9.09802616e-01,   3.82879376e-01,
        -3.51410449e-01,   5.96701741e-01,   5.08976221e-01,
        -5.04794046e-02,   8.34523439e-01,   6.69468284e-01,
         6.45468891e-01], dtype=float32), array([ 0.9115479 , -0.14804673, -0.75916326, -0.16820435, -0.70931524,
       -1.65714741,  0.79384285, -0.72615993,  1.21155131, -1.97479081,
       -2.08509326, -2.51912475,  0.23347451, -0.0488106 ,  0.46964884,
       -0.86429572,  0.90081453,  0.16341083, -1.46390843,  4.19883204,
       -0.82441932, -0.58135331, -0.56813282,  0.61816263, -2.34710479,
        1.30464053, -0.90144998, -1.89663124,  0.04391357,  0.6461919 ,
        0.75471532,  0.39484295, -1.2377367 , -1.21440732,  4.39885712,
       -1.53684533,  1.1775794 , -3.18583536,  0.59698039,  1.22655153,
        0.3328431 ,  1.96658695, -0.47150669, -0.37814742,  0.34535363,
       -0.4080599 , -0.91084862, -0.03185263, -3.67500091, -1.78055644,
       -1.9532361 ,  0.76175869,  0.9060452 , -2.44220328,  0.25391155,
       -0.4241662 ,  1.80604219,  0.43671268,  0.01287459, -0.74458051,
        2.04556894,  1.13116693,  2.31075311,  0.19558629,  1.1165539 ,
        0.5644722 ,  1.81823254,  0.06612115, -0.51633167, -0.27428204,
        0.57092041,  0.87284446,  0.99934447, -0.00960068, -0.56395942,
        1.50326586,  1.23814559, -0.69374615, -0.30938432,  2.19695735,
        0.14836533, -1.79394233, -0.76995403, -1.37691128, -1.36398649,
        0.86822331, -1.14170289, -1.06639028,  0.34834597,  0.38593531,
       -1.76786685, -3.3580327 ,  1.43472135,  0.36707598, -1.28362501,
        0.55045021,  0.70967293,  1.17850983,  0.61628568,  1.21406996], dtype=float32), array([  5.24580359e-01,  -4.54042196e-01,  -6.66984558e-01,
         1.70429006e-01,  -4.98973668e-01,  -1.96999502e+00,
        -4.06353250e-02,  -1.52450919e+00,   8.95832777e-01,
        -2.10480976e+00,  -1.12700939e+00,  -1.90962279e+00,
        -3.29427063e-01,  -9.01818275e-02,   1.00103319e+00,
        -1.08454323e+00,   1.04045188e+00,   1.95898116e-03,
        -7.38071680e-01,   3.01081610e+00,  -3.01651895e-01,
        -7.18746185e-02,  -1.39593446e+00,  -9.96826470e-01,
        -2.39148927e+00,   1.22162235e+00,  -4.83374268e-01,
        -8.22804749e-01,  -3.13613832e-01,  -1.43040732e-01,
         1.06970799e+00,   9.59069490e-01,  -2.16168475e+00,
        -6.94322705e-01,   3.00717497e+00,  -2.41888022e+00,
         4.60897952e-01,  -2.27086663e+00,   1.54500559e-01,
         3.03170413e-01,  -4.65668142e-01,   1.16423583e+00,
        -1.60360146e+00,   6.44381046e-01,   1.22007871e+00,
        -3.42298716e-01,  -1.56174457e+00,   2.70916522e-01,
        -3.25315380e+00,  -4.67753977e-01,  -1.72700846e+00,
         6.87954009e-01,   7.61904716e-01,  -1.72790504e+00,
        -5.02293050e-01,  -8.56789351e-01,   2.41948175e+00,
         8.92095804e-01,  -3.92562747e-02,  -8.14083576e-01,
         6.87937021e-01,   1.08298087e+00,   1.73220348e+00,
        -1.92773789e-01,   4.96438235e-01,   9.18031335e-01,
         7.85424531e-01,   6.93661392e-01,  -6.42872870e-01,
        -1.45467907e-01,   7.71407485e-01,   1.75875950e+00,
         6.66992843e-01,   6.50934219e-01,   1.48703754e-02,
         2.78233767e+00,   6.84746206e-01,   8.93956661e-01,
        -1.07029960e-01,   3.36692929e+00,  -5.30106783e-01,
        -4.31030929e-01,  -5.98806441e-01,  -1.57531047e+00,
        -1.28839076e+00,   8.64510953e-01,  -1.17223656e+00,
        -1.08127630e+00,  -2.64563024e-01,   7.23901272e-01,
        -1.80569983e+00,  -2.78149891e+00,   9.37856376e-01,
        -3.87629047e-02,  -2.79132277e-01,  -8.35927427e-02,
        -1.13981992e-01,   1.62311757e+00,   1.76225471e+00,
         1.10734165e+00], dtype=float32), array([ 0.67475092,  0.52725798, -1.28938639, -0.34994915, -0.83305085,
       -0.760203  ,  0.21326351, -1.07562637,  0.43324405, -1.55124712,
       -1.54751229, -1.94891238,  0.37909275, -0.82543331, -0.26691598,
       -0.41865617, -0.03284445,  0.07106727, -1.30878174,  2.16248393,
       -0.9766618 ,  0.37934268, -0.91624618, -0.60569251, -1.67635024,
        2.11881614,  0.18610112, -0.21717823,  0.14993741, -0.82957417,
        1.51653481,  0.91768128, -0.21736145, -0.33641958,  1.84496927,
       -1.13983798,  0.55135411, -2.08495092, -0.55534059, -0.19998243,
        0.12216929,  0.28058285,  0.51605308, -0.07993083,  0.2080141 ,
       -0.3327989 , -1.84405947,  0.77954096, -1.68956912, -0.69388759,
       -0.07638298,  0.7102983 ,  0.70481128, -0.9379645 , -0.21012795,
       -0.42903152,  0.84192133,  0.66673416,  0.53804982, -0.47822577,
       -0.2847473 ,  1.26199543,  1.78018618,  0.43234909, -0.04485196,
       -0.60844678,  0.81184834,  0.01059483,  0.61880577, -0.36117202,
        1.0353303 ,  0.9141354 ,  0.07805037,  0.49074128, -0.10520998,
        1.79422927,  0.54316336,  0.4255515 ,  0.04249449,  1.82859766,
       -1.09201467, -0.41149318, -0.56829131, -1.37932754, -0.98304063,
        0.50557232, -1.34409845, -1.36781478,  0.36782092,  0.0771347 ,
       -1.28123736, -2.43426514,  0.54812908, -1.17912447, -1.2046349 ,
       -0.82520378, -0.43675992,  1.75107861,  1.55162585,  1.03677011], dtype=float32), array([  5.37816763e-01,   4.30381984e-01,  -1.02431118e+00,
        -3.15749764e-01,  -2.62023807e-01,  -7.15586662e-01,
        -4.31328356e-01,  -7.16381311e-01,   9.28746581e-01,
        -4.89718318e-01,  -4.49839324e-01,  -1.38405275e+00,
         1.48195401e-01,  -6.60908341e-01,   7.02317834e-01,
        -3.09326977e-01,  -3.22735161e-02,   8.87565240e-02,
        -4.17241693e-01,   1.25569928e+00,  -1.34977102e-01,
         3.03606540e-01,  -2.12507874e-01,  -5.04278064e-01,
        -1.12056088e+00,   5.44510245e-01,   4.02134776e-01,
        -5.14705300e-01,  -5.56324720e-01,  -2.93414414e-01,
         2.47431800e-01,   1.11864924e+00,  -7.83391595e-01,
        -8.24953914e-02,   1.63844848e+00,  -1.44484186e+00,
         5.80404460e-01,  -7.75663435e-01,  -4.11573410e-01,
        -1.22258142e-01,  -8.81472602e-04,   2.38708153e-01,
         8.84093046e-02,   3.70025069e-01,  -1.18883997e-02,
        -5.21237254e-01,  -9.72647548e-01,  -3.94796953e-02,
        -1.15480065e+00,  -7.66398013e-03,  -4.63745892e-01,
         3.80124271e-01,   1.67235792e-01,  -7.82639623e-01,
         2.32213810e-01,  -6.16431177e-01,   5.44988513e-01,
         6.69826925e-01,   7.34594107e-01,   3.01578641e-03,
         5.64449191e-01,   7.84655869e-01,   8.89208674e-01,
         5.22927821e-01,   1.05877995e-01,  -1.28022641e-01,
         3.14345002e-01,  -1.27270484e+00,   3.04925650e-01,
         1.88018620e-01,   4.83715355e-01,   6.20771289e-01,
         5.28966725e-01,   9.08101201e-01,   3.79526138e-01,
         1.64525521e+00,   5.06110728e-01,   1.55485034e-01,
         1.59424677e-01,   1.61279655e+00,  -5.62337160e-01,
        -4.23019588e-01,  -4.74977076e-01,  -4.32027519e-01,
        -6.83071494e-01,   3.98900568e-01,  -5.73633492e-01,
        -1.18956888e+00,   7.95025527e-02,   5.82827330e-02,
        -5.02151430e-01,  -1.33782089e+00,  -1.90025777e-01,
        -1.26822919e-01,  -2.44327337e-01,   3.28845620e-01,
        -2.25775674e-01,   7.86978722e-01,   5.62204480e-01,
         5.15827477e-01], dtype=float32), array([ 0.46075085, -1.35766685, -2.6889956 ,  0.61395597,  0.17153987,
       -1.61682975, -0.50682008, -1.11355448,  1.25156558, -2.87400436,
       -1.79779601, -0.55530185,  0.11863773, -1.09401798,  1.76589918,
       -0.30119446,  0.07751369,  0.93224186, -2.23088145,  3.39145398,
       -0.28823689,  0.51989579, -0.91286814, -0.47806096, -1.23474741,
        1.84419191,  0.5338943 , -1.11039197, -1.62479806, -0.1032612 ,
        3.63323879,  1.09276307, -2.70006084,  0.37630689,  2.15401363,
       -2.42921972,  1.4732995 , -2.90858555, -0.92294055,  1.59553671,
       -0.7299754 ,  1.57812583, -0.07204083,  0.03499012,  0.18306212,
        1.05508339, -3.50374818,  2.88663101, -3.79681849, -0.07273828,
       -1.32565713,  0.66742939,  0.82650954, -0.48051572, -0.12232708,
        0.57475591,  0.46229887,  1.06051612,  1.75182605, -1.99528015,
       -0.05789348,  2.97980309,  1.56024194,  0.43408918, -0.24659865,
        0.40106079,  0.36782369,  1.06813633, -1.30199826,  0.43131104,
        2.20702291,  0.89009917,  1.35112023,  0.85619426, -0.95430231,
        3.86607742,  2.12124801, -1.77628362,  1.5425384 ,  5.01107073,
       -2.36182833, -1.84868407, -0.72117698, -1.96007586, -1.9780376 ,
        0.38864437, -1.05134439, -2.7031033 ,  0.7847892 ,  0.42740488,
       -0.2656607 , -3.51623917,  0.45549521, -1.65734136,  0.83309579,
       -0.15058596, -0.21540873,  2.36976385,  0.99298912,  1.82616925], dtype=float32), array([-0.18151808, -0.54179907, -0.84752047,  1.3178817 ,  1.02915621,
       -0.3665258 , -0.39904615, -1.36480439,  0.7323181 , -1.63447928,
       -1.25490403, -0.55441755, -0.39433599, -0.49164611,  1.04519367,
       -0.10985463,  0.22604276,  0.30674618, -0.17525785,  2.38579488,
       -0.01239106,  0.51380748, -0.29048976, -0.18558574, -1.16779435,
        1.60092402,  0.70276278, -0.05004467, -0.74274731, -0.03888448,
        2.36986065,  1.22091877, -1.12861836,  1.14787042,  1.13254094,
       -1.43871093,  0.65580559, -1.90868986, -0.95720196,  0.70049071,
        0.02383661,  1.71346533, -0.33784676,  0.06196588,  0.36351809,
        0.59972739, -1.89764619,  1.17806375, -1.94613492, -0.23195693,
       -1.18829036,  0.64146912,  0.73118305, -0.37268934, -1.09790385,
        0.7676962 ,  0.60658002,  0.71199363,  0.41795203, -0.64793104,
       -0.68756843,  2.13824415,  1.66140676,  0.30191344,  0.11225079,
       -0.54109752,  0.57581824,  0.34767491, -0.5275141 , -0.80524164,
        0.87278187,  0.16558327,  0.57483965,  0.92407012, -0.64163691,
        1.9889164 ,  1.60047698,  0.67936146,  0.24347422,  2.43686557,
       -1.14883757, -0.53792357, -0.3766318 , -1.17969489, -0.82947814,
        0.36405975, -0.97274405, -1.21734786,  0.33263773,  0.07265548,
       -0.05097859, -1.82174146,  0.68669319, -0.66913325, -0.56340814,
       -0.04633146, -0.33555385,  1.55822515,  0.06835328,  0.8630622 ], dtype=float32), array([ 0.04593233,  0.03364633, -0.22703278,  0.02558602, -0.08146611,
       -0.78095585, -0.09358021, -0.34613627,  0.25857851, -0.75019813,
       -0.30880177, -0.58701992, -0.41623583, -0.99841076,  0.20305969,
       -0.3728033 , -0.448439  , -0.13624869,  0.03580636,  1.3768599 ,
       -0.70037526,  0.35735631, -0.1464421 , -0.67399585, -0.83980912,
        0.81860316,  0.10687692, -0.43023935, -0.75135165,  0.20130429,
        0.769557  ,  0.66053832, -0.59193558, -0.38695651,  1.21257114,
       -0.99257141,  0.52202183, -0.27649608, -0.10468796,  0.31403425,
        0.41201499,  0.58067614, -0.20800683, -0.3310836 ,  0.28353748,
       -0.11458868, -1.05651104,  0.06668779, -1.39218819, -0.14033318,
       -0.68461388, -0.03914969,  0.57526755, -0.06763682,  0.34508151,
        0.31085214,  0.3009572 ,  0.38877249,  0.84309691, -0.37160519,
        0.47138557,  0.72392035,  0.40166771,  0.12950367, -0.03269165,
        0.51445794,  0.37450486, -0.17924468, -0.03899241,  0.52021998,
        0.54448402,  0.44060704,  0.95582235,  0.9062596 ,  0.06560287,
        0.74552357,  1.34479976, -0.25972855,  0.37508628,  1.83351493,
       -0.30512965, -0.5741331 , -0.0856946 , -0.59922653, -0.98082888,
       -0.06264803, -0.68183213, -1.45334041,  0.3346265 ,  0.30627802,
       -0.61795831, -1.07326937,  0.03191991,  0.02040117, -0.70065141,
        0.17666011, -0.12942418,  1.10642016,  0.07685423,  0.67737007], dtype=float32), array([  3.52553099e-01,   5.92787981e-01,  -1.10095227e+00,
         6.01176918e-01,  -4.03258443e-01,  -8.03171754e-01,
        -1.21521369e-01,  -1.07485282e+00,  -4.43752110e-02,
        -1.27825081e+00,  -2.72001714e-01,   1.71542764e-02,
         8.05018902e-01,  -7.27592349e-01,  -2.73205101e-01,
        -5.94320476e-01,   5.43484211e-01,  -5.72760344e-01,
        -5.75526953e-01,   1.29412472e+00,  -5.49290553e-02,
        -2.54270256e-01,  -6.77098513e-01,   6.46451473e-01,
        -6.72358692e-01,   1.24207914e+00,  -1.60840049e-01,
        -7.95776725e-01,  -4.98276025e-01,   3.85873199e-01,
         7.24130154e-01,   1.19015619e-01,  -1.47824073e+00,
         7.09914386e-01,   2.04121161e+00,  -1.37639809e+00,
         2.92776048e-01,  -2.42009902e+00,  -2.99090326e-01,
         6.28942072e-01,  -3.15311074e-01,   1.02743340e+00,
         1.45889625e-01,   5.21506548e-01,   4.25316215e-01,
        -3.50118995e-01,  -1.09284258e+00,   3.13862801e-01,
        -1.22277451e+00,  -3.14786404e-01,  -7.40073681e-01,
         1.03248104e-01,   1.27158403e+00,  -7.85515964e-01,
        -7.19280183e-01,   6.43140301e-02,   1.42195392e+00,
         1.80317044e+00,  -8.37280452e-02,  -3.12610269e-01,
         7.11121500e-01,   1.09370363e+00,   6.63088739e-01,
        -8.49781707e-02,  -4.80150789e-01,   1.57932356e-01,
         5.94175279e-01,   1.18554306e+00,  -4.85683084e-01,
         1.27488449e-01,   7.12806404e-01,   2.72244811e-02,
        -2.24262461e-01,   4.50849682e-01,  -4.85165775e-01,
         1.46080196e+00,   1.22648096e+00,  -4.46887076e-01,
        -1.45014852e-01,   1.69446361e+00,  -7.26994276e-01,
        -5.73808253e-02,   1.68294460e-03,  -1.05568290e+00,
        -7.99075067e-01,   6.10889971e-01,  -5.04626930e-01,
         4.78824139e-01,   7.48040199e-01,  -3.73351008e-01,
        -1.10695291e+00,  -1.43169594e+00,   4.13847089e-01,
         3.58350351e-02,  -4.85915512e-01,   3.25853169e-01,
         3.36074412e-01,   7.88950324e-01,   7.20817029e-01,
         6.61668003e-01], dtype=float32), array([ 0.56831324,  0.32917741, -0.00512333, -0.13813674, -0.2619741 ,
       -0.67045909, -0.07573202, -1.2770133 ,  0.42181697, -0.93609017,
       -0.63492793, -0.97632021,  0.14758469, -0.67771184,  0.86465043,
       -1.08243239,  0.30356115,  0.81474441, -0.65988195,  2.42405367,
       -0.87844092,  0.20715663, -0.87263757,  0.07565726, -1.49299383,
        0.64608061, -0.76458538, -0.55246705, -0.25622803, -0.31099758,
        2.52861738,  1.61876166, -2.02482581, -0.27030084,  2.30857491,
       -0.94370961,  0.52135074, -2.24851871, -0.49703494,  0.4715324 ,
       -0.23429829,  0.95002806, -0.23786584, -0.31539005, -0.15952927,
       -0.06999596, -1.29087281,  0.43824822, -2.07285762, -0.54541153,
       -1.00494647,  0.20996845,  0.71175933, -0.14837946, -0.80546194,
       -0.9646318 ,  0.7164079 ,  0.42716062,  0.87743014,  0.31765264,
        0.04888265,  1.87949157,  1.71013582,  0.55374157,  0.11245157,
        0.28458494,  0.49696043,  0.07513349, -0.71085781,  0.02060975,
        1.14792883,  0.81247365,  0.09427767,  0.54542828, -0.53354156,
        1.66014779,  0.74067944, -0.28225738,  0.33615428,  2.43762779,
       -1.82668614, -1.08243418, -0.17210335, -1.02799881, -1.05576098,
        0.43840253, -1.00585067, -0.86911321,  0.33116856,  0.92123038,
       -1.04439557, -2.44629741,  1.07007492,  0.10202626,  0.03425637,
       -0.70002174,  0.07798763,  1.87480903,  0.30737561,  0.42473578], dtype=float32), array([  1.28033090e+00,  -9.02496278e-01,  -1.39988804e+00,
        -8.94076824e-01,  -2.63568306e+00,  -2.33052540e+00,
        -3.37728113e-01,  -9.29128647e-01,   2.00895429e-01,
        -1.55895877e+00,  -2.39141107e+00,  -3.09621716e+00,
         5.74133992e-01,  -1.47324502e+00,  -4.73532677e-01,
        -6.20103419e-01,   2.09999084e-03,   1.02287924e+00,
        -5.63492298e-01,   3.65235019e+00,  -1.38538814e+00,
         6.20449126e-01,  -6.45227015e-01,  -2.92688817e-01,
        -1.92633057e+00,   1.87375331e+00,   1.69021022e+00,
        -1.63909960e+00,  -6.53675914e-01,  -9.96885896e-01,
         2.23738241e+00,   7.70023584e-01,  -1.27406752e+00,
        -6.91159725e-01,   2.55557966e+00,  -1.30857670e+00,
         4.71333593e-01,  -1.11995971e+00,  -1.24617577e+00,
        -8.37300420e-01,   6.54676616e-01,   2.80809462e-01,
         1.01373601e+00,  -9.53055978e-01,   6.30260944e-01,
        -5.47416508e-03,  -1.17863965e+00,   5.12525022e-01,
        -2.39778185e+00,  -5.34807980e-01,  -4.81996387e-01,
         1.22638142e+00,  -1.94452435e-01,  -1.47768319e+00,
        -1.24633603e-01,  -2.15593085e-01,   2.83214688e+00,
        -8.19829226e-01,   1.31839073e+00,  -1.47540957e-01,
         2.45854974e-01,   1.72071886e+00,   1.51079488e+00,
        -6.32684946e-01,   4.91119027e-01,   5.73014282e-02,
         2.05160722e-01,  -2.72019655e-01,   2.28426218e-01,
        -1.83294475e-01,   9.90981996e-01,   1.90761733e+00,
        -1.77572370e-01,  -2.70965874e-01,  -3.58274847e-01,
         2.55181432e+00,   1.32713366e+00,  -1.58281255e+00,
         2.17804241e+00,   3.30771160e+00,  -1.38146615e+00,
        -2.35273147e+00,  -7.50405967e-01,  -1.21124470e+00,
        -5.96121669e-01,   5.08517206e-01,  -1.61539984e+00,
        -2.25643659e+00,   1.84348750e+00,   6.74403906e-01,
        -8.84238601e-01,  -2.92497253e+00,   4.30515349e-01,
        -8.41656983e-01,  -1.89698577e-01,   5.21736085e-01,
        -7.39477277e-01,   2.48179460e+00,   2.33940458e+00,
         7.80131072e-02], dtype=float32), array([ 0.21295251, -0.06588426, -0.34481841,  0.49695688, -0.13598272,
       -0.34287173,  0.05859023, -0.79068941, -0.03844026, -0.95036566,
       -0.49246281, -0.20498243, -0.22444592, -0.69372749,  0.3873733 ,
       -0.47480243, -0.21144766,  0.16448732, -0.43164638,  1.49792838,
       -0.34466779,  0.20087484,  0.00326497,  0.21032567, -1.01372814,
        1.19160628, -0.34756711, -0.71346045, -0.40451518, -0.18388657,
        1.48210204,  0.32293791, -1.29558945, -0.08091502,  1.67422259,
       -0.7972787 ,  0.89817464, -0.8434391 , -0.11712936,  1.67779398,
        0.66139823,  0.46705681, -0.65477169, -0.33654308,  0.57936037,
        0.39466435, -0.90715098,  1.14484549, -2.0231638 ,  0.00387877,
       -0.61658567, -0.3134729 ,  0.66665238, -0.50009167,  0.2465127 ,
        0.97610545,  0.76275456,  0.55632389,  1.3304199 , -0.96832061,
        0.05654421,  0.85084057,  1.59026313,  0.1929909 , -0.52052963,
        0.8826111 ,  0.27125892,  0.08771294, -0.54273289,  0.24897248,
        0.58291441,  0.55539674,  0.0483657 ,  1.45609617, -0.38320595,
        0.55687785,  2.09489131, -0.50095373,  1.01926553,  2.52214479,
        0.04428945, -0.7526679 , -0.33729649, -0.88575709, -1.00671768,
        0.79832041, -1.55669653, -1.91476977,  0.39431012,  0.11385941,
       -0.5866015 , -1.2406193 , -0.1829388 , -1.26404643, -0.37800208,
       -0.68389022,  0.03915746,  0.76427549,  0.40679133,  0.06915838], dtype=float32), array([ 0.6396023 ,  0.52354956, -0.84382409, -0.09119438, -0.88292569,
       -0.44694912, -0.02958055, -0.14524864, -0.18178163, -0.91976869,
       -1.07065809, -1.73309159,  0.14718035, -0.38906521, -0.01401308,
       -0.3869586 ,  0.1565416 ,  0.39404601, -0.37585253,  1.28239155,
       -0.15117522, -0.03381571, -0.79872704, -0.5720225 , -1.12800634,
        1.12871492,  0.53691918, -0.13463174,  0.32545066, -0.6407389 ,
        0.55912358,  0.618523  , -0.11627139, -0.52251595,  1.2009927 ,
       -0.38305715,  0.35549164, -0.59330606,  0.13077426, -0.19680604,
        0.2364289 , -0.27548671, -0.02894705,  0.10720124,  0.00343118,
       -0.57696402, -1.21282196,  0.23094308, -1.08192337, -0.50961113,
        0.23549914,  0.60539031,  0.11295965, -0.75133473, -0.07506372,
       -0.33849254,  0.63559234,  0.34857491,  0.35943696, -0.02034724,
       -0.11756852,  0.50784427,  0.97600138,  0.35909772, -0.06534037,
       -0.47086826,  0.26374796,  0.10902348,  0.47843155,  0.1097813 ,
        0.45985818,  0.70655698,  0.05956437, -0.03817787,  0.2072887 ,
        1.32176173,  0.17092089, -0.06227268,  0.0570944 ,  0.8991515 ,
       -0.45785463, -0.37911761, -0.50901991, -1.02137733, -0.63325667,
        0.23018655, -0.85139078, -0.4849416 ,  0.16518071, -0.21831903,
       -0.67835474, -1.43402708,  0.12031642, -0.55324459, -1.00584304,
       -0.42263657, -0.41796273,  1.02272999,  1.02155602,  0.46946716], dtype=float32), array([-0.26266015,  0.11207172, -0.50900859, -0.10953376,  0.61870533,
       -0.48682564, -0.26647899, -0.37067431,  0.5280447 , -0.7895357 ,
       -0.79346848, -1.12661898,  0.33969012, -1.23540068, -0.27487397,
       -0.07290369, -0.08441454,  0.39096469,  0.47089651,  1.92888904,
       -0.54058343,  0.94331932,  0.71015096, -0.73894602, -1.30644143,
        1.21039116,  0.60268748, -0.22122371, -0.47654462, -0.16388027,
        1.92235112,  0.77013803,  0.05248168,  1.2797401 ,  1.00710487,
       -1.38053787,  0.98478675, -0.88095647, -0.95888197,  0.81637746,
       -0.46544322,  0.73569864, -0.09468345, -0.12435439, -0.42475337,
        0.67231584, -1.84128821,  0.4607406 , -1.91879857, -0.27619198,
       -1.34727061,  0.3024717 ,  0.94274592, -0.41482374, -0.04392625,
        1.11758113,  0.22667824,  0.69863325, -0.33815029, -0.75073117,
       -0.41626096,  0.35363051,  1.21723413,  0.13692299, -0.56785834,
        0.55717838,  0.4912703 , -0.27625319,  0.43715215,  0.10854359,
        1.0231843 ,  0.05710691,  0.20413321,  1.05173779, -0.53473133,
        1.57808912,  1.01188195,  0.6174984 ,  0.8292098 ,  1.70479679,
       -1.59606004, -0.21538785, -1.19708943, -1.17059278, -0.86485422,
        0.18782249, -0.17718041, -0.65481734,  0.25280732, -0.10082486,
       -0.93565428, -1.05451059, -0.10022087, -0.56667715, -1.11019588,
        0.19233841, -0.52088779,  0.69112664,  0.55074543,  1.63289559], dtype=float32), array([-0.28481266, -1.098382  , -0.17021948, -0.28427517, -1.27898192,
       -1.06429577,  0.17520835, -1.5231725 ,  0.19578171, -1.47792566,
       -1.34099996, -0.87165219,  0.83124554, -0.60604513,  0.92466468,
       -0.46817711, -0.28623277,  1.06614518, -0.39360622,  2.57775784,
       -0.90150142, -0.04488276, -0.99474657, -0.10252941, -0.84962898,
        1.08094728, -0.21953508, -0.07592259, -0.9684844 , -0.00425235,
        2.05721807,  0.57977372, -1.42575121, -0.58993036,  1.91388023,
       -0.8110435 ,  0.34319088, -1.40032399, -0.42514372,  0.79276693,
        0.36107695,  0.81822646,  0.04945712, -0.03307264,  0.86886799,
        0.54067022, -0.34107381,  1.54433274, -1.47145534, -0.70082396,
       -0.9948563 , -0.55857801,  0.98303068,  0.23120943, -0.5909434 ,
        0.26585591,  1.57391584, -0.11131845,  0.57427502, -0.45875561,
       -0.09373787,  0.87856257,  1.23311365, -0.47166765,  0.38569546,
        0.70205152, -0.56867874,  0.87819535, -0.88644069,  0.05271677,
        0.65615797,  0.27917817,  0.65174907,  0.04911543, -0.87841856,
        1.44498205,  1.51083922, -0.50470757,  0.75094211,  2.5670898 ,
       -1.16040325, -1.55035043, -0.13764291, -0.84502155, -0.77644783,
        0.26646838, -1.021559  , -1.88624489,  0.33326679,  0.57034522,
       -0.8679536 , -0.82954979,  0.2184386 , -1.04161286,  0.4588989 ,
       -0.40672472,  0.73338813,  1.67558873,  1.46073639,  0.04152896], dtype=float32), array([  6.06738567e-01,   4.39408690e-01,  -1.28024101e+00,
        -3.53909940e-01,  -1.10235620e+00,  -3.93723309e-01,
        -3.06546450e-01,  -3.09796751e-01,  -3.11758928e-03,
        -7.73035645e-01,  -7.65694380e-01,  -1.54800761e+00,
         3.88004005e-01,  -3.07745755e-01,  -3.24653059e-01,
        -7.37807512e-01,  -4.60543334e-02,   2.17795998e-01,
        -3.02695006e-01,   9.76863325e-01,  -3.50190103e-01,
         1.91921592e-02,  -3.58939946e-01,  -5.70999622e-01,
        -1.55726182e+00,   1.46603942e+00,  -9.83016193e-03,
         7.18792453e-02,   1.20234728e-01,  -6.98094666e-01,
         7.74694920e-01,   3.72918129e-01,  -6.66284978e-01,
        -3.06686044e-01,   1.48915517e+00,  -7.49631882e-01,
         1.42737806e-01,  -9.10201907e-01,  -2.40768075e-01,
         2.31097043e-02,   2.31002077e-01,   4.39960137e-03,
         2.20202774e-01,   2.62940049e-01,   5.76984137e-03,
        -4.17905152e-01,  -1.43379211e+00,  -2.54376441e-01,
        -1.19038916e+00,  -4.11690891e-01,  -2.70098537e-01,
         5.10479867e-01,   3.59549463e-01,  -5.01641631e-01,
        -2.76562780e-01,  -1.22183263e-01,   4.07380223e-01,
         3.89632314e-01,   1.09698787e-01,   1.37379870e-01,
        -1.64470002e-01,   7.75530577e-01,   6.25252426e-01,
         2.20996082e-01,  -4.38593119e-01,  -4.69164878e-01,
         7.63627887e-01,  -3.25885378e-02,   2.78921366e-01,
         1.56008065e-01,   5.60876548e-01,   6.20125115e-01,
        -2.89494216e-01,   8.23855400e-01,  -1.42106563e-01,
         1.24255979e+00,  -6.94466680e-02,   9.90003794e-02,
         2.04913393e-01,   7.89203644e-01,  -9.59930956e-01,
        -6.21639937e-02,  -7.36254990e-01,  -1.12897444e+00,
        -8.29272866e-01,   4.24071729e-01,  -1.09563279e+00,
        -7.52308488e-01,   4.61240143e-01,  -6.38296127e-01,
        -9.03415561e-01,  -1.33722961e+00,  -1.12780929e-03,
        -9.23648894e-01,  -1.29546571e+00,  -4.48578775e-01,
        -3.29660654e-01,   8.75453711e-01,   1.27020586e+00,
         4.51938480e-01], dtype=float32), array([ 0.7809031 , -0.6502049 , -1.10683501, -0.52630883, -1.73155165,
       -0.8357017 ,  0.63080978, -0.10687052,  0.31627601, -2.15801382,
       -1.58755815, -2.2635479 ,  0.07090271, -0.78966153,  0.84399545,
       -0.77027088, -0.01943924,  1.26189351, -0.39690253,  2.89225125,
       -0.2668438 ,  0.52141362, -0.20111208, -0.63983452, -1.7248441 ,
        1.69062757,  0.49305817, -0.79134226, -0.61217147, -0.23394944,
        2.11325312,  0.81301808, -1.12463939, -0.58894998,  2.35033345,
       -1.0741806 , -0.28049496, -1.04255044, -0.21798341,  0.4225274 ,
        0.18773896,  0.53250462, -0.35610002,  0.26904318,  0.71886647,
        0.4208782 , -2.20162296,  0.93564391, -2.62721014, -0.27932808,
       -0.55096912,  1.11337304,  0.263188  , -1.12638366, -0.31689838,
       -0.03439157,  1.37516153,  0.65853703,  0.68112034, -0.64793289,
        0.03856466,  1.49778473,  1.80234039,  0.09420809,  0.16599429,
        0.02473843,  0.65059888,  0.16377494, -0.54585516,  0.63567293,
        0.91463929,  0.79301435,  1.18832827,  0.72168535, -0.03304789,
        2.27655959,  1.99905229, -0.60371441,  1.27000356,  2.44587398,
       -1.43331301, -1.45490348, -1.42661655, -1.75336826, -1.55680406,
        0.0734424 , -1.2607584 , -1.22271883, -0.11158212,  0.04774322,
       -1.23765302, -1.92571008,  0.20378268, -0.8860817 , -1.21174502,
        0.01376501, -0.060596  ,  1.48519731,  1.6948725 ,  0.82976514], dtype=float32), array([ 0.47876832, -0.23566215,  0.14908004,  0.37164691,  0.17442951,
       -0.81766933,  0.77392715, -0.34547403,  1.18553269, -0.61759663,
       -1.78765762, -1.84383333,  0.50187707, -1.7032305 ,  0.48460814,
       -1.12978125,  1.34528422,  0.10897315, -1.84651709,  3.56112814,
       -0.04861378,  0.16779816, -0.34992707,  0.75391728, -1.80520475,
        2.32824135, -1.07257056, -2.47927475, -1.07270479, -0.83340657,
        0.79279137, -0.00493957, -0.48868752,  0.29598641,  3.20301318,
       -2.05860925,  1.43564439, -2.54112029,  0.76336193,  0.55226755,
       -0.06126299,  1.86956179, -1.63485527,  0.6120801 , -0.43182224,
        0.44119808, -1.43962669,  1.12752032, -3.51800203, -1.36226201,
       -3.07004023,  0.72871494,  0.97177362, -1.27099729,  0.67289996,
        0.07256267,  0.89514482,  0.47245049,  0.32757729, -1.71545744,
        1.9976573 ,  1.60342431,  2.68433118,  0.09201492,  0.60975045,
        0.98759437,  1.19083202, -0.10994983,  0.15640609,  0.15337144,
        0.85440755,  0.153137  ,  1.40492618, -0.2452507 , -1.13490629,
        0.99930304,  1.39180481, -0.84787565,  1.93629754,  2.03495407,
       -0.81144285, -2.35881686, -1.26571262, -1.77788401, -1.21705139,
        0.93956262,  0.30902192, -0.55910635,  0.34654781, -0.3836633 ,
       -1.19442248, -2.15651488,  1.30783057,  1.32334697, -1.47819912,
        1.08024371, -0.12304495,  1.38787103,  0.79182398,  1.1991632 ], dtype=float32), array([ 0.7305823 , -1.28997791, -0.87292349, -0.66812545, -1.77400994,
       -2.06396341, -0.57987899, -1.00131607,  0.21582761, -0.9462837 ,
       -1.23734713, -1.20449698, -0.0174387 , -1.15054905, -0.04279324,
       -0.19505364, -0.54692131,  0.46192896, -0.15994471,  2.36555982,
       -1.06968999,  0.80787283,  0.15174915, -0.00898163, -0.95419139,
        1.07136261,  1.50521743, -1.38865781, -1.2632618 , -0.48956081,
        1.9038403 ,  0.54776525, -1.50335252, -0.03504489,  1.5514704 ,
       -1.23543358,  0.31105861, -0.75946271, -1.54184246, -0.70057893,
        0.30186036,  0.47743475,  1.33107376, -0.99301898,  0.76265115,
        0.41001385, -0.32088122,  0.21983199, -1.44356644,  0.23336849,
       -0.50311297,  0.27094817, -0.25272399, -0.74963462,  0.00912073,
        0.14231162,  2.10066128, -0.69473952,  1.129704  , -0.09061924,
        0.03947738,  1.55899262,  0.51271886, -0.55738658,  0.6863057 ,
        0.08875944, -0.00663406, -0.51605052, -0.49743569, -0.12409329,
        0.60140753,  1.15184653, -0.17455274, -0.20792447, -0.32237506,
        1.62986887,  1.05577159, -1.6206367 ,  2.08208132,  2.90600824,
       -1.07393992, -1.83907914, -0.11874504, -0.56924307,  0.16345374,
        0.19452854, -0.56232399, -2.01979303,  1.57391715,  0.71226811,
       -0.27606684, -1.77041888,  0.42429358, -0.42675477,  0.70660311,
        0.7310394 , -0.38904494,  1.48048317,  1.17666733, -0.2926285 ], dtype=float32), None]
