[array([ 0.,  0.,  0.,  0.,  0.,  0.,  0.,  0.,  0.,  0.,  0.,  0.,  0.,
        0.,  0.,  0.,  0.,  0.,  0.,  0.,  0.,  0.,  0.,  0.,  0.,  0.,
        0.,  0.,  0.,  0.,  0.,  0.,  0.,  0.,  0.,  0.,  0.,  0.,  0.,
        0.,  0.,  0.,  0.,  0.,  0.,  0.,  0.,  0.,  0.,  0.,  0.,  0.,
        0.,  0.,  0.,  0.,  0.,  0.,  0.,  0.,  0.,  0.,  0.,  0.,  0.,
        0.,  0.,  0.,  0.,  0.,  0.,  0.,  0.,  0.,  0.,  0.,  0.,  0.,
        0.,  0.,  0.,  0.,  0.,  0.,  0.,  0.,  0.,  0.,  0.,  0.,  0.,
        0.,  0.,  0.,  0.,  0.,  0.,  0.,  0.,  0.], dtype=float32), array([ 0.,  0.,  0.,  0.,  0.,  0.,  0.,  0.,  0.,  0.,  0.,  0.,  0.,
        0.,  0.,  0.,  0.,  0.,  0.,  0.,  0.,  0.,  0.,  0.,  0.,  0.,
        0.,  0.,  0.,  0.,  0.,  0.,  0.,  0.,  0.,  0.,  0.,  0.,  0.,
        0.,  0.,  0.,  0.,  0.,  0.,  0.,  0.,  0.,  0.,  0.,  0.,  0.,
        0.,  0.,  0.,  0.,  0.,  0.,  0.,  0.,  0.,  0.,  0.,  0.,  0.,
        0.,  0.,  0.,  0.,  0.,  0.,  0.,  0.,  0.,  0.,  0.,  0.,  0.,
        0.,  0.,  0.,  0.,  0.,  0.,  0.,  0.,  0.,  0.,  0.,  0.,  0.,
        0.,  0.,  0.,  0.,  0.,  0.,  0.,  0.,  0.], dtype=float32), array([ 0.,  0.,  0.,  0.,  0.,  0.,  0.,  0.,  0.,  0.,  0.,  0.,  0.,
        0.,  0.,  0.,  0.,  0.,  0.,  0.,  0.,  0.,  0.,  0.,  0.,  0.,
        0.,  0.,  0.,  0.,  0.,  0.,  0.,  0.,  0.,  0.,  0.,  0.,  0.,
        0.,  0.,  0.,  0.,  0.,  0.,  0.,  0.,  0.,  0.,  0.,  0.,  0.,
        0.,  0.,  0.,  0.,  0.,  0.,  0.,  0.,  0.,  0.,  0.,  0.,  0.,
        0.,  0.,  0.,  0.,  0.,  0.,  0.,  0.,  0.,  0.,  0.,  0.,  0.,
        0.,  0.,  0.,  0.,  0.,  0.,  0.,  0.,  0.,  0.,  0.,  0.,  0.,
        0.,  0.,  0.,  0.,  0.,  0.,  0.,  0.,  0.], dtype=float32), array([ -5.43578744e-06,   8.21896447e-06,   4.01793341e-06,
        -1.26718514e-05,  -1.96909696e-06,   1.48888848e-05,
        -4.80687322e-06,  -3.72276213e-06,  -1.29433965e-05,
        -8.35676383e-06,   2.34651397e-05,   7.34408832e-06,
         4.38825282e-06,  -2.43906402e-06,   9.64881201e-06,
        -1.35242644e-05,  -9.82879840e-08,   1.83943066e-05,
        -2.43818795e-06,  -1.72337204e-05,   8.67162328e-07,
         9.97921597e-06,  -4.51024380e-06,   9.42267525e-06,
         9.46193086e-06,   1.17404425e-05,  -1.20158002e-05,
         8.61692752e-06,   7.35317326e-06,  -1.65237070e-05,
         7.84186614e-06,   8.66525897e-06,   2.37368954e-06,
        -2.83818986e-06,  -5.67021243e-06,  -1.04999581e-05,
         6.65985181e-06,  -1.20018094e-05,  -5.54215148e-06,
         2.94202778e-06,  -7.51735934e-06,   8.73103818e-06,
        -1.79902017e-05,   1.92625703e-05,   1.03435571e-06,
        -1.48192112e-05,   1.54029874e-06,  -7.44888803e-06,
        -6.07027960e-06,  -3.81455607e-06,   5.81612858e-06,
        -7.35292269e-06,   1.04396913e-05,  -1.94075596e-06,
        -8.67215113e-06,  -4.75243070e-07,   4.46356398e-06,
         1.67846920e-05,  -6.70461714e-06,   1.36893914e-05,
         1.54869429e-06,  -2.45765227e-06,   6.11760925e-06,
         1.31955348e-05,  -8.22184063e-08,   1.03867351e-05,
        -1.67466478e-05,   7.45615080e-06,   1.45602980e-05,
        -5.73520856e-06,  -2.28052668e-05,   5.19127525e-06,
        -1.27672092e-05,  -9.52309165e-06,   1.48929021e-05,
        -1.46309822e-05,  -3.18699904e-06,   1.08743843e-05,
        -7.53523682e-06,  -1.60550007e-05,  -4.33213609e-06,
         6.60676596e-06,  -7.14683893e-06,   1.12282605e-05,
         1.07199935e-06,   1.34038683e-05,  -5.06068909e-06,
        -2.55978875e-06,  -6.90791012e-07,   7.42547172e-06,
        -6.17930027e-06,   8.02304112e-06,   6.73798058e-06,
        -3.25861538e-06,   1.26624227e-05,   5.75336662e-06,
         1.44483647e-05,  -3.51937274e-06,  -1.91356521e-05,
         1.30742110e-05], dtype=float32), array([ 0.,  0.,  0.,  0.,  0.,  0.,  0.,  0.,  0.,  0.,  0.,  0.,  0.,
        0.,  0.,  0.,  0.,  0.,  0.,  0.,  0.,  0.,  0.,  0.,  0.,  0.,
        0.,  0.,  0.,  0.,  0.,  0.,  0.,  0.,  0.,  0.,  0.,  0.,  0.,
        0.,  0.,  0.,  0.,  0.,  0.,  0.,  0.,  0.,  0.,  0.,  0.,  0.,
        0.,  0.,  0.,  0.,  0.,  0.,  0.,  0.,  0.,  0.,  0.,  0.,  0.,
        0.,  0.,  0.,  0.,  0.,  0.,  0.,  0.,  0.,  0.,  0.,  0.,  0.,
        0.,  0.,  0.,  0.,  0.,  0.,  0.,  0.,  0.,  0.,  0.,  0.,  0.,
        0.,  0.,  0.,  0.,  0.,  0.,  0.,  0.,  0.], dtype=float32), array([ -5.43578744e-06,   8.21896447e-06,   4.01793341e-06,
        -1.26718514e-05,  -1.96909696e-06,   1.48888848e-05,
        -4.80687322e-06,  -3.72276213e-06,  -1.29433965e-05,
        -8.35676383e-06,   2.34651397e-05,   7.34408832e-06,
         4.38825282e-06,  -2.43906402e-06,   9.64881201e-06,
        -1.35242644e-05,  -9.82879840e-08,   1.83943066e-05,
        -2.43818795e-06,  -1.72337204e-05,   8.67162328e-07,
         9.97921597e-06,  -4.51024380e-06,   9.42267525e-06,
         9.46193086e-06,   1.17404425e-05,  -1.20158002e-05,
         8.61692752e-06,   7.35317326e-06,  -1.65237070e-05,
         7.84186614e-06,   8.66525897e-06,   2.37368954e-06,
        -2.83818986e-06,  -5.67021243e-06,  -1.04999581e-05,
         6.65985181e-06,  -1.20018094e-05,  -5.54215148e-06,
         2.94202778e-06,  -7.51735934e-06,   8.73103818e-06,
        -1.79902017e-05,   1.92625703e-05,   1.03435571e-06,
        -1.48192112e-05,   1.54029874e-06,  -7.44888803e-06,
        -6.07027960e-06,  -3.81455607e-06,   5.81612858e-06,
        -7.35292269e-06,   1.04396913e-05,  -1.94075596e-06,
        -8.67215113e-06,  -4.75243070e-07,   4.46356398e-06,
         1.67846920e-05,  -6.70461714e-06,   1.36893914e-05,
         1.54869429e-06,  -2.45765227e-06,   6.11760925e-06,
         1.31955348e-05,  -8.22184063e-08,   1.03867351e-05,
        -1.67466478e-05,   7.45615080e-06,   1.45602980e-05,
        -5.73520856e-06,  -2.28052668e-05,   5.19127525e-06,
        -1.27672092e-05,  -9.52309165e-06,   1.48929021e-05,
        -1.46309822e-05,  -3.18699904e-06,   1.08743843e-05,
        -7.53523682e-06,  -1.60550007e-05,  -4.33213609e-06,
         6.60676596e-06,  -7.14683893e-06,   1.12282605e-05,
         1.07199935e-06,   1.34038683e-05,  -5.06068909e-06,
        -2.55978875e-06,  -6.90791012e-07,   7.42547172e-06,
        -6.17930027e-06,   8.02304112e-06,   6.73798058e-06,
        -3.25861538e-06,   1.26624227e-05,   5.75336662e-06,
         1.44483647e-05,  -3.51937274e-06,  -1.91356521e-05,
         1.30742110e-05], dtype=float32), array([ 0.,  0.,  0.,  0.,  0.,  0.,  0.,  0.,  0.,  0.,  0.,  0.,  0.,
        0.,  0.,  0.,  0.,  0.,  0.,  0.,  0.,  0.,  0.,  0.,  0.,  0.,
        0.,  0.,  0.,  0.,  0.,  0.,  0.,  0.,  0.,  0.,  0.,  0.,  0.,
        0.,  0.,  0.,  0.,  0.,  0.,  0.,  0.,  0.,  0.,  0.,  0.,  0.,
        0.,  0.,  0.,  0.,  0.,  0.,  0.,  0.,  0.,  0.,  0.,  0.,  0.,
        0.,  0.,  0.,  0.,  0.,  0.,  0.,  0.,  0.,  0.,  0.,  0.,  0.,
        0.,  0.,  0.,  0.,  0.,  0.,  0.,  0.,  0.,  0., -0.,  0.,  0.,
        0.,  0.,  0.,  0.,  0.,  0.,  0.,  0.,  0.], dtype=float32), array([ 0.,  0.,  0.,  0.,  0.,  0.,  0.,  0.,  0.,  0.,  0.,  0.,  0.,
        0.,  0.,  0.,  0.,  0.,  0.,  0.,  0.,  0.,  0.,  0.,  0.,  0.,
        0.,  0.,  0.,  0.,  0.,  0.,  0.,  0.,  0.,  0.,  0.,  0.,  0.,
        0.,  0.,  0.,  0.,  0.,  0.,  0.,  0.,  0.,  0.,  0.,  0.,  0.,
        0.,  0.,  0.,  0.,  0.,  0.,  0.,  0.,  0.,  0.,  0.,  0.,  0.,
        0.,  0.,  0.,  0.,  0.,  0.,  0.,  0.,  0.,  0.,  0.,  0.,  0.,
        0.,  0.,  0.,  0.,  0.,  0.,  0.,  0.,  0.,  0.,  0.,  0.,  0.,
        0.,  0.,  0.,  0.,  0.,  0.,  0.,  0.,  0.], dtype=float32), array([ -1.38772721e-05,  -1.16402214e-06,   1.77634101e-05,
         3.94647941e-06,   1.41985413e-06,   9.21918218e-06,
         3.59560840e-06,  -6.00112207e-06,  -3.59107662e-06,
         1.14890390e-05,   9.39503570e-06,   3.11266859e-07,
        -6.43623139e-07,   2.99472163e-06,   1.15588236e-05,
         2.95867380e-06,   8.53480105e-06,  -9.91880461e-06,
        -8.54119662e-06,   2.56528838e-05,   1.78208279e-06,
         1.48303234e-05,  -1.34567126e-05,  -1.44070066e-06,
        -4.24880136e-06,  -2.44534363e-06,   8.23730079e-06,
         1.03314478e-05,   2.80993640e-06,   8.75231854e-06,
         3.87383534e-06,   6.79873801e-06,  -2.39780638e-06,
        -9.74539716e-07,   1.62902597e-05,   3.67869347e-06,
        -2.37634026e-06,   1.68002207e-05,  -8.85770805e-06,
         4.10759276e-06,  -8.08260847e-06,  -1.15937873e-05,
         2.10498238e-05,  -1.14249297e-05,  -3.14291015e-06,
        -1.78782852e-06,  -1.73029457e-06,  -2.13655994e-06,
         1.17912055e-06,   1.16179699e-05,   2.16536464e-05,
         3.19241258e-06,   6.41773249e-06,  -6.71793669e-06,
         1.69618361e-05,   2.41597036e-07,  -8.87764327e-06,
        -1.69789146e-05,   9.93628237e-06,  -5.89159799e-06,
         7.09356527e-06,   1.46726970e-05,   1.42164008e-05,
         2.48351207e-05,   1.48699673e-05,  -1.76778831e-05,
         9.43156192e-06,   3.27392445e-06,   1.32950954e-05,
         4.88988871e-06,  -1.30433955e-05,   6.56335806e-06,
         2.01555804e-06,  -1.65818574e-06,   2.86343516e-06,
         6.79657524e-06,   1.08161639e-05,  -1.00996695e-05,
        -2.26970005e-05,   2.38666689e-06,   1.15481191e-06,
         1.26521581e-05,   1.98124362e-05,  -9.42482984e-06,
         3.94353538e-06,  -6.41871793e-06,  -4.08033020e-06,
         2.77200706e-06,  -7.29241538e-06,   1.71533302e-05,
         5.96718064e-06,  -5.56599844e-06,   1.03488958e-06,
         3.91404637e-06,   2.12082637e-06,   9.83744212e-06,
        -4.38515201e-07,  -7.73057945e-06,   9.71963254e-06,
        -1.89012633e-06], dtype=float32), array([ 0.,  0.,  0.,  0.,  0.,  0.,  0.,  0.,  0.,  0.,  0.,  0.,  0.,
        0.,  0.,  0.,  0.,  0.,  0.,  0.,  0.,  0.,  0.,  0.,  0.,  0.,
        0.,  0.,  0.,  0.,  0.,  0.,  0.,  0.,  0.,  0.,  0.,  0.,  0.,
        0.,  0.,  0.,  0.,  0.,  0.,  0.,  0.,  0.,  0.,  0.,  0.,  0.,
        0.,  0.,  0.,  0.,  0.,  0.,  0.,  0.,  0.,  0.,  0.,  0.,  0.,
        0.,  0.,  0.,  0.,  0.,  0.,  0.,  0.,  0.,  0.,  0.,  0.,  0.,
        0.,  0.,  0.,  0.,  0.,  0.,  0.,  0.,  0.,  0.,  0.,  0.,  0.,
        0.,  0.,  0.,  0.,  0.,  0.,  0.,  0.,  0.], dtype=float32), array([-0.,  0.,  0.,  0.,  0.,  0.,  0.,  0.,  0.,  0.,  0.,  0.,  0.,
        0.,  0.,  0.,  0.,  0.,  0.,  0.,  0.,  0.,  0.,  0.,  0.,  0.,
        0.,  0.,  0.,  0.,  0.,  0.,  0.,  0.,  0.,  0.,  0.,  0.,  0.,
        0.,  0.,  0.,  0.,  0.,  0.,  0.,  0.,  0.,  0.,  0.,  0.,  0.,
        0.,  0.,  0.,  0.,  0.,  0.,  0.,  0.,  0.,  0.,  0.,  0.,  0.,
        0.,  0.,  0.,  0.,  0.,  0.,  0.,  0.,  0.,  0.,  0.,  0.,  0.,
        0.,  0.,  0.,  0.,  0.,  0.,  0.,  0.,  0.,  0.,  0.,  0.,  0.,
        0.,  0.,  0.,  0.,  0.,  0.,  0.,  0.,  0.], dtype=float32), array([ 0.,  0.,  0.,  0.,  0.,  0.,  0.,  0.,  0.,  0.,  0.,  0.,  0.,
        0.,  0.,  0.,  0.,  0.,  0.,  0.,  0.,  0.,  0.,  0.,  0.,  0.,
        0.,  0.,  0.,  0.,  0.,  0.,  0.,  0.,  0.,  0.,  0.,  0.,  0.,
        0.,  0.,  0.,  0.,  0.,  0.,  0.,  0.,  0.,  0.,  0.,  0.,  0.,
        0.,  0.,  0.,  0.,  0.,  0.,  0.,  0.,  0.,  0.,  0.,  0.,  0.,
        0.,  0.,  0.,  0.,  0.,  0.,  0.,  0.,  0.,  0.,  0.,  0.,  0.,
        0.,  0.,  0.,  0.,  0.,  0.,  0.,  0.,  0.,  0.,  0.,  0.,  0.,
        0.,  0.,  0.,  0.,  0.,  0.,  0.,  0.,  0.], dtype=float32), array([ 0.,  0.,  0.,  0.,  0.,  0.,  0.,  0.,  0.,  0.,  0.,  0.,  0.,
        0.,  0.,  0.,  0.,  0.,  0.,  0.,  0.,  0.,  0.,  0.,  0.,  0.,
        0.,  0.,  0.,  0.,  0.,  0.,  0.,  0.,  0.,  0.,  0.,  0.,  0.,
        0.,  0.,  0.,  0.,  0.,  0.,  0.,  0.,  0.,  0.,  0.,  0.,  0.,
        0.,  0.,  0.,  0.,  0.,  0.,  0.,  0.,  0.,  0.,  0.,  0.,  0.,
        0.,  0.,  0.,  0.,  0.,  0.,  0.,  0.,  0.,  0.,  0.,  0.,  0.,
        0.,  0.,  0.,  0.,  0.,  0.,  0.,  0.,  0.,  0.,  0.,  0.,  0.,
        0.,  0.,  0.,  0.,  0.,  0.,  0.,  0.,  0.], dtype=float32), array([ 0.,  0.,  0.,  0.,  0.,  0.,  0.,  0.,  0.,  0.,  0.,  0.,  0.,
        0.,  0.,  0.,  0.,  0.,  0.,  0.,  0.,  0.,  0.,  0.,  0.,  0.,
        0.,  0.,  0.,  0.,  0.,  0.,  0.,  0.,  0.,  0.,  0.,  0.,  0.,
        0.,  0.,  0.,  0.,  0.,  0.,  0.,  0.,  0.,  0.,  0.,  0.,  0.,
        0.,  0.,  0.,  0.,  0.,  0.,  0.,  0.,  0.,  0.,  0.,  0.,  0.,
        0., -0.,  0.,  0.,  0.,  0.,  0.,  0.,  0.,  0.,  0.,  0.,  0.,
        0.,  0.,  0.,  0.,  0.,  0.,  0.,  0.,  0.,  0.,  0.,  0.,  0.,
        0.,  0.,  0.,  0.,  0.,  0.,  0.,  0.,  0.], dtype=float32), array([ 0.,  0.,  0.,  0.,  0.,  0.,  0.,  0.,  0.,  0.,  0.,  0.,  0.,
        0.,  0.,  0.,  0.,  0.,  0.,  0.,  0.,  0.,  0.,  0.,  0.,  0.,
        0.,  0.,  0.,  0.,  0.,  0.,  0.,  0.,  0.,  0.,  0.,  0.,  0.,
        0.,  0.,  0.,  0.,  0.,  0.,  0.,  0.,  0.,  0.,  0.,  0.,  0.,
        0.,  0.,  0.,  0.,  0.,  0.,  0.,  0.,  0.,  0.,  0.,  0.,  0.,
        0., -0.,  0.,  0.,  0.,  0.,  0.,  0.,  0.,  0.,  0.,  0.,  0.,
        0.,  0.,  0.,  0.,  0.,  0.,  0.,  0.,  0.,  0.,  0.,  0.,  0.,
        0.,  0.,  0.,  0.,  0.,  0.,  0.,  0.,  0.], dtype=float32), array([ 0.,  0.,  0.,  0.,  0.,  0.,  0.,  0.,  0.,  0.,  0.,  0.,  0.,
        0.,  0.,  0.,  0.,  0.,  0.,  0.,  0.,  0.,  0.,  0.,  0.,  0.,
        0.,  0.,  0.,  0.,  0.,  0.,  0.,  0.,  0.,  0.,  0.,  0.,  0.,
        0.,  0.,  0.,  0.,  0.,  0.,  0.,  0.,  0.,  0.,  0.,  0.,  0.,
        0.,  0.,  0.,  0.,  0.,  0.,  0.,  0.,  0.,  0.,  0.,  0.,  0.,
        0.,  0.,  0.,  0.,  0.,  0.,  0.,  0.,  0.,  0.,  0.,  0.,  0.,
        0.,  0.,  0.,  0.,  0.,  0.,  0.,  0.,  0.,  0.,  0.,  0.,  0.,
        0.,  0.,  0.,  0.,  0.,  0.,  0.,  0.,  0.], dtype=float32), array([ -5.43578744e-06,   8.21896447e-06,   4.01793341e-06,
        -1.26718514e-05,  -1.96909696e-06,   1.48888848e-05,
        -4.80687322e-06,  -3.72276213e-06,  -1.29433965e-05,
        -8.35676383e-06,   2.34651397e-05,   7.34408832e-06,
         4.38825282e-06,  -2.43906402e-06,   9.64881201e-06,
        -1.35242644e-05,  -9.82879840e-08,   1.83943066e-05,
        -2.43818795e-06,  -1.72337204e-05,   8.67162328e-07,
         9.97921597e-06,  -4.51024380e-06,   9.42267525e-06,
         9.46193086e-06,   1.17404425e-05,  -1.20158002e-05,
         8.61692752e-06,   7.35317326e-06,  -1.65237070e-05,
         7.84186614e-06,   8.66525897e-06,   2.37368954e-06,
        -2.83818986e-06,  -5.67021243e-06,  -1.04999581e-05,
         6.65985181e-06,  -1.20018094e-05,  -5.54215148e-06,
         2.94202778e-06,  -7.51735934e-06,   8.73103818e-06,
        -1.79902017e-05,   1.92625703e-05,   1.03435571e-06,
        -1.48192112e-05,   1.54029874e-06,  -7.44888803e-06,
        -6.07027960e-06,  -3.81455607e-06,   5.81612858e-06,
        -7.35292269e-06,   1.04396913e-05,  -1.94075596e-06,
        -8.67215113e-06,  -4.75243070e-07,   4.46356398e-06,
         1.67846920e-05,  -6.70461714e-06,   1.36893914e-05,
         1.54869429e-06,  -2.45765227e-06,   6.11760925e-06,
         1.31955348e-05,  -8.22184063e-08,   1.03867351e-05,
        -1.67466478e-05,   7.45615080e-06,   1.45602980e-05,
        -5.73520856e-06,  -2.28052668e-05,   5.19127525e-06,
        -1.27672092e-05,  -9.52309165e-06,   1.48929021e-05,
        -1.46309822e-05,  -3.18699904e-06,   1.08743843e-05,
        -7.53523682e-06,  -1.60550007e-05,  -4.33213609e-06,
         6.60676596e-06,  -7.14683893e-06,   1.12282605e-05,
         1.07199935e-06,   1.34038683e-05,  -5.06068909e-06,
        -2.55978875e-06,  -6.90791012e-07,   7.42547172e-06,
        -6.17930027e-06,   8.02304112e-06,   6.73798058e-06,
        -3.25861538e-06,   1.26624227e-05,   5.75336662e-06,
         1.44483647e-05,  -3.51937274e-06,  -1.91356521e-05,
         1.30742110e-05], dtype=float32), array([ 0.,  0.,  0.,  0.,  0.,  0.,  0.,  0.,  0.,  0.,  0.,  0.,  0.,
        0.,  0.,  0.,  0.,  0.,  0.,  0.,  0.,  0.,  0.,  0.,  0.,  0.,
        0.,  0.,  0.,  0.,  0.,  0.,  0.,  0.,  0.,  0.,  0.,  0.,  0.,
        0.,  0.,  0.,  0.,  0.,  0.,  0.,  0.,  0.,  0.,  0.,  0.,  0.,
        0.,  0.,  0.,  0.,  0.,  0.,  0.,  0.,  0.,  0.,  0.,  0.,  0.,
        0.,  0.,  0.,  0.,  0.,  0.,  0.,  0.,  0.,  0.,  0.,  0.,  0.,
        0.,  0.,  0.,  0.,  0.,  0.,  0.,  0.,  0.,  0.,  0.,  0.,  0.,
        0.,  0.,  0.,  0.,  0.,  0.,  0.,  0.,  0.], dtype=float32), array([ 0.,  0.,  0.,  0.,  0.,  0.,  0.,  0.,  0.,  0.,  0.,  0.,  0.,
        0.,  0.,  0.,  0.,  0.,  0.,  0.,  0.,  0.,  0.,  0.,  0.,  0.,
        0.,  0.,  0.,  0.,  0.,  0.,  0.,  0.,  0.,  0.,  0.,  0.,  0.,
        0.,  0.,  0.,  0.,  0.,  0.,  0.,  0.,  0.,  0.,  0.,  0.,  0.,
        0.,  0.,  0.,  0.,  0.,  0.,  0.,  0.,  0.,  0.,  0.,  0.,  0.,
        0.,  0.,  0.,  0.,  0.,  0.,  0.,  0.,  0.,  0.,  0.,  0.,  0.,
        0.,  0.,  0.,  0.,  0.,  0.,  0.,  0.,  0.,  0.,  0.,  0.,  0.,
        0.,  0.,  0.,  0.,  0.,  0.,  0.,  0.,  0.], dtype=float32), array([ 0.,  0.,  0.,  0.,  0.,  0.,  0.,  0.,  0.,  0.,  0.,  0.,  0.,
        0.,  0.,  0.,  0.,  0.,  0.,  0.,  0.,  0.,  0.,  0.,  0.,  0.,
        0.,  0.,  0.,  0.,  0.,  0.,  0.,  0.,  0.,  0.,  0.,  0.,  0.,
        0.,  0.,  0.,  0.,  0.,  0.,  0.,  0.,  0.,  0.,  0.,  0.,  0.,
        0.,  0.,  0.,  0.,  0.,  0.,  0.,  0.,  0.,  0.,  0.,  0.,  0.,
        0.,  0.,  0.,  0.,  0.,  0.,  0.,  0.,  0.,  0.,  0.,  0.,  0.,
        0.,  0.,  0.,  0.,  0.,  0.,  0.,  0.,  0.,  0.,  0.,  0.,  0.,
        0.,  0.,  0.,  0.,  0.,  0.,  0.,  0.,  0.], dtype=float32), array([ -5.43578744e-06,   8.21896447e-06,   4.01793341e-06,
        -1.26718514e-05,  -1.96909696e-06,   1.48888848e-05,
        -4.80687322e-06,  -3.72276213e-06,  -1.29433965e-05,
        -8.35676383e-06,   2.34651397e-05,   7.34408832e-06,
         4.38825282e-06,  -2.43906402e-06,   9.64881201e-06,
        -1.35242644e-05,  -9.82879840e-08,   1.83943066e-05,
        -2.43818795e-06,  -1.72337204e-05,   8.67162328e-07,
         9.97921597e-06,  -4.51024380e-06,   9.42267525e-06,
         9.46193086e-06,   1.17404425e-05,  -1.20158002e-05,
         8.61692752e-06,   7.35317326e-06,  -1.65237070e-05,
         7.84186614e-06,   8.66525897e-06,   2.37368954e-06,
        -2.83818986e-06,  -5.67021243e-06,  -1.04999581e-05,
         6.65985181e-06,  -1.20018094e-05,  -5.54215148e-06,
         2.94202778e-06,  -7.51735934e-06,   8.73103818e-06,
        -1.79902017e-05,   1.92625703e-05,   1.03435571e-06,
        -1.48192112e-05,   1.54029874e-06,  -7.44888803e-06,
        -6.07027960e-06,  -3.81455607e-06,   5.81612858e-06,
        -7.35292269e-06,   1.04396913e-05,  -1.94075596e-06,
        -8.67215113e-06,  -4.75243070e-07,   4.46356398e-06,
         1.67846920e-05,  -6.70461714e-06,   1.36893914e-05,
         1.54869429e-06,  -2.45765227e-06,   6.11760925e-06,
         1.31955348e-05,  -8.22184063e-08,   1.03867351e-05,
        -1.67466478e-05,   7.45615080e-06,   1.45602980e-05,
        -5.73520856e-06,  -2.28052668e-05,   5.19127525e-06,
        -1.27672092e-05,  -9.52309165e-06,   1.48929021e-05,
        -1.46309822e-05,  -3.18699904e-06,   1.08743843e-05,
        -7.53523682e-06,  -1.60550007e-05,  -4.33213609e-06,
         6.60676596e-06,  -7.14683893e-06,   1.12282605e-05,
         1.07199935e-06,   1.34038683e-05,  -5.06068909e-06,
        -2.55978875e-06,  -6.90791012e-07,   7.42547172e-06,
        -6.17930027e-06,   8.02304112e-06,   6.73798058e-06,
        -3.25861538e-06,   1.26624227e-05,   5.75336662e-06,
         1.44483647e-05,  -3.51937274e-06,  -1.91356521e-05,
         1.30742110e-05], dtype=float32), array([ 0.,  0.,  0.,  0.,  0.,  0.,  0.,  0.,  0.,  0.,  0.,  0.,  0.,
        0.,  0.,  0.,  0.,  0.,  0.,  0.,  0.,  0.,  0.,  0.,  0.,  0.,
        0.,  0.,  0.,  0.,  0.,  0.,  0.,  0.,  0.,  0.,  0.,  0.,  0.,
        0.,  0.,  0.,  0.,  0.,  0.,  0.,  0.,  0.,  0.,  0.,  0.,  0.,
        0.,  0.,  0.,  0.,  0.,  0.,  0.,  0.,  0.,  0.,  0.,  0.,  0.,
        0.,  0.,  0.,  0.,  0.,  0.,  0.,  0.,  0.,  0.,  0.,  0.,  0.,
        0.,  0.,  0.,  0.,  0.,  0.,  0.,  0.,  0.,  0.,  0.,  0.,  0.,
        0.,  0.,  0.,  0.,  0.,  0.,  0.,  0.,  0.], dtype=float32), array([-0.,  0.,  0.,  0.,  0.,  0.,  0.,  0.,  0.,  0.,  0.,  0.,  0.,
        0.,  0.,  0.,  0.,  0.,  0.,  0.,  0.,  0.,  0.,  0.,  0.,  0.,
        0.,  0.,  0.,  0.,  0.,  0.,  0.,  0.,  0.,  0.,  0.,  0.,  0.,
        0.,  0.,  0.,  0.,  0.,  0.,  0.,  0.,  0.,  0.,  0.,  0.,  0.,
        0.,  0.,  0.,  0.,  0.,  0.,  0.,  0.,  0., -0.,  0.,  0.,  0.,
        0.,  0.,  0.,  0.,  0.,  0.,  0.,  0.,  0.,  0.,  0.,  0.,  0.,
        0.,  0.,  0.,  0.,  0.,  0.,  0.,  0.,  0.,  0.,  0.,  0.,  0.,
        0.,  0.,  0.,  0.,  0.,  0.,  0.,  0.,  0.], dtype=float32), array([ 0.,  0.,  0.,  0.,  0.,  0.,  0.,  0.,  0.,  0.,  0.,  0.,  0.,
        0.,  0.,  0.,  0.,  0.,  0.,  0.,  0.,  0.,  0.,  0.,  0.,  0.,
        0.,  0.,  0.,  0.,  0.,  0.,  0.,  0.,  0.,  0.,  0.,  0.,  0.,
        0.,  0.,  0.,  0.,  0.,  0.,  0.,  0.,  0.,  0.,  0.,  0.,  0.,
        0.,  0.,  0.,  0.,  0.,  0.,  0.,  0.,  0.,  0.,  0.,  0.,  0.,
        0.,  0.,  0.,  0.,  0.,  0.,  0.,  0.,  0.,  0.,  0.,  0.,  0.,
        0.,  0.,  0.,  0.,  0.,  0.,  0.,  0.,  0.,  0.,  0.,  0.,  0.,
        0.,  0.,  0.,  0.,  0.,  0.,  0.,  0.,  0.], dtype=float32), array([ 0.,  0.,  0.,  0.,  0.,  0.,  0.,  0.,  0.,  0.,  0.,  0.,  0.,
        0.,  0.,  0.,  0.,  0.,  0.,  0.,  0.,  0.,  0.,  0.,  0.,  0.,
        0.,  0.,  0.,  0.,  0.,  0.,  0.,  0.,  0.,  0.,  0.,  0.,  0.,
        0.,  0.,  0.,  0.,  0.,  0.,  0.,  0.,  0.,  0.,  0.,  0.,  0.,
        0.,  0.,  0.,  0.,  0.,  0.,  0.,  0.,  0.,  0.,  0.,  0.,  0.,
        0.,  0.,  0.,  0.,  0.,  0.,  0.,  0.,  0.,  0.,  0.,  0.,  0.,
        0.,  0.,  0.,  0.,  0.,  0.,  0.,  0.,  0.,  0.,  0.,  0.,  0.,
        0.,  0.,  0.,  0.,  0.,  0.,  0.,  0.,  0.], dtype=float32), array([ 0.,  0.,  0.,  0.,  0.,  0.,  0.,  0.,  0.,  0.,  0.,  0.,  0.,
        0.,  0.,  0.,  0.,  0.,  0.,  0.,  0.,  0.,  0.,  0.,  0.,  0.,
        0.,  0.,  0.,  0.,  0.,  0.,  0.,  0.,  0.,  0.,  0.,  0.,  0.,
        0.,  0.,  0.,  0.,  0.,  0.,  0.,  0.,  0.,  0.,  0.,  0.,  0.,
        0.,  0.,  0.,  0.,  0.,  0.,  0.,  0.,  0.,  0.,  0.,  0.,  0.,
        0.,  0.,  0.,  0.,  0.,  0.,  0.,  0.,  0.,  0.,  0.,  0.,  0.,
        0.,  0.,  0.,  0.,  0.,  0.,  0.,  0.,  0.,  0.,  0.,  0.,  0.,
        0.,  0.,  0.,  0.,  0.,  0.,  0.,  0.,  0.], dtype=float32), array([ -5.43578744e-06,   8.21896447e-06,   4.01793341e-06,
        -1.26718514e-05,  -1.96909696e-06,   1.48888848e-05,
        -4.80687322e-06,  -3.72276213e-06,  -1.29433965e-05,
        -8.35676383e-06,   2.34651397e-05,   7.34408832e-06,
         4.38825282e-06,  -2.43906402e-06,   9.64881201e-06,
        -1.35242644e-05,  -9.82879840e-08,   1.83943066e-05,
        -2.43818795e-06,  -1.72337204e-05,   8.67162328e-07,
         9.97921597e-06,  -4.51024380e-06,   9.42267525e-06,
         9.46193086e-06,   1.17404425e-05,  -1.20158002e-05,
         8.61692752e-06,   7.35317326e-06,  -1.65237070e-05,
         7.84186614e-06,   8.66525897e-06,   2.37368954e-06,
        -2.83818986e-06,  -5.67021243e-06,  -1.04999581e-05,
         6.65985181e-06,  -1.20018094e-05,  -5.54215148e-06,
         2.94202778e-06,  -7.51735934e-06,   8.73103818e-06,
        -1.79902017e-05,   1.92625703e-05,   1.03435571e-06,
        -1.48192112e-05,   1.54029874e-06,  -7.44888803e-06,
        -6.07027960e-06,  -3.81455607e-06,   5.81612858e-06,
        -7.35292269e-06,   1.04396913e-05,  -1.94075596e-06,
        -8.67215113e-06,  -4.75243070e-07,   4.46356398e-06,
         1.67846920e-05,  -6.70461714e-06,   1.36893914e-05,
         1.54869429e-06,  -2.45765227e-06,   6.11760925e-06,
         1.31955348e-05,  -8.22184063e-08,   1.03867351e-05,
        -1.67466478e-05,   7.45615080e-06,   1.45602980e-05,
        -5.73520856e-06,  -2.28052668e-05,   5.19127525e-06,
        -1.27672092e-05,  -9.52309165e-06,   1.48929021e-05,
        -1.46309822e-05,  -3.18699904e-06,   1.08743843e-05,
        -7.53523682e-06,  -1.60550007e-05,  -4.33213609e-06,
         6.60676596e-06,  -7.14683893e-06,   1.12282605e-05,
         1.07199935e-06,   1.34038683e-05,  -5.06068909e-06,
        -2.55978875e-06,  -6.90791012e-07,   7.42547172e-06,
        -6.17930027e-06,   8.02304112e-06,   6.73798058e-06,
        -3.25861538e-06,   1.26624227e-05,   5.75336662e-06,
         1.44483647e-05,  -3.51937274e-06,  -1.91356521e-05,
         1.30742110e-05], dtype=float32), array([ -1.63073619e-05,   2.46568925e-05,   1.20538007e-05,
        -3.80155543e-05,  -5.90729087e-06,   4.46666527e-05,
        -1.44206197e-05,  -1.11682866e-05,  -3.88301887e-05,
        -2.50702906e-05,   7.03954211e-05,   2.20322654e-05,
         1.31647585e-05,  -7.31719228e-06,   2.89464369e-05,
        -4.05727915e-05,  -2.94863952e-07,   5.51829216e-05,
        -7.31456385e-06,  -5.17011613e-05,   2.60148704e-06,
         2.99376479e-05,  -1.35307309e-05,   2.82680267e-05,
         2.83857917e-05,   3.52213283e-05,  -3.60474005e-05,
         2.58507825e-05,   2.20595193e-05,  -4.95711211e-05,
         2.35255975e-05,   2.59957778e-05,   7.12106885e-06,
        -8.51456934e-06,  -1.70106377e-05,  -3.14998761e-05,
         1.99795559e-05,  -3.60054291e-05,  -1.66264545e-05,
         8.82608310e-06,  -2.25520780e-05,   2.61931145e-05,
        -5.39706052e-05,   5.77877108e-05,   3.10306723e-06,
        -4.44576326e-05,   4.62089611e-06,  -2.23466632e-05,
        -1.82108379e-05,  -1.14436680e-05,   1.74483866e-05,
        -2.20587681e-05,   3.13190758e-05,  -5.82226767e-06,
        -2.60164525e-05,  -1.42572924e-06,   1.33906924e-05,
         5.03540759e-05,  -2.01138519e-05,   4.10681751e-05,
         4.64608274e-06,  -7.37295704e-06,   1.83528282e-05,
         3.95866045e-05,  -2.46655219e-07,   3.11602053e-05,
        -5.02399416e-05,   2.23684528e-05,   4.36808950e-05,
        -1.72056261e-05,  -6.84158003e-05,   1.55738253e-05,
        -3.83016268e-05,  -2.85692749e-05,   4.46787053e-05,
        -4.38929455e-05,  -9.56099757e-06,   3.26231529e-05,
        -2.26057109e-05,  -4.81650022e-05,  -1.29964083e-05,
         1.98202979e-05,  -2.14405172e-05,   3.36847806e-05,
         3.21599805e-06,   4.02116057e-05,  -1.51820677e-05,
        -7.67936581e-06,  -2.07237304e-06,   2.22764156e-05,
        -1.85379013e-05,   2.40691224e-05,   2.02139418e-05,
        -9.77584568e-06,   3.79872690e-05,   1.72600994e-05,
         4.33450950e-05,  -1.05581184e-05,  -5.74069563e-05,
         3.92226320e-05], dtype=float32), array([ 0.,  0.,  0.,  0.,  0.,  0.,  0.,  0.,  0.,  0.,  0.,  0.,  0.,
        0.,  0.,  0.,  0.,  0.,  0.,  0.,  0.,  0.,  0.,  0.,  0.,  0.,
        0.,  0.,  0.,  0.,  0.,  0.,  0.,  0.,  0.,  0.,  0.,  0.,  0.,
        0.,  0.,  0.,  0.,  0.,  0.,  0.,  0.,  0.,  0.,  0.,  0.,  0.,
        0.,  0.,  0.,  0.,  0.,  0.,  0.,  0.,  0.,  0.,  0.,  0.,  0.,
        0.,  0.,  0.,  0.,  0.,  0.,  0.,  0.,  0.,  0.,  0.,  0.,  0.,
        0.,  0.,  0.,  0.,  0.,  0.,  0.,  0.,  0.,  0.,  0.,  0.,  0.,
        0.,  0.,  0.,  0.,  0.,  0.,  0.,  0.,  0.], dtype=float32), array([ 0.,  0.,  0.,  0.,  0.,  0.,  0.,  0.,  0.,  0.,  0.,  0.,  0.,
        0.,  0.,  0.,  0.,  0.,  0.,  0.,  0.,  0.,  0.,  0.,  0.,  0.,
        0.,  0.,  0.,  0.,  0.,  0.,  0.,  0.,  0.,  0.,  0.,  0.,  0.,
        0.,  0.,  0.,  0.,  0.,  0.,  0.,  0.,  0.,  0.,  0.,  0.,  0.,
        0.,  0.,  0.,  0.,  0.,  0.,  0.,  0.,  0.,  0.,  0.,  0.,  0.,
        0.,  0.,  0.,  0.,  0.,  0.,  0.,  0.,  0.,  0.,  0.,  0.,  0.,
        0.,  0.,  0.,  0.,  0.,  0.,  0.,  0.,  0.,  0.,  0.,  0.,  0.,
        0.,  0.,  0.,  0.,  0.,  0.,  0.,  0.,  0.], dtype=float32), array([ 0.,  0.,  0.,  0.,  0.,  0.,  0.,  0.,  0.,  0.,  0.,  0.,  0.,
        0.,  0.,  0.,  0.,  0.,  0.,  0.,  0.,  0.,  0.,  0.,  0.,  0.,
        0.,  0.,  0.,  0.,  0.,  0.,  0.,  0.,  0.,  0.,  0.,  0.,  0.,
        0.,  0.,  0.,  0.,  0.,  0.,  0.,  0.,  0.,  0.,  0.,  0.,  0.,
        0.,  0.,  0.,  0.,  0.,  0.,  0.,  0.,  0.,  0.,  0.,  0.,  0.,
        0.,  0.,  0.,  0.,  0.,  0.,  0.,  0.,  0.,  0.,  0.,  0.,  0.,
        0.,  0.,  0.,  0.,  0.,  0.,  0.,  0.,  0.,  0.,  0.,  0.,  0.,
        0.,  0.,  0.,  0.,  0.,  0.,  0.,  0.,  0.], dtype=float32), array([ 0.,  0.,  0.,  0.,  0.,  0.,  0.,  0.,  0.,  0.,  0.,  0.,  0.,
        0.,  0.,  0.,  0.,  0.,  0.,  0.,  0.,  0.,  0.,  0.,  0.,  0.,
        0.,  0.,  0.,  0.,  0.,  0.,  0.,  0.,  0.,  0.,  0.,  0.,  0.,
        0.,  0.,  0.,  0.,  0.,  0.,  0.,  0.,  0.,  0.,  0.,  0.,  0.,
        0.,  0.,  0.,  0.,  0.,  0.,  0.,  0.,  0.,  0.,  0.,  0.,  0.,
        0.,  0.,  0.,  0.,  0.,  0.,  0.,  0.,  0.,  0.,  0.,  0.,  0.,
        0.,  0.,  0.,  0.,  0.,  0.,  0.,  0.,  0.,  0.,  0.,  0.,  0.,
        0.,  0.,  0.,  0.,  0.,  0.,  0.,  0.,  0.], dtype=float32), array([ 0.,  0.,  0.,  0.,  0.,  0.,  0.,  0.,  0.,  0.,  0.,  0.,  0.,
        0.,  0.,  0.,  0.,  0.,  0.,  0.,  0.,  0.,  0.,  0.,  0.,  0.,
        0.,  0.,  0.,  0.,  0.,  0.,  0.,  0.,  0.,  0.,  0.,  0.,  0.,
        0.,  0.,  0.,  0.,  0.,  0.,  0.,  0.,  0.,  0.,  0.,  0.,  0.,
        0.,  0.,  0.,  0.,  0.,  0.,  0.,  0.,  0.,  0.,  0.,  0.,  0.,
        0.,  0.,  0.,  0.,  0.,  0.,  0.,  0.,  0.,  0.,  0.,  0.,  0.,
        0.,  0.,  0.,  0.,  0.,  0.,  0.,  0.,  0.,  0.,  0.,  0.,  0.,
        0.,  0.,  0.,  0.,  0.,  0.,  0.,  0.,  0.], dtype=float32), array([ 0.,  0.,  0.,  0.,  0.,  0.,  0.,  0.,  0.,  0.,  0.,  0.,  0.,
        0.,  0.,  0.,  0.,  0.,  0.,  0.,  0.,  0.,  0.,  0.,  0.,  0.,
        0.,  0.,  0.,  0.,  0.,  0.,  0.,  0.,  0.,  0.,  0.,  0.,  0.,
        0.,  0.,  0.,  0.,  0.,  0.,  0.,  0.,  0.,  0.,  0.,  0.,  0.,
        0.,  0.,  0.,  0.,  0.,  0.,  0.,  0.,  0.,  0.,  0.,  0.,  0.,
        0.,  0.,  0.,  0.,  0.,  0.,  0.,  0.,  0.,  0.,  0.,  0.,  0.,
        0.,  0.,  0.,  0.,  0.,  0.,  0.,  0.,  0.,  0.,  0.,  0.,  0.,
        0.,  0.,  0.,  0.,  0.,  0.,  0.,  0.,  0.], dtype=float32), array([ 0.,  0.,  0.,  0.,  0.,  0.,  0.,  0.,  0.,  0.,  0.,  0.,  0.,
        0.,  0.,  0.,  0.,  0.,  0.,  0.,  0.,  0.,  0.,  0.,  0.,  0.,
        0.,  0.,  0.,  0.,  0.,  0.,  0.,  0.,  0.,  0.,  0.,  0.,  0.,
        0.,  0.,  0.,  0.,  0.,  0.,  0.,  0.,  0.,  0.,  0.,  0.,  0.,
        0.,  0.,  0.,  0.,  0.,  0.,  0.,  0.,  0.,  0.,  0.,  0.,  0.,
        0.,  0.,  0.,  0.,  0.,  0.,  0.,  0.,  0.,  0.,  0.,  0.,  0.,
        0.,  0.,  0.,  0.,  0.,  0.,  0.,  0.,  0.,  0.,  0.,  0.,  0.,
        0.,  0.,  0.,  0.,  0.,  0.,  0.,  0.,  0.], dtype=float32), array([ 0.,  0.,  0.,  0.,  0.,  0.,  0.,  0.,  0.,  0.,  0.,  0.,  0.,
        0.,  0.,  0.,  0.,  0.,  0.,  0.,  0.,  0.,  0.,  0.,  0.,  0.,
        0.,  0.,  0.,  0.,  0.,  0.,  0.,  0.,  0.,  0.,  0.,  0.,  0.,
        0.,  0.,  0.,  0.,  0.,  0.,  0.,  0.,  0.,  0.,  0.,  0.,  0.,
        0.,  0.,  0.,  0.,  0.,  0.,  0.,  0.,  0.,  0.,  0.,  0.,  0.,
        0.,  0.,  0.,  0.,  0.,  0.,  0.,  0.,  0.,  0.,  0.,  0.,  0.,
        0.,  0.,  0.,  0.,  0.,  0.,  0.,  0.,  0.,  0.,  0.,  0.,  0.,
        0.,  0.,  0.,  0.,  0.,  0.,  0.,  0.,  0.], dtype=float32), array([ -5.43578744e-06,   8.21896447e-06,   4.01793341e-06,
        -1.26718514e-05,  -1.96909696e-06,   1.48888848e-05,
        -4.80687322e-06,  -3.72276213e-06,  -1.29433965e-05,
        -8.35676383e-06,   2.34651397e-05,   7.34408832e-06,
         4.38825282e-06,  -2.43906402e-06,   9.64881201e-06,
        -1.35242644e-05,  -9.82879840e-08,   1.83943066e-05,
        -2.43818795e-06,  -1.72337204e-05,   8.67162328e-07,
         9.97921597e-06,  -4.51024380e-06,   9.42267525e-06,
         9.46193086e-06,   1.17404425e-05,  -1.20158002e-05,
         8.61692752e-06,   7.35317326e-06,  -1.65237070e-05,
         7.84186614e-06,   8.66525897e-06,   2.37368954e-06,
        -2.83818986e-06,  -5.67021243e-06,  -1.04999581e-05,
         6.65985181e-06,  -1.20018094e-05,  -5.54215148e-06,
         2.94202778e-06,  -7.51735934e-06,   8.73103818e-06,
        -1.79902017e-05,   1.92625703e-05,   1.03435571e-06,
        -1.48192112e-05,   1.54029874e-06,  -7.44888803e-06,
        -6.07027960e-06,  -3.81455607e-06,   5.81612858e-06,
        -7.35292269e-06,   1.04396913e-05,  -1.94075596e-06,
        -8.67215113e-06,  -4.75243070e-07,   4.46356398e-06,
         1.67846920e-05,  -6.70461714e-06,   1.36893914e-05,
         1.54869429e-06,  -2.45765227e-06,   6.11760925e-06,
         1.31955348e-05,  -8.22184063e-08,   1.03867351e-05,
        -1.67466478e-05,   7.45615080e-06,   1.45602980e-05,
        -5.73520856e-06,  -2.28052668e-05,   5.19127525e-06,
        -1.27672092e-05,  -9.52309165e-06,   1.48929021e-05,
        -1.46309822e-05,  -3.18699904e-06,   1.08743843e-05,
        -7.53523682e-06,  -1.60550007e-05,  -4.33213609e-06,
         6.60676596e-06,  -7.14683893e-06,   1.12282605e-05,
         1.07199935e-06,   1.34038683e-05,  -5.06068909e-06,
        -2.55978875e-06,  -6.90791012e-07,   7.42547172e-06,
        -6.17930027e-06,   8.02304112e-06,   6.73798058e-06,
        -3.25861538e-06,   1.26624227e-05,   5.75336662e-06,
         1.44483647e-05,  -3.51937274e-06,  -1.91356521e-05,
         1.30742110e-05], dtype=float32), array([ -5.43578744e-06,   8.21896447e-06,   4.01793341e-06,
        -1.26718514e-05,  -1.96909696e-06,   1.48888848e-05,
        -4.80687322e-06,  -3.72276213e-06,  -1.29433965e-05,
        -8.35676383e-06,   2.34651397e-05,   7.34408832e-06,
         4.38825282e-06,  -2.43906402e-06,   9.64881201e-06,
        -1.35242644e-05,  -9.82879840e-08,   1.83943066e-05,
        -2.43818795e-06,  -1.72337204e-05,   8.67162328e-07,
         9.97921597e-06,  -4.51024380e-06,   9.42267525e-06,
         9.46193086e-06,   1.17404425e-05,  -1.20158002e-05,
         8.61692752e-06,   7.35317326e-06,  -1.65237070e-05,
         7.84186614e-06,   8.66525897e-06,   2.37368954e-06,
        -2.83818986e-06,  -5.67021243e-06,  -1.04999581e-05,
         6.65985181e-06,  -1.20018094e-05,  -5.54215148e-06,
         2.94202778e-06,  -7.51735934e-06,   8.73103818e-06,
        -1.79902017e-05,   1.92625703e-05,   1.03435571e-06,
        -1.48192112e-05,   1.54029874e-06,  -7.44888803e-06,
        -6.07027960e-06,  -3.81455607e-06,   5.81612858e-06,
        -7.35292269e-06,   1.04396913e-05,  -1.94075596e-06,
        -8.67215113e-06,  -4.75243070e-07,   4.46356398e-06,
         1.67846920e-05,  -6.70461714e-06,   1.36893914e-05,
         1.54869429e-06,  -2.45765227e-06,   6.11760925e-06,
         1.31955348e-05,  -8.22184063e-08,   1.03867351e-05,
        -1.67466478e-05,   7.45615080e-06,   1.45602980e-05,
        -5.73520856e-06,  -2.28052668e-05,   5.19127525e-06,
        -1.27672092e-05,  -9.52309165e-06,   1.48929021e-05,
        -1.46309822e-05,  -3.18699904e-06,   1.08743843e-05,
        -7.53523682e-06,  -1.60550007e-05,  -4.33213609e-06,
         6.60676596e-06,  -7.14683893e-06,   1.12282605e-05,
         1.07199935e-06,   1.34038683e-05,  -5.06068909e-06,
        -2.55978875e-06,  -6.90791012e-07,   7.42547172e-06,
        -6.17930027e-06,   8.02304112e-06,   6.73798058e-06,
        -3.25861538e-06,   1.26624227e-05,   5.75336662e-06,
         1.44483647e-05,  -3.51937274e-06,  -1.91356521e-05,
         1.30742110e-05], dtype=float32), array([ 0.,  0.,  0.,  0.,  0.,  0.,  0.,  0.,  0.,  0.,  0.,  0.,  0.,
        0.,  0.,  0.,  0.,  0.,  0.,  0.,  0.,  0.,  0.,  0.,  0.,  0.,
        0.,  0.,  0.,  0.,  0.,  0.,  0.,  0.,  0.,  0.,  0.,  0.,  0.,
        0.,  0.,  0.,  0.,  0.,  0.,  0.,  0.,  0.,  0.,  0.,  0.,  0.,
        0.,  0.,  0.,  0.,  0.,  0.,  0.,  0.,  0.,  0.,  0.,  0.,  0.,
        0.,  0.,  0.,  0.,  0.,  0.,  0.,  0.,  0.,  0.,  0.,  0.,  0.,
        0.,  0.,  0.,  0.,  0.,  0.,  0.,  0.,  0.,  0.,  0.,  0.,  0.,
        0.,  0.,  0.,  0.,  0.,  0.,  0.,  0.,  0.], dtype=float32), array([ 0.,  0.,  0.,  0.,  0.,  0.,  0.,  0.,  0.,  0.,  0.,  0.,  0.,
        0.,  0.,  0.,  0.,  0.,  0.,  0.,  0.,  0.,  0.,  0.,  0.,  0.,
        0.,  0.,  0.,  0.,  0.,  0.,  0.,  0.,  0.,  0.,  0.,  0.,  0.,
        0.,  0.,  0.,  0.,  0.,  0.,  0.,  0.,  0.,  0.,  0.,  0.,  0.,
        0.,  0.,  0.,  0.,  0.,  0.,  0.,  0.,  0.,  0.,  0.,  0.,  0.,
        0.,  0.,  0.,  0.,  0.,  0.,  0.,  0.,  0.,  0.,  0.,  0.,  0.,
        0.,  0.,  0.,  0.,  0.,  0.,  0.,  0.,  0.,  0.,  0.,  0.,  0.,
        0.,  0.,  0.,  0.,  0.,  0.,  0.,  0.,  0.], dtype=float32), array([ -5.43578744e-06,   8.21896447e-06,   4.01793341e-06,
        -1.26718514e-05,  -1.96909696e-06,   1.48888848e-05,
        -4.80687322e-06,  -3.72276213e-06,  -1.29433965e-05,
        -8.35676383e-06,   2.34651397e-05,   7.34408832e-06,
         4.38825282e-06,  -2.43906402e-06,   9.64881201e-06,
        -1.35242644e-05,  -9.82879840e-08,   1.83943066e-05,
        -2.43818795e-06,  -1.72337204e-05,   8.67162328e-07,
         9.97921597e-06,  -4.51024380e-06,   9.42267525e-06,
         9.46193086e-06,   1.17404425e-05,  -1.20158002e-05,
         8.61692752e-06,   7.35317326e-06,  -1.65237070e-05,
         7.84186614e-06,   8.66525897e-06,   2.37368954e-06,
        -2.83818986e-06,  -5.67021243e-06,  -1.04999581e-05,
         6.65985181e-06,  -1.20018094e-05,  -5.54215148e-06,
         2.94202778e-06,  -7.51735934e-06,   8.73103818e-06,
        -1.79902017e-05,   1.92625703e-05,   1.03435571e-06,
        -1.48192112e-05,   1.54029874e-06,  -7.44888803e-06,
        -6.07027960e-06,  -3.81455607e-06,   5.81612858e-06,
        -7.35292269e-06,   1.04396913e-05,  -1.94075596e-06,
        -8.67215113e-06,  -4.75243070e-07,   4.46356398e-06,
         1.67846920e-05,  -6.70461714e-06,   1.36893914e-05,
         1.54869429e-06,  -2.45765227e-06,   6.11760925e-06,
         1.31955348e-05,  -8.22184063e-08,   1.03867351e-05,
        -1.67466478e-05,   7.45615080e-06,   1.45602980e-05,
        -5.73520856e-06,  -2.28052668e-05,   5.19127525e-06,
        -1.27672092e-05,  -9.52309165e-06,   1.48929021e-05,
        -1.46309822e-05,  -3.18699904e-06,   1.08743843e-05,
        -7.53523682e-06,  -1.60550007e-05,  -4.33213609e-06,
         6.60676596e-06,  -7.14683893e-06,   1.12282605e-05,
         1.07199935e-06,   1.34038683e-05,  -5.06068909e-06,
        -2.55978875e-06,  -6.90791012e-07,   7.42547172e-06,
        -6.17930027e-06,   8.02304112e-06,   6.73798058e-06,
        -3.25861538e-06,   1.26624227e-05,   5.75336662e-06,
         1.44483647e-05,  -3.51937274e-06,  -1.91356521e-05,
         1.30742110e-05], dtype=float32), array([ 0.,  0.,  0.,  0.,  0.,  0.,  0.,  0.,  0.,  0.,  0.,  0.,  0.,
        0.,  0.,  0.,  0.,  0.,  0.,  0.,  0.,  0.,  0.,  0.,  0.,  0.,
        0.,  0.,  0.,  0.,  0.,  0.,  0.,  0.,  0.,  0.,  0.,  0.,  0.,
        0.,  0.,  0.,  0.,  0.,  0.,  0.,  0.,  0.,  0.,  0.,  0.,  0.,
        0.,  0.,  0.,  0.,  0.,  0.,  0.,  0.,  0.,  0.,  0.,  0.,  0.,
        0.,  0.,  0.,  0.,  0.,  0.,  0.,  0.,  0.,  0.,  0.,  0.,  0.,
        0.,  0.,  0.,  0.,  0.,  0.,  0.,  0.,  0.,  0.,  0.,  0.,  0.,
        0.,  0.,  0.,  0.,  0.,  0.,  0.,  0.,  0.], dtype=float32), array([ 0.,  0.,  0.,  0.,  0.,  0.,  0.,  0.,  0.,  0.,  0.,  0.,  0.,
        0.,  0.,  0.,  0.,  0.,  0.,  0.,  0.,  0.,  0.,  0.,  0.,  0.,
        0.,  0.,  0.,  0.,  0.,  0.,  0.,  0.,  0.,  0.,  0.,  0.,  0.,
        0.,  0.,  0.,  0.,  0.,  0.,  0.,  0.,  0.,  0.,  0.,  0.,  0.,
        0.,  0.,  0.,  0.,  0.,  0.,  0.,  0.,  0.,  0.,  0.,  0.,  0.,
        0.,  0.,  0.,  0.,  0.,  0.,  0.,  0.,  0.,  0.,  0.,  0.,  0.,
        0.,  0.,  0.,  0.,  0.,  0.,  0.,  0.,  0.,  0.,  0.,  0.,  0.,
        0.,  0.,  0.,  0.,  0.,  0.,  0.,  0.,  0.], dtype=float32), array([ 0.,  0.,  0.,  0.,  0.,  0.,  0.,  0.,  0.,  0.,  0.,  0.,  0.,
        0.,  0.,  0.,  0.,  0.,  0.,  0.,  0.,  0.,  0.,  0.,  0.,  0.,
        0.,  0.,  0.,  0.,  0.,  0.,  0.,  0.,  0.,  0.,  0.,  0.,  0.,
        0.,  0.,  0.,  0.,  0.,  0.,  0.,  0.,  0.,  0.,  0.,  0.,  0.,
        0.,  0.,  0.,  0.,  0.,  0.,  0.,  0.,  0.,  0.,  0.,  0.,  0.,
        0.,  0.,  0.,  0.,  0.,  0.,  0.,  0.,  0.,  0.,  0.,  0.,  0.,
        0.,  0.,  0.,  0.,  0.,  0.,  0.,  0.,  0.,  0.,  0.,  0.,  0.,
        0.,  0.,  0.,  0.,  0.,  0.,  0.,  0.,  0.], dtype=float32), array([ 0.,  0.,  0.,  0.,  0.,  0.,  0.,  0.,  0.,  0.,  0.,  0.,  0.,
        0.,  0.,  0.,  0.,  0.,  0.,  0.,  0.,  0.,  0.,  0.,  0.,  0.,
        0.,  0.,  0.,  0.,  0.,  0.,  0.,  0.,  0.,  0.,  0.,  0.,  0.,
        0.,  0.,  0.,  0.,  0.,  0.,  0.,  0.,  0.,  0.,  0.,  0.,  0.,
        0.,  0.,  0.,  0.,  0.,  0.,  0.,  0.,  0.,  0.,  0.,  0.,  0.,
        0.,  0.,  0.,  0.,  0.,  0.,  0.,  0.,  0.,  0.,  0.,  0.,  0.,
        0.,  0.,  0.,  0.,  0.,  0.,  0.,  0.,  0.,  0.,  0.,  0.,  0.,
        0.,  0.,  0.,  0.,  0.,  0.,  0.,  0.,  0.], dtype=float32), array([ 0.,  0.,  0.,  0.,  0.,  0.,  0.,  0.,  0.,  0.,  0.,  0.,  0.,
        0.,  0.,  0.,  0.,  0.,  0.,  0.,  0.,  0.,  0.,  0.,  0.,  0.,
        0.,  0.,  0.,  0.,  0.,  0.,  0.,  0.,  0.,  0.,  0.,  0.,  0.,
        0.,  0.,  0.,  0.,  0.,  0.,  0.,  0.,  0.,  0.,  0.,  0.,  0.,
        0.,  0.,  0.,  0.,  0.,  0.,  0.,  0.,  0.,  0.,  0.,  0.,  0.,
        0.,  0.,  0.,  0.,  0.,  0.,  0.,  0.,  0.,  0.,  0.,  0.,  0.,
        0.,  0.,  0.,  0.,  0.,  0.,  0.,  0.,  0.,  0.,  0.,  0.,  0.,
        0.,  0.,  0.,  0.,  0.,  0.,  0.,  0.,  0.], dtype=float32), array([ -5.43578744e-06,   8.21896447e-06,   4.01793341e-06,
        -1.26718514e-05,  -1.96909696e-06,   1.48888848e-05,
        -4.80687322e-06,  -3.72276213e-06,  -1.29433965e-05,
        -8.35676383e-06,   2.34651397e-05,   7.34408832e-06,
         4.38825282e-06,  -2.43906402e-06,   9.64881201e-06,
        -1.35242644e-05,  -9.82879840e-08,   1.83943066e-05,
        -2.43818795e-06,  -1.72337204e-05,   8.67162328e-07,
         9.97921597e-06,  -4.51024380e-06,   9.42267525e-06,
         9.46193086e-06,   1.17404425e-05,  -1.20158002e-05,
         8.61692752e-06,   7.35317326e-06,  -1.65237070e-05,
         7.84186614e-06,   8.66525897e-06,   2.37368954e-06,
        -2.83818986e-06,  -5.67021243e-06,  -1.04999581e-05,
         6.65985181e-06,  -1.20018094e-05,  -5.54215148e-06,
         2.94202778e-06,  -7.51735934e-06,   8.73103818e-06,
        -1.79902017e-05,   1.92625703e-05,   1.03435571e-06,
        -1.48192112e-05,   1.54029874e-06,  -7.44888803e-06,
        -6.07027960e-06,  -3.81455607e-06,   5.81612858e-06,
        -7.35292269e-06,   1.04396913e-05,  -1.94075596e-06,
        -8.67215113e-06,  -4.75243070e-07,   4.46356398e-06,
         1.67846920e-05,  -6.70461714e-06,   1.36893914e-05,
         1.54869429e-06,  -2.45765227e-06,   6.11760925e-06,
         1.31955348e-05,  -8.22184063e-08,   1.03867351e-05,
        -1.67466478e-05,   7.45615080e-06,   1.45602980e-05,
        -5.73520856e-06,  -2.28052668e-05,   5.19127525e-06,
        -1.27672092e-05,  -9.52309165e-06,   1.48929021e-05,
        -1.46309822e-05,  -3.18699904e-06,   1.08743843e-05,
        -7.53523682e-06,  -1.60550007e-05,  -4.33213609e-06,
         6.60676596e-06,  -7.14683893e-06,   1.12282605e-05,
         1.07199935e-06,   1.34038683e-05,  -5.06068909e-06,
        -2.55978875e-06,  -6.90791012e-07,   7.42547172e-06,
        -6.17930027e-06,   8.02304112e-06,   6.73798058e-06,
        -3.25861538e-06,   1.26624227e-05,   5.75336662e-06,
         1.44483647e-05,  -3.51937274e-06,  -1.91356521e-05,
         1.30742110e-05], dtype=float32), array([ 0.,  0.,  0.,  0.,  0.,  0.,  0.,  0.,  0.,  0.,  0.,  0.,  0.,
        0.,  0.,  0.,  0.,  0.,  0.,  0.,  0.,  0.,  0.,  0.,  0.,  0.,
        0.,  0.,  0.,  0.,  0.,  0.,  0.,  0.,  0.,  0.,  0.,  0.,  0.,
        0.,  0.,  0.,  0.,  0.,  0.,  0.,  0.,  0.,  0.,  0.,  0.,  0.,
        0.,  0.,  0.,  0.,  0.,  0.,  0.,  0.,  0.,  0.,  0.,  0.,  0.,
        0.,  0.,  0.,  0.,  0.,  0.,  0.,  0.,  0.,  0.,  0.,  0.,  0.,
        0.,  0.,  0.,  0.,  0.,  0.,  0.,  0.,  0.,  0.,  0.,  0.,  0.,
        0.,  0.,  0.,  0.,  0.,  0.,  0.,  0.,  0.], dtype=float32), array([ -5.43578744e-06,   8.21896447e-06,   4.01793341e-06,
        -1.26718514e-05,  -1.96909696e-06,   1.48888848e-05,
        -4.80687322e-06,  -3.72276213e-06,  -1.29433965e-05,
        -8.35676383e-06,   2.34651397e-05,   7.34408832e-06,
         4.38825282e-06,  -2.43906402e-06,   9.64881201e-06,
        -1.35242644e-05,  -9.82879840e-08,   1.83943066e-05,
        -2.43818795e-06,  -1.72337204e-05,   8.67162328e-07,
         9.97921597e-06,  -4.51024380e-06,   9.42267525e-06,
         9.46193086e-06,   1.17404425e-05,  -1.20158002e-05,
         8.61692752e-06,   7.35317326e-06,  -1.65237070e-05,
         7.84186614e-06,   8.66525897e-06,   2.37368954e-06,
        -2.83818986e-06,  -5.67021243e-06,  -1.04999581e-05,
         6.65985181e-06,  -1.20018094e-05,  -5.54215148e-06,
         2.94202778e-06,  -7.51735934e-06,   8.73103818e-06,
        -1.79902017e-05,   1.92625703e-05,   1.03435571e-06,
        -1.48192112e-05,   1.54029874e-06,  -7.44888803e-06,
        -6.07027960e-06,  -3.81455607e-06,   5.81612858e-06,
        -7.35292269e-06,   1.04396913e-05,  -1.94075596e-06,
        -8.67215113e-06,  -4.75243070e-07,   4.46356398e-06,
         1.67846920e-05,  -6.70461714e-06,   1.36893914e-05,
         1.54869429e-06,  -2.45765227e-06,   6.11760925e-06,
         1.31955348e-05,  -8.22184063e-08,   1.03867351e-05,
        -1.67466478e-05,   7.45615080e-06,   1.45602980e-05,
        -5.73520856e-06,  -2.28052668e-05,   5.19127525e-06,
        -1.27672092e-05,  -9.52309165e-06,   1.48929021e-05,
        -1.46309822e-05,  -3.18699904e-06,   1.08743843e-05,
        -7.53523682e-06,  -1.60550007e-05,  -4.33213609e-06,
         6.60676596e-06,  -7.14683893e-06,   1.12282605e-05,
         1.07199935e-06,   1.34038683e-05,  -5.06068909e-06,
        -2.55978875e-06,  -6.90791012e-07,   7.42547172e-06,
        -6.17930027e-06,   8.02304112e-06,   6.73798058e-06,
        -3.25861538e-06,   1.26624227e-05,   5.75336662e-06,
         1.44483647e-05,  -3.51937274e-06,  -1.91356521e-05,
         1.30742110e-05], dtype=float32), array([ 0.,  0.,  0.,  0.,  0.,  0.,  0.,  0.,  0.,  0.,  0.,  0.,  0.,
        0.,  0.,  0.,  0.,  0.,  0.,  0.,  0.,  0.,  0.,  0.,  0.,  0.,
        0.,  0.,  0.,  0.,  0.,  0.,  0.,  0.,  0.,  0.,  0.,  0.,  0.,
        0.,  0.,  0.,  0.,  0.,  0.,  0.,  0.,  0.,  0.,  0.,  0.,  0.,
        0.,  0.,  0.,  0.,  0.,  0.,  0.,  0.,  0.,  0.,  0.,  0.,  0.,
        0.,  0.,  0.,  0.,  0.,  0.,  0.,  0.,  0.,  0.,  0.,  0.,  0.,
        0.,  0.,  0.,  0.,  0.,  0.,  0.,  0.,  0.,  0.,  0.,  0.,  0.,
        0.,  0.,  0.,  0.,  0.,  0.,  0.,  0.,  0.], dtype=float32), array([ 0.,  0.,  0.,  0.,  0.,  0.,  0.,  0.,  0.,  0.,  0.,  0.,  0.,
        0.,  0.,  0.,  0.,  0.,  0.,  0.,  0.,  0.,  0.,  0.,  0.,  0.,
        0.,  0.,  0.,  0.,  0.,  0.,  0.,  0.,  0.,  0.,  0.,  0.,  0.,
        0.,  0.,  0.,  0.,  0.,  0.,  0.,  0.,  0.,  0.,  0.,  0.,  0.,
        0.,  0.,  0.,  0.,  0.,  0.,  0.,  0.,  0.,  0.,  0.,  0.,  0.,
        0.,  0.,  0.,  0.,  0.,  0.,  0.,  0.,  0.,  0.,  0.,  0.,  0.,
        0.,  0.,  0.,  0.,  0.,  0.,  0.,  0.,  0.,  0.,  0.,  0.,  0.,
        0.,  0.,  0.,  0.,  0.,  0.,  0.,  0.,  0.], dtype=float32), array([ 0.,  0.,  0.,  0.,  0.,  0.,  0.,  0.,  0.,  0.,  0.,  0.,  0.,
        0.,  0.,  0.,  0.,  0.,  0.,  0.,  0.,  0.,  0.,  0.,  0.,  0.,
        0.,  0.,  0.,  0.,  0.,  0.,  0.,  0.,  0.,  0.,  0.,  0.,  0.,
        0.,  0.,  0.,  0.,  0.,  0.,  0.,  0.,  0.,  0.,  0.,  0.,  0.,
        0.,  0.,  0.,  0.,  0.,  0.,  0.,  0.,  0.,  0.,  0.,  0.,  0.,
        0.,  0.,  0.,  0.,  0.,  0.,  0.,  0.,  0.,  0.,  0.,  0.,  0.,
        0.,  0.,  0.,  0.,  0.,  0.,  0.,  0.,  0.,  0.,  0.,  0.,  0.,
        0.,  0.,  0.,  0.,  0.,  0.,  0.,  0.,  0.], dtype=float32), array([ -2.09170480e-06,   5.16877617e-06,   6.23335325e-07,
         1.05042427e-05,   1.73783319e-05,   8.20520256e-07,
         1.30201522e-06,  -8.13392671e-06,  -9.12125688e-06,
         1.04222627e-05,   1.31146098e-05,   1.26590367e-05,
        -7.52981532e-06,   2.63972379e-06,   4.94080632e-06,
        -8.60379805e-06,  -8.85917052e-06,  -4.38839288e-06,
         5.07867890e-06,   6.61600779e-07,  -4.27547633e-07,
         2.02103433e-06,  -1.11763620e-05,   6.48374908e-06,
         5.83444444e-06,   8.12976850e-06,   4.49887784e-06,
        -1.22582205e-05,  -1.17642742e-06,  -1.19691267e-05,
         2.30284622e-05,  -1.74818751e-06,  -6.41285351e-06,
         1.38142632e-05,  -6.28944235e-07,  -6.79985078e-06,
        -1.00712496e-05,  -4.14116857e-06,  -2.73668456e-06,
         1.64874273e-05,  -4.29178726e-06,  -3.72156751e-06,
         1.42626623e-05,   4.91190485e-06,   6.20735636e-06,
        -4.57755232e-06,  -1.64312826e-06,  -1.24115077e-05,
        -2.35662515e-06,   8.55419512e-06,  -6.56784823e-06,
         5.36548168e-06,   2.93475568e-05,   7.91201546e-06,
         5.66552353e-06,   4.55635427e-06,   1.75074206e-06,
        -2.01424541e-06,  -1.26598216e-05,   1.13759515e-05,
        -6.63327000e-07,  -5.39686368e-07,   7.75315584e-06,
         1.85015506e-05,   7.13820236e-06,   1.12141322e-06,
        -7.07313029e-06,   2.30847763e-05,   1.37332117e-05,
        -3.13283840e-06,  -5.18657089e-06,   1.22962035e-06,
        -1.57204704e-05,   1.03952725e-05,   7.76030629e-06,
        -9.25258064e-06,   5.63134245e-06,   1.61721982e-05,
        -1.89217571e-05,  -3.14592853e-06,   9.39824247e-07,
        -1.93220312e-05,  -4.66543224e-06,  -1.96562632e-06,
         2.91227843e-06,  -1.95257999e-05,  -8.09489302e-06,
        -1.20095447e-05,  -3.04023888e-06,   1.08446447e-05,
        -3.32242848e-06,  -9.51079801e-06,  -1.36219542e-05,
        -1.28820129e-05,   1.72142645e-05,   4.87165607e-06,
         1.56979531e-05,  -1.52400298e-05,  -9.37436835e-06,
         9.25950462e-06], dtype=float32), array([ 0.,  0.,  0.,  0.,  0.,  0.,  0.,  0.,  0.,  0.,  0.,  0.,  0.,
        0.,  0.,  0.,  0.,  0.,  0.,  0.,  0.,  0.,  0.,  0.,  0.,  0.,
        0.,  0.,  0.,  0.,  0.,  0.,  0.,  0.,  0.,  0.,  0.,  0.,  0.,
        0.,  0.,  0.,  0.,  0.,  0.,  0.,  0.,  0.,  0.,  0.,  0.,  0.,
        0.,  0.,  0.,  0.,  0.,  0.,  0.,  0.,  0.,  0.,  0.,  0.,  0.,
        0.,  0.,  0.,  0.,  0.,  0.,  0.,  0.,  0.,  0.,  0.,  0.,  0.,
        0.,  0.,  0.,  0.,  0.,  0.,  0.,  0.,  0.,  0.,  0.,  0.,  0.,
        0.,  0.,  0.,  0.,  0.,  0.,  0.,  0.,  0.], dtype=float32), array([ -5.43578744e-06,   8.21896447e-06,   4.01793341e-06,
        -1.26718514e-05,  -1.96909696e-06,   1.48888848e-05,
        -4.80687322e-06,  -3.72276213e-06,  -1.29433965e-05,
        -8.35676383e-06,   2.34651397e-05,   7.34408832e-06,
         4.38825282e-06,  -2.43906402e-06,   9.64881201e-06,
        -1.35242644e-05,  -9.82879840e-08,   1.83943066e-05,
        -2.43818795e-06,  -1.72337204e-05,   8.67162328e-07,
         9.97921597e-06,  -4.51024380e-06,   9.42267525e-06,
         9.46193086e-06,   1.17404425e-05,  -1.20158002e-05,
         8.61692752e-06,   7.35317326e-06,  -1.65237070e-05,
         7.84186614e-06,   8.66525897e-06,   2.37368954e-06,
        -2.83818986e-06,  -5.67021243e-06,  -1.04999581e-05,
         6.65985181e-06,  -1.20018094e-05,  -5.54215148e-06,
         2.94202778e-06,  -7.51735934e-06,   8.73103818e-06,
        -1.79902017e-05,   1.92625703e-05,   1.03435571e-06,
        -1.48192112e-05,   1.54029874e-06,  -7.44888803e-06,
        -6.07027960e-06,  -3.81455607e-06,   5.81612858e-06,
        -7.35292269e-06,   1.04396913e-05,  -1.94075596e-06,
        -8.67215113e-06,  -4.75243070e-07,   4.46356398e-06,
         1.67846920e-05,  -6.70461714e-06,   1.36893914e-05,
         1.54869429e-06,  -2.45765227e-06,   6.11760925e-06,
         1.31955348e-05,  -8.22184063e-08,   1.03867351e-05,
        -1.67466478e-05,   7.45615080e-06,   1.45602980e-05,
        -5.73520856e-06,  -2.28052668e-05,   5.19127525e-06,
        -1.27672092e-05,  -9.52309165e-06,   1.48929021e-05,
        -1.46309822e-05,  -3.18699904e-06,   1.08743843e-05,
        -7.53523682e-06,  -1.60550007e-05,  -4.33213609e-06,
         6.60676596e-06,  -7.14683893e-06,   1.12282605e-05,
         1.07199935e-06,   1.34038683e-05,  -5.06068909e-06,
        -2.55978875e-06,  -6.90791012e-07,   7.42547172e-06,
        -6.17930027e-06,   8.02304112e-06,   6.73798058e-06,
        -3.25861538e-06,   1.26624227e-05,   5.75336662e-06,
         1.44483647e-05,  -3.51937274e-06,  -1.91356521e-05,
         1.30742110e-05], dtype=float32), array([ 0.,  0.,  0.,  0.,  0.,  0.,  0.,  0.,  0.,  0.,  0.,  0.,  0.,
        0.,  0.,  0.,  0.,  0.,  0.,  0.,  0.,  0.,  0.,  0.,  0.,  0.,
        0.,  0.,  0.,  0.,  0.,  0.,  0.,  0.,  0.,  0.,  0.,  0.,  0.,
        0.,  0.,  0.,  0.,  0.,  0.,  0.,  0.,  0.,  0.,  0.,  0.,  0.,
        0.,  0.,  0.,  0.,  0.,  0.,  0.,  0.,  0.,  0.,  0.,  0.,  0.,
        0.,  0.,  0.,  0.,  0.,  0.,  0.,  0.,  0.,  0.,  0.,  0.,  0.,
        0.,  0.,  0.,  0.,  0.,  0.,  0.,  0.,  0.,  0.,  0.,  0.,  0.,
        0.,  0.,  0.,  0.,  0.,  0.,  0.,  0.,  0.], dtype=float32), array([ 0.,  0.,  0.,  0.,  0.,  0.,  0.,  0.,  0.,  0.,  0.,  0.,  0.,
        0.,  0.,  0.,  0.,  0.,  0.,  0.,  0.,  0.,  0.,  0.,  0.,  0.,
        0.,  0.,  0.,  0.,  0.,  0.,  0.,  0.,  0.,  0.,  0.,  0.,  0.,
        0.,  0.,  0.,  0.,  0.,  0.,  0.,  0.,  0.,  0.,  0.,  0.,  0.,
        0.,  0.,  0.,  0.,  0.,  0.,  0.,  0.,  0.,  0.,  0.,  0.,  0.,
        0.,  0.,  0.,  0.,  0.,  0.,  0.,  0.,  0.,  0.,  0.,  0.,  0.,
        0.,  0.,  0.,  0.,  0.,  0.,  0.,  0.,  0.,  0.,  0.,  0.,  0.,
        0.,  0.,  0.,  0.,  0.,  0.,  0.,  0.,  0.], dtype=float32), array([ 0.,  0.,  0.,  0.,  0.,  0.,  0.,  0.,  0.,  0.,  0.,  0.,  0.,
        0.,  0.,  0.,  0.,  0.,  0.,  0.,  0.,  0.,  0.,  0.,  0.,  0.,
        0.,  0.,  0.,  0.,  0.,  0.,  0.,  0.,  0.,  0.,  0.,  0.,  0.,
        0.,  0.,  0.,  0.,  0.,  0.,  0.,  0.,  0.,  0.,  0.,  0.,  0.,
        0.,  0.,  0.,  0.,  0.,  0.,  0.,  0.,  0.,  0.,  0.,  0.,  0.,
        0.,  0.,  0.,  0.,  0.,  0.,  0.,  0.,  0.,  0.,  0.,  0.,  0.,
        0.,  0.,  0.,  0.,  0.,  0.,  0.,  0.,  0.,  0.,  0.,  0.,  0.,
        0.,  0.,  0.,  0.,  0.,  0.,  0.,  0.,  0.], dtype=float32), array([ 0.,  0.,  0.,  0.,  0.,  0.,  0.,  0.,  0.,  0.,  0.,  0.,  0.,
        0.,  0.,  0.,  0.,  0.,  0.,  0.,  0.,  0.,  0.,  0.,  0.,  0.,
        0.,  0.,  0.,  0.,  0.,  0.,  0.,  0.,  0.,  0.,  0.,  0.,  0.,
        0.,  0.,  0.,  0.,  0.,  0.,  0.,  0.,  0.,  0.,  0.,  0.,  0.,
        0.,  0.,  0.,  0.,  0.,  0.,  0.,  0.,  0.,  0.,  0.,  0.,  0.,
        0.,  0.,  0.,  0.,  0.,  0.,  0.,  0.,  0.,  0.,  0.,  0.,  0.,
        0.,  0.,  0.,  0.,  0.,  0.,  0.,  0.,  0.,  0.,  0.,  0.,  0.,
        0.,  0.,  0.,  0.,  0.,  0.,  0.,  0.,  0.], dtype=float32), array([ 0.,  0.,  0.,  0.,  0.,  0.,  0.,  0.,  0.,  0.,  0.,  0.,  0.,
        0.,  0.,  0.,  0.,  0.,  0.,  0.,  0.,  0.,  0.,  0.,  0.,  0.,
        0.,  0.,  0.,  0.,  0.,  0.,  0.,  0.,  0.,  0.,  0.,  0.,  0.,
        0.,  0.,  0.,  0.,  0.,  0.,  0.,  0.,  0.,  0.,  0.,  0.,  0.,
        0.,  0.,  0.,  0.,  0.,  0.,  0.,  0.,  0.,  0.,  0.,  0.,  0.,
        0.,  0.,  0.,  0.,  0.,  0.,  0.,  0.,  0.,  0.,  0.,  0.,  0.,
        0.,  0.,  0.,  0.,  0.,  0.,  0.,  0.,  0.,  0.,  0.,  0.,  0.,
        0.,  0.,  0.,  0.,  0.,  0.,  0.,  0.,  0.], dtype=float32), array([ -1.38772721e-05,  -1.16402214e-06,   1.77634101e-05,
         3.94647941e-06,   1.41985413e-06,   9.21918218e-06,
         3.59560840e-06,  -6.00112207e-06,  -3.59107662e-06,
         1.14890390e-05,   9.39503570e-06,   3.11266859e-07,
        -6.43623139e-07,   2.99472163e-06,   1.15588236e-05,
         2.95867380e-06,   8.53480105e-06,  -9.91880461e-06,
        -8.54119662e-06,   2.56528838e-05,   1.78208279e-06,
         1.48303234e-05,  -1.34567126e-05,  -1.44070066e-06,
        -4.24880136e-06,  -2.44534363e-06,   8.23730079e-06,
         1.03314478e-05,   2.80993640e-06,   8.75231854e-06,
         3.87383534e-06,   6.79873801e-06,  -2.39780638e-06,
        -9.74539716e-07,   1.62902597e-05,   3.67869347e-06,
        -2.37634026e-06,   1.68002207e-05,  -8.85770805e-06,
         4.10759276e-06,  -8.08260847e-06,  -1.15937873e-05,
         2.10498238e-05,  -1.14249297e-05,  -3.14291015e-06,
        -1.78782852e-06,  -1.73029457e-06,  -2.13655994e-06,
         1.17912055e-06,   1.16179699e-05,   2.16536464e-05,
         3.19241258e-06,   6.41773249e-06,  -6.71793669e-06,
         1.69618361e-05,   2.41597036e-07,  -8.87764327e-06,
        -1.69789146e-05,   9.93628237e-06,  -5.89159799e-06,
         7.09356527e-06,   1.46726970e-05,   1.42164008e-05,
         2.48351207e-05,   1.48699673e-05,  -1.76778831e-05,
         9.43156192e-06,   3.27392445e-06,   1.32950954e-05,
         4.88988871e-06,  -1.30433955e-05,   6.56335806e-06,
         2.01555804e-06,  -1.65818574e-06,   2.86343516e-06,
         6.79657524e-06,   1.08161639e-05,  -1.00996695e-05,
        -2.26970005e-05,   2.38666689e-06,   1.15481191e-06,
         1.26521581e-05,   1.98124362e-05,  -9.42482984e-06,
         3.94353538e-06,  -6.41871793e-06,  -4.08033020e-06,
         2.77200706e-06,  -7.29241538e-06,   1.71533302e-05,
         5.96718064e-06,  -5.56599844e-06,   1.03488958e-06,
         3.91404637e-06,   2.12082637e-06,   9.83744212e-06,
        -4.38515201e-07,  -7.73057945e-06,   9.71963254e-06,
        -1.89012633e-06], dtype=float32), array([ 0.,  0.,  0.,  0.,  0.,  0.,  0.,  0.,  0.,  0.,  0.,  0.,  0.,
        0.,  0.,  0.,  0.,  0.,  0.,  0.,  0.,  0.,  0.,  0.,  0.,  0.,
        0.,  0.,  0.,  0.,  0.,  0.,  0.,  0.,  0.,  0.,  0.,  0.,  0.,
        0.,  0.,  0.,  0.,  0.,  0.,  0.,  0.,  0.,  0.,  0.,  0.,  0.,
        0.,  0.,  0.,  0.,  0.,  0.,  0.,  0.,  0.,  0.,  0.,  0.,  0.,
        0.,  0.,  0.,  0.,  0.,  0.,  0.,  0.,  0.,  0.,  0.,  0.,  0.,
        0.,  0.,  0.,  0.,  0.,  0.,  0.,  0.,  0.,  0.,  0.,  0.,  0.,
        0.,  0.,  0.,  0.,  0.,  0.,  0.,  0.,  0.], dtype=float32), None]
