[array([-0.12818484,  0.00797458,  0.02935135,  0.09324469,  0.03884643,
        0.01707483,  0.02435968, -0.05936054, -0.05324898,  0.00888928,
        0.07705128,  0.05936158, -0.00435274, -0.0195216 ,  0.00513988,
       -0.00786217,  0.00514933,  0.01912607,  0.01046096, -0.04520744,
       -0.01112212,  0.02864384, -0.0192841 ,  0.11101958,  0.0402768 ,
        0.05503333,  0.0222816 ,  0.02895597, -0.03962919, -0.03373174,
        0.07613554, -0.01289702, -0.0667269 , -0.02058047, -0.03609126,
       -0.05899566, -0.06749354,  0.03371468,  0.01387133,  0.01372532,
        0.0081005 ,  0.02858249,  0.02423757,  0.01239573, -0.01178959,
       -0.04261402,  0.02726003, -0.0307132 , -0.01706512,  0.06102525,
        0.03434409, -0.00396002,  0.06864512, -0.02848525, -0.02691957,
        0.02089588,  0.06578773,  0.05744852, -0.10327813,  0.06779888,
        0.04509167, -0.07269939, -0.01122475,  0.03394399,  0.03189899,
        0.01154023, -0.09223922,  0.03056035,  0.07899713,  0.04441235,
       -0.06588498,  0.01121224, -0.02846626, -0.03608303,  0.0606948 ,
       -0.09533513,  0.00837778,  0.00275637, -0.04734743,  0.04290218,
        0.02393725, -0.04070461, -0.0198096 , -0.0128394 ,  0.03003142,
        0.00507034, -0.06153652,  0.00311173, -0.0325628 , -0.04353376,
       -0.0540375 ,  0.03489035,  0.00143365,  0.02989257,  0.01782624,
       -0.00397927,  0.00491999, -0.05558292, -0.0438297 ,  0.00214535], dtype=float32), array([-0.15418577,  0.00913883,  0.01813863,  0.11005066,  0.03138036,
        0.02178494,  0.05609582, -0.07754352, -0.05768263, -0.00561813,
        0.07989448,  0.08203948,  0.00262649, -0.0253514 , -0.00312339,
        0.00016539,  0.03348444,  0.05978418, -0.00669366, -0.01633808,
       -0.00955673,  0.03773026, -0.01203092,  0.0970412 ,  0.07735378,
        0.03210049,  0.02885052,  0.07337418, -0.05031891, -0.0045649 ,
        0.05198132,  0.02444434, -0.06397444,  0.02891767, -0.02496676,
       -0.07006654, -0.06223552,  0.038352  ,  0.00413599,  0.02040142,
        0.00826123,  0.04282233,  0.02621979,  0.00780577,  0.01162617,
       -0.07603271, -0.03139222, -0.04545106, -0.04422931,  0.09167137,
        0.03501598,  0.01910887,  0.06401962, -0.01822532, -0.01166024,
        0.02670284,  0.04130003,  0.04615758, -0.09238353,  0.06179387,
        0.01733289, -0.04210401,  0.01973764,  0.08817808,  0.01879935,
       -0.04002664, -0.07522986,  0.0516559 ,  0.05517414,  0.0613732 ,
       -0.04204848,  0.02761783, -0.04431783,  0.00065522,  0.08620013,
       -0.07032602,  0.02267408,  0.01670317, -0.08114416,  0.0320863 ,
        0.05094673, -0.02818462, -0.04756658,  0.02375326,  0.0092966 ,
       -0.00018281, -0.04615212,  0.01702915, -0.03909806, -0.03469392,
       -0.05918345, -0.01147091,  0.00156712,  0.03830113, -0.00844273,
        0.03912325, -0.03383753, -0.06044593, -0.0433938 , -0.03343694], dtype=float32), array([-0.1203317 , -0.00247834,  0.01038866,  0.1022767 ,  0.05635231,
        0.07884763, -0.03106552, -0.02234645, -0.05885646, -0.02225128,
        0.07848359,  0.06690684, -0.00737257, -0.05356988, -0.00279101,
       -0.01697682, -0.02028224,  0.04289727, -0.01001991, -0.04590894,
       -0.00103022,  0.06913412,  0.00592886,  0.13004906,  0.02790817,
        0.03825316, -0.00182492,  0.04579489, -0.01860091, -0.05274509,
        0.09022569, -0.02726828, -0.0440354 , -0.03009143, -0.03718853,
        0.01976471, -0.07504259,  0.02548236,  0.04125097,  0.01484083,
        0.01957522,  0.02134727,  0.02947541,  0.01387793, -0.04950831,
       -0.01278065, -0.01313255, -0.00918252, -0.01553399,  0.06100805,
        0.06046902, -0.00850062,  0.09029093, -0.03074056, -0.02139673,
        0.02841109,  0.05628768,  0.07757778, -0.10535576,  0.0843145 ,
        0.07443202, -0.06716728,  0.00271412,  0.04635682,  0.04310945,
        0.00341991, -0.07821484,  0.04645117,  0.08633775,  0.07212748,
       -0.07327297,  0.01898845, -0.06534318, -0.02663507,  0.03727403,
       -0.12184607, -0.01271111,  0.0035233 , -0.0324606 ,  0.03987852,
       -0.00422201, -0.04198879, -0.02908218, -0.00751374,  0.00755318,
       -0.04011855, -0.05827091, -0.00728021, -0.05136681, -0.06426007,
       -0.07246228,  0.02985648, -0.02568368,  0.03554963,  0.00619343,
       -0.01119721,  0.01045235, -0.05628638, -0.04806681,  0.00686579], dtype=float32), array([-0.11652442,  0.02681836, -0.00143999,  0.07399324,  0.04375885,
        0.0549409 ,  0.0076002 , -0.04584966, -0.05709533,  0.00195944,
        0.06849297,  0.0443148 , -0.00730221, -0.0312052 ,  0.0006514 ,
        0.00085763,  0.01105241,  0.02781186,  0.00098721, -0.035317  ,
       -0.01017951,  0.05104086, -0.00577753,  0.11356414,  0.04247616,
        0.02543862, -0.00118915,  0.04005058, -0.05003823, -0.03979795,
        0.0746524 , -0.02202224, -0.03694596, -0.0097799 , -0.04377564,
       -0.01485921, -0.06396519,  0.0290085 ,  0.00858637,  0.00717477,
        0.02561852,  0.03751489,  0.01280349,  0.03455192, -0.02499376,
       -0.03258119, -0.01482549, -0.01364569, -0.0249425 ,  0.06776995,
        0.04101583, -0.00706017,  0.09255153, -0.01541067, -0.02368878,
        0.02165049,  0.05394128,  0.05513668, -0.08920175,  0.07964326,
        0.06738375, -0.05330504,  0.01184895,  0.04628833,  0.01684919,
       -0.01078361, -0.07393426,  0.03719059,  0.07993606,  0.02927596,
       -0.06628206,  0.00441984, -0.03802551, -0.01028591,  0.08465233,
       -0.12001525,  0.00144903,  0.00308086, -0.04905067,  0.05012482,
        0.00150564, -0.03258144, -0.01658522,  0.01354094,  0.01242627,
       -0.00837931, -0.05210404, -0.00825383, -0.02256555, -0.0450925 ,
       -0.05420114,  0.0082759 , -0.00184357,  0.0319625 ,  0.02092689,
       -0.0002327 ,  0.00826751, -0.05287185, -0.04403684, -0.00769219], dtype=float32), array([-0.11060739,  0.02955133,  0.00610499,  0.09581683,  0.0184876 ,
        0.05157871, -0.00406489, -0.02705708, -0.05252485, -0.01363312,
        0.06841714,  0.05234653, -0.02190627, -0.02218146,  0.00351122,
        0.00042058,  0.00046675,  0.01977958, -0.00238671, -0.03944172,
       -0.01441118,  0.04924605, -0.01507449,  0.0977113 ,  0.04720306,
        0.03399779,  0.02148744,  0.05347593, -0.01177251, -0.03236347,
        0.07219956, -0.00651639, -0.03480206, -0.00152842, -0.03661663,
        0.01508591, -0.05547926,  0.01433361,  0.02895646,  0.00201987,
        0.02716687,  0.01057676,  0.01380885,  0.0228534 , -0.02570533,
       -0.02080246,  0.00487823, -0.01209126, -0.0332945 ,  0.04095642,
        0.02449575, -0.00591935,  0.09211286, -0.01817993, -0.01973644,
        0.02923333,  0.04241099,  0.06370807, -0.09120388,  0.08204829,
        0.04850027, -0.07473315,  0.00559777,  0.02577344,  0.03683643,
       -0.00207688, -0.05889717,  0.06571499,  0.07593614,  0.05252155,
       -0.06047789,  0.01603275, -0.03822842, -0.00993593,  0.06527627,
       -0.09177884,  0.00205566,  0.01325589, -0.03385213,  0.03198283,
        0.00809164, -0.04585017, -0.01889033, -0.00279196,  0.03299607,
       -0.01991229, -0.04090988,  0.00169787, -0.02087817, -0.04931964,
       -0.04738265,  0.01399693, -0.028359  ,  0.03984069,  0.02941418,
        0.00081282, -0.01952877, -0.05383136, -0.03857273, -0.00218384], dtype=float32), array([-0.1326261 ,  0.00180376,  0.02153892,  0.09133416,  0.04380668,
        0.03345226,  0.0332231 , -0.05816435, -0.06187115,  0.01350449,
        0.0649047 ,  0.08087128,  0.02095129, -0.03193844,  0.00559798,
       -0.01330994,  0.0208409 ,  0.04923337, -0.00768327, -0.04344762,
       -0.00871332,  0.02979599, -0.00435304,  0.10403933,  0.04170416,
        0.04555913,  0.01211387,  0.04448192, -0.03573795, -0.02954394,
        0.08002017, -0.00353856, -0.05525605,  0.0091353 , -0.0289122 ,
       -0.03712589, -0.06312767,  0.03704767,  0.0248493 ,  0.00496229,
        0.01278901,  0.02987449,  0.02279804,  0.01464535, -0.01809102,
       -0.0397276 , -0.02536479, -0.0360374 , -0.02870306,  0.07156631,
        0.05709091,  0.00594596,  0.0876959 , -0.01134651, -0.01421568,
        0.01764089,  0.04099919,  0.0624853 , -0.10246197,  0.06939805,
        0.04408102, -0.05899173,  0.00269075,  0.04509838,  0.03114404,
       -0.00734728, -0.09074254,  0.04637695,  0.06860177,  0.07810861,
       -0.07622298,  0.00337866, -0.04245613, -0.01733408,  0.06273556,
       -0.09967212,  0.01005341,  0.00859374, -0.06097481,  0.04083026,
        0.02764773, -0.03799793, -0.02218321,  0.02050144,  0.00185249,
       -0.02094215, -0.03850396, -0.00206819, -0.03520538, -0.05041149,
       -0.07799195, -0.00203863,  0.01657444,  0.04464217,  0.00960669,
        0.01041962, -0.00248862, -0.03765856, -0.05336214,  0.01247094], dtype=float32), array([ -1.71781823e-01,   3.19790207e-02,   2.03087423e-02,
         9.57528874e-02,   2.43416242e-03,   7.52887055e-02,
         2.98399795e-02,  -6.35120869e-02,  -7.89477676e-02,
         1.52849220e-03,   9.50450823e-02,   7.30900690e-02,
        -6.98722824e-02,  -2.24732440e-02,   5.27246343e-03,
         1.23638064e-02,  -1.66687202e-02,  -5.70673170e-03,
         2.55712327e-02,  -4.55288477e-02,   2.45248154e-03,
         4.10847589e-02,  -1.95311625e-02,   8.97982195e-02,
         5.21768332e-02,   5.27119525e-02,   2.43600309e-02,
         7.33106434e-02,   1.48326950e-02,   1.54354293e-05,
         9.28250253e-02,   2.68016066e-02,  -3.56190167e-02,
        -1.16165951e-02,  -8.09779838e-02,   4.43805903e-02,
        -1.09600939e-01,   2.81101111e-02,   5.11334203e-02,
        -2.27135536e-03,   5.66411018e-02,   2.64743473e-02,
         9.15760454e-03,  -3.66290030e-03,  -3.96040902e-02,
        -5.44112213e-02,   7.32836314e-04,   3.23270150e-02,
        -4.10617329e-02,   2.22947057e-02,  -2.54474189e-02,
         2.80543300e-03,   2.59638224e-02,  -3.78893577e-02,
        -4.16081073e-03,  -3.06662265e-02,   8.71601328e-02,
         4.85890396e-02,  -1.01912774e-01,   4.79200594e-02,
         5.60157979e-03,  -6.71708658e-02,   1.24048339e-02,
         3.06730345e-03,   2.80701499e-02,   1.19617395e-03,
         1.67204496e-02,   4.74520586e-02,   7.88566396e-02,
         5.19874208e-02,  -5.96007369e-02,   2.86544189e-02,
        -4.61222418e-02,  -2.34142784e-02,   5.55028431e-02,
        -1.25575379e-01,   6.55165873e-03,   2.71149129e-02,
        -3.99589427e-02,   4.22839671e-02,   5.72424233e-02,
        -1.96120981e-02,  -1.12970115e-03,   6.95572095e-03,
         2.01657768e-02,  -3.16470675e-02,  -1.97734516e-02,
         9.00041778e-03,  -8.53592530e-02,  -2.36035958e-02,
        -5.85479923e-02,   1.92361679e-02,  -2.33642887e-02,
         2.64979545e-02,  -2.34163310e-02,   1.55973136e-02,
        -7.10866740e-03,  -7.71573856e-02,  -6.93727210e-02,
        -3.76848131e-02], dtype=float32), array([-0.13313359,  0.01918981,  0.01014099,  0.10331412,  0.05127373,
        0.07997121, -0.00501537, -0.04914982, -0.07221594, -0.00662201,
        0.06240396,  0.08310895,  0.00599864, -0.02931904, -0.02309793,
        0.00720041,  0.01944965,  0.05070071, -0.00649953, -0.03674755,
        0.021262  ,  0.04766991, -0.01386426,  0.10742512,  0.04099503,
        0.05257894,  0.04545655,  0.04416171, -0.04377811, -0.04375779,
        0.06429237, -0.01390266, -0.06006475,  0.01434801, -0.04990177,
       -0.01940853, -0.06106658,  0.04494913,  0.01715232,  0.02012122,
        0.00786188,  0.01705127,  0.03470378,  0.02530158, -0.04850167,
       -0.04880011,  0.00537354, -0.03744635, -0.05014402,  0.06921876,
        0.03345366,  0.03568587,  0.09108184, -0.03629264, -0.02737961,
       -0.00385191,  0.07307181,  0.04235586, -0.07097636,  0.06690951,
        0.0573103 , -0.06382945, -0.01006818,  0.05677772,  0.02946439,
        0.00156414, -0.06549076,  0.07135496,  0.07210157,  0.04970165,
       -0.08419174,  0.01203915, -0.02979016, -0.03928792,  0.08275995,
       -0.09450707, -0.0044526 ,  0.03967972, -0.04767093,  0.03148966,
        0.02154148, -0.02299038, -0.01970946,  0.01478173,  0.00896196,
       -0.00952515, -0.045365  ,  0.00296421, -0.02863287, -0.06118179,
       -0.08139011,  0.00971039,  0.00134864,  0.02964984,  0.02550461,
       -0.01040218, -0.0277888 , -0.07746938, -0.03118693, -0.01661864], dtype=float32), array([-0.11007976, -0.00734067,  0.02753421,  0.09679415,  0.02346661,
        0.05711213,  0.03896641, -0.04034057, -0.03015456,  0.01575301,
        0.02352636,  0.0671132 , -0.01028348, -0.01250652,  0.01686141,
       -0.00931655,  0.01459983,  0.03022792,  0.02284611, -0.02380929,
       -0.00385273,  0.02360574, -0.00922789,  0.08761781,  0.02312736,
        0.05408664,  0.03298055,  0.02590921, -0.03587456, -0.0164669 ,
        0.0571457 , -0.00244683, -0.03319683,  0.01562405, -0.01087011,
       -0.04285645, -0.04667318,  0.00892432,  0.00785797,  0.00774588,
       -0.00070221,  0.00619272,  0.00616516,  0.01860879, -0.02851922,
       -0.02622936,  0.00417252, -0.03804036, -0.0255493 ,  0.07032266,
        0.03374405,  0.00191601,  0.08145563, -0.02852583,  0.00736078,
       -0.00258772,  0.00825753,  0.03698679, -0.04690113,  0.0528908 ,
        0.02880799, -0.06088873, -0.00622924,  0.02012693,  0.05564793,
       -0.0181209 , -0.07121662,  0.02207138,  0.07246196,  0.04388584,
       -0.04294573,  0.0190929 ,  0.00696069, -0.02513254,  0.04838695,
       -0.08301676,  0.0002963 ,  0.01744608, -0.0512616 ,  0.03686592,
        0.00549227, -0.03666354,  0.01442574,  0.00253812,  0.00843864,
       -0.03562773, -0.04333835,  0.00084586, -0.0292399 , -0.05432637,
       -0.03251535,  0.01860282, -0.0071602 ,  0.03215256,  0.01267611,
        0.01006884, -0.02088994, -0.03785264, -0.02939757,  0.01731863], dtype=float32), array([-0.13347848,  0.01472415,  0.02611304,  0.08510749,  0.02395993,
        0.06378429,  0.00580065, -0.04538413, -0.04767836,  0.01487391,
        0.06840497,  0.08315598, -0.00658741, -0.02960284,  0.00345221,
        0.0121164 , -0.00786695,  0.02425398, -0.00949323, -0.0424    ,
        0.00916368,  0.02498735, -0.02511383,  0.09856036,  0.04013249,
        0.06532902,  0.02931924,  0.03401449, -0.0371214 , -0.04664401,
        0.06864305, -0.00211433, -0.05017835,  0.00152883, -0.06601474,
       -0.04399849, -0.07358413,  0.02405202,  0.02524482,  0.02239635,
        0.02880042,  0.02416483,  0.03737394,  0.00933253, -0.02713059,
       -0.03650092,  0.00455308, -0.01725114, -0.03114708,  0.05842258,
        0.01980658,  0.01103775,  0.09267636, -0.03161952, -0.00498334,
       -0.01629481,  0.06429289,  0.05665171, -0.08454636,  0.04616578,
        0.0496785 , -0.07491248,  0.01239124,  0.02599511,  0.04346041,
        0.01409735, -0.05084293,  0.06422886,  0.05778111,  0.06891596,
       -0.05654868,  0.00326   , -0.03686262, -0.03759923,  0.08494672,
       -0.09896921,  0.00500597,  0.01726033, -0.04219191,  0.01303673,
        0.02043384, -0.01736748, -0.01342416,  0.01507008,  0.03030971,
       -0.01455421, -0.04086048,  0.01460153, -0.02513563, -0.04482602,
       -0.05520494,  0.01798253,  0.00213585,  0.03122932,  0.02017572,
       -0.01344893,  0.0032978 , -0.05950293, -0.02906558, -0.01444155], dtype=float32), array([ -1.08242728e-01,   2.07227599e-02,  -3.76966782e-05,
         9.69192088e-02,   2.41512656e-02,   7.22781569e-02,
        -1.60307027e-02,  -3.82226706e-02,  -7.86727145e-02,
         6.62215473e-03,   5.77120855e-02,   7.47706741e-02,
        -6.97892997e-03,  -4.48432639e-02,  -9.81868058e-03,
        -6.46075746e-03,   1.32411588e-02,   2.07082741e-02,
        -8.20617937e-03,  -3.16207968e-02,   1.25009073e-02,
         5.30285612e-02,   9.84182488e-03,   1.10040016e-01,
         1.95634756e-02,   2.60074176e-02,   4.27704416e-02,
         4.58976664e-02,  -4.60606813e-02,  -7.48187602e-02,
         6.02095835e-02,  -4.39319611e-02,  -4.87736166e-02,
         7.15650059e-03,  -3.79054621e-02,  -2.28249375e-02,
        -7.00972155e-02,   1.87940374e-02,   3.28132026e-02,
         2.09999718e-02,   4.39441055e-02,   1.26758115e-02,
         2.43156999e-02,   1.05224764e-02,  -4.88218777e-02,
        -2.03625392e-02,  -6.55480428e-03,  -2.58064847e-02,
        -4.64257374e-02,   7.78803080e-02,   3.12820636e-02,
        -3.35872173e-03,   1.09858878e-01,  -3.39695029e-02,
        -3.17526460e-02,  -1.53794214e-02,   5.10106385e-02,
         5.58599196e-02,  -7.53555596e-02,   5.50525524e-02,
         6.81542084e-02,  -7.52200931e-02,  -2.59782784e-02,
         3.04860137e-02,   3.58055159e-02,   1.07448529e-02,
        -5.97205162e-02,   3.91843319e-02,   8.13358724e-02,
         3.76455635e-02,  -4.98537794e-02,  -4.50397283e-03,
        -3.25151831e-02,  -4.29873243e-02,   7.57622272e-02,
        -9.30479765e-02,   1.22550773e-02,  -6.73869997e-03,
        -4.85123210e-02,   4.22890112e-02,  -2.03260686e-03,
        -2.68634316e-02,  -1.00687500e-02,   1.41566060e-02,
         1.39539856e-02,   1.60477590e-02,  -3.79694849e-02,
         7.73519184e-03,  -3.32233422e-02,  -5.61497286e-02,
        -7.84397125e-02,   4.51573879e-02,  -5.62233943e-03,
         4.75695804e-02,   3.10066771e-02,  -2.16153190e-02,
         1.82856619e-03,  -5.58460318e-02,  -2.90510133e-02,
         1.32719520e-02], dtype=float32), array([-0.12934974,  0.00092481,  0.02869428,  0.09563505,  0.02597751,
        0.03596656,  0.03861141, -0.06032456, -0.0533324 ,  0.01380476,
        0.05532436,  0.07920083,  0.00753416, -0.02232552,  0.00635031,
       -0.00511238,  0.00051623,  0.03967087, -0.00305048, -0.04648983,
        0.00291417,  0.02125442,  0.00414307,  0.09907499,  0.05201927,
        0.03564128,  0.00287218,  0.03672317, -0.03125354, -0.01046203,
        0.05439327,  0.00426083, -0.055251  ,  0.00441508, -0.02062098,
       -0.04244224, -0.05681706,  0.02374968,  0.03149525,  0.01295938,
        0.00949295,  0.02003302,  0.02475978,  0.0120883 , -0.01693058,
       -0.03974581, -0.02596696, -0.03568528, -0.02160854,  0.06766155,
        0.04244511,  0.00951887,  0.07868037, -0.00285846, -0.0062329 ,
        0.01061859,  0.03606277,  0.04207593, -0.09434929,  0.05132563,
        0.0520971 , -0.04561562,  0.00684762,  0.0499399 ,  0.03549589,
       -0.0246371 , -0.07964706,  0.04112042,  0.0483871 ,  0.06706088,
       -0.04684968,  0.01978769, -0.03253983, -0.02566375,  0.06134026,
       -0.09602652, -0.00160156,  0.01393872, -0.04305468,  0.03834702,
        0.04095437, -0.03753125, -0.01294556,  0.02371557,  0.00147315,
       -0.00986317, -0.04985588,  0.00648226, -0.02212058, -0.04913475,
       -0.06334365,  0.00029687,  0.00716385,  0.0332027 ,  0.00828833,
        0.0226649 , -0.00840498, -0.03655474, -0.04324938, -0.00483641], dtype=float32), array([ -1.17026314e-01,   3.35686430e-02,   3.83848976e-03,
         1.04761288e-01,   2.27645673e-02,   2.24771369e-02,
        -5.51630789e-03,  -7.32246563e-02,  -7.88737908e-02,
        -1.92800257e-02,   6.33236021e-02,   6.14123680e-02,
        -6.21383032e-03,  -3.88063379e-02,   3.20106372e-03,
        -3.90593149e-03,   3.15975510e-02,   4.62813675e-02,
         4.67141019e-03,  -3.93596925e-02,  -1.65422130e-02,
         5.80854230e-02,   2.73434091e-02,   1.01798438e-01,
         6.59785792e-02,   4.10499796e-02,   1.98388081e-02,
         5.00411987e-02,  -4.27440219e-02,  -6.67553991e-02,
         1.04920715e-01,  -2.00188607e-02,  -3.23391557e-02,
        -1.81691665e-02,  -1.36988936e-02,  -1.62026472e-02,
        -6.23130985e-02,   5.32480404e-02,   6.49719406e-03,
        -1.02855905e-03,   2.14109998e-02,   3.07381246e-02,
         2.03566514e-02,   4.55104932e-02,  -4.05078232e-02,
        -4.32113856e-02,   3.43984971e-03,  -2.98680104e-02,
        -2.03806851e-02,   6.20552190e-02,   7.59047270e-02,
        -3.51611199e-03,   6.02512099e-02,   5.66790150e-05,
        -3.67298089e-02,   3.60824987e-02,   5.21706007e-02,
         6.11810945e-02,  -9.36429873e-02,   1.06590815e-01,
         5.62039316e-02,  -4.89710495e-02,   1.23836882e-02,
         3.99840623e-02,   2.65481528e-02,  -1.06522825e-03,
        -8.13669488e-02,   2.96193454e-02,   6.19482324e-02,
         5.44354990e-02,  -4.73467633e-02,   2.69879550e-02,
        -3.95409204e-02,  -1.73742753e-02,   7.63321593e-02,
        -1.08618252e-01,  -2.59289821e-03,  -1.35853374e-02,
        -5.21849096e-02,   6.50065318e-02,   2.74301600e-03,
        -4.40247580e-02,  -1.77254025e-02,   1.59603115e-02,
         8.94452445e-03,  -2.31852829e-02,  -5.25969937e-02,
         3.99794355e-02,  -2.93787234e-02,  -6.54302761e-02,
        -4.74120192e-02,  -5.63826412e-03,  -2.75613293e-02,
         6.12760484e-02,   3.77896521e-03,   9.51998215e-03,
        -1.36185559e-02,  -5.17890975e-02,  -1.81556717e-02,
        -2.55106073e-02], dtype=float32), array([-0.13344464,  0.02382798,  0.02479349,  0.09950974,  0.05976493,
        0.05384528,  0.00396823, -0.04630765, -0.06868266, -0.02031667,
        0.07796981,  0.07638862,  0.00427211, -0.05290465,  0.00509165,
       -0.00802199,  0.04333398,  0.07861923, -0.01005149, -0.01164415,
        0.00071938,  0.02843672, -0.00369051,  0.09811359,  0.0445315 ,
        0.0474784 ,  0.03215655,  0.07059485, -0.05936362, -0.03877401,
        0.08848348,  0.00234862, -0.03324663,  0.01855057, -0.03736449,
       -0.03977982, -0.08608888,  0.05241416,  0.0022724 ,  0.00990428,
        0.00949543,  0.05929064,  0.0351334 ,  0.00987244, -0.05368279,
       -0.05803379, -0.0279299 , -0.04744987, -0.02489236,  0.08275767,
        0.06483413,  0.0278473 ,  0.07495359, -0.0060272 , -0.01767109,
        0.030447  ,  0.07756431,  0.05123861, -0.11118326,  0.08334849,
        0.03684903, -0.0464892 , -0.00193178,  0.07730835,  0.03772676,
       -0.02672596, -0.0893321 ,  0.05177797,  0.07231068,  0.05633518,
       -0.07212435,  0.01590342, -0.04678952, -0.00189765,  0.09263992,
       -0.09552947,  0.01978642,  0.02525117, -0.08167027,  0.03301663,
        0.04021937, -0.02178397, -0.04395933,  0.01930803,  0.0022954 ,
       -0.01345873, -0.05560251,  0.03292422, -0.04381162, -0.03881434,
       -0.04646334,  0.00069359, -0.01972653,  0.05476154,  0.00854183,
        0.00030673, -0.02880222, -0.04327073, -0.01807395, -0.03354909], dtype=float32), array([ -9.75154862e-02,   3.43698636e-02,  -6.72071427e-03,
         1.03305936e-01,  -9.03068762e-03,   4.25619557e-02,
        -2.72089499e-03,  -4.50804792e-02,  -5.16705774e-02,
        -3.04313563e-02,   5.41028976e-02,   4.78233695e-02,
        -1.09560955e-02,  -5.50573040e-03,  -2.77513601e-02,
         2.44873669e-02,  -1.09157860e-02,   1.69414096e-02,
         2.91813519e-02,  -5.67718372e-02,   8.76302729e-05,
         4.89011705e-02,   5.47355833e-03,   1.28215462e-01,
         7.55603164e-02,   9.82344244e-03,   5.59891248e-03,
         3.94883826e-02,  -4.21278588e-02,  -4.64819372e-02,
         6.34247735e-02,   1.10232467e-02,  -3.44009921e-02,
        -2.02991087e-02,  -2.43161172e-02,  -2.17368286e-02,
        -6.32484406e-02,  -1.44780194e-02,   1.35374349e-02,
         2.39916518e-03,   1.89992518e-03,   4.26618718e-02,
        -1.82268526e-02,   5.15402518e-02,  -4.12554331e-02,
        -3.32030281e-02,   1.84340756e-02,  -9.10860952e-03,
        -1.89044662e-02,   6.27503023e-02,   3.46590653e-02,
        -4.60894704e-02,   8.10272098e-02,  -4.62841764e-02,
        -3.99090238e-02,   3.94171216e-02,   1.44168166e-02,
         6.69186786e-02,  -6.41173795e-02,   8.90222713e-02,
         5.80485389e-02,  -6.10107966e-02,  -6.62803650e-03,
         5.94788678e-02,   5.67800812e-02,  -2.58485209e-02,
        -1.20668612e-01,   3.11513878e-02,   6.67954609e-02,
         2.99451556e-02,  -4.39454541e-02,   3.09094284e-02,
        -7.20031112e-02,  -1.39717467e-03,   5.32937646e-02,
        -6.72802255e-02,   1.94074903e-02,  -7.68267876e-03,
        -2.24361215e-02,   6.93094805e-02,   1.47049287e-02,
        -3.07549629e-02,  -3.03424392e-02,  -2.99107842e-02,
        -9.46784671e-03,   1.11732958e-02,  -2.78405845e-02,
         3.73037457e-02,  -3.05417683e-02,  -4.47590873e-02,
        -6.95822462e-02,   2.44276668e-03,  -1.60041694e-02,
         3.89453210e-02,   1.65386237e-02,   1.24916034e-02,
         1.75609905e-02,  -2.97166575e-02,  -2.47430522e-02,
        -2.50686100e-03], dtype=float32), array([-0.13779387,  0.0119706 ,  0.01050328,  0.10372584,  0.03788053,
        0.08691359, -0.00598437, -0.04823487, -0.0813423 ,  0.01105212,
        0.0634333 ,  0.08039165, -0.00215119, -0.03765789,  0.02174358,
       -0.00863295,  0.00931037,  0.04492323, -0.00144179, -0.04150496,
        0.02609459,  0.05269834, -0.00591505,  0.10918441,  0.03591983,
        0.03325996,  0.04826192,  0.04926062, -0.04290139, -0.05869958,
        0.06368974, -0.0286847 , -0.0533978 ,  0.00889804, -0.05036086,
       -0.0292839 , -0.07506739,  0.02255437,  0.02652524,  0.00313778,
        0.02186368,  0.01149703,  0.02986456,  0.01767035, -0.05723462,
       -0.02999722,  0.00674287, -0.03367307, -0.04403602,  0.06738129,
        0.03484712,  0.01876307,  0.10755492, -0.04482162, -0.02733048,
       -0.01910475,  0.06089047,  0.04946853, -0.09379802,  0.0741386 ,
        0.07430936, -0.09083035,  0.00484381,  0.03937156,  0.05767099,
        0.00356282, -0.08005618,  0.06097733,  0.06907111,  0.05436063,
       -0.06137274,  0.00707028, -0.03512496, -0.03784144,  0.08292435,
       -0.11094259, -0.018636  ,  0.00886413, -0.04564894,  0.03982693,
        0.02067677, -0.03705456, -0.00640148,  0.02234095,  0.01091425,
       -0.01577123, -0.04852298,  0.00900859, -0.01046132, -0.06701228,
       -0.06790734,  0.02116124, -0.01793675,  0.02534803,  0.01293449,
       -0.00769413, -0.02003501, -0.06069649, -0.0229281 , -0.002994  ], dtype=float32), array([-0.11570576,  0.02002176, -0.00645018,  0.09517347,  0.05145914,
        0.04610604,  0.00818181, -0.03248225, -0.05751617,  0.0099944 ,
        0.05238289,  0.04137411,  0.00791434, -0.03484806, -0.00070172,
       -0.01118459,  0.0170357 ,  0.04052281,  0.01077539, -0.03903273,
       -0.00105358,  0.04299726, -0.00535284,  0.10495288,  0.03650212,
        0.04549231,  0.00698633,  0.0509627 , -0.03318218, -0.04043325,
        0.06928499, -0.01911088, -0.01559846,  0.00676893, -0.0373196 ,
       -0.00331975, -0.07689343,  0.03188584,  0.00453012,  0.01978558,
        0.00039783,  0.02192905,  0.02525226,  0.02060117, -0.03880575,
       -0.03850231, -0.01486504, -0.0258042 , -0.02034464,  0.07226995,
        0.05495679,  0.01648303,  0.11150514, -0.02555638, -0.03319047,
        0.00380327,  0.05619732,  0.03973338, -0.10252032,  0.08668819,
        0.08361917, -0.06752752,  0.00911231,  0.05069007,  0.03668023,
       -0.01250049, -0.0843347 ,  0.07002649,  0.06740084,  0.05073947,
       -0.06986263,  0.0221758 , -0.03950996, -0.02581242,  0.07211987,
       -0.08971818, -0.00627734,  0.01914811, -0.04316139,  0.03622727,
        0.00147941, -0.03947924, -0.02576479,  0.01051018,  0.02321245,
        0.00159121, -0.04821249,  0.00556383, -0.00096016, -0.06493823,
       -0.05988381,  0.00288297, -0.0154725 ,  0.04427011,  0.02621957,
       -0.01247943, -0.0016932 , -0.06209278, -0.01935793,  0.00408671], dtype=float32), array([-0.14261419,  0.01487851,  0.01200333,  0.12482094,  0.05055157,
        0.07532854,  0.00313744, -0.04679092, -0.08359499,  0.00448244,
        0.07221348,  0.07462331, -0.01666148, -0.03639493, -0.00208437,
       -0.00259937,  0.00677608,  0.03981724,  0.00052135, -0.03632842,
        0.02369562,  0.04253075, -0.01837439,  0.11576658,  0.04482366,
        0.05708238,  0.04463509,  0.06223584, -0.03625633, -0.05575256,
        0.08321641, -0.01438095, -0.04965146,  0.01286626, -0.0729768 ,
       -0.00421408, -0.10305285,  0.02980463,  0.03661165,  0.02635683,
        0.02444685,  0.03773608,  0.02678844,  0.00482215, -0.04742368,
       -0.05031814, -0.01006071, -0.00700046, -0.04782616,  0.05898927,
        0.02039122,  0.02528768,  0.08580882, -0.03264542, -0.01514041,
       -0.00364999,  0.08832817,  0.05477478, -0.09882801,  0.06219853,
        0.05129051, -0.08651286,  0.02023709,  0.02247601,  0.0457707 ,
        0.01295489, -0.04625148,  0.07550432,  0.07871816,  0.07482626,
       -0.07228672,  0.01718432, -0.02656417, -0.03719704,  0.07158793,
       -0.12559775, -0.00123701,  0.01992236, -0.04227426,  0.03128626,
        0.03922127, -0.01996735, -0.01882086,  0.02245126,  0.01031866,
       -0.02398837, -0.05177952,  0.00048271, -0.02424639, -0.04704056,
       -0.08122855,  0.00825712,  0.00507074,  0.02614194,  0.01620897,
       -0.00427675, -0.00255859, -0.07530644, -0.04626277, -0.01843726], dtype=float32), array([-0.10886891,  0.02275166, -0.01076474,  0.08336763,  0.015756  ,
        0.0444106 , -0.00437475, -0.04824859, -0.04769188,  0.01727551,
        0.04020626,  0.04331515, -0.02119013,  0.00190622,  0.00322191,
        0.01350992,  0.04887005,  0.03131211,  0.01196471, -0.05400703,
        0.00323857,  0.04511736, -0.00611831,  0.09744105,  0.04845205,
        0.04704854,  0.01591382,  0.05994554, -0.02500516, -0.05070368,
        0.10428392, -0.02378712, -0.01175059,  0.01166018, -0.04173702,
       -0.02262087, -0.04670469,  0.00154693,  0.01227029, -0.00917897,
        0.02087325,  0.01343516,  0.02888946,  0.05228245, -0.02212661,
       -0.01936768, -0.00326855, -0.02850435, -0.02847819,  0.07097898,
        0.03201568,  0.00901851,  0.07530505, -0.03657083, -0.03460521,
        0.02949174,  0.05564977,  0.05806404, -0.07586612,  0.07995815,
        0.057019  , -0.05725302,  0.01480571,  0.02844775,  0.02714234,
       -0.02164363, -0.05361434,  0.05864137,  0.07566191,  0.04451381,
       -0.07149518,  0.02635518, -0.05447447, -0.00504885,  0.09109253,
       -0.10197748, -0.00113073,  0.02060615, -0.05199029,  0.06080754,
        0.00125871, -0.03848658, -0.01923944,  0.00720982,  0.01330061,
       -0.00724679, -0.06374104, -0.00570814, -0.0014051 , -0.05060429,
       -0.06213304, -0.0052841 , -0.00218759,  0.05091487,  0.04714311,
       -0.0259444 , -0.02757993, -0.06421196, -0.02262713,  0.00199886], dtype=float32), array([-0.10825438,  0.01713018,  0.0301756 ,  0.08764482, -0.01336249,
        0.06311783,  0.0103716 , -0.02589953, -0.04805685,  0.02032441,
        0.08498899,  0.05942724,  0.00090635, -0.01759228,  0.00341841,
        0.02149417,  0.02635461,  0.01996642,  0.03502403, -0.04650716,
        0.01262511,  0.04589734, -0.0056647 ,  0.12869093,  0.04956248,
        0.00936471,  0.02492342,  0.06123972, -0.02798935, -0.02676507,
        0.05680396,  0.01104151, -0.00999709, -0.03603018, -0.05186883,
       -0.04646397, -0.06581809,  0.00617256,  0.02494853,  0.01717075,
        0.0169085 ,  0.02498424,  0.00899832,  0.02717433, -0.02857683,
       -0.02520402,  0.05101851, -0.00614977, -0.02509516,  0.04468703,
        0.04230457, -0.01018106,  0.0745066 , -0.05036816, -0.0312193 ,
        0.03646664,  0.04278481,  0.05002616, -0.08894339,  0.10031968,
        0.0809366 , -0.08428343, -0.01861765,  0.03422743,  0.05259914,
        0.01194993, -0.07888248,  0.02861652,  0.09171382,  0.0158987 ,
       -0.03261575,  0.04620738, -0.04437015, -0.01585609,  0.08573753,
       -0.08245902, -0.00972177,  0.01984283, -0.04735485,  0.07001086,
        0.00980002, -0.0499046 , -0.05397866, -0.02762777, -0.00588282,
        0.01968892, -0.05440537,  0.00381454, -0.02398108, -0.0577483 ,
       -0.05437115,  0.0241821 , -0.03347313,  0.03776344,  0.03151753,
       -0.02038562, -0.00846063, -0.03307369, -0.03243838,  0.01040994], dtype=float32), array([ -1.13613375e-01,   3.02016176e-02,   5.14048443e-04,
         9.34566930e-02,   3.57719138e-02,   5.90590797e-02,
        -2.02759337e-02,  -4.27299663e-02,  -7.21340179e-02,
        -2.48098914e-02,   5.88335358e-02,   7.05028251e-02,
        -1.26804775e-02,  -6.29209401e-03,   9.22065135e-03,
         3.79257050e-04,   2.25671958e-02,   5.01155779e-02,
         3.05627496e-03,  -4.98905294e-02,   2.22133156e-02,
         5.05578928e-02,  -5.54818194e-03,   8.94870162e-02,
         4.13776673e-02,   3.55917774e-02,   1.35176210e-02,
         5.82845695e-02,  -2.31671315e-02,  -7.22280517e-02,
         9.17506889e-02,   1.01082260e-02,  -5.09100780e-02,
        -1.37739610e-02,  -4.31859531e-02,  -6.89989282e-03,
        -7.82311335e-02,   3.18313092e-02,  -1.99800800e-03,
         2.24755146e-02,  -5.43474732e-03,   5.30437306e-02,
         1.32468045e-02,   8.45205225e-03,  -2.36970671e-02,
        -7.31016919e-02,  -1.90795828e-02,  -2.11434234e-02,
        -4.00266312e-02,   5.59082851e-02,   4.60073762e-02,
         2.34673861e-02,   7.26678818e-02,  -7.70236319e-03,
        -2.24102009e-02,   3.81934568e-02,   6.71162978e-02,
         5.72358556e-02,  -9.83050019e-02,   5.37209734e-02,
         6.56757578e-02,  -3.45748998e-02,  -6.42931089e-04,
         5.84744029e-02,   2.24593114e-02,   8.32860824e-03,
        -7.55867288e-02,   5.35531268e-02,   8.27313513e-02,
         5.86997755e-02,  -7.86185712e-02,   3.25665697e-02,
        -8.23312774e-02,  -1.49865178e-02,   7.69482777e-02,
        -8.95122811e-02,   1.14516513e-02,   3.80189493e-02,
        -4.68701720e-02,   4.67622466e-02,   1.21656824e-02,
        -9.83722787e-03,  -3.82995121e-02,   3.12421322e-02,
         6.23211870e-03,   7.41252385e-04,  -4.96745147e-02,
         1.30697582e-02,  -3.83353569e-02,  -3.08164675e-02,
        -8.58396143e-02,   1.68155320e-03,   2.35999672e-04,
         4.87609766e-02,   2.51000486e-02,   5.77921564e-05,
        -8.18170514e-03,  -5.17606810e-02,  -4.19015661e-02,
        -7.88481615e-04], dtype=float32), array([-0.08261122,  0.00212115,  0.01465139,  0.06461257,  0.04830942,
        0.07279361, -0.02673658, -0.01140654, -0.06420038, -0.00509917,
        0.05925549,  0.03919084, -0.01897064, -0.03191755,  0.01380598,
       -0.02709023, -0.00387824,  0.02753803, -0.0034066 , -0.02403774,
        0.00062954,  0.03708385, -0.00669151,  0.09281149,  0.04771394,
        0.05539531,  0.02542792,  0.03796101, -0.03321917, -0.07384463,
        0.06463977, -0.01076942, -0.02788921,  0.00710577, -0.04892258,
       -0.00751465, -0.07028075,  0.03438361,  0.05292057,  0.03905862,
        0.0170553 ,  0.02520125,  0.0558344 ,  0.03181051, -0.04908537,
       -0.00380444,  0.00340699, -0.02020365, -0.03868119,  0.07049133,
        0.06036523,  0.0019155 ,  0.10225397, -0.03852065, -0.03686729,
        0.01245642,  0.08033106,  0.09193939, -0.10725739,  0.06127759,
        0.06891999, -0.0961271 ,  0.01088262,  0.02053604,  0.03169677,
        0.03661796, -0.04427179,  0.08162953,  0.0635439 ,  0.06337048,
       -0.05928298, -0.00915529, -0.05232716, -0.02532958,  0.05013083,
       -0.10420223, -0.00557196,  0.00832946, -0.04938624,  0.00581674,
        0.01298778, -0.04723584, -0.03250198,  0.0218682 ,  0.01465075,
       -0.02740672, -0.07166051,  0.01094176, -0.03288138, -0.03591862,
       -0.06428774,  0.01990378, -0.00974495,  0.04317651,  0.02295613,
       -0.03497698, -0.01192415, -0.04881752, -0.02262253, -0.00777198], dtype=float32), array([-0.09912536,  0.01867756, -0.00445674,  0.08368638, -0.01040955,
        0.05622229,  0.00584466, -0.05897238, -0.03123252,  0.02175763,
        0.05422528,  0.05877176, -0.01120878, -0.01913317,  0.00884855,
        0.00136034,  0.01366746,  0.01131838,  0.00292139, -0.05553409,
       -0.00231892,  0.03285399,  0.03427455,  0.08307772,  0.04366715,
        0.01394284,  0.04929778,  0.05731273, -0.05494234, -0.03554629,
        0.06320464, -0.03236722, -0.00977435,  0.00204514, -0.029128  ,
       -0.04319238, -0.05236937,  0.01138152, -0.01127375, -0.0030632 ,
        0.06232511, -0.00529533,  0.01383405,  0.03516914, -0.0542268 ,
       -0.01369304,  0.04889816, -0.00538026, -0.05704479,  0.0476351 ,
       -0.01574736,  0.00969291,  0.10548973, -0.05327154, -0.02841639,
       -0.00064231,  0.01834064,  0.05666647, -0.04467026,  0.06900735,
        0.06231395, -0.09375346, -0.01507092,  0.01651712,  0.06223136,
       -0.03585824, -0.04734952,  0.0639933 ,  0.07605808,  0.0152176 ,
       -0.03492584,  0.0083419 , -0.02220318,  0.02542664,  0.09084491,
       -0.05122654,  0.00958121, -0.01973297, -0.08309098,  0.05425751,
       -0.00600765,  0.00861714, -0.04252103, -0.00354396,  0.00735313,
       -0.0200284 , -0.00676294,  0.05035658, -0.01701104, -0.04302689,
       -0.01549257,  0.02294569, -0.04220587,  0.04948742,  0.05852394,
       -0.0036415 , -0.01203007, -0.04602733,  0.00341218, -0.00655432], dtype=float32), array([-0.13505265,  0.00154431,  0.0148019 ,  0.09163319,  0.04887702,
        0.06381457,  0.01146066, -0.05377107, -0.06736282, -0.00460627,
        0.06029737,  0.08746798, -0.03503028, -0.03891642, -0.0025655 ,
       -0.0193562 , -0.01941511,  0.02534939,  0.02202165, -0.03008293,
        0.0234445 ,  0.02338004, -0.0114188 ,  0.10876103,  0.05663906,
        0.05090494,  0.02008599,  0.04299477, -0.00593809, -0.03929579,
        0.09264825, -0.00302913, -0.02392461, -0.01251173, -0.05873473,
        0.02236688, -0.10898469,  0.03896333,  0.03250304,  0.01565345,
        0.0518907 ,  0.03407645,  0.01274538,  0.00366124, -0.04404656,
       -0.05187323, -0.02238622, -0.00040646, -0.02161941,  0.02614721,
        0.01599464,  0.01352603,  0.06142993, -0.03051654, -0.00284369,
       -0.01002735,  0.06088398,  0.06263547, -0.10475476,  0.07364805,
        0.03790264, -0.07088531, -0.00173879,  0.0093168 ,  0.05815115,
        0.00682664, -0.03201945,  0.03204963,  0.08788075,  0.07428179,
       -0.06767176,  0.00662107, -0.05591115, -0.03873123,  0.02569708,
       -0.1248198 ,  0.00601404,  0.00852271, -0.05297719,  0.0328639 ,
        0.04234453, -0.01807766, -0.00802054,  0.03501619,  0.0200534 ,
       -0.04327273, -0.00069561,  0.00425231, -0.04577785, -0.03017895,
       -0.08114994,  0.02692157,  0.00191129,  0.03856815,  0.00580209,
       -0.00339236,  0.01423023, -0.05996098, -0.05213716, -0.02722989], dtype=float32), array([-0.15846086,  0.00276443,  0.01701925,  0.09549174,  0.03370174,
        0.0572681 ,  0.03181598, -0.07530954, -0.05897007, -0.00466457,
        0.07200897,  0.08518614, -0.05219427, -0.03089442,  0.00910724,
       -0.01188411, -0.00579666,  0.00487099,  0.0222228 , -0.03699371,
        0.0087858 ,  0.04117846, -0.01282337,  0.12154878,  0.05657966,
        0.05939461,  0.0295529 ,  0.06729564,  0.00621479, -0.04097679,
        0.10009353,  0.00874526, -0.02019452, -0.00847574, -0.06374413,
        0.0302    , -0.09423739,  0.03254633,  0.0403888 , -0.00224236,
        0.07395817,  0.03931007,  0.0070882 ,  0.015863  , -0.04078183,
       -0.05139256, -0.02004911,  0.00914039, -0.02411592,  0.03666865,
        0.00833096,  0.000506  ,  0.04594403, -0.021745  ,  0.00022684,
       -0.01182296,  0.06467284,  0.07587781, -0.10755815,  0.06486634,
        0.01571641, -0.07798601,  0.01677705,  0.00311231,  0.04362921,
        0.00625588, -0.01908052,  0.04994661,  0.09032712,  0.06556462,
       -0.06865345,  0.02555113, -0.05981763, -0.01940655,  0.04382056,
       -0.13401598,  0.00077635,  0.02153639, -0.05422976,  0.04333811,
        0.03362841, -0.03719497, -0.01717358,  0.01126386,  0.02086732,
       -0.02716855, -0.02404239,  0.00546593, -0.04347072, -0.03041642,
       -0.06359883,  0.03048081, -0.00474304,  0.02936912,  0.00530354,
        0.01136036, -0.00254725, -0.07961032, -0.06516548, -0.02372805], dtype=float32), array([-0.11445557,  0.02172377, -0.0232158 ,  0.08919162,  0.03523473,
        0.03292038,  0.00473908, -0.06653658, -0.05390631, -0.02696151,
        0.02644757,  0.07406968,  0.01192294, -0.04240394, -0.00456245,
       -0.02843497,  0.02007597,  0.06977351,  0.00845348, -0.04217609,
        0.01549517,  0.03866032, -0.01266837,  0.08607487,  0.05976118,
        0.03965124,  0.00097016,  0.0542455 , -0.02959473, -0.0551718 ,
        0.10016927, -0.01216464, -0.08216119, -0.02139313, -0.03477629,
       -0.04112328, -0.07037521,  0.01752114,  0.0199634 ,  0.00034181,
       -0.00565028,  0.03910309,  0.02382727,  0.0469175 , -0.03734967,
       -0.0321509 , -0.00387025, -0.05662881, -0.02739881,  0.07567593,
        0.07187173,  0.01100966,  0.09941355, -0.02904133, -0.03183549,
        0.04637978,  0.03816783,  0.05163656, -0.10749438,  0.11080189,
        0.05809624, -0.04412445, -0.00653364,  0.04745522,  0.06368551,
        0.003175  , -0.08812299,  0.0353726 ,  0.07292506,  0.06854766,
       -0.10783862,  0.01962572, -0.07049459, -0.0182892 ,  0.04998134,
       -0.11040157,  0.01036221,  0.02344088, -0.06178835,  0.03534589,
        0.02301744, -0.06587517, -0.04050881,  0.01225683, -0.01478901,
       -0.02465797, -0.06166536,  0.0015046 , -0.02559628, -0.0380811 ,
       -0.09845124,  0.00547665, -0.01358723,  0.07083708,  0.01815029,
        0.00040929, -0.00373422, -0.04777431, -0.03061427, -0.00738802], dtype=float32), array([-0.12306041,  0.02832759, -0.0111097 ,  0.10201422,  0.06336863,
        0.03339438, -0.00350845, -0.06653804, -0.05412094, -0.02070158,
        0.03914775,  0.06373122,  0.00327695, -0.02964477, -0.01053613,
       -0.01830957,  0.03647781,  0.05629371, -0.00828031, -0.03250985,
        0.00824576,  0.03613693, -0.00810016,  0.09014482,  0.02404367,
        0.04225634,  0.00209598,  0.05546902, -0.04930335, -0.06191799,
        0.08284368, -0.01959568, -0.06112491,  0.00976162, -0.04462519,
       -0.0279943 , -0.07336423,  0.01859888, -0.01005649,  0.00964278,
        0.00015861,  0.0483582 ,  0.01891906,  0.03767499, -0.02449992,
       -0.02757511, -0.01457415, -0.03803033, -0.03792581,  0.07542483,
        0.0763111 ,  0.00567757,  0.10966754, -0.03851508, -0.0352423 ,
        0.03000075,  0.06221703,  0.04359652, -0.08563764,  0.09115206,
        0.03900757, -0.04047883, -0.00682574,  0.03683182,  0.02834862,
        0.0099645 , -0.09329778,  0.05721755,  0.07217266,  0.04478075,
       -0.0953872 ,  0.00312212, -0.04213129, -0.03179452,  0.07066417,
       -0.0954757 ,  0.00645339,  0.01267131, -0.06984556,  0.03805658,
        0.01272554, -0.04882033, -0.01446384,  0.01190493, -0.01014308,
       -0.01790372, -0.06281238,  0.01571114, -0.03880875, -0.03779826,
       -0.08691145,  0.00103514,  0.01338626,  0.06317414,  0.03547997,
       -0.01204373,  0.00013318, -0.04470402, -0.05094277, -0.01024428], dtype=float32), array([ -1.39243007e-01,   1.80529319e-02,   6.96906634e-03,
         7.99889192e-02,   2.01223418e-02,   2.88225431e-02,
         2.39843745e-02,  -4.47813496e-02,  -4.10358422e-02,
        -5.44101000e-03,   8.47750828e-02,   4.62240130e-02,
        -7.61246076e-03,  -1.68085247e-02,   1.07083973e-02,
         3.90471588e-03,   4.00330834e-02,   4.01148684e-02,
         3.80814914e-03,  -6.61073625e-02,  -7.39201764e-03,
         4.67722602e-02,  -9.23408195e-03,   1.02254584e-01,
         4.30698767e-02,   4.43701558e-02,   1.66147798e-02,
         5.52252196e-02,  -5.51389083e-02,  -4.51873690e-02,
         8.87949392e-02,   1.83643040e-03,  -5.28931655e-02,
        -4.46133316e-03,  -4.16572466e-02,  -2.72121169e-02,
        -5.46828993e-02,   9.82977822e-03,   1.39184091e-02,
        -5.90047659e-03,   5.50227938e-03,   3.42871137e-02,
        -4.45464248e-05,   4.28259559e-02,   5.60714165e-04,
        -6.58696145e-02,   7.64644844e-03,  -2.35129856e-02,
        -1.95174161e-02,   7.55815431e-02,   4.23389524e-02,
        -1.81810663e-03,   8.65707323e-02,  -2.30559614e-02,
        -5.02386279e-02,   1.20908376e-02,   6.25568554e-02,
         6.21905848e-02,  -8.09951425e-02,   7.78877512e-02,
         6.59077615e-02,  -4.24879566e-02,   2.65455600e-02,
         6.53070435e-02,   4.11369978e-03,  -1.01880766e-02,
        -9.53198969e-02,   4.99406345e-02,   7.51826391e-02,
         4.40304577e-02,  -7.32911527e-02,   1.49208140e-02,
        -3.87969725e-02,  -1.38081582e-02,   1.08367130e-01,
        -1.06948301e-01,   6.95786253e-03,   1.97051652e-02,
        -5.06265722e-02,   5.49625866e-02,   8.77004769e-03,
        -4.10458930e-02,  -3.01609300e-02,   1.29039977e-02,
         2.06521824e-02,   1.14753172e-02,  -5.24470806e-02,
         1.63405705e-02,  -3.61243193e-03,  -4.01588902e-02,
        -6.53887391e-02,   4.01557749e-03,  -1.18816197e-02,
         2.19019391e-02,   2.00696234e-02,   1.38016967e-02,
        -1.46578327e-02,  -6.50077611e-02,  -4.89467382e-02,
         8.94830562e-03], dtype=float32), array([-0.13033411,  0.00988444, -0.02483505,  0.08933999,  0.05890253,
        0.02569409,  0.02025576, -0.05047471, -0.05403363,  0.00947739,
        0.06515108,  0.05829107, -0.00577429, -0.02754008, -0.01092464,
       -0.01745236,  0.0197767 ,  0.04406568, -0.00781241, -0.05252474,
       -0.00540546,  0.05508123,  0.01575486,  0.11059119,  0.0339371 ,
        0.0524586 ,  0.02818763,  0.04698291, -0.04732317, -0.02849762,
        0.0757037 , -0.03432196, -0.04258212,  0.00411839, -0.04642657,
       -0.00394473, -0.08547544,  0.02709686,  0.00712646,  0.01650349,
        0.01574694,  0.04813017,  0.01511016,  0.03796696, -0.02945492,
       -0.03113338, -0.02787929, -0.00922375, -0.05300009,  0.08829006,
        0.0424667 ,  0.01788592,  0.10576369, -0.01701678, -0.06263088,
        0.00043883,  0.06427208,  0.04049862, -0.10447998,  0.08802535,
        0.07971394, -0.05023506,  0.01897145,  0.05107502,  0.01605714,
       -0.01216785, -0.07790415,  0.06222413,  0.06481552,  0.0563724 ,
       -0.07359735,  0.00604457, -0.0376455 , -0.00175084,  0.06976163,
       -0.12252294,  0.00311953,  0.01436989, -0.05321851,  0.03208185,
        0.00659419, -0.03775477, -0.03633439,  0.03695984,  0.01557033,
       -0.01879395, -0.04888678,  0.01071372, -0.01091893, -0.07615399,
       -0.07296714, -0.00331253, -0.00861684,  0.02521966,  0.01810393,
        0.01145399, -0.00232121, -0.07161632, -0.03837961, -0.00909701], dtype=float32), array([-0.07574116,  0.02243463,  0.00935862,  0.08263422,  0.02426772,
        0.05909336, -0.02861769, -0.04013634, -0.05561873,  0.00404169,
        0.02859377,  0.08014524,  0.03078744, -0.0184996 , -0.00180166,
       -0.02601608, -0.01074544,  0.03962166, -0.00292331, -0.01550727,
        0.02618933,  0.04944191,  0.0282365 ,  0.07158373,  0.01909858,
        0.02148217,  0.01658774,  0.0610085 , -0.03502928, -0.06312263,
        0.0591643 , -0.03960302, -0.01499637, -0.01291766, -0.04495596,
       -0.00616891, -0.06528176,  0.03845952,  0.02139291,  0.00837896,
        0.01237927,  0.01596802,  0.00764023,  0.03827861, -0.0590924 ,
        0.00095781, -0.00146097, -0.02261762, -0.06241112,  0.06190995,
        0.01849969,  0.01090805,  0.08899356, -0.03395366, -0.01764287,
       -0.01931596,  0.03992587,  0.01284044, -0.05725173,  0.03036235,
        0.07648879, -0.04079654, -0.01350674,  0.02368878,  0.04305872,
       -0.01352448, -0.0475818 ,  0.01770346,  0.07799044,  0.0383036 ,
       -0.05914513,  0.00379722, -0.02124054, -0.03333016,  0.05137612,
       -0.07045645,  0.01378706, -0.00252602, -0.04782058,  0.05675299,
       -0.00275616, -0.02088215, -0.00255457,  0.00871433,  0.0210353 ,
        0.00758444, -0.04951505, -0.01151397, -0.036571  , -0.06712034,
       -0.06374595,  0.02930829, -0.00055528,  0.0292958 ,  0.02171582,
       -0.01272385, -0.01520083, -0.04787987,  0.00023733, -0.0185992 ], dtype=float32), array([-0.15518337,  0.01903448,  0.01104997,  0.11416133,  0.04393517,
        0.07676546,  0.00931924, -0.04429558, -0.08208475, -0.01609872,
        0.05504553,  0.0725766 , -0.00425745, -0.01629204, -0.00204732,
        0.01025092,  0.01752976,  0.05154539, -0.03076804, -0.03455066,
        0.02524459,  0.03349512, -0.01041981,  0.09297554,  0.04827178,
        0.06770959,  0.03697808,  0.05456321, -0.06446622, -0.05544527,
        0.06593004, -0.01195873, -0.0720522 ,  0.03156523, -0.03181463,
       -0.03324663, -0.0686923 ,  0.04164892,  0.01581162,  0.0288252 ,
       -0.00323221,  0.01626362,  0.03150017,  0.01731228, -0.03566897,
       -0.04407874, -0.01283057, -0.03933433, -0.05462938,  0.07822577,
        0.03629574,  0.02616097,  0.10250591, -0.00511142, -0.01650983,
        0.01015406,  0.06678449,  0.0563412 , -0.07952097,  0.05607797,
        0.05167776, -0.08299068,  0.0165462 ,  0.03597923,  0.0279159 ,
        0.00257062, -0.0652459 ,  0.07272112,  0.05527892,  0.07416587,
       -0.06583335,  0.02150628, -0.01873701, -0.04258662,  0.07625133,
       -0.10733549,  0.00173272,  0.04099409, -0.04010624,  0.02951751,
        0.03285712, -0.0266976 , -0.01439828,  0.02456777,  0.01585798,
       -0.02546594, -0.05716833,  0.0060332 , -0.0038315 , -0.03798639,
       -0.08391733, -0.00760754,  0.00810647,  0.02816725,  0.0224904 ,
       -0.01156326, -0.01674244, -0.08211417, -0.03604136, -0.00481066], dtype=float32), array([-0.11014379, -0.01617713, -0.00092323,  0.0793859 ,  0.0469564 ,
        0.04547786,  0.0101114 , -0.05134178, -0.03535874, -0.00702261,
        0.05515718,  0.05478479,  0.01132226, -0.02947864, -0.00116858,
       -0.02623433, -0.0126745 ,  0.01336895,  0.01374064, -0.04875737,
       -0.0107289 ,  0.04987638, -0.00174004,  0.12227406,  0.03549459,
        0.04052294,  0.00751998,  0.04051236, -0.00615985, -0.05449742,
        0.05040465, -0.00986037,  0.01122355, -0.03582759, -0.06717125,
        0.04126338, -0.06372493,  0.02088481,  0.04366488, -0.0025443 ,
        0.03483861,  0.03594314,  0.00733693,  0.03803129, -0.0361779 ,
       -0.00073903, -0.02778727,  0.01978332,  0.00679777,  0.05376153,
        0.04826049, -0.03199474,  0.07061755, -0.03479056, -0.02716683,
       -0.00594745,  0.05571094,  0.07944158, -0.11024653,  0.06806364,
        0.05599115, -0.07786216,  0.04158549,  0.02893944,  0.0261083 ,
       -0.01273036, -0.07212562,  0.03834832,  0.09147936,  0.07377959,
       -0.07462935,  0.01962167, -0.06165787, -0.02174714,  0.02106131,
       -0.11789256, -0.00269385,  0.01796636, -0.01246331,  0.05517051,
       -0.0019141 , -0.05451748, -0.01114378, -0.0074775 ,  0.02743276,
       -0.01412965, -0.05440434,  0.00073001, -0.03827003, -0.07415946,
       -0.07234369,  0.04028913,  0.01084844,  0.02479403,  0.00879143,
        0.00715557, -0.01039554, -0.06150043, -0.02098931, -0.00755159], dtype=float32), array([-0.11434507,  0.00608902,  0.01272396,  0.0838154 ,  0.04476679,
        0.06266622,  0.00622876, -0.03543375, -0.06479329,  0.00528388,
        0.08236097,  0.04125186,  0.00785346, -0.02433852,  0.02259285,
        0.0103553 ,  0.00658383,  0.024596  , -0.00633819, -0.06717406,
       -0.01275384,  0.03500172, -0.01268277,  0.11035221,  0.04402286,
        0.03588282,  0.02939542,  0.03192968, -0.0392207 , -0.01744282,
        0.04946494, -0.01327281, -0.03093443, -0.02136903, -0.04299394,
       -0.02796515, -0.07795556,  0.01890169,  0.01523554,  0.00224399,
        0.01899471,  0.02137028,  0.04443577,  0.02184488, -0.03766891,
       -0.02994447,  0.01667321, -0.01392451, -0.00825048,  0.04387791,
        0.03051361, -0.01208864,  0.09243806, -0.02864868, -0.03160894,
       -0.00311391,  0.03484715,  0.07272534, -0.08398148,  0.06476105,
        0.06103832, -0.06923161, -0.02119108,  0.02913788,  0.03296724,
       -0.00296254, -0.09007855,  0.031972  ,  0.07350983,  0.03355997,
       -0.07339609,  0.01510755, -0.01081763, -0.04183556,  0.07078331,
       -0.07196701,  0.01059535,  0.03823648, -0.01968104,  0.04725916,
        0.02001719, -0.03463011, -0.00300666, -0.01276311,  0.02668108,
        0.01283792, -0.02820928,  0.0173001 , -0.02020101, -0.05206154,
       -0.05295139,  0.02132158, -0.00544316,  0.02643783, -0.00733808,
        0.00468348,  0.01806863, -0.0348904 , -0.0201646 ,  0.00611994], dtype=float32), array([ -1.47803694e-01,   1.32446839e-02,   1.48817776e-02,
         1.04040168e-01,   4.52304631e-02,   7.83897862e-02,
         4.97295102e-03,  -5.42211533e-02,  -7.68994167e-02,
         1.15931768e-03,   6.82254657e-02,   7.74255320e-02,
        -2.21569967e-02,  -4.49217334e-02,  -2.09903391e-03,
        -9.10257176e-03,  -6.63696323e-03,   2.37225778e-02,
         5.26818587e-03,  -3.48579958e-02,   1.59754474e-02,
         3.61890756e-02,  -1.22260517e-02,   1.06169797e-01,
         4.11911011e-02,   5.40879555e-02,   3.61213274e-02,
         5.33822328e-02,  -2.17972212e-02,  -5.34377545e-02,
         8.35324302e-02,  -2.42188573e-03,  -3.19072045e-02,
        -1.40691805e-03,  -6.37164339e-02,   1.51225701e-02,
        -1.02402404e-01,   3.69420350e-02,   3.23678702e-02,
         9.51997284e-03,   3.90621051e-02,   2.72804406e-02,
         2.57021561e-02,   6.53849076e-03,  -5.46630844e-02,
        -4.97773439e-02,  -6.24916097e-03,   3.94772405e-06,
        -3.08465399e-02,   3.49436961e-02,   2.22359393e-02,
         2.69839726e-03,   7.62698427e-02,  -2.90628970e-02,
        -1.30288983e-02,  -2.14757435e-02,   7.24898055e-02,
         5.76656684e-02,  -1.09796472e-01,   5.95947802e-02,
         3.34754102e-02,  -8.16925839e-02,  -5.14854677e-03,
         1.13199856e-02,   4.30771746e-02,   4.56864061e-03,
        -3.70537527e-02,   4.27502990e-02,   8.62016827e-02,
         6.49571940e-02,  -7.43667185e-02,   1.51004537e-03,
        -3.57621983e-02,  -4.20707166e-02,   5.56122288e-02,
        -1.23589322e-01,   9.60949995e-03,   1.97708588e-02,
        -4.89457957e-02,   4.13726754e-02,   3.30176093e-02,
        -1.88601185e-02,  -1.27514759e-02,   1.72140896e-02,
         1.77506078e-02,  -2.31416915e-02,  -2.19134875e-02,
         3.19937593e-03,  -4.60595042e-02,  -4.66100797e-02,
        -7.64095485e-02,   2.97036264e-02,   7.00860657e-03,
         3.53551432e-02,   1.65552311e-02,  -3.28962202e-03,
        -1.93587574e-03,  -6.38189092e-02,  -4.96667586e-02,
        -2.53942180e-02], dtype=float32), array([-0.15308405,  0.00866689,  0.02087287,  0.10648148,  0.02913298,
        0.07156742,  0.00658772, -0.05397557, -0.05974774, -0.00334849,
        0.05986216,  0.0728486 , -0.04600746, -0.0281348 ,  0.00446238,
       -0.01069701,  0.0037125 ,  0.01992173,  0.01784392, -0.03813695,
        0.00686575,  0.0450922 , -0.01320397,  0.11320835,  0.03833053,
        0.0633012 ,  0.03413501,  0.06268232, -0.00579671, -0.0311486 ,
        0.08808651, -0.00247289, -0.0265693 ,  0.00283195, -0.04693059,
        0.004793  , -0.08959575,  0.03355122,  0.02145422,  0.0146164 ,
        0.05457764,  0.02141907,  0.021223  ,  0.00467564, -0.02887932,
       -0.02786301, -0.00480063, -0.00113842, -0.02852907,  0.03318682,
        0.02288532,  0.00876691,  0.05766703, -0.02606286,  0.00993799,
       -0.01594374,  0.0607582 ,  0.06810429, -0.07969385,  0.07081724,
        0.02550172, -0.08406673,  0.01541747,  0.00999213,  0.05328392,
       -0.00176226, -0.0284994 ,  0.04055171,  0.08163629,  0.05839045,
       -0.05459631,  0.02295585, -0.03246206, -0.03494585,  0.05651663,
       -0.11802188, -0.00105208,  0.01128379, -0.05708234,  0.02749082,
        0.03130456, -0.04289575, -0.0016996 ,  0.01139601,  0.0255751 ,
       -0.03512387, -0.02519738,  0.0025775 , -0.03846419, -0.04907869,
       -0.05266375,  0.03258061, -0.00606618,  0.03239715,  0.00924447,
        0.00292975, -0.00929004, -0.07234852, -0.03871702, -0.01470785], dtype=float32), array([-0.13105761,  0.01614985,  0.0072954 ,  0.11645009,  0.04805923,
        0.10288475, -0.00785326, -0.03951671, -0.0719505 ,  0.00193617,
        0.04971502,  0.07988644,  0.01588936, -0.03512449,  0.00194756,
        0.00079335,  0.01485724,  0.04536386, -0.0051244 , -0.03506556,
        0.03072168,  0.04881774, -0.02145925,  0.09549928,  0.02602152,
        0.0516963 ,  0.05546784,  0.04617488, -0.06135261, -0.05949563,
        0.05700487, -0.031801  , -0.05533786,  0.02813504, -0.05187354,
       -0.02254413, -0.06471864,  0.02613594,  0.03357374,  0.02689331,
        0.01478235,  0.01495888,  0.03265673,  0.01287443, -0.05631131,
       -0.03746651,  0.0011516 , -0.02950316, -0.0518927 ,  0.07204898,
        0.01986838,  0.03130129,  0.1089002 , -0.02679601, -0.01939229,
       -0.02245848,  0.07440446,  0.05552176, -0.06473462,  0.05155587,
        0.06829617, -0.08646721,  0.00287045,  0.04400058,  0.04041071,
        0.0083324 , -0.05888149,  0.07963143,  0.06176412,  0.0653758 ,
       -0.06098726,  0.00580065, -0.02313602, -0.05295148,  0.07594731,
       -0.11092227, -0.01611135,  0.0300536 , -0.02897304,  0.02280565,
        0.02710851, -0.02926548, -0.00311272,  0.01448297,  0.00919975,
       -0.01022727, -0.04801935, -0.00480239,  0.00065315, -0.06061707,
       -0.0832128 ,  0.01014496,  0.00071465,  0.02398606,  0.02665816,
       -0.01764182, -0.01559626, -0.0662422 , -0.01472421, -0.01291654], dtype=float32), array([-0.14319956,  0.02297881,  0.01796515,  0.09285884,  0.0417697 ,
        0.04752994,  0.00858879, -0.04874715, -0.06508858,  0.00290137,
        0.07600123,  0.06517687,  0.00597874, -0.02726078, -0.02578249,
        0.01245647,  0.02989189,  0.04293269, -0.00965834, -0.03751408,
       -0.0034947 ,  0.02752648, -0.01447124,  0.11349976,  0.04665091,
        0.04511941,  0.01890141,  0.05609723, -0.02853503, -0.03314256,
        0.06237259, -0.01123761, -0.07026973,  0.007611  , -0.05540331,
       -0.02450918, -0.0672176 ,  0.02485511,  0.01390876,  0.0046158 ,
       -0.00921449,  0.02285311,  0.00831423,  0.01882008, -0.0184422 ,
       -0.0534764 , -0.01737135, -0.04252756, -0.02534756,  0.05599977,
        0.04762111,  0.00952519,  0.07640905, -0.04289583, -0.03615759,
        0.01526106,  0.05503722,  0.05800096, -0.09634154,  0.0760665 ,
        0.04461509, -0.06196116,  0.00769017,  0.05428594,  0.01466855,
       -0.00796751, -0.08185364,  0.06607643,  0.07584859,  0.06115626,
       -0.06617561, -0.0064847 , -0.05099405, -0.0286943 ,  0.08975887,
       -0.10838817, -0.00245648,  0.03718672, -0.04927386,  0.04154796,
        0.0170162 , -0.02852594, -0.03775462,  0.0026653 ,  0.01720446,
       -0.00190451, -0.05472524,  0.00190571, -0.03189047, -0.05322647,
       -0.09063315,  0.01230685, -0.00809588,  0.03833715,  0.030271  ,
       -0.0138325 , -0.00476294, -0.07178693, -0.0476187 ,  0.00068464], dtype=float32), array([-0.10408298,  0.00445765,  0.01701619,  0.09568905,  0.05818284,
        0.08532947, -0.00891117, -0.03849389, -0.05090348,  0.00812341,
        0.07254662,  0.06462269,  0.00182566, -0.04012871,  0.02918706,
       -0.00334855,  0.03132804,  0.03589071, -0.02114473, -0.04095209,
        0.02756981,  0.06958564, -0.00098261,  0.13150811,  0.01668453,
        0.01797829,  0.02931496,  0.05016225, -0.03268154, -0.03964453,
        0.06551848, -0.04189282, -0.0113539 , -0.01295927, -0.03453804,
       -0.02258578, -0.06600946,  0.02947628,  0.00599113,  0.01066131,
        0.01245372,  0.00528391,  0.02823746,  0.0331244 , -0.05298622,
       -0.02597104,  0.01795621, -0.02041176, -0.01038806,  0.05472692,
        0.03871251,  0.0045428 ,  0.07522753, -0.04526259, -0.01470042,
       -0.01408014,  0.06689504,  0.05764833, -0.0766592 ,  0.07130764,
        0.07818598, -0.07171421, -0.01542024,  0.02655788,  0.0721183 ,
       -0.01957777, -0.07523087,  0.04439461,  0.07988793,  0.04551938,
       -0.0544836 ,  0.03405589, -0.01222304, -0.03032114,  0.06837415,
       -0.08176467,  0.00282106,  0.03349027, -0.06106159,  0.03333305,
       -0.00382939, -0.04914747, -0.00915127,  0.01102193,  0.00350998,
       -0.00951154, -0.03282099, -0.00451613, -0.03389165, -0.08906692,
       -0.05488893,  0.03710959, -0.01419791,  0.05518001,  0.00625811,
        0.0081779 , -0.0039667 , -0.06319888, -0.02095425,  0.01295107], dtype=float32), array([-0.11495601,  0.04071359,  0.00898131,  0.11034476,  0.03922502,
        0.05337424, -0.03587677, -0.03316203, -0.06187889,  0.00687973,
        0.05727049,  0.05105878,  0.01758783, -0.06018803, -0.01044055,
       -0.01696065,  0.00959268,  0.04780726,  0.02306353, -0.02490933,
        0.00741509,  0.04059655,  0.01548027,  0.11470663,  0.02706375,
        0.05575968,  0.01186155,  0.05348942, -0.04826971, -0.05596162,
        0.09087617, -0.03033918, -0.03561457, -0.01462822, -0.05505083,
       -0.00130898, -0.08193358,  0.03078179,  0.02697205,  0.00885227,
        0.01892238,  0.04312337,  0.03275897,  0.03435638, -0.072044  ,
       -0.01685748, -0.02508409, -0.02669766, -0.01242965,  0.08522398,
        0.05721966,  0.00774579,  0.10913747, -0.01533689, -0.05353395,
        0.01387047,  0.05016106,  0.03362211, -0.10112318,  0.09964903,
        0.06581329, -0.05881473, -0.00053354,  0.0332562 ,  0.03574479,
        0.00384263, -0.07455154,  0.05761079,  0.07410523,  0.06120701,
       -0.08800761, -0.00402115, -0.04176383, -0.01620891,  0.07599311,
       -0.10409236,  0.00584542, -0.00397626, -0.04276809,  0.03418495,
        0.01257806, -0.02752002, -0.0178399 ,  0.01069468,  0.01950296,
       -0.02245868, -0.05588731,  0.01877761, -0.03831776, -0.06190597,
       -0.06201704,  0.0092302 , -0.02608865,  0.05640817,  0.03310202,
       -0.02944824, -0.01185848, -0.03185064, -0.02425896, -0.02279951], dtype=float32), array([-0.11370082,  0.00759943,  0.0300164 ,  0.11264898,  0.00377325,
        0.04554218,  0.03425205, -0.05923987, -0.04175737,  0.01769972,
        0.06926274,  0.10434297, -0.03223199, -0.01130936,  0.01788841,
       -0.00925641,  0.01400238,  0.00598821,  0.02458749, -0.02917339,
        0.04010096,  0.04689891, -0.00382313,  0.10092919,  0.04922651,
        0.02291519,  0.02994743,  0.05837625, -0.0450753 , -0.03980579,
        0.06918069, -0.01962718, -0.01150253, -0.00700682, -0.0556467 ,
       -0.03519657, -0.03982574, -0.00642395,  0.0367283 ,  0.00122119,
        0.01018355,  0.01235675,  0.01264737,  0.019301  , -0.05383386,
       -0.04330763,  0.01361728, -0.00195914, -0.01666793,  0.05180912,
        0.02243684,  0.00635783,  0.08065088, -0.04602341, -0.00599119,
        0.01973959,  0.05710111,  0.05075503, -0.07871223,  0.07271133,
        0.05292241, -0.06901838,  0.01551192,  0.01242194,  0.06136709,
       -0.00429961, -0.05194627,  0.06888156,  0.05988444,  0.04160552,
       -0.04734023,  0.04252772, -0.03593424,  0.00241064,  0.0754836 ,
       -0.09326573, -0.00272865, -0.00134492, -0.04226484,  0.04030474,
        0.02338594, -0.02066443, -0.00759817, -0.01034162,  0.01437863,
        0.00309366, -0.05543248, -0.01622643, -0.01427856, -0.03579454,
       -0.05520004,  0.02510488, -0.00848792,  0.03545472,  0.03011487,
       -0.00528487, -0.03607819, -0.05273575, -0.0256485 , -0.02531156], dtype=float32), array([-0.11038498,  0.01681246,  0.01827411,  0.10011082,  0.03897453,
        0.04988787, -0.01042165, -0.04734692, -0.03630161,  0.0052198 ,
        0.0792826 ,  0.08015515, -0.00802883, -0.02415616,  0.00082053,
       -0.01643487, -0.00612476,  0.03754468, -0.00086072, -0.04301571,
        0.01147821,  0.01014415, -0.00064457,  0.08537713,  0.03296655,
        0.03200678,  0.01527128,  0.05633547, -0.06218112, -0.04715474,
        0.0684986 ,  0.00077378, -0.04342078,  0.00419428, -0.03339832,
       -0.04063777, -0.06235471,  0.00972843,  0.01025631,  0.00094351,
        0.01293197,  0.06152992, -0.00290608,  0.01889577, -0.03850013,
       -0.00921282, -0.0119369 , -0.02072442, -0.03857647,  0.0648107 ,
        0.03271692, -0.02668658,  0.07326302, -0.05487119,  0.00230925,
        0.00391153,  0.05920959,  0.07975771, -0.0799401 ,  0.06661268,
        0.04413578, -0.03031882,  0.00680936,  0.0351939 ,  0.06037693,
       -0.01212176, -0.11260908,  0.04277352,  0.06553183,  0.03840564,
       -0.05654113, -0.00043498, -0.05482695, -0.0312785 ,  0.05367325,
       -0.11639705, -0.0056291 , -0.00258648, -0.04731251,  0.04841162,
        0.02582136, -0.02204379, -0.00492018,  0.00072542,  0.01653591,
       -0.01453838, -0.04103534,  0.01088197, -0.04361525, -0.0427845 ,
       -0.04930261,  0.03451099,  0.00176898,  0.03422489,  0.02401219,
       -0.00252661, -0.00742654, -0.04609579, -0.04125968, -0.00176347], dtype=float32), array([-0.14161392,  0.00569381,  0.0277494 ,  0.08839967,  0.0511201 ,
        0.03788781,  0.03143143, -0.06118534, -0.06909676,  0.01536962,
        0.06399199,  0.08337414,  0.01456829, -0.04082133,  0.00834026,
       -0.00739239,  0.01111166,  0.04626446, -0.01220515, -0.03515301,
       -0.00342331,  0.01442703,  0.00591676,  0.10931251,  0.04490562,
        0.03956164,  0.0231091 ,  0.03646711, -0.04430015, -0.01468102,
        0.05310537, -0.00488341, -0.0456524 ,  0.01558108, -0.0130749 ,
       -0.05160744, -0.06848183,  0.03584526,  0.02337599,  0.01827597,
        0.02060204,  0.02809724,  0.0259922 ,  0.00390799, -0.01280651,
       -0.03910282, -0.02448126, -0.04277888, -0.02846114,  0.06587179,
        0.04447938,  0.00793349,  0.08176703, -0.01499044, -0.01885164,
       -0.00389303,  0.03962258,  0.04938113, -0.09802272,  0.05622074,
        0.04648121, -0.0490293 ,  0.01266879,  0.05065333,  0.03543689,
       -0.02914958, -0.10226043,  0.0344958 ,  0.0580077 ,  0.05833539,
       -0.05955247,  0.02189518, -0.02107303, -0.0367633 ,  0.05834631,
       -0.09297652,  0.01321426,  0.01382047, -0.05066694,  0.0512787 ,
        0.02882538, -0.03614919, -0.00844529,  0.02825335,  0.01131279,
       -0.01285695, -0.03463125,  0.01156792, -0.03199333, -0.06571215,
       -0.06338411,  0.00471754,  0.01684641,  0.03692951, -0.00748819,
        0.02506492, -0.00429087, -0.04399527, -0.04188047, -0.00377133], dtype=float32), array([-0.11028158,  0.0092025 ,  0.00060903,  0.0693475 ,  0.01960259,
        0.04519058,  0.00590641, -0.04743514, -0.0202977 ,  0.02478536,
        0.04394601,  0.06870136, -0.00969162, -0.03380191,  0.01025671,
       -0.00264943,  0.00806762,  0.02261001,  0.00737142, -0.02739585,
        0.00326385,  0.02945589,  0.02267746,  0.07563475,  0.05003635,
        0.03680032,  0.03291762,  0.0634945 , -0.04390314, -0.04817917,
        0.06579313, -0.03422433, -0.02282253, -0.00028256, -0.032641  ,
       -0.0349019 , -0.05745875,  0.01965013,  0.04007864,  0.01439925,
        0.03750112,  0.02261485,  0.01056777,  0.02113812, -0.04442153,
       -0.03295546, -0.00952537, -0.03329305, -0.03830957,  0.05805742,
        0.02244635,  0.01352905,  0.09179331, -0.01635452, -0.0475183 ,
       -0.01388739,  0.0595899 ,  0.03508646, -0.0704364 ,  0.04211113,
        0.06054165, -0.05187814, -0.01313026,  0.01771388,  0.0210372 ,
       -0.01093553, -0.07083359,  0.0663838 ,  0.0611674 ,  0.03818068,
       -0.03477342, -0.02313635, -0.02689356, -0.02924433,  0.07911184,
       -0.06830402,  0.00738149, -0.01701455, -0.07444058,  0.03157028,
        0.00487313, -0.0081607 , -0.02627293,  0.01404939,  0.01669896,
       -0.0108576 , -0.04397156, -0.00191811, -0.01179128, -0.04165545,
       -0.05629367,  0.0151948 , -0.00745916,  0.03474875,  0.03111183,
       -0.03014008, -0.0080456 , -0.06090401, -0.03015108, -0.01847333], dtype=float32), array([ -1.42189428e-01,  -4.36179666e-03,   2.55330130e-02,
         8.32771212e-02,   1.84813663e-02,   3.09352241e-02,
         4.61238176e-02,  -7.06200227e-02,  -7.06226826e-02,
         1.94146987e-02,   7.11920261e-02,   9.60781649e-02,
        -1.00227250e-02,  -3.65953706e-02,   1.33707025e-03,
         1.93845723e-02,   7.02853594e-03,   2.00082120e-02,
         1.78626552e-02,  -4.24270146e-02,   3.63673642e-02,
         3.29924896e-02,   1.89621863e-03,   1.01694584e-01,
         5.36453947e-02,   3.23405825e-02,   2.62377430e-02,
         4.49669026e-02,  -2.77102832e-02,  -3.67187373e-02,
         7.06417784e-02,   5.69359493e-03,  -3.78512256e-02,
        -4.52249747e-04,  -6.22429773e-02,  -4.73145470e-02,
        -8.66561681e-02,   1.34877507e-02,   3.76530699e-02,
        -2.54166033e-03,   3.43120657e-02,   4.04354595e-02,
         3.51219289e-02,   1.84633825e-02,  -3.79394554e-02,
        -6.17892370e-02,   1.01506957e-04,  -3.86732370e-02,
        -1.73400007e-02,   7.38710016e-02,   2.75960956e-02,
         6.81612082e-03,   7.21948147e-02,  -2.61108913e-02,
        -6.04631752e-03,   2.10327394e-02,   7.43202493e-02,
         6.07817173e-02,  -1.09377235e-01,   5.31800240e-02,
         6.39527962e-02,  -4.00260128e-02,  -1.31652970e-02,
         2.60075890e-02,   2.49030218e-02,  -7.81009858e-03,
        -6.00809120e-02,   3.15476134e-02,   7.06448406e-02,
         5.57890572e-02,  -7.86567256e-02,   2.07504686e-02,
        -5.12682796e-02,  -2.45945435e-02,   8.28647092e-02,
        -9.78206769e-02,   4.88164835e-03,   8.66798870e-03,
        -4.73894328e-02,   3.77742238e-02,   2.92176679e-02,
        -2.63012424e-02,  -1.11210756e-02,   1.30825378e-02,
         1.07616726e-02,   1.48083167e-02,  -5.40698916e-02,
         2.22660508e-02,  -2.74076741e-02,  -4.31723557e-02,
        -5.80318198e-02,   1.99589022e-02,  -1.56925817e-03,
         2.06573717e-02,   1.19736278e-02,  -7.92957097e-03,
        -1.08053898e-02,  -6.05045408e-02,  -4.99465875e-02,
        -8.58681742e-03], dtype=float32), array([-0.10967956, -0.0045189 ,  0.01945649,  0.10438485,  0.05611542,
        0.08993503,  0.00663191, -0.0361287 , -0.02686531,  0.03082989,
        0.04904219,  0.07032727,  0.00182517, -0.03947875,  0.01735233,
        0.0001702 ,  0.02170584,  0.03554223,  0.00125531, -0.02338137,
        0.01175448,  0.05614712,  0.00334652,  0.12115214,  0.02744706,
        0.01482712,  0.03732487,  0.04268697, -0.03648618, -0.03368014,
        0.05803683, -0.0299559 , -0.01274098,  0.00903825, -0.0314185 ,
       -0.03401081, -0.06650171,  0.00804726,  0.00480281,  0.00810696,
        0.00497541,  0.00398877,  0.02570379,  0.02199426, -0.06146079,
       -0.02202303,  0.01741335, -0.02335185, -0.01494861,  0.06067325,
        0.02639753,  0.00135269,  0.09081676, -0.05412639, -0.00358408,
       -0.00631816,  0.04742109,  0.03964495, -0.07906374,  0.0687805 ,
        0.06142592, -0.08887351, -0.00392729,  0.01915679,  0.06824337,
       -0.01923672, -0.07142204,  0.06157441,  0.08355418,  0.04825195,
       -0.03959805,  0.02150561, -0.0123329 , -0.02254267,  0.07830835,
       -0.08095482, -0.00176471,  0.01855935, -0.07589844,  0.0355671 ,
        0.00253417, -0.03821687, -0.00294378, -0.00354433,  0.007662  ,
       -0.01584457, -0.0353024 , -0.02180498, -0.04619567, -0.08439653,
       -0.04458494,  0.03944219, -0.02381339,  0.05519431,  0.02268863,
       -0.00169998, -0.01632581, -0.05729769, -0.01968305, -0.00109407], dtype=float32), array([-0.11450749, -0.01809111,  0.01399903,  0.08587433,  0.04244542,
        0.05620754,  0.00624087, -0.04275785, -0.04032079,  0.02542574,
        0.06011187,  0.05645129, -0.0022532 , -0.0188753 ,  0.01759591,
       -0.00280828,  0.03799964,  0.02467787, -0.00800094, -0.03786768,
        0.00165168,  0.0470047 ,  0.0224099 ,  0.10068372,  0.04803248,
        0.03369215,  0.03207084,  0.05613535, -0.03931484, -0.04337893,
        0.07097097, -0.01846929, -0.00756775,  0.00017967, -0.04548781,
       -0.04380698, -0.0555551 ,  0.03234256,  0.0371564 ,  0.01099851,
        0.03613667,  0.01809949,  0.02061878,  0.03228939, -0.03882404,
       -0.03165876,  0.00350364, -0.01499656, -0.01453212,  0.06391181,
        0.02568961,  0.00726135,  0.08037661, -0.0352054 , -0.02818413,
       -0.01335049,  0.06988165,  0.05892984, -0.08429661,  0.05004123,
        0.06015277, -0.07026659,  0.00055729,  0.02614579,  0.04701739,
        0.00884754, -0.0599111 ,  0.03955291,  0.06295539,  0.0431398 ,
       -0.05137307,  0.02816591, -0.00960096, -0.04977697,  0.07973248,
       -0.10250996,  0.0170265 ,  0.02334253, -0.03418726,  0.03690975,
       -0.01439127, -0.04104606, -0.00763369,  0.01415863,  0.00548715,
       -0.00143874, -0.04439845,  0.00280873, -0.0048872 , -0.06653169,
       -0.05189429,  0.03179507, -0.01334299,  0.03705741,  0.01370517,
       -0.00542019, -0.00609199, -0.06556108, -0.03438261, -0.00425187], dtype=float32), array([-0.14417788,  0.02305876,  0.01166611,  0.10213084,  0.05064667,
        0.08337054,  0.00298379, -0.04220083, -0.07147602,  0.00171568,
        0.07380863,  0.07667717,  0.01363808, -0.04264031, -0.00632892,
       -0.00911315,  0.02289817,  0.06391924, -0.01346145, -0.03122804,
        0.00938045,  0.03450622, -0.01889268,  0.0941228 ,  0.03999577,
        0.05086134,  0.03675961,  0.05734338, -0.05373855, -0.05257668,
        0.06306961, -0.00778778, -0.057001  ,  0.01439263, -0.04621004,
       -0.03819448, -0.0804387 ,  0.03006495,  0.01506027,  0.02507979,
        0.00327671,  0.01961167,  0.04030814,  0.00285508, -0.04683128,
       -0.04980247, -0.00388914, -0.03837407, -0.04424294,  0.06104291,
        0.02251429,  0.02735581,  0.09913724, -0.01108872, -0.02627736,
       -0.00654137,  0.07846409,  0.06196753, -0.09838898,  0.06543619,
        0.05312032, -0.07667296, -0.00046684,  0.04402802,  0.03095095,
       -0.00036637, -0.08178075,  0.07710776,  0.0687518 ,  0.05404462,
       -0.08412596,  0.00963092, -0.02500591, -0.04317115,  0.09664135,
       -0.09994262,  0.00029646,  0.04884915, -0.05427234,  0.03550814,
        0.03492408, -0.02458011, -0.02240616,  0.0069309 ,  0.01110585,
       -0.00079733, -0.04621296,  0.00582706, -0.02672181, -0.04769863,
       -0.07914201,  0.01241798,  0.0065483 ,  0.03834617,  0.01838906,
       -0.0092907 , -0.00923151, -0.06108238, -0.02953589, -0.0173477 ], dtype=float32), array([-0.13104446,  0.00403964, -0.00597358,  0.11855253,  0.07078464,
        0.06792323,  0.04044801, -0.04993529, -0.06775043,  0.00164291,
        0.04404414,  0.07406772, -0.0203396 , -0.02934376,  0.00528625,
       -0.00192918,  0.04243451,  0.03941507, -0.00154961, -0.02937953,
        0.01731778,  0.0215023 ,  0.01099347,  0.11124448,  0.0452776 ,
        0.06225019,  0.04061231,  0.04932633, -0.06645951, -0.05327636,
        0.08559912, -0.02135258, -0.02454348,  0.01879759, -0.04119734,
       -0.02416941, -0.06490406,  0.05155727,  0.02402915,  0.01934195,
        0.03665837,  0.04532576,  0.03755958,  0.01775523, -0.03569284,
       -0.06420885, -0.01240166, -0.03582058, -0.02991481,  0.07343502,
        0.03582463,  0.02666518,  0.09828956, -0.0064331 , -0.03742405,
        0.00271775,  0.05220523,  0.06990734, -0.11276969,  0.07485546,
        0.05572794, -0.06077775,  0.00527735,  0.02709502,  0.04495316,
       -0.00162709, -0.06076352,  0.07370468,  0.05907351,  0.06366213,
       -0.0706545 ,  0.02469709, -0.0130059 , -0.02786138,  0.08139181,
       -0.12213706,  0.0054755 ,  0.01465994, -0.04539039,  0.03771829,
        0.0028489 , -0.02464494, -0.02175375,  0.03426163,  0.01351131,
       -0.01034986, -0.02867719, -0.00132561, -0.00592161, -0.06568897,
       -0.0601645 ,  0.00386196, -0.00971291,  0.05435672,  0.030058  ,
        0.00074435, -0.00422665, -0.0786761 , -0.04927451, -0.00767235], dtype=float32), array([ -1.43849522e-01,   2.03930326e-02,   1.72789283e-02,
         8.70125070e-02,   2.51019187e-02,   3.67235392e-02,
         8.18495732e-03,  -5.84534444e-02,  -8.14909264e-02,
         6.44248724e-03,   7.76290223e-02,   7.51909986e-02,
        -7.37003796e-03,  -2.21801642e-02,   1.19807553e-02,
        -5.04279276e-03,   7.60193728e-03,   2.20005736e-02,
        -2.82253115e-03,  -6.91939220e-02,  -1.92861620e-03,
         3.30158025e-02,  -1.53216459e-02,   9.53462124e-02,
         3.64701450e-02,   4.39793281e-02,   1.68729424e-02,
         4.90868203e-02,  -3.27182449e-02,  -5.63512035e-02,
         7.81047121e-02,  -8.01344588e-03,  -5.16370647e-02,
        -1.46223390e-02,  -4.45694439e-02,  -4.40394320e-02,
        -6.28906563e-02,   7.48562487e-03,   2.97061540e-02,
         9.24689975e-03,   2.94670686e-02,   3.58314812e-02,
         2.21954137e-02,   2.09474247e-02,  -2.60906760e-02,
        -4.95568365e-02,   1.77359283e-02,  -2.99698599e-02,
        -2.42741164e-02,   4.69379127e-02,   4.07752544e-02,
         1.40825438e-03,   7.53364414e-02,  -3.22694518e-02,
        -3.53095978e-02,   1.68500356e-02,   5.56254052e-02,
         7.90746585e-02,  -8.59247372e-02,   7.26098120e-02,
         3.49095538e-02,  -7.39300177e-02,  -1.46361077e-02,
         2.05950495e-02,   3.36199589e-02,   9.96269286e-04,
        -8.24991986e-02,   3.66720036e-02,   7.43113235e-02,
         5.02435416e-02,  -7.15740249e-02,   1.74991097e-02,
        -4.80440408e-02,  -3.83751951e-02,   7.56276250e-02,
        -1.06393076e-01,   5.04281418e-03,   1.75303202e-02,
        -4.25531119e-02,   5.56752719e-02,   2.75560413e-02,
        -3.45355719e-02,  -2.59475615e-02,   1.20928269e-02,
         2.04249211e-02,   8.10441561e-03,  -3.67435291e-02,
         9.41243581e-03,  -3.08504011e-02,  -3.46421897e-02,
        -6.22493885e-02,   2.78501138e-02,   8.46130401e-03,
         4.83048335e-02,   2.20284499e-02,   2.91481865e-05,
         2.03258656e-02,  -3.34806778e-02,  -4.16325815e-02,
         1.90998260e-02], dtype=float32), array([-0.13759263,  0.0043721 ,  0.00346639,  0.09829305,  0.02453192,
        0.0273415 , -0.00647085, -0.06829654, -0.05787289, -0.00953916,
        0.07278891,  0.06931189, -0.00707374, -0.03893729,  0.00537094,
       -0.00147533,  0.01424183,  0.05498613,  0.00563683, -0.05366666,
        0.00494085,  0.0137523 , -0.01773365,  0.08423235,  0.04522493,
        0.02368631,  0.01408576,  0.05812644, -0.02218733, -0.03657517,
        0.06687401, -0.00893138, -0.05342066, -0.01234941, -0.04826462,
       -0.05849433, -0.06692299,  0.02184663,  0.02041019,  0.00245201,
       -0.00944941,  0.00765308,  0.02395574,  0.01743325, -0.03553269,
       -0.04499272,  0.02005839, -0.04013409, -0.01082147,  0.04862808,
        0.05053844,  0.00771143,  0.06462883, -0.03590016, -0.03848817,
        0.01790665,  0.0773792 ,  0.06638239, -0.10227473,  0.07312205,
        0.03418215, -0.06024172, -0.01666497,  0.0321343 ,  0.03867401,
        0.04231779, -0.07577099,  0.04125825,  0.06225045,  0.05702106,
       -0.07281556,  0.01516153, -0.04887375, -0.03587864,  0.06661536,
       -0.10322879, -0.02114759,  0.01285313, -0.04180571,  0.03101745,
        0.03322916, -0.0460525 , -0.03268018,  0.01150965,  0.01276175,
       -0.0057421 , -0.05731239,  0.00932373, -0.02634333, -0.05022524,
       -0.05893653,  0.03820245, -0.01308837,  0.0736181 , -0.00929108,
       -0.00989311, -0.00650727, -0.05225268, -0.04009657,  0.00505261], dtype=float32), array([-0.07759878,  0.04359463, -0.02066707,  0.12462568,  0.05399781,
        0.07349143, -0.03534148, -0.03766587, -0.05577145, -0.00401311,
        0.05930172,  0.0507494 , -0.01208333, -0.04174437, -0.01134146,
       -0.01789495,  0.01037124,  0.04008749,  0.01514545, -0.02364101,
        0.00610714,  0.03011919,  0.00458491,  0.10250497,  0.02191299,
        0.00886248, -0.00215129,  0.06611539, -0.0457977 , -0.07615336,
        0.09542424, -0.02610891,  0.00070635, -0.00667409, -0.04009562,
        0.00757539, -0.05882361,  0.03527022,  0.00752456, -0.01516644,
        0.02999177,  0.04051838,  0.01775655,  0.0273901 , -0.07097931,
       -0.01955478, -0.01165869, -0.03077885, -0.00643145,  0.04329902,
        0.05454741, -0.02496648,  0.08559525, -0.02997805, -0.03298252,
        0.02213592,  0.03000616,  0.07221085, -0.10590702,  0.08781362,
        0.06036869, -0.03769739, -0.00926575,  0.02225157,  0.06718578,
       -0.0091024 , -0.08118098,  0.04979259,  0.09291875,  0.04034242,
       -0.08348795,  0.03067713, -0.06329056, -0.02363708,  0.06801205,
       -0.09975456, -0.00724635, -0.01079735, -0.04680726,  0.06144861,
       -0.0165837 , -0.02513891,  0.00110269,  0.00479947,  0.00336978,
       -0.00480569, -0.03938673,  0.010872  , -0.02757495, -0.06918239,
       -0.06232665,  0.01005546, -0.01980878,  0.06059073,  0.02658024,
       -0.0114822 , -0.0158837 , -0.04744595,  0.0015828 , -0.00259102], dtype=float32), array([-0.13037884, -0.00565231,  0.03156338,  0.07643297,  0.00827484,
        0.03058933,  0.01539446, -0.04721607, -0.05942846,  0.01806318,
        0.06105821,  0.06979974, -0.00426951, -0.03992852,  0.02698185,
        0.00039592,  0.02502995,  0.01964257,  0.0299119 , -0.0341641 ,
       -0.03311931,  0.04211523, -0.00336338,  0.10540126,  0.0428969 ,
        0.0329241 ,  0.03738824,  0.05645723, -0.03996756, -0.02755607,
        0.05951211, -0.02332965, -0.04456235, -0.00222985, -0.05286461,
       -0.07193548, -0.08187936,  0.04145993,  0.01741187,  0.01554702,
        0.03847371,  0.00798893,  0.03254827,  0.02790601, -0.03288833,
       -0.02566682,  0.02537011, -0.03068283, -0.01575472,  0.08399809,
        0.02060056,  0.00795043,  0.09559079, -0.02648508, -0.01873462,
        0.00447133,  0.04834196,  0.0693378 , -0.0857124 ,  0.08658639,
        0.05335256, -0.08632807, -0.01725794,  0.03360187,  0.04332108,
        0.01298743, -0.06048132,  0.04024212,  0.05506961,  0.04132561,
       -0.02320854,  0.00702683, -0.00669873,  0.00141295,  0.07331803,
       -0.06687225,  0.02099212,  0.00376592, -0.04596568,  0.04231123,
        0.03042076, -0.04473314, -0.02892374, -0.01229425, -0.01634026,
        0.0143579 , -0.04077509,  0.00989736, -0.01562896, -0.04341071,
       -0.03943657,  0.01943099, -0.04037022,  0.04758426,  0.00809156,
        0.0020628 , -0.01122466, -0.06829433, -0.02083142,  0.00535283], dtype=float32), array([-0.12384569,  0.02311588,  0.0207737 ,  0.09699422,  0.02775326,
        0.05453938,  0.00889715, -0.04277983, -0.04228668,  0.02508957,
        0.07900382,  0.05333278, -0.010324  , -0.02808123,  0.01325483,
        0.00088039,  0.01318048,  0.02111819,  0.01234255, -0.06080095,
        0.01293137,  0.01356368,  0.00044304,  0.10299722,  0.03339116,
        0.05393015,  0.04112339,  0.03641361, -0.02960075, -0.03164574,
        0.07410421, -0.02204151, -0.02737539, -0.00313901, -0.04553622,
       -0.0294033 , -0.06485891,  0.0170666 ,  0.02704241,  0.01307021,
        0.03664207,  0.02763496,  0.03949863,  0.01601379, -0.03143812,
       -0.02631208,  0.00285284, -0.02111465, -0.01295693,  0.05209833,
        0.04178722,  0.0059662 ,  0.0947646 , -0.01915549, -0.01903169,
       -0.00715198,  0.05583682,  0.06514163, -0.09099787,  0.05295679,
        0.05908003, -0.0731453 , -0.00906609,  0.02485807,  0.02222808,
        0.01146925, -0.0635692 ,  0.05598397,  0.07778093,  0.03351105,
       -0.05273091,  0.02622927, -0.01939054, -0.01500175,  0.0894075 ,
       -0.11390373, -0.00952597,  0.0389106 , -0.05329848,  0.04172477,
        0.01338883, -0.03477283, -0.02991745,  0.00670487,  0.02495532,
       -0.020298  , -0.061358  ,  0.00866135, -0.0191423 , -0.0554754 ,
       -0.05211539,  0.02080098, -0.00677222,  0.03426466,  0.01177244,
       -0.01844458, -0.00488077, -0.04182999, -0.02689263, -0.01383772], dtype=float32), array([-0.14982349,  0.01177647,  0.02025959,  0.10836427,  0.04787534,
        0.09025645,  0.00307393, -0.05066458, -0.07463226, -0.00153774,
        0.08097671,  0.08301568, -0.02092244, -0.0413367 ,  0.0023567 ,
       -0.01210023,  0.00068702,  0.0272324 ,  0.00283207, -0.02925474,
        0.0260135 ,  0.05227647, -0.01949719,  0.11701807,  0.03938005,
        0.05345409,  0.0396486 ,  0.06489179, -0.02052293, -0.05067557,
        0.08309288, -0.00833171, -0.03587253,  0.00657938, -0.07293851,
        0.01668305, -0.10439475,  0.03241518,  0.03102263,  0.01586137,
        0.03190017,  0.03282405,  0.02113609,  0.00827127, -0.05315914,
       -0.04744939, -0.00750289,  0.00166415, -0.04264493,  0.04759562,
        0.01995527,  0.01577485,  0.0831009 , -0.03871073, -0.01017314,
       -0.01823561,  0.08213319,  0.05715545, -0.09732747,  0.0674382 ,
        0.04830643, -0.08284429,  0.00592817,  0.01947458,  0.05822173,
        0.00455493, -0.03690347,  0.05761061,  0.08986001,  0.069297  ,
       -0.07762572,  0.0123076 , -0.04091027, -0.03735181,  0.0632945 ,
       -0.12852527, -0.00479305,  0.0277457 , -0.04621175,  0.03031597,
        0.04022247, -0.024277  , -0.01396647,  0.02382294,  0.01120183,
       -0.0254678 , -0.03252656,  0.00078123, -0.03715309, -0.05062187,
       -0.08063952,  0.01817094, -0.00469291,  0.02441065,  0.00965588,
       -0.00381672, -0.01291187, -0.07107498, -0.04117644, -0.02137121], dtype=float32), array([ -1.28728822e-01,   1.80290509e-02,   4.55886452e-03,
         1.03490867e-01,   4.72059064e-02,   7.00823590e-02,
        -1.50527880e-02,  -2.38548964e-02,  -7.25262389e-02,
         4.61061671e-03,   7.97356516e-02,   3.00870091e-02,
         1.21360151e-02,  -1.87238920e-02,  -2.47160468e-04,
        -1.54222371e-02,   2.35483479e-02,   1.53140491e-02,
         2.03116760e-02,  -5.98874837e-02,  -5.35005424e-03,
         4.45548519e-02,  -1.13069853e-02,   1.07480705e-01,
         7.27840327e-03,   2.11319979e-02,   7.17976829e-03,
         5.28238527e-02,  -7.00902715e-02,  -4.45292257e-02,
         7.96867013e-02,  -3.00075412e-02,  -1.99821778e-02,
        -1.00841317e-02,  -7.01134056e-02,  -3.55071534e-04,
        -7.08981454e-02,   2.10325066e-02,   3.14133428e-02,
        -7.01864716e-04,   1.39634907e-02,   3.75826396e-02,
         7.58249499e-03,   2.59467606e-02,  -2.47329623e-02,
        -2.90899463e-02,   6.31818408e-03,  -3.12580429e-02,
        -1.99407786e-02,   6.24968372e-02,   5.11806495e-02,
        -2.23695720e-03,   9.91240069e-02,  -5.82824834e-02,
        -4.84718643e-02,   7.40078418e-03,   7.05750138e-02,
         5.99924773e-02,  -1.09180287e-01,   8.45397785e-02,
         4.71824072e-02,  -7.40254670e-02,  -2.17539491e-03,
         3.53958942e-02,   4.51868512e-02,  -2.26323353e-03,
        -8.74208137e-02,   4.72386442e-02,   8.15615803e-02,
         5.08352593e-02,  -8.21655989e-02,  -3.31147085e-03,
        -6.83707371e-02,  -2.96184067e-02,   9.36672986e-02,
        -1.11342013e-01,   1.12960376e-02,  -1.10536106e-02,
        -3.18902731e-02,   4.46537845e-02,  -2.40847538e-03,
        -3.80738527e-02,  -1.01509257e-04,   3.83674656e-03,
         2.61196010e-02,   1.81397051e-03,  -5.55860549e-02,
        -2.64021591e-03,  -3.32013182e-02,  -6.44035563e-02,
        -4.98689786e-02,   4.20895852e-02,  -2.33909879e-02,
         5.61958551e-02,   1.36535782e-02,  -1.20610502e-02,
         2.39457842e-02,  -3.55200060e-02,  -2.05143057e-02,
         1.20019203e-03], dtype=float32), array([-0.1323431 ,  0.0170697 ,  0.00801818,  0.11096389,  0.04863008,
        0.09821719, -0.00924778, -0.03904057, -0.07356957,  0.00069792,
        0.05312021,  0.08617666,  0.01039094, -0.04301806, -0.00193419,
       -0.00056284,  0.01537891,  0.04648833, -0.01309662, -0.03307986,
        0.03005093,  0.04907735, -0.01484135,  0.09831033,  0.03181672,
        0.05807133,  0.05485828,  0.05105139, -0.06335455, -0.06406779,
        0.05699471, -0.0264787 , -0.05848465,  0.02564436, -0.05419058,
       -0.02420954, -0.07549304,  0.0284887 ,  0.03376554,  0.03326648,
        0.00547667,  0.01695414,  0.03402861,  0.01329103, -0.05933202,
       -0.04097352,  0.00096731, -0.03217369, -0.05732617,  0.07167571,
        0.01564834,  0.03330997,  0.10767556, -0.02343927, -0.01631496,
       -0.01754757,  0.08109529,  0.04966326, -0.07297929,  0.05335886,
        0.07138888, -0.0870377 ,  0.00675624,  0.04093669,  0.04500717,
        0.00642929, -0.05942872,  0.08133078,  0.06220612,  0.06491245,
       -0.06902584,  0.00607972, -0.01634038, -0.05276957,  0.07733373,
       -0.11016526, -0.01425915,  0.03511969, -0.03086513,  0.02518453,
        0.02873539, -0.02367177, -0.00683615,  0.01498828,  0.00880286,
       -0.01422085, -0.04788763, -0.00512453,  0.00064919, -0.0586534 ,
       -0.08849914,  0.00454005,  0.00538243,  0.02247588,  0.02432212,
       -0.01805625, -0.01355514, -0.07065945, -0.01960593, -0.013667  ], dtype=float32), array([-0.12327585,  0.01126402,  0.00257784,  0.05020386,  0.01114929,
        0.04084372,  0.01055991, -0.04769175, -0.05486789, -0.00983321,
        0.05416457,  0.06568301, -0.00143668, -0.03568992, -0.00493499,
       -0.02258854,  0.0171156 ,  0.03646442, -0.00071851, -0.02984223,
       -0.00166989,  0.01459594, -0.00379537,  0.07970937,  0.0677293 ,
        0.03424218,  0.00089932,  0.03472646, -0.03103636, -0.0613533 ,
        0.0675531 ,  0.00543146, -0.041304  , -0.02501828, -0.03189583,
       -0.02728763, -0.05166647,  0.03135959,  0.02699811, -0.00026299,
       -0.00796197,  0.02821123,  0.01626028,  0.03985707, -0.01380852,
       -0.02928806, -0.03329325, -0.051238  , -0.02638057,  0.05552468,
        0.06114036, -0.01425431,  0.09872645,  0.00500943, -0.02692972,
        0.01525015,  0.01759777,  0.05807832, -0.07333657,  0.05167253,
        0.0489082 , -0.05217615, -0.01486027,  0.04593984,  0.03966616,
        0.00940887, -0.08260896,  0.03440871,  0.04200769,  0.0697842 ,
       -0.0545228 , -0.0031255 , -0.06588887, -0.00814925,  0.05176792,
       -0.09736235, -0.0143125 ,  0.01986077, -0.0486741 ,  0.0120103 ,
        0.01477516, -0.02291794, -0.04920408,  0.03337299,  0.00661005,
       -0.0201204 , -0.05224035,  0.00615855, -0.03994688, -0.0191061 ,
       -0.07463784,  0.01087848, -0.00723935,  0.07094918,  0.02506189,
       -0.00049566, -0.00185691, -0.05101661, -0.04288161, -0.00191817], dtype=float32), array([ -1.36590287e-01,  -1.07892044e-02,   1.58587880e-02,
         6.88865110e-02,   3.48586068e-02,   4.95122224e-02,
         1.53027074e-02,  -4.30089980e-02,  -5.64551465e-02,
         3.77996638e-03,   9.33732390e-02,   7.04913512e-02,
        -6.26174128e-03,  -3.01278513e-02,  -1.31578986e-02,
         1.46561544e-02,   4.89097787e-04,  -2.90890993e-03,
         7.27724470e-03,  -4.19947356e-02,  -1.29331844e-02,
         5.70703819e-02,  -6.22248370e-03,   1.21153355e-01,
         2.69191153e-02,   4.06816490e-02,   1.80946924e-02,
         4.38228138e-02,  -2.64916010e-02,  -2.60036215e-02,
         8.88615847e-02,  -1.03564318e-02,  -3.61784548e-02,
        -4.15172428e-03,  -5.54396287e-02,  -8.42668815e-05,
        -5.66466860e-02,   1.11555820e-03,   3.79144959e-02,
        -9.51416045e-03,   3.99549901e-02,   1.80045962e-02,
         1.20595675e-02,   1.08391307e-02,  -3.03429049e-02,
        -1.76480114e-02,   1.24563007e-02,   5.49293682e-03,
        -9.60222725e-03,   6.56014010e-02,   4.83570546e-02,
        -1.27005838e-02,   7.74503499e-02,  -3.73597741e-02,
        -2.22945921e-02,   1.71369209e-03,   5.14881797e-02,
         7.43165016e-02,  -1.04624704e-01,   4.82822470e-02,
         3.28503139e-02,  -6.13002889e-02,  -7.80794478e-04,
         4.48402762e-02,   3.59767787e-02,   1.19116139e-02,
        -6.72489703e-02,   2.90911030e-02,   7.21104145e-02,
         4.15686667e-02,  -4.50090840e-02,   2.11731642e-02,
        -3.74311320e-02,  -3.32438797e-02,   6.75557330e-02,
        -1.23596169e-01,  -2.48371577e-03,   7.80644733e-03,
        -3.00507601e-02,   3.75274718e-02,   2.32428331e-02,
        -5.42269498e-02,  -3.73003026e-03,   1.42774479e-02,
         8.54642317e-03,   1.36421481e-03,  -4.09812368e-02,
        -3.27084708e-04,  -3.01088002e-02,  -5.25498837e-02,
        -4.96047139e-02,   3.26342396e-02,  -2.98555829e-02,
         1.67397298e-02,   5.98193659e-03,   1.14930784e-02,
         3.12243828e-05,  -5.01310527e-02,  -6.18640110e-02,
        -1.15437224e-03], dtype=float32), array([-0.12142683,  0.00747484,  0.00204408,  0.10246883,  0.05138299,
        0.07189191, -0.01928323, -0.04772734, -0.05525385,  0.01152695,
        0.05501284,  0.07546299,  0.00759026, -0.04015212, -0.00599795,
       -0.02270242,  0.02088467,  0.04688619,  0.00397292, -0.02065196,
        0.01282318,  0.04706084, -0.0018476 ,  0.08993682,  0.0347552 ,
        0.05033403,  0.03703561,  0.04671545, -0.05492189, -0.05786372,
        0.06206719, -0.03040376, -0.05219178,  0.00890742, -0.05805397,
       -0.02225565, -0.06133778,  0.0395798 ,  0.02313731,  0.02360506,
        0.00438024,  0.0308756 ,  0.04044593,  0.02768648, -0.05254785,
       -0.02903691,  0.00090337, -0.03099864, -0.05705132,  0.07264496,
        0.02325008,  0.03019826,  0.10925841, -0.00877919, -0.03301702,
       -0.02032557,  0.07246111,  0.03165577, -0.08995453,  0.0665215 ,
        0.06716056, -0.07457908, -0.00919254,  0.05722333,  0.02782517,
        0.00280587, -0.06797336,  0.06128298,  0.0675218 ,  0.05996101,
       -0.07367294, -0.00404632, -0.0345465 , -0.03160444,  0.07860075,
       -0.09958736, -0.00808638,  0.03562585, -0.03465609,  0.0336559 ,
        0.01967735, -0.04745315, -0.02041895,  0.01186833,  0.00505775,
       -0.0340796 , -0.03079749, -0.00305394, -0.00868339, -0.05340114,
       -0.08041545,  0.00610226, -0.00132837,  0.02597421,  0.03046199,
       -0.02728851, -0.01404399, -0.06599142, -0.03310604, -0.02051546], dtype=float32), array([-0.11612163,  0.02475727, -0.00202531,  0.09859752,  0.04854191,
        0.0690126 , -0.0055847 , -0.05011762, -0.06210836,  0.02071973,
        0.06330456,  0.08309745,  0.00528487, -0.01727103, -0.00715717,
       -0.01074008, -0.00122763,  0.02870628,  0.00943343, -0.04440416,
        0.02134104,  0.04306753, -0.01326945,  0.09358396,  0.02760942,
        0.03330106,  0.03348919,  0.05214086, -0.0428532 , -0.06989986,
        0.06508702, -0.02658761, -0.04270153, -0.00436324, -0.06091886,
       -0.00681546, -0.06413089,  0.01701781,  0.02180393,  0.01521842,
        0.02676316,  0.0264621 ,  0.00421237,  0.02176035, -0.04680444,
       -0.02160838,  0.00388857, -0.01389655, -0.05110584,  0.06342661,
        0.03802667, -0.0008363 ,  0.09575957, -0.04127134, -0.01691169,
       -0.01671773,  0.06462725,  0.05346243, -0.08686072,  0.06278387,
        0.05340555, -0.06077421, -0.00307218,  0.02669097,  0.04800737,
        0.00504157, -0.08945408,  0.0591566 ,  0.07700072,  0.05427902,
       -0.06580375,  0.00664396, -0.047855  , -0.0564694 ,  0.05437668,
       -0.1212499 , -0.00076205,  0.0167634 , -0.03585101,  0.04130317,
        0.00441726, -0.04242348, -0.02057449,  0.00241676,  0.01919598,
       -0.0105334 , -0.04103354, -0.00931295, -0.02329841, -0.06071553,
       -0.06577744,  0.0300189 ,  0.00166124,  0.04400937,  0.02673698,
       -0.01835614, -0.00410459, -0.05328158, -0.02259579, -0.00539536], dtype=float32), array([-0.11740816, -0.01404278,  0.01042155,  0.10225715,  0.03762724,
        0.04360302,  0.03045085, -0.04319495, -0.02765092, -0.00455602,
        0.04077609,  0.06147057,  0.00178398, -0.02458381,  0.01624285,
       -0.00881543,  0.03868042,  0.03971903,  0.02102015, -0.02610733,
        0.0094257 ,  0.03631397, -0.00841293,  0.09137993,  0.03149723,
        0.03283081,  0.04498813,  0.05306035, -0.04686618, -0.0235389 ,
        0.06910528, -0.01109008, -0.02699611,  0.0057459 , -0.02628094,
       -0.0365763 , -0.06539001,  0.02406611, -0.00386038,  0.00439106,
       -0.00266932,  0.02166015,  0.00403972,  0.01871058, -0.03637533,
       -0.02625584,  0.00323055, -0.03451688, -0.03069553,  0.06967472,
        0.03819158, -0.00611708,  0.08637642, -0.04278006,  0.00546247,
        0.00568791,  0.03794514,  0.05359972, -0.05644425,  0.06908707,
        0.04873903, -0.06359348, -0.00535389,  0.02536494,  0.07740329,
       -0.02005753, -0.06714187,  0.04218002,  0.07869393,  0.04667351,
       -0.06376565,  0.00865836, -0.01625899, -0.02233958,  0.05759483,
       -0.08606464,  0.00610896,  0.01715357, -0.06663598,  0.01927041,
        0.0037855 , -0.04570615, -0.00374939, -0.0011829 , -0.00181963,
       -0.02911993, -0.05553939,  0.00085556, -0.0284738 , -0.06348168,
       -0.05362718,  0.00948429, -0.01109118,  0.05620279,  0.02117899,
       -0.00121086, -0.01509434, -0.0458031 , -0.02540485, -0.00615739], dtype=float32), array([-0.15547864,  0.00664176,  0.01809456,  0.09208284,  0.03992058,
        0.07074833,  0.01712373, -0.06369782, -0.07479053, -0.00507002,
        0.08492284,  0.08245047, -0.05152205, -0.03490327, -0.00206815,
       -0.01818547, -0.01539916,  0.00556837,  0.02585137, -0.03147878,
        0.0143086 ,  0.0344659 , -0.02377472,  0.12470622,  0.04595523,
        0.05432484,  0.02087239,  0.05812688,  0.01698182, -0.03665136,
        0.10580266,  0.00355589, -0.02101307, -0.01026754, -0.07659992,
        0.04093885, -0.11754185,  0.0252337 ,  0.03336688, -0.0018451 ,
        0.07409719,  0.03568067,  0.01436992,  0.00162636, -0.04413793,
       -0.04831587, -0.009758  ,  0.01642996, -0.01634955,  0.01731517,
        0.01278542,  0.01114668,  0.0427024 , -0.04247289, -0.0007017 ,
       -0.02626863,  0.06794887,  0.07850024, -0.1122866 ,  0.06920534,
        0.02067715, -0.0840058 ,  0.00503902,  0.0002575 ,  0.05559424,
        0.01188365, -0.01519862,  0.03592238,  0.10123119,  0.06809779,
       -0.075977  ,  0.01967526, -0.06364565, -0.02966599,  0.03828337,
       -0.13515341,  0.00107295,  0.024643  , -0.05414607,  0.03980678,
        0.04322142, -0.03092366, -0.01230187,  0.02000159,  0.02032788,
       -0.03040151, -0.01035792,  0.01143985, -0.05679949, -0.02769485,
       -0.07005726,  0.03184807, -0.0068609 ,  0.02770285, -0.00214262,
        0.01339414,  0.00473525, -0.07380719, -0.06020752, -0.02069831], dtype=float32), None]
