[array([ 0.,  0.,  0.,  0.,  0.,  0.,  0.,  0.,  0.,  0.,  0.,  0.,  0.,
        0.,  0.,  0.,  0.,  0.,  0.,  0.,  0.,  0.,  0.,  0.,  0.,  0.,
        0.,  0.,  0.,  0.,  0.,  0.,  0.,  0.,  0.,  0.,  0.,  0.,  0.,
        0.,  0.,  0.,  0.,  0.,  0.,  0.,  0.,  0.,  0.,  0.,  0.,  0.,
        0.,  0.,  0.,  0.,  0.,  0.,  0.,  0.,  0.,  0.,  0.,  0.,  0.,
        0.,  0.,  0.,  0.,  0.,  0.,  0.,  0.,  0.,  0.,  0.,  0.,  0.,
        0.,  0.,  0.,  0.,  0.,  0.,  0.,  0.,  0.,  0.,  0.,  0.,  0.,
        0.,  0.,  0.,  0.,  0.,  0.,  0.,  0.,  0.], dtype=float32), array([ 0.,  0.,  0.,  0.,  0.,  0.,  0.,  0.,  0.,  0.,  0.,  0.,  0.,
        0.,  0.,  0.,  0.,  0.,  0.,  0.,  0.,  0.,  0.,  0.,  0.,  0.,
        0.,  0.,  0.,  0.,  0.,  0.,  0.,  0.,  0.,  0.,  0.,  0.,  0.,
        0.,  0.,  0.,  0.,  0.,  0.,  0.,  0.,  0.,  0.,  0.,  0.,  0.,
        0.,  0.,  0.,  0.,  0.,  0.,  0.,  0.,  0.,  0.,  0.,  0.,  0.,
        0.,  0.,  0.,  0.,  0.,  0.,  0.,  0.,  0.,  0.,  0.,  0.,  0.,
        0.,  0.,  0.,  0.,  0.,  0.,  0.,  0.,  0.,  0.,  0.,  0.,  0.,
        0.,  0.,  0.,  0.,  0.,  0.,  0.,  0.,  0.], dtype=float32), array([ 0.,  0.,  0.,  0.,  0.,  0.,  0.,  0.,  0., -0.,  0.,  0.,  0.,
        0.,  0.,  0.,  0.,  0.,  0.,  0.,  0.,  0.,  0.,  0.,  0.,  0.,
        0.,  0.,  0.,  0.,  0.,  0.,  0.,  0.,  0.,  0.,  0.,  0.,  0.,
        0.,  0.,  0.,  0.,  0.,  0.,  0.,  0.,  0.,  0.,  0.,  0.,  0.,
        0.,  0.,  0.,  0.,  0.,  0.,  0.,  0.,  0.,  0.,  0.,  0.,  0.,
        0.,  0.,  0.,  0.,  0.,  0.,  0.,  0.,  0.,  0.,  0.,  0.,  0.,
        0.,  0.,  0.,  0.,  0.,  0.,  0.,  0.,  0.,  0.,  0.,  0.,  0.,
        0.,  0.,  0.,  0.,  0.,  0.,  0.,  0.,  0.], dtype=float32), array([  4.11081828e-06,  -3.12217048e-06,  -9.56169060e-06,
         7.73916054e-06,   1.11257104e-05,   6.48477999e-06,
        -6.29284114e-06,   1.16324509e-06,   2.14892498e-05,
        -9.33479271e-07,  -6.01630563e-06,  -1.42680738e-05,
        -1.50123867e-06,  -1.83785087e-05,   1.22404344e-05,
         1.31491879e-05,  -9.96287781e-06,  -5.29140698e-06,
         8.80005609e-06,   2.48947049e-06,  -1.04476248e-05,
         6.75561978e-06,   1.40666516e-05,   1.48074355e-06,
         4.31056242e-06,   5.56959367e-06,   1.02049971e-05,
         2.18555560e-05,  -2.18608166e-05,  -7.61644287e-06,
         1.20139975e-05,   4.83826534e-06,  -3.92505171e-06,
        -4.26721226e-06,  -8.67342442e-06,  -9.79193715e-07,
         4.99952012e-06,   2.65303470e-06,  -4.25653843e-06,
        -8.71455359e-06,  -9.22112122e-06,   4.50825291e-06,
        -1.90805758e-06,   1.71248053e-06,  -3.77290621e-06,
         1.11964928e-05,  -2.24457053e-05,   1.84029450e-05,
        -1.43766974e-05,   9.00357736e-06,  -7.87483714e-06,
        -7.96709628e-06,   1.39968170e-05,   3.61564025e-06,
        -3.43794591e-06,   1.14615650e-05,   7.84300391e-06,
         1.25040174e-06,  -1.29991049e-05,  -1.51624636e-06,
        -1.03535085e-05,   1.14191380e-05,   9.45914394e-07,
        -5.91911203e-06,   1.02787953e-05,   1.13347096e-05,
        -1.14356035e-05,   2.28920157e-06,  -6.29704687e-07,
        -7.81476137e-06,   1.40757102e-05,   7.45368425e-06,
        -3.11142935e-06,   1.07874866e-05,   1.74730769e-06,
        -3.28479632e-06,  -9.18754631e-06,   7.38619383e-06,
         1.06557000e-05,   1.05123154e-05,  -4.30190585e-06,
        -8.17565649e-07,  -1.08920340e-05,  -1.64672065e-06,
        -3.35702248e-06,   3.13413238e-07,  -1.63773529e-06,
        -5.91991147e-06,  -2.36716714e-05,   1.32239575e-05,
        -1.21298481e-05,  -1.63552668e-05,   3.01048544e-06,
        -2.12698997e-05,  -1.09928133e-05,  -5.58755482e-06,
        -9.10123981e-06,   9.89536329e-06,   6.82241944e-06,
         1.93793876e-05], dtype=float32), array([ 0.,  0.,  0.,  0.,  0.,  0.,  0.,  0.,  0.,  0.,  0.,  0.,  0.,
        0.,  0.,  0.,  0.,  0.,  0.,  0.,  0.,  0.,  0.,  0.,  0.,  0.,
        0.,  0.,  0.,  0.,  0.,  0.,  0.,  0.,  0.,  0.,  0.,  0.,  0.,
        0.,  0.,  0.,  0.,  0.,  0.,  0.,  0.,  0.,  0.,  0.,  0.,  0.,
        0.,  0.,  0.,  0.,  0.,  0.,  0.,  0.,  0.,  0.,  0.,  0.,  0.,
        0.,  0.,  0.,  0.,  0.,  0.,  0.,  0.,  0.,  0.,  0.,  0.,  0.,
        0.,  0.,  0.,  0.,  0.,  0.,  0.,  0.,  0.,  0.,  0.,  0.,  0.,
        0.,  0.,  0.,  0.,  0.,  0.,  0.,  0.,  0.], dtype=float32), array([  4.11081828e-06,  -3.12217048e-06,  -9.56169060e-06,
         7.73916054e-06,   1.11257104e-05,   6.48477999e-06,
        -6.29284114e-06,   1.16324509e-06,   2.14892498e-05,
        -9.33479271e-07,  -6.01630563e-06,  -1.42680738e-05,
        -1.50123867e-06,  -1.83785087e-05,   1.22404344e-05,
         1.31491879e-05,  -9.96287781e-06,  -5.29140698e-06,
         8.80005609e-06,   2.48947049e-06,  -1.04476248e-05,
         6.75561978e-06,   1.40666516e-05,   1.48074355e-06,
         4.31056242e-06,   5.56959367e-06,   1.02049971e-05,
         2.18555560e-05,  -2.18608166e-05,  -7.61644287e-06,
         1.20139975e-05,   4.83826534e-06,  -3.92505171e-06,
        -4.26721226e-06,  -8.67342442e-06,  -9.79193715e-07,
         4.99952012e-06,   2.65303470e-06,  -4.25653843e-06,
        -8.71455359e-06,  -9.22112122e-06,   4.50825291e-06,
        -1.90805758e-06,   1.71248053e-06,  -3.77290621e-06,
         1.11964928e-05,  -2.24457053e-05,   1.84029450e-05,
        -1.43766974e-05,   9.00357736e-06,  -7.87483714e-06,
        -7.96709628e-06,   1.39968170e-05,   3.61564025e-06,
        -3.43794591e-06,   1.14615650e-05,   7.84300391e-06,
         1.25040174e-06,  -1.29991049e-05,  -1.51624636e-06,
        -1.03535085e-05,   1.14191380e-05,   9.45914394e-07,
        -5.91911203e-06,   1.02787953e-05,   1.13347096e-05,
        -1.14356035e-05,   2.28920157e-06,  -6.29704687e-07,
        -7.81476137e-06,   1.40757102e-05,   7.45368425e-06,
        -3.11142935e-06,   1.07874866e-05,   1.74730769e-06,
        -3.28479632e-06,  -9.18754631e-06,   7.38619383e-06,
         1.06557000e-05,   1.05123154e-05,  -4.30190585e-06,
        -8.17565649e-07,  -1.08920340e-05,  -1.64672065e-06,
        -3.35702248e-06,   3.13413238e-07,  -1.63773529e-06,
        -5.91991147e-06,  -2.36716714e-05,   1.32239575e-05,
        -1.21298481e-05,  -1.63552668e-05,   3.01048544e-06,
        -2.12698997e-05,  -1.09928133e-05,  -5.58755482e-06,
        -9.10123981e-06,   9.89536329e-06,   6.82241944e-06,
         1.93793876e-05], dtype=float32), array([ 0.,  0.,  0.,  0.,  0.,  0.,  0.,  0.,  0.,  0., -0.,  0.,  0.,
        0.,  0.,  0.,  0.,  0.,  0.,  0.,  0.,  0.,  0.,  0.,  0.,  0.,
        0.,  0.,  0.,  0.,  0.,  0.,  0.,  0.,  0.,  0.,  0.,  0.,  0.,
        0.,  0.,  0.,  0.,  0.,  0.,  0.,  0.,  0.,  0.,  0.,  0.,  0.,
        0.,  0.,  0.,  0.,  0.,  0.,  0.,  0.,  0.,  0.,  0.,  0.,  0.,
        0.,  0.,  0.,  0.,  0.,  0.,  0.,  0.,  0.,  0.,  0.,  0.,  0.,
        0.,  0.,  0.,  0.,  0.,  0.,  0.,  0.,  0.,  0.,  0.,  0.,  0.,
        0.,  0.,  0.,  0.,  0.,  0.,  0.,  0.,  0.], dtype=float32), array([ 0.,  0.,  0.,  0.,  0.,  0.,  0.,  0.,  0.,  0.,  0.,  0.,  0.,
        0.,  0.,  0.,  0.,  0.,  0.,  0.,  0.,  0.,  0.,  0.,  0.,  0.,
        0.,  0.,  0.,  0.,  0.,  0.,  0.,  0.,  0.,  0.,  0.,  0.,  0.,
        0.,  0.,  0.,  0.,  0.,  0.,  0.,  0.,  0.,  0.,  0.,  0.,  0.,
        0.,  0.,  0.,  0.,  0.,  0.,  0.,  0.,  0.,  0.,  0.,  0.,  0.,
        0.,  0.,  0.,  0.,  0.,  0.,  0.,  0.,  0.,  0.,  0.,  0.,  0.,
        0.,  0.,  0.,  0.,  0.,  0.,  0.,  0.,  0.,  0.,  0.,  0.,  0.,
        0.,  0.,  0.,  0.,  0.,  0.,  0.,  0.,  0.], dtype=float32), array([ -8.73060708e-06,   1.31726147e-05,   2.80046493e-06,
        -3.69342365e-06,  -2.35309381e-05,  -1.05154031e-05,
         1.43505777e-05,  -6.29281885e-06,  -1.28455194e-05,
        -9.87616545e-07,   1.00662892e-05,  -1.67018115e-05,
         1.21430594e-05,  -5.23862946e-06,  -1.59455230e-05,
        -2.82824476e-06,   1.75532819e-06,  -9.20625280e-06,
        -1.96185215e-06,  -5.88448711e-06,  -2.43448139e-05,
        -1.68516544e-05,   1.03258972e-05,   8.63278729e-06,
        -1.27238809e-05,   6.42661178e-07,   3.10879113e-06,
        -5.17120043e-06,   8.60687214e-06,   2.45416823e-06,
         4.55577765e-06,  -1.12188582e-05,   8.34260049e-07,
         5.96972586e-06,  -1.32456557e-06,   5.53514974e-06,
         5.22629352e-06,  -3.60362560e-06,   1.01520309e-05,
         6.37295716e-06,   1.56410370e-05,   9.50708363e-06,
         1.11577742e-06,  -8.43307816e-07,   9.05314380e-07,
         1.93572941e-05,  -1.48337895e-05,  -5.57149633e-06,
        -3.37203733e-06,  -1.62863653e-05,   9.60729722e-06,
         8.31750185e-06,   7.74877753e-06,  -4.92874369e-06,
        -1.35645985e-06,  -2.53440498e-06,  -1.69282102e-05,
        -1.92247353e-05,  -1.06841708e-05,  -5.46980345e-06,
         8.20039713e-06,  -8.38439064e-06,  -1.83866578e-05,
        -5.89026240e-06,  -5.93581717e-06,  -5.81597169e-06,
         7.34875402e-06,   3.27517864e-06,   4.58957584e-06,
         4.73014234e-06,   4.34228377e-06,   8.76757531e-06,
        -2.16488343e-06,  -4.13079761e-06,  -1.38615533e-05,
        -6.55505664e-06,   2.39330257e-06,  -5.29602084e-06,
        -6.05524565e-06,  -1.87300648e-05,   8.30287263e-06,
        -1.41519604e-06,  -2.76232345e-06,   3.27098473e-06,
         1.87804483e-06,   1.76116264e-05,  -1.13033011e-05,
        -2.89997524e-06,   8.24100880e-06,   9.79498054e-06,
        -2.20199036e-05,   1.05453593e-08,   1.06585767e-05,
         3.96145424e-06,   1.30353083e-05,   2.65965855e-06,
         1.59528154e-05,   7.43076896e-07,   9.63283310e-06,
         1.93234519e-05], dtype=float32), array([ 0.,  0.,  0.,  0.,  0.,  0.,  0.,  0.,  0.,  0.,  0.,  0.,  0.,
        0.,  0.,  0.,  0.,  0.,  0.,  0.,  0.,  0.,  0.,  0.,  0.,  0.,
        0.,  0.,  0.,  0.,  0.,  0.,  0.,  0.,  0.,  0.,  0.,  0.,  0.,
        0.,  0.,  0.,  0.,  0.,  0.,  0.,  0.,  0.,  0.,  0.,  0.,  0.,
        0.,  0.,  0.,  0.,  0.,  0.,  0.,  0.,  0.,  0.,  0.,  0.,  0.,
        0.,  0.,  0.,  0.,  0.,  0.,  0.,  0.,  0.,  0.,  0.,  0.,  0.,
        0.,  0.,  0.,  0.,  0.,  0.,  0.,  0.,  0.,  0.,  0.,  0.,  0.,
        0.,  0.,  0.,  0.,  0.,  0.,  0.,  0.,  0.], dtype=float32), array([ 0.,  0.,  0.,  0.,  0.,  0.,  0.,  0.,  0.,  0.,  0.,  0.,  0.,
        0.,  0.,  0.,  0.,  0.,  0.,  0.,  0.,  0.,  0.,  0.,  0.,  0.,
        0.,  0.,  0.,  0.,  0.,  0.,  0.,  0.,  0.,  0.,  0.,  0.,  0.,
        0.,  0.,  0.,  0.,  0.,  0.,  0.,  0.,  0.,  0.,  0.,  0.,  0.,
        0.,  0.,  0.,  0.,  0.,  0.,  0.,  0.,  0.,  0.,  0.,  0.,  0.,
        0.,  0.,  0.,  0.,  0.,  0.,  0.,  0.,  0.,  0.,  0.,  0.,  0.,
        0.,  0.,  0.,  0.,  0.,  0.,  0.,  0.,  0.,  0.,  0.,  0.,  0.,
        0.,  0.,  0.,  0.,  0.,  0.,  0.,  0.,  0.], dtype=float32), array([ 0.,  0.,  0.,  0.,  0.,  0.,  0.,  0.,  0.,  0.,  0.,  0.,  0.,
        0.,  0.,  0.,  0.,  0.,  0.,  0.,  0.,  0.,  0.,  0.,  0.,  0.,
        0.,  0.,  0.,  0.,  0.,  0.,  0.,  0.,  0.,  0.,  0.,  0.,  0.,
        0.,  0.,  0.,  0.,  0.,  0.,  0.,  0.,  0.,  0.,  0.,  0.,  0.,
        0.,  0.,  0.,  0.,  0.,  0.,  0.,  0.,  0.,  0.,  0.,  0.,  0.,
        0.,  0.,  0.,  0.,  0.,  0.,  0.,  0.,  0.,  0.,  0.,  0.,  0.,
        0.,  0.,  0.,  0.,  0.,  0.,  0.,  0.,  0.,  0.,  0.,  0.,  0.,
        0.,  0.,  0.,  0.,  0.,  0.,  0.,  0.,  0.], dtype=float32), array([ 0.,  0.,  0.,  0.,  0.,  0.,  0.,  0.,  0.,  0.,  0.,  0.,  0.,
        0.,  0.,  0.,  0.,  0.,  0.,  0.,  0.,  0.,  0.,  0.,  0.,  0.,
        0.,  0.,  0.,  0.,  0.,  0.,  0.,  0.,  0.,  0.,  0.,  0.,  0.,
        0.,  0.,  0.,  0.,  0.,  0.,  0.,  0.,  0.,  0.,  0.,  0.,  0.,
        0.,  0.,  0.,  0.,  0.,  0.,  0.,  0.,  0.,  0.,  0.,  0.,  0.,
        0.,  0.,  0.,  0.,  0.,  0.,  0.,  0.,  0.,  0.,  0.,  0.,  0.,
        0.,  0.,  0.,  0.,  0.,  0.,  0.,  0.,  0.,  0.,  0.,  0.,  0.,
        0.,  0.,  0.,  0.,  0.,  0.,  0.,  0.,  0.], dtype=float32), array([ 0.,  0.,  0.,  0.,  0.,  0.,  0.,  0.,  0.,  0.,  0.,  0.,  0.,
        0.,  0.,  0.,  0.,  0.,  0.,  0.,  0.,  0.,  0.,  0.,  0.,  0.,
        0.,  0.,  0.,  0.,  0.,  0.,  0.,  0.,  0.,  0.,  0.,  0.,  0.,
        0.,  0.,  0.,  0.,  0.,  0.,  0.,  0.,  0.,  0.,  0.,  0.,  0.,
        0.,  0.,  0.,  0.,  0.,  0.,  0.,  0.,  0.,  0.,  0.,  0.,  0.,
        0.,  0.,  0.,  0.,  0.,  0.,  0.,  0.,  0.,  0.,  0.,  0.,  0.,
        0.,  0.,  0.,  0.,  0.,  0.,  0.,  0.,  0.,  0.,  0.,  0., -0.,
        0.,  0.,  0.,  0.,  0.,  0.,  0.,  0.,  0.], dtype=float32), array([ 0.,  0.,  0.,  0.,  0.,  0.,  0.,  0.,  0.,  0., -0.,  0.,  0.,
        0.,  0.,  0.,  0.,  0.,  0.,  0.,  0.,  0.,  0.,  0.,  0.,  0.,
        0.,  0.,  0.,  0.,  0.,  0.,  0.,  0.,  0.,  0.,  0.,  0.,  0.,
        0.,  0.,  0.,  0.,  0.,  0.,  0.,  0.,  0.,  0.,  0.,  0.,  0.,
        0.,  0.,  0.,  0.,  0.,  0.,  0.,  0.,  0.,  0.,  0.,  0.,  0.,
        0.,  0.,  0.,  0.,  0.,  0.,  0.,  0.,  0.,  0.,  0.,  0.,  0.,
        0.,  0.,  0.,  0.,  0.,  0.,  0.,  0.,  0.,  0.,  0.,  0.,  0.,
        0.,  0.,  0.,  0.,  0.,  0.,  0.,  0.,  0.], dtype=float32), array([ 0.,  0.,  0.,  0.,  0.,  0.,  0.,  0.,  0.,  0.,  0.,  0.,  0.,
        0.,  0.,  0.,  0.,  0.,  0.,  0.,  0.,  0.,  0.,  0.,  0.,  0.,
        0.,  0.,  0.,  0.,  0.,  0.,  0.,  0.,  0.,  0.,  0.,  0.,  0.,
        0.,  0.,  0.,  0.,  0.,  0.,  0.,  0.,  0.,  0.,  0.,  0.,  0.,
        0.,  0.,  0.,  0.,  0.,  0.,  0.,  0.,  0.,  0.,  0.,  0.,  0.,
        0.,  0.,  0.,  0.,  0.,  0.,  0.,  0.,  0.,  0.,  0.,  0.,  0.,
        0.,  0.,  0.,  0.,  0.,  0.,  0.,  0.,  0.,  0.,  0.,  0.,  0.,
        0.,  0.,  0.,  0.,  0.,  0.,  0.,  0.,  0.], dtype=float32), array([  4.11081828e-06,  -3.12217048e-06,  -9.56169060e-06,
         7.73916054e-06,   1.11257104e-05,   6.48477999e-06,
        -6.29284114e-06,   1.16324509e-06,   2.14892498e-05,
        -9.33479271e-07,  -6.01630563e-06,  -1.42680738e-05,
        -1.50123867e-06,  -1.83785087e-05,   1.22404344e-05,
         1.31491879e-05,  -9.96287781e-06,  -5.29140698e-06,
         8.80005609e-06,   2.48947049e-06,  -1.04476248e-05,
         6.75561978e-06,   1.40666516e-05,   1.48074355e-06,
         4.31056242e-06,   5.56959367e-06,   1.02049971e-05,
         2.18555560e-05,  -2.18608166e-05,  -7.61644287e-06,
         1.20139975e-05,   4.83826534e-06,  -3.92505171e-06,
        -4.26721226e-06,  -8.67342442e-06,  -9.79193715e-07,
         4.99952012e-06,   2.65303470e-06,  -4.25653843e-06,
        -8.71455359e-06,  -9.22112122e-06,   4.50825291e-06,
        -1.90805758e-06,   1.71248053e-06,  -3.77290621e-06,
         1.11964928e-05,  -2.24457053e-05,   1.84029450e-05,
        -1.43766974e-05,   9.00357736e-06,  -7.87483714e-06,
        -7.96709628e-06,   1.39968170e-05,   3.61564025e-06,
        -3.43794591e-06,   1.14615650e-05,   7.84300391e-06,
         1.25040174e-06,  -1.29991049e-05,  -1.51624636e-06,
        -1.03535085e-05,   1.14191380e-05,   9.45914394e-07,
        -5.91911203e-06,   1.02787953e-05,   1.13347096e-05,
        -1.14356035e-05,   2.28920157e-06,  -6.29704687e-07,
        -7.81476137e-06,   1.40757102e-05,   7.45368425e-06,
        -3.11142935e-06,   1.07874866e-05,   1.74730769e-06,
        -3.28479632e-06,  -9.18754631e-06,   7.38619383e-06,
         1.06557000e-05,   1.05123154e-05,  -4.30190585e-06,
        -8.17565649e-07,  -1.08920340e-05,  -1.64672065e-06,
        -3.35702248e-06,   3.13413238e-07,  -1.63773529e-06,
        -5.91991147e-06,  -2.36716714e-05,   1.32239575e-05,
        -1.21298481e-05,  -1.63552668e-05,   3.01048544e-06,
        -2.12698997e-05,  -1.09928133e-05,  -5.58755482e-06,
        -9.10123981e-06,   9.89536329e-06,   6.82241944e-06,
         1.93793876e-05], dtype=float32), array([ 0.,  0.,  0.,  0.,  0.,  0.,  0.,  0.,  0.,  0.,  0.,  0.,  0.,
        0.,  0.,  0.,  0.,  0.,  0.,  0.,  0.,  0.,  0.,  0.,  0.,  0.,
        0.,  0.,  0.,  0.,  0.,  0.,  0.,  0.,  0.,  0.,  0.,  0.,  0.,
        0.,  0.,  0.,  0.,  0.,  0.,  0.,  0.,  0.,  0.,  0.,  0.,  0.,
        0.,  0.,  0.,  0.,  0.,  0.,  0.,  0.,  0.,  0.,  0.,  0.,  0.,
        0.,  0.,  0.,  0.,  0.,  0.,  0.,  0.,  0.,  0.,  0.,  0.,  0.,
        0.,  0.,  0.,  0.,  0.,  0.,  0.,  0.,  0.,  0.,  0.,  0.,  0.,
        0.,  0.,  0.,  0.,  0.,  0.,  0.,  0.,  0.], dtype=float32), array([ 0.,  0.,  0.,  0.,  0.,  0.,  0.,  0.,  0.,  0.,  0.,  0.,  0.,
        0.,  0.,  0.,  0.,  0.,  0.,  0.,  0.,  0.,  0.,  0.,  0.,  0.,
        0.,  0.,  0.,  0.,  0.,  0.,  0.,  0.,  0.,  0.,  0.,  0.,  0.,
        0.,  0.,  0.,  0.,  0.,  0.,  0.,  0.,  0.,  0.,  0.,  0.,  0.,
        0.,  0.,  0.,  0.,  0.,  0.,  0.,  0.,  0.,  0.,  0.,  0.,  0.,
        0.,  0.,  0.,  0.,  0.,  0.,  0.,  0.,  0.,  0.,  0.,  0.,  0.,
        0.,  0.,  0.,  0.,  0.,  0.,  0.,  0.,  0.,  0.,  0.,  0.,  0.,
        0.,  0.,  0.,  0.,  0.,  0.,  0.,  0.,  0.], dtype=float32), array([ 0.,  0.,  0.,  0.,  0.,  0.,  0.,  0.,  0.,  0.,  0.,  0.,  0.,
        0.,  0.,  0.,  0.,  0.,  0.,  0.,  0.,  0.,  0.,  0.,  0.,  0.,
        0.,  0.,  0.,  0.,  0.,  0.,  0.,  0.,  0.,  0.,  0.,  0.,  0.,
        0.,  0.,  0.,  0.,  0.,  0.,  0.,  0.,  0.,  0.,  0.,  0.,  0.,
        0.,  0.,  0.,  0.,  0.,  0.,  0.,  0.,  0.,  0.,  0.,  0.,  0.,
        0.,  0.,  0.,  0.,  0.,  0.,  0.,  0.,  0.,  0.,  0.,  0.,  0.,
        0.,  0.,  0.,  0.,  0.,  0.,  0.,  0.,  0.,  0.,  0.,  0.,  0.,
        0.,  0.,  0.,  0.,  0.,  0.,  0.,  0.,  0.], dtype=float32), array([  4.11081828e-06,  -3.12217048e-06,  -9.56169060e-06,
         7.73916054e-06,   1.11257104e-05,   6.48477999e-06,
        -6.29284114e-06,   1.16324509e-06,   2.14892498e-05,
        -9.33479271e-07,  -6.01630563e-06,  -1.42680738e-05,
        -1.50123867e-06,  -1.83785087e-05,   1.22404344e-05,
         1.31491879e-05,  -9.96287781e-06,  -5.29140698e-06,
         8.80005609e-06,   2.48947049e-06,  -1.04476248e-05,
         6.75561978e-06,   1.40666516e-05,   1.48074355e-06,
         4.31056242e-06,   5.56959367e-06,   1.02049971e-05,
         2.18555560e-05,  -2.18608166e-05,  -7.61644287e-06,
         1.20139975e-05,   4.83826534e-06,  -3.92505171e-06,
        -4.26721226e-06,  -8.67342442e-06,  -9.79193715e-07,
         4.99952012e-06,   2.65303470e-06,  -4.25653843e-06,
        -8.71455359e-06,  -9.22112122e-06,   4.50825291e-06,
        -1.90805758e-06,   1.71248053e-06,  -3.77290621e-06,
         1.11964928e-05,  -2.24457053e-05,   1.84029450e-05,
        -1.43766974e-05,   9.00357736e-06,  -7.87483714e-06,
        -7.96709628e-06,   1.39968170e-05,   3.61564025e-06,
        -3.43794591e-06,   1.14615650e-05,   7.84300391e-06,
         1.25040174e-06,  -1.29991049e-05,  -1.51624636e-06,
        -1.03535085e-05,   1.14191380e-05,   9.45914394e-07,
        -5.91911203e-06,   1.02787953e-05,   1.13347096e-05,
        -1.14356035e-05,   2.28920157e-06,  -6.29704687e-07,
        -7.81476137e-06,   1.40757102e-05,   7.45368425e-06,
        -3.11142935e-06,   1.07874866e-05,   1.74730769e-06,
        -3.28479632e-06,  -9.18754631e-06,   7.38619383e-06,
         1.06557000e-05,   1.05123154e-05,  -4.30190585e-06,
        -8.17565649e-07,  -1.08920340e-05,  -1.64672065e-06,
        -3.35702248e-06,   3.13413238e-07,  -1.63773529e-06,
        -5.91991147e-06,  -2.36716714e-05,   1.32239575e-05,
        -1.21298481e-05,  -1.63552668e-05,   3.01048544e-06,
        -2.12698997e-05,  -1.09928133e-05,  -5.58755482e-06,
        -9.10123981e-06,   9.89536329e-06,   6.82241944e-06,
         1.93793876e-05], dtype=float32), array([ 0.,  0.,  0.,  0.,  0.,  0.,  0.,  0.,  0.,  0.,  0.,  0.,  0.,
        0.,  0.,  0.,  0.,  0.,  0.,  0.,  0.,  0.,  0.,  0., -0.,  0.,
        0.,  0.,  0.,  0.,  0.,  0.,  0.,  0.,  0.,  0.,  0.,  0.,  0.,
        0.,  0.,  0.,  0.,  0.,  0.,  0.,  0.,  0.,  0.,  0.,  0.,  0.,
        0.,  0.,  0.,  0.,  0.,  0.,  0.,  0.,  0.,  0.,  0.,  0.,  0.,
        0.,  0.,  0.,  0.,  0.,  0.,  0.,  0.,  0.,  0.,  0.,  0.,  0.,
        0.,  0.,  0.,  0.,  0.,  0.,  0.,  0.,  0.,  0.,  0.,  0.,  0.,
        0.,  0.,  0.,  0.,  0.,  0.,  0.,  0.,  0.], dtype=float32), array([ 0.,  0.,  0.,  0.,  0.,  0.,  0.,  0.,  0.,  0.,  0.,  0.,  0.,
        0.,  0.,  0.,  0.,  0.,  0.,  0.,  0.,  0.,  0.,  0.,  0.,  0.,
        0., -0.,  0.,  0.,  0.,  0.,  0.,  0.,  0.,  0.,  0.,  0.,  0.,
        0.,  0.,  0.,  0.,  0.,  0.,  0.,  0.,  0.,  0.,  0.,  0.,  0.,
        0.,  0.,  0.,  0.,  0.,  0.,  0.,  0.,  0.,  0.,  0.,  0.,  0.,
        0.,  0.,  0.,  0.,  0.,  0.,  0.,  0.,  0.,  0.,  0.,  0.,  0.,
        0.,  0.,  0.,  0.,  0.,  0.,  0.,  0.,  0.,  0.,  0.,  0., -0.,
        0.,  0.,  0.,  0.,  0.,  0.,  0.,  0.,  0.], dtype=float32), array([ 0.,  0.,  0.,  0.,  0.,  0.,  0.,  0.,  0.,  0.,  0.,  0.,  0.,
        0.,  0.,  0.,  0.,  0.,  0.,  0.,  0.,  0.,  0.,  0.,  0.,  0.,
        0.,  0.,  0.,  0.,  0.,  0.,  0.,  0.,  0.,  0.,  0.,  0.,  0.,
        0.,  0.,  0.,  0.,  0.,  0.,  0.,  0.,  0.,  0.,  0.,  0.,  0.,
        0.,  0.,  0.,  0.,  0.,  0.,  0.,  0.,  0.,  0.,  0.,  0.,  0.,
        0.,  0.,  0.,  0.,  0.,  0.,  0.,  0.,  0.,  0.,  0.,  0.,  0.,
        0.,  0.,  0.,  0.,  0.,  0.,  0.,  0.,  0.,  0.,  0.,  0.,  0.,
        0.,  0.,  0.,  0.,  0.,  0.,  0.,  0.,  0.], dtype=float32), array([ 0.,  0.,  0.,  0.,  0.,  0.,  0.,  0.,  0.,  0.,  0.,  0.,  0.,
        0.,  0.,  0.,  0.,  0.,  0.,  0.,  0.,  0.,  0.,  0.,  0.,  0.,
        0.,  0.,  0.,  0.,  0.,  0.,  0.,  0.,  0.,  0.,  0.,  0.,  0.,
        0.,  0.,  0.,  0.,  0.,  0.,  0.,  0.,  0.,  0.,  0.,  0.,  0.,
        0.,  0.,  0.,  0.,  0.,  0.,  0.,  0.,  0.,  0.,  0.,  0.,  0.,
        0.,  0.,  0.,  0.,  0.,  0.,  0.,  0.,  0.,  0.,  0.,  0.,  0.,
        0.,  0.,  0.,  0.,  0.,  0.,  0.,  0.,  0.,  0.,  0.,  0.,  0.,
        0.,  0.,  0.,  0.,  0.,  0.,  0.,  0.,  0.], dtype=float32), array([ 0.,  0.,  0.,  0.,  0.,  0.,  0.,  0.,  0.,  0.,  0.,  0.,  0.,
        0.,  0.,  0.,  0.,  0.,  0.,  0.,  0.,  0.,  0.,  0.,  0.,  0.,
        0.,  0.,  0.,  0.,  0.,  0.,  0.,  0.,  0.,  0.,  0.,  0.,  0.,
        0.,  0.,  0.,  0.,  0.,  0.,  0.,  0.,  0.,  0.,  0.,  0.,  0.,
        0.,  0.,  0.,  0.,  0.,  0.,  0.,  0.,  0.,  0.,  0.,  0.,  0.,
        0.,  0.,  0.,  0.,  0.,  0.,  0.,  0.,  0.,  0.,  0.,  0.,  0.,
        0.,  0.,  0.,  0.,  0.,  0.,  0.,  0.,  0.,  0.,  0.,  0.,  0.,
        0.,  0.,  0.,  0.,  0.,  0.,  0.,  0.,  0.], dtype=float32), array([  4.11081828e-06,  -3.12217048e-06,  -9.56169060e-06,
         7.73916054e-06,   1.11257104e-05,   6.48477999e-06,
        -6.29284114e-06,   1.16324509e-06,   2.14892498e-05,
        -9.33479271e-07,  -6.01630563e-06,  -1.42680738e-05,
        -1.50123867e-06,  -1.83785087e-05,   1.22404344e-05,
         1.31491879e-05,  -9.96287781e-06,  -5.29140698e-06,
         8.80005609e-06,   2.48947049e-06,  -1.04476248e-05,
         6.75561978e-06,   1.40666516e-05,   1.48074355e-06,
         4.31056242e-06,   5.56959367e-06,   1.02049971e-05,
         2.18555560e-05,  -2.18608166e-05,  -7.61644287e-06,
         1.20139975e-05,   4.83826534e-06,  -3.92505171e-06,
        -4.26721226e-06,  -8.67342442e-06,  -9.79193715e-07,
         4.99952012e-06,   2.65303470e-06,  -4.25653843e-06,
        -8.71455359e-06,  -9.22112122e-06,   4.50825291e-06,
        -1.90805758e-06,   1.71248053e-06,  -3.77290621e-06,
         1.11964928e-05,  -2.24457053e-05,   1.84029450e-05,
        -1.43766974e-05,   9.00357736e-06,  -7.87483714e-06,
        -7.96709628e-06,   1.39968170e-05,   3.61564025e-06,
        -3.43794591e-06,   1.14615650e-05,   7.84300391e-06,
         1.25040174e-06,  -1.29991049e-05,  -1.51624636e-06,
        -1.03535085e-05,   1.14191380e-05,   9.45914394e-07,
        -5.91911203e-06,   1.02787953e-05,   1.13347096e-05,
        -1.14356035e-05,   2.28920157e-06,  -6.29704687e-07,
        -7.81476137e-06,   1.40757102e-05,   7.45368425e-06,
        -3.11142935e-06,   1.07874866e-05,   1.74730769e-06,
        -3.28479632e-06,  -9.18754631e-06,   7.38619383e-06,
         1.06557000e-05,   1.05123154e-05,  -4.30190585e-06,
        -8.17565649e-07,  -1.08920340e-05,  -1.64672065e-06,
        -3.35702248e-06,   3.13413238e-07,  -1.63773529e-06,
        -5.91991147e-06,  -2.36716714e-05,   1.32239575e-05,
        -1.21298481e-05,  -1.63552668e-05,   3.01048544e-06,
        -2.12698997e-05,  -1.09928133e-05,  -5.58755482e-06,
        -9.10123981e-06,   9.89536329e-06,   6.82241944e-06,
         1.93793876e-05], dtype=float32), array([  1.23324553e-05,  -9.36651122e-06,  -2.86850718e-05,
         2.32174825e-05,   3.33771313e-05,   1.94543391e-05,
        -1.88785234e-05,   3.48973526e-06,   6.44677493e-05,
        -2.80043787e-06,  -1.80489169e-05,  -4.28042222e-05,
        -4.50371590e-06,  -5.51355261e-05,   3.67213033e-05,
         3.94475646e-05,  -2.98886334e-05,  -1.58742205e-05,
         2.64001683e-05,   7.46841124e-06,  -3.13428754e-05,
         2.02668598e-05,   4.21999539e-05,   4.44223042e-06,
         1.29316868e-05,   1.67087819e-05,   3.06149923e-05,
         6.55666663e-05,  -6.55824479e-05,  -2.28493282e-05,
         3.60419945e-05,   1.45147960e-05,  -1.17751551e-05,
        -1.28016363e-05,  -2.60202723e-05,  -2.93758103e-06,
         1.49985608e-05,   7.95910455e-06,  -1.27696148e-05,
        -2.61436617e-05,  -2.76633637e-05,   1.35247592e-05,
        -5.72417275e-06,   5.13744180e-06,  -1.13187189e-05,
         3.35894802e-05,  -6.73371178e-05,   5.52088350e-05,
        -4.31300941e-05,   2.70107321e-05,  -2.36245105e-05,
        -2.39012879e-05,   4.19904500e-05,   1.08469212e-05,
        -1.03138373e-05,   3.43846950e-05,   2.35290117e-05,
         3.75120521e-06,  -3.89973138e-05,  -4.54873907e-06,
        -3.10605246e-05,   3.42574131e-05,   2.83774307e-06,
        -1.77573365e-05,   3.08363851e-05,   3.40041297e-05,
        -3.43068095e-05,   6.86760450e-06,  -1.88911406e-06,
        -2.34442850e-05,   4.22271296e-05,   2.23610532e-05,
        -9.33428782e-06,   3.23624590e-05,   5.24192319e-06,
        -9.85438874e-06,  -2.75626389e-05,   2.21585815e-05,
         3.19671017e-05,   3.15369471e-05,  -1.29057171e-05,
        -2.45269689e-06,  -3.26761001e-05,  -4.94016194e-06,
        -1.00710677e-05,   9.40239715e-07,  -4.91320588e-06,
        -1.77597340e-05,  -7.10150125e-05,   3.96718715e-05,
        -3.63895451e-05,  -4.90657985e-05,   9.03145610e-06,
        -6.38096972e-05,  -3.29784380e-05,  -1.67626640e-05,
        -2.73037185e-05,   2.96860890e-05,   2.04672579e-05,
         5.81381610e-05], dtype=float32), array([ 0.,  0.,  0.,  0.,  0.,  0.,  0.,  0.,  0.,  0.,  0.,  0.,  0.,
        0.,  0.,  0.,  0.,  0.,  0.,  0.,  0.,  0.,  0.,  0.,  0.,  0.,
        0.,  0.,  0.,  0.,  0.,  0.,  0.,  0.,  0.,  0.,  0.,  0.,  0.,
        0.,  0.,  0.,  0.,  0.,  0.,  0.,  0.,  0.,  0.,  0.,  0.,  0.,
        0.,  0.,  0.,  0.,  0.,  0.,  0.,  0.,  0.,  0.,  0.,  0.,  0.,
        0.,  0.,  0.,  0.,  0.,  0.,  0.,  0.,  0.,  0.,  0.,  0.,  0.,
        0.,  0.,  0.,  0.,  0.,  0.,  0.,  0.,  0.,  0.,  0.,  0.,  0.,
        0.,  0.,  0.,  0.,  0.,  0.,  0.,  0.,  0.], dtype=float32), array([ 0.,  0.,  0.,  0.,  0.,  0.,  0.,  0.,  0., -0.,  0.,  0.,  0.,
        0.,  0.,  0.,  0.,  0.,  0.,  0.,  0.,  0.,  0.,  0.,  0.,  0.,
        0.,  0.,  0.,  0.,  0.,  0.,  0.,  0.,  0.,  0.,  0.,  0.,  0.,
        0.,  0.,  0.,  0.,  0.,  0.,  0.,  0.,  0.,  0.,  0.,  0.,  0.,
        0.,  0.,  0.,  0.,  0.,  0.,  0.,  0.,  0.,  0.,  0.,  0.,  0.,
        0.,  0.,  0.,  0.,  0.,  0.,  0.,  0.,  0.,  0.,  0.,  0.,  0.,
        0.,  0.,  0.,  0.,  0.,  0.,  0.,  0.,  0.,  0.,  0.,  0.,  0.,
        0.,  0.,  0.,  0.,  0.,  0.,  0.,  0.,  0.], dtype=float32), array([ 0.,  0.,  0.,  0.,  0.,  0.,  0.,  0.,  0.,  0.,  0.,  0.,  0.,
        0.,  0.,  0.,  0.,  0.,  0.,  0.,  0.,  0.,  0.,  0.,  0.,  0.,
        0.,  0.,  0.,  0.,  0.,  0.,  0.,  0.,  0.,  0.,  0.,  0.,  0.,
        0.,  0.,  0.,  0.,  0.,  0.,  0.,  0.,  0.,  0.,  0.,  0.,  0.,
        0.,  0.,  0.,  0.,  0.,  0.,  0.,  0.,  0.,  0.,  0.,  0.,  0.,
        0.,  0.,  0.,  0.,  0.,  0.,  0.,  0.,  0.,  0.,  0.,  0.,  0.,
        0.,  0.,  0.,  0.,  0.,  0.,  0.,  0.,  0.,  0.,  0.,  0.,  0.,
        0.,  0.,  0.,  0.,  0.,  0.,  0.,  0.,  0.], dtype=float32), array([ 0.,  0.,  0.,  0.,  0.,  0.,  0.,  0.,  0.,  0.,  0.,  0.,  0.,
        0.,  0.,  0.,  0.,  0.,  0.,  0.,  0.,  0.,  0.,  0.,  0.,  0.,
        0.,  0.,  0.,  0.,  0.,  0.,  0.,  0.,  0.,  0.,  0.,  0.,  0.,
        0.,  0.,  0.,  0.,  0.,  0.,  0.,  0.,  0.,  0.,  0.,  0.,  0.,
        0.,  0.,  0.,  0.,  0.,  0.,  0.,  0.,  0.,  0.,  0.,  0.,  0.,
        0.,  0.,  0.,  0.,  0.,  0.,  0.,  0.,  0.,  0.,  0.,  0.,  0.,
        0.,  0.,  0.,  0.,  0.,  0.,  0.,  0.,  0.,  0.,  0.,  0.,  0.,
        0.,  0.,  0.,  0.,  0.,  0.,  0.,  0.,  0.], dtype=float32), array([ 0.,  0.,  0.,  0.,  0.,  0.,  0.,  0.,  0.,  0.,  0.,  0.,  0.,
        0.,  0.,  0.,  0.,  0.,  0.,  0.,  0.,  0.,  0.,  0.,  0.,  0.,
        0.,  0.,  0.,  0.,  0.,  0.,  0.,  0.,  0.,  0.,  0.,  0.,  0.,
        0.,  0.,  0.,  0.,  0.,  0.,  0.,  0.,  0.,  0.,  0.,  0.,  0.,
        0.,  0.,  0.,  0.,  0.,  0.,  0.,  0.,  0.,  0.,  0.,  0.,  0.,
        0.,  0.,  0.,  0.,  0.,  0.,  0.,  0.,  0.,  0.,  0.,  0.,  0.,
        0.,  0.,  0.,  0.,  0.,  0.,  0.,  0.,  0.,  0.,  0.,  0.,  0.,
        0.,  0.,  0.,  0.,  0.,  0.,  0.,  0.,  0.], dtype=float32), array([ 0.,  0.,  0.,  0.,  0.,  0.,  0.,  0.,  0.,  0.,  0.,  0.,  0.,
        0.,  0.,  0.,  0.,  0.,  0.,  0.,  0.,  0.,  0.,  0.,  0.,  0.,
        0.,  0.,  0.,  0.,  0.,  0.,  0.,  0.,  0.,  0.,  0.,  0.,  0.,
        0.,  0.,  0.,  0.,  0.,  0.,  0.,  0.,  0.,  0.,  0.,  0.,  0.,
        0.,  0.,  0.,  0.,  0.,  0.,  0.,  0.,  0.,  0.,  0.,  0.,  0.,
        0.,  0.,  0.,  0.,  0.,  0.,  0.,  0.,  0.,  0.,  0.,  0.,  0.,
        0.,  0.,  0.,  0.,  0.,  0.,  0.,  0.,  0.,  0.,  0.,  0.,  0.,
        0.,  0.,  0.,  0.,  0.,  0.,  0.,  0.,  0.], dtype=float32), array([ 0.,  0.,  0.,  0.,  0.,  0.,  0.,  0.,  0.,  0.,  0.,  0.,  0.,
        0.,  0.,  0.,  0.,  0.,  0.,  0.,  0.,  0.,  0.,  0.,  0.,  0.,
        0.,  0.,  0.,  0.,  0.,  0.,  0.,  0.,  0.,  0.,  0.,  0.,  0.,
        0.,  0.,  0.,  0.,  0.,  0.,  0.,  0.,  0.,  0.,  0.,  0.,  0.,
        0.,  0.,  0.,  0.,  0.,  0.,  0.,  0.,  0.,  0.,  0.,  0.,  0.,
        0.,  0.,  0.,  0.,  0.,  0.,  0.,  0.,  0.,  0.,  0.,  0.,  0.,
        0.,  0.,  0.,  0.,  0.,  0.,  0.,  0.,  0.,  0.,  0.,  0.,  0.,
        0.,  0.,  0.,  0.,  0.,  0.,  0.,  0.,  0.], dtype=float32), array([ 0.,  0.,  0.,  0.,  0.,  0.,  0.,  0.,  0.,  0.,  0., -0.,  0.,
        0.,  0.,  0.,  0.,  0.,  0.,  0.,  0.,  0.,  0.,  0.,  0.,  0.,
        0.,  0.,  0.,  0.,  0.,  0.,  0.,  0.,  0.,  0.,  0.,  0.,  0.,
        0.,  0.,  0.,  0.,  0.,  0.,  0.,  0.,  0.,  0.,  0.,  0.,  0.,
        0.,  0.,  0.,  0.,  0.,  0.,  0.,  0.,  0.,  0.,  0.,  0.,  0.,
        0.,  0.,  0.,  0.,  0.,  0.,  0.,  0.,  0.,  0.,  0.,  0.,  0.,
        0.,  0.,  0.,  0.,  0.,  0.,  0.,  0.,  0.,  0.,  0.,  0.,  0.,
        0.,  0.,  0.,  0.,  0.,  0.,  0.,  0.,  0.], dtype=float32), array([  4.11081828e-06,  -3.12217048e-06,  -9.56169060e-06,
         7.73916054e-06,   1.11257104e-05,   6.48477999e-06,
        -6.29284114e-06,   1.16324509e-06,   2.14892498e-05,
        -9.33479271e-07,  -6.01630563e-06,  -1.42680738e-05,
        -1.50123867e-06,  -1.83785087e-05,   1.22404344e-05,
         1.31491879e-05,  -9.96287781e-06,  -5.29140698e-06,
         8.80005609e-06,   2.48947049e-06,  -1.04476248e-05,
         6.75561978e-06,   1.40666516e-05,   1.48074355e-06,
         4.31056242e-06,   5.56959367e-06,   1.02049971e-05,
         2.18555560e-05,  -2.18608166e-05,  -7.61644287e-06,
         1.20139975e-05,   4.83826534e-06,  -3.92505171e-06,
        -4.26721226e-06,  -8.67342442e-06,  -9.79193715e-07,
         4.99952012e-06,   2.65303470e-06,  -4.25653843e-06,
        -8.71455359e-06,  -9.22112122e-06,   4.50825291e-06,
        -1.90805758e-06,   1.71248053e-06,  -3.77290621e-06,
         1.11964928e-05,  -2.24457053e-05,   1.84029450e-05,
        -1.43766974e-05,   9.00357736e-06,  -7.87483714e-06,
        -7.96709628e-06,   1.39968170e-05,   3.61564025e-06,
        -3.43794591e-06,   1.14615650e-05,   7.84300391e-06,
         1.25040174e-06,  -1.29991049e-05,  -1.51624636e-06,
        -1.03535085e-05,   1.14191380e-05,   9.45914394e-07,
        -5.91911203e-06,   1.02787953e-05,   1.13347096e-05,
        -1.14356035e-05,   2.28920157e-06,  -6.29704687e-07,
        -7.81476137e-06,   1.40757102e-05,   7.45368425e-06,
        -3.11142935e-06,   1.07874866e-05,   1.74730769e-06,
        -3.28479632e-06,  -9.18754631e-06,   7.38619383e-06,
         1.06557000e-05,   1.05123154e-05,  -4.30190585e-06,
        -8.17565649e-07,  -1.08920340e-05,  -1.64672065e-06,
        -3.35702248e-06,   3.13413238e-07,  -1.63773529e-06,
        -5.91991147e-06,  -2.36716714e-05,   1.32239575e-05,
        -1.21298481e-05,  -1.63552668e-05,   3.01048544e-06,
        -2.12698997e-05,  -1.09928133e-05,  -5.58755482e-06,
        -9.10123981e-06,   9.89536329e-06,   6.82241944e-06,
         1.93793876e-05], dtype=float32), array([  4.11081828e-06,  -3.12217048e-06,  -9.56169060e-06,
         7.73916054e-06,   1.11257104e-05,   6.48477999e-06,
        -6.29284114e-06,   1.16324509e-06,   2.14892498e-05,
        -9.33479271e-07,  -6.01630563e-06,  -1.42680738e-05,
        -1.50123867e-06,  -1.83785087e-05,   1.22404344e-05,
         1.31491879e-05,  -9.96287781e-06,  -5.29140698e-06,
         8.80005609e-06,   2.48947049e-06,  -1.04476248e-05,
         6.75561978e-06,   1.40666516e-05,   1.48074355e-06,
         4.31056242e-06,   5.56959367e-06,   1.02049971e-05,
         2.18555560e-05,  -2.18608166e-05,  -7.61644287e-06,
         1.20139975e-05,   4.83826534e-06,  -3.92505171e-06,
        -4.26721226e-06,  -8.67342442e-06,  -9.79193715e-07,
         4.99952012e-06,   2.65303470e-06,  -4.25653843e-06,
        -8.71455359e-06,  -9.22112122e-06,   4.50825291e-06,
        -1.90805758e-06,   1.71248053e-06,  -3.77290621e-06,
         1.11964928e-05,  -2.24457053e-05,   1.84029450e-05,
        -1.43766974e-05,   9.00357736e-06,  -7.87483714e-06,
        -7.96709628e-06,   1.39968170e-05,   3.61564025e-06,
        -3.43794591e-06,   1.14615650e-05,   7.84300391e-06,
         1.25040174e-06,  -1.29991049e-05,  -1.51624636e-06,
        -1.03535085e-05,   1.14191380e-05,   9.45914394e-07,
        -5.91911203e-06,   1.02787953e-05,   1.13347096e-05,
        -1.14356035e-05,   2.28920157e-06,  -6.29704687e-07,
        -7.81476137e-06,   1.40757102e-05,   7.45368425e-06,
        -3.11142935e-06,   1.07874866e-05,   1.74730769e-06,
        -3.28479632e-06,  -9.18754631e-06,   7.38619383e-06,
         1.06557000e-05,   1.05123154e-05,  -4.30190585e-06,
        -8.17565649e-07,  -1.08920340e-05,  -1.64672065e-06,
        -3.35702248e-06,   3.13413238e-07,  -1.63773529e-06,
        -5.91991147e-06,  -2.36716714e-05,   1.32239575e-05,
        -1.21298481e-05,  -1.63552668e-05,   3.01048544e-06,
        -2.12698997e-05,  -1.09928133e-05,  -5.58755482e-06,
        -9.10123981e-06,   9.89536329e-06,   6.82241944e-06,
         1.93793876e-05], dtype=float32), array([ 0.,  0.,  0.,  0.,  0.,  0.,  0.,  0.,  0.,  0.,  0.,  0.,  0.,
        0.,  0.,  0.,  0.,  0.,  0.,  0.,  0.,  0.,  0.,  0.,  0.,  0.,
        0.,  0.,  0.,  0.,  0.,  0.,  0.,  0.,  0.,  0.,  0.,  0.,  0.,
        0.,  0.,  0.,  0.,  0.,  0.,  0.,  0.,  0.,  0.,  0.,  0.,  0.,
        0.,  0.,  0.,  0.,  0.,  0.,  0.,  0.,  0.,  0.,  0.,  0.,  0.,
        0.,  0.,  0.,  0.,  0.,  0.,  0.,  0.,  0.,  0.,  0.,  0.,  0.,
        0.,  0.,  0.,  0.,  0.,  0.,  0.,  0.,  0.,  0.,  0.,  0.,  0.,
        0.,  0.,  0.,  0.,  0.,  0.,  0.,  0.,  0.], dtype=float32), array([ 0.,  0.,  0.,  0.,  0.,  0.,  0.,  0.,  0.,  0.,  0.,  0.,  0.,
        0.,  0.,  0.,  0.,  0.,  0.,  0.,  0.,  0.,  0.,  0.,  0.,  0.,
        0.,  0.,  0.,  0.,  0.,  0.,  0.,  0.,  0.,  0.,  0.,  0.,  0.,
        0.,  0.,  0.,  0.,  0.,  0.,  0.,  0.,  0., -0.,  0.,  0.,  0.,
        0.,  0.,  0.,  0.,  0.,  0.,  0.,  0.,  0.,  0.,  0.,  0.,  0.,
        0.,  0.,  0.,  0.,  0.,  0.,  0.,  0.,  0.,  0.,  0.,  0.,  0.,
        0.,  0.,  0.,  0.,  0.,  0.,  0.,  0.,  0.,  0.,  0.,  0.,  0.,
        0.,  0.,  0.,  0.,  0.,  0.,  0.,  0.,  0.], dtype=float32), array([  4.11081828e-06,  -3.12217048e-06,  -9.56169060e-06,
         7.73916054e-06,   1.11257104e-05,   6.48477999e-06,
        -6.29284114e-06,   1.16324509e-06,   2.14892498e-05,
        -9.33479271e-07,  -6.01630563e-06,  -1.42680738e-05,
        -1.50123867e-06,  -1.83785087e-05,   1.22404344e-05,
         1.31491879e-05,  -9.96287781e-06,  -5.29140698e-06,
         8.80005609e-06,   2.48947049e-06,  -1.04476248e-05,
         6.75561978e-06,   1.40666516e-05,   1.48074355e-06,
         4.31056242e-06,   5.56959367e-06,   1.02049971e-05,
         2.18555560e-05,  -2.18608166e-05,  -7.61644287e-06,
         1.20139975e-05,   4.83826534e-06,  -3.92505171e-06,
        -4.26721226e-06,  -8.67342442e-06,  -9.79193715e-07,
         4.99952012e-06,   2.65303470e-06,  -4.25653843e-06,
        -8.71455359e-06,  -9.22112122e-06,   4.50825291e-06,
        -1.90805758e-06,   1.71248053e-06,  -3.77290621e-06,
         1.11964928e-05,  -2.24457053e-05,   1.84029450e-05,
        -1.43766974e-05,   9.00357736e-06,  -7.87483714e-06,
        -7.96709628e-06,   1.39968170e-05,   3.61564025e-06,
        -3.43794591e-06,   1.14615650e-05,   7.84300391e-06,
         1.25040174e-06,  -1.29991049e-05,  -1.51624636e-06,
        -1.03535085e-05,   1.14191380e-05,   9.45914394e-07,
        -5.91911203e-06,   1.02787953e-05,   1.13347096e-05,
        -1.14356035e-05,   2.28920157e-06,  -6.29704687e-07,
        -7.81476137e-06,   1.40757102e-05,   7.45368425e-06,
        -3.11142935e-06,   1.07874866e-05,   1.74730769e-06,
        -3.28479632e-06,  -9.18754631e-06,   7.38619383e-06,
         1.06557000e-05,   1.05123154e-05,  -4.30190585e-06,
        -8.17565649e-07,  -1.08920340e-05,  -1.64672065e-06,
        -3.35702248e-06,   3.13413238e-07,  -1.63773529e-06,
        -5.91991147e-06,  -2.36716714e-05,   1.32239575e-05,
        -1.21298481e-05,  -1.63552668e-05,   3.01048544e-06,
        -2.12698997e-05,  -1.09928133e-05,  -5.58755482e-06,
        -9.10123981e-06,   9.89536329e-06,   6.82241944e-06,
         1.93793876e-05], dtype=float32), array([ 0.,  0.,  0.,  0.,  0.,  0.,  0.,  0.,  0.,  0.,  0.,  0.,  0.,
        0.,  0.,  0.,  0.,  0.,  0.,  0.,  0.,  0.,  0.,  0.,  0.,  0.,
        0.,  0.,  0.,  0.,  0.,  0.,  0.,  0.,  0.,  0.,  0.,  0.,  0.,
        0.,  0.,  0.,  0.,  0.,  0.,  0.,  0.,  0.,  0.,  0.,  0.,  0.,
        0.,  0.,  0.,  0.,  0.,  0.,  0.,  0.,  0.,  0.,  0.,  0.,  0.,
        0.,  0.,  0.,  0.,  0.,  0.,  0.,  0.,  0.,  0.,  0.,  0.,  0.,
        0.,  0.,  0.,  0.,  0.,  0.,  0.,  0.,  0.,  0.,  0.,  0.,  0.,
        0.,  0.,  0.,  0.,  0.,  0.,  0.,  0.,  0.], dtype=float32), array([ 0.,  0.,  0.,  0.,  0.,  0.,  0.,  0.,  0.,  0.,  0.,  0.,  0.,
        0.,  0.,  0.,  0.,  0.,  0.,  0.,  0.,  0.,  0.,  0.,  0.,  0.,
        0.,  0.,  0.,  0.,  0.,  0.,  0.,  0.,  0.,  0.,  0.,  0.,  0.,
        0.,  0.,  0.,  0.,  0.,  0.,  0.,  0.,  0.,  0.,  0.,  0.,  0.,
        0.,  0.,  0.,  0.,  0.,  0.,  0.,  0.,  0.,  0.,  0.,  0.,  0.,
        0.,  0.,  0.,  0.,  0.,  0.,  0.,  0.,  0.,  0.,  0.,  0.,  0.,
        0.,  0.,  0.,  0.,  0.,  0.,  0.,  0.,  0.,  0.,  0.,  0.,  0.,
        0.,  0.,  0.,  0.,  0.,  0.,  0.,  0.,  0.], dtype=float32), array([ 0.,  0.,  0.,  0.,  0.,  0.,  0.,  0.,  0.,  0.,  0.,  0.,  0.,
        0.,  0.,  0.,  0.,  0.,  0.,  0.,  0.,  0.,  0.,  0.,  0.,  0.,
        0.,  0.,  0.,  0.,  0.,  0.,  0.,  0.,  0.,  0.,  0.,  0.,  0.,
        0.,  0.,  0.,  0.,  0.,  0.,  0.,  0.,  0.,  0.,  0.,  0.,  0.,
        0.,  0.,  0.,  0.,  0.,  0.,  0.,  0.,  0.,  0.,  0.,  0.,  0.,
        0.,  0.,  0.,  0.,  0.,  0.,  0.,  0.,  0.,  0.,  0.,  0.,  0.,
        0.,  0.,  0.,  0.,  0.,  0.,  0.,  0.,  0.,  0.,  0.,  0.,  0.,
        0.,  0.,  0.,  0.,  0.,  0.,  0.,  0.,  0.], dtype=float32), array([ 0.,  0.,  0.,  0.,  0.,  0.,  0.,  0.,  0.,  0.,  0.,  0.,  0.,
        0.,  0.,  0.,  0.,  0.,  0.,  0.,  0.,  0.,  0.,  0.,  0.,  0.,
        0.,  0.,  0.,  0.,  0.,  0.,  0.,  0.,  0.,  0.,  0.,  0.,  0.,
        0.,  0.,  0.,  0.,  0.,  0.,  0.,  0.,  0.,  0.,  0.,  0.,  0.,
        0.,  0.,  0.,  0.,  0.,  0.,  0.,  0.,  0.,  0.,  0.,  0.,  0.,
        0.,  0.,  0.,  0.,  0.,  0.,  0.,  0.,  0.,  0.,  0.,  0.,  0.,
        0.,  0.,  0.,  0.,  0.,  0.,  0.,  0.,  0.,  0.,  0.,  0.,  0.,
        0.,  0.,  0.,  0.,  0.,  0.,  0.,  0.,  0.], dtype=float32), array([ 0.,  0.,  0.,  0.,  0.,  0.,  0.,  0.,  0.,  0.,  0.,  0.,  0.,
        0.,  0.,  0.,  0.,  0.,  0.,  0.,  0.,  0.,  0.,  0.,  0.,  0.,
        0.,  0.,  0.,  0.,  0.,  0.,  0.,  0.,  0.,  0.,  0.,  0.,  0.,
        0.,  0.,  0.,  0.,  0.,  0.,  0.,  0.,  0.,  0.,  0.,  0.,  0.,
        0.,  0.,  0.,  0.,  0.,  0.,  0.,  0.,  0.,  0.,  0.,  0.,  0.,
        0.,  0.,  0.,  0.,  0.,  0.,  0.,  0.,  0.,  0.,  0.,  0.,  0.,
        0.,  0.,  0.,  0.,  0.,  0.,  0.,  0.,  0.,  0.,  0.,  0.,  0.,
        0.,  0.,  0.,  0.,  0.,  0.,  0.,  0.,  0.], dtype=float32), array([  4.11081828e-06,  -3.12217048e-06,  -9.56169060e-06,
         7.73916054e-06,   1.11257104e-05,   6.48477999e-06,
        -6.29284114e-06,   1.16324509e-06,   2.14892498e-05,
        -9.33479271e-07,  -6.01630563e-06,  -1.42680738e-05,
        -1.50123867e-06,  -1.83785087e-05,   1.22404344e-05,
         1.31491879e-05,  -9.96287781e-06,  -5.29140698e-06,
         8.80005609e-06,   2.48947049e-06,  -1.04476248e-05,
         6.75561978e-06,   1.40666516e-05,   1.48074355e-06,
         4.31056242e-06,   5.56959367e-06,   1.02049971e-05,
         2.18555560e-05,  -2.18608166e-05,  -7.61644287e-06,
         1.20139975e-05,   4.83826534e-06,  -3.92505171e-06,
        -4.26721226e-06,  -8.67342442e-06,  -9.79193715e-07,
         4.99952012e-06,   2.65303470e-06,  -4.25653843e-06,
        -8.71455359e-06,  -9.22112122e-06,   4.50825291e-06,
        -1.90805758e-06,   1.71248053e-06,  -3.77290621e-06,
         1.11964928e-05,  -2.24457053e-05,   1.84029450e-05,
        -1.43766974e-05,   9.00357736e-06,  -7.87483714e-06,
        -7.96709628e-06,   1.39968170e-05,   3.61564025e-06,
        -3.43794591e-06,   1.14615650e-05,   7.84300391e-06,
         1.25040174e-06,  -1.29991049e-05,  -1.51624636e-06,
        -1.03535085e-05,   1.14191380e-05,   9.45914394e-07,
        -5.91911203e-06,   1.02787953e-05,   1.13347096e-05,
        -1.14356035e-05,   2.28920157e-06,  -6.29704687e-07,
        -7.81476137e-06,   1.40757102e-05,   7.45368425e-06,
        -3.11142935e-06,   1.07874866e-05,   1.74730769e-06,
        -3.28479632e-06,  -9.18754631e-06,   7.38619383e-06,
         1.06557000e-05,   1.05123154e-05,  -4.30190585e-06,
        -8.17565649e-07,  -1.08920340e-05,  -1.64672065e-06,
        -3.35702248e-06,   3.13413238e-07,  -1.63773529e-06,
        -5.91991147e-06,  -2.36716714e-05,   1.32239575e-05,
        -1.21298481e-05,  -1.63552668e-05,   3.01048544e-06,
        -2.12698997e-05,  -1.09928133e-05,  -5.58755482e-06,
        -9.10123981e-06,   9.89536329e-06,   6.82241944e-06,
         1.93793876e-05], dtype=float32), array([ 0.,  0.,  0.,  0.,  0.,  0.,  0.,  0.,  0.,  0.,  0.,  0.,  0.,
        0.,  0.,  0.,  0.,  0.,  0.,  0.,  0.,  0.,  0.,  0.,  0.,  0.,
        0.,  0.,  0.,  0.,  0.,  0.,  0.,  0.,  0.,  0.,  0.,  0.,  0.,
        0.,  0.,  0.,  0.,  0.,  0.,  0.,  0.,  0.,  0.,  0.,  0.,  0.,
        0.,  0.,  0.,  0.,  0.,  0.,  0.,  0.,  0.,  0.,  0.,  0.,  0.,
        0.,  0.,  0.,  0.,  0.,  0.,  0.,  0.,  0.,  0.,  0.,  0.,  0.,
        0.,  0.,  0.,  0.,  0.,  0.,  0.,  0.,  0.,  0.,  0.,  0.,  0.,
        0.,  0.,  0.,  0.,  0.,  0.,  0.,  0.,  0.], dtype=float32), array([  4.11081828e-06,  -3.12217048e-06,  -9.56169060e-06,
         7.73916054e-06,   1.11257104e-05,   6.48477999e-06,
        -6.29284114e-06,   1.16324509e-06,   2.14892498e-05,
        -9.33479271e-07,  -6.01630563e-06,  -1.42680738e-05,
        -1.50123867e-06,  -1.83785087e-05,   1.22404344e-05,
         1.31491879e-05,  -9.96287781e-06,  -5.29140698e-06,
         8.80005609e-06,   2.48947049e-06,  -1.04476248e-05,
         6.75561978e-06,   1.40666516e-05,   1.48074355e-06,
         4.31056242e-06,   5.56959367e-06,   1.02049971e-05,
         2.18555560e-05,  -2.18608166e-05,  -7.61644287e-06,
         1.20139975e-05,   4.83826534e-06,  -3.92505171e-06,
        -4.26721226e-06,  -8.67342442e-06,  -9.79193715e-07,
         4.99952012e-06,   2.65303470e-06,  -4.25653843e-06,
        -8.71455359e-06,  -9.22112122e-06,   4.50825291e-06,
        -1.90805758e-06,   1.71248053e-06,  -3.77290621e-06,
         1.11964928e-05,  -2.24457053e-05,   1.84029450e-05,
        -1.43766974e-05,   9.00357736e-06,  -7.87483714e-06,
        -7.96709628e-06,   1.39968170e-05,   3.61564025e-06,
        -3.43794591e-06,   1.14615650e-05,   7.84300391e-06,
         1.25040174e-06,  -1.29991049e-05,  -1.51624636e-06,
        -1.03535085e-05,   1.14191380e-05,   9.45914394e-07,
        -5.91911203e-06,   1.02787953e-05,   1.13347096e-05,
        -1.14356035e-05,   2.28920157e-06,  -6.29704687e-07,
        -7.81476137e-06,   1.40757102e-05,   7.45368425e-06,
        -3.11142935e-06,   1.07874866e-05,   1.74730769e-06,
        -3.28479632e-06,  -9.18754631e-06,   7.38619383e-06,
         1.06557000e-05,   1.05123154e-05,  -4.30190585e-06,
        -8.17565649e-07,  -1.08920340e-05,  -1.64672065e-06,
        -3.35702248e-06,   3.13413238e-07,  -1.63773529e-06,
        -5.91991147e-06,  -2.36716714e-05,   1.32239575e-05,
        -1.21298481e-05,  -1.63552668e-05,   3.01048544e-06,
        -2.12698997e-05,  -1.09928133e-05,  -5.58755482e-06,
        -9.10123981e-06,   9.89536329e-06,   6.82241944e-06,
         1.93793876e-05], dtype=float32), array([ 0.,  0.,  0.,  0.,  0.,  0.,  0.,  0.,  0.,  0.,  0.,  0.,  0.,
        0.,  0.,  0.,  0.,  0.,  0.,  0.,  0.,  0.,  0.,  0.,  0.,  0.,
        0.,  0.,  0.,  0.,  0.,  0.,  0.,  0.,  0.,  0.,  0.,  0.,  0.,
        0.,  0.,  0.,  0.,  0.,  0.,  0.,  0.,  0.,  0.,  0.,  0.,  0.,
        0.,  0.,  0.,  0.,  0.,  0.,  0.,  0.,  0.,  0.,  0.,  0.,  0.,
        0.,  0.,  0.,  0.,  0.,  0.,  0.,  0.,  0.,  0.,  0.,  0.,  0.,
        0.,  0.,  0.,  0.,  0.,  0.,  0.,  0.,  0.,  0.,  0.,  0.,  0.,
        0.,  0.,  0.,  0.,  0.,  0.,  0.,  0.,  0.], dtype=float32), array([ 0.,  0.,  0.,  0.,  0.,  0.,  0.,  0.,  0.,  0.,  0.,  0.,  0.,
        0.,  0.,  0.,  0.,  0.,  0.,  0.,  0.,  0.,  0.,  0.,  0.,  0.,
        0.,  0.,  0.,  0.,  0.,  0.,  0.,  0.,  0.,  0.,  0.,  0.,  0.,
        0.,  0.,  0.,  0.,  0.,  0.,  0.,  0.,  0.,  0.,  0.,  0.,  0.,
        0.,  0.,  0.,  0.,  0.,  0.,  0.,  0.,  0.,  0.,  0.,  0.,  0.,
        0.,  0.,  0.,  0.,  0.,  0.,  0.,  0.,  0.,  0.,  0.,  0.,  0.,
        0.,  0.,  0.,  0.,  0.,  0.,  0.,  0.,  0.,  0.,  0.,  0.,  0.,
        0.,  0.,  0.,  0.,  0.,  0.,  0.,  0.,  0.], dtype=float32), array([ 0.,  0.,  0.,  0.,  0.,  0.,  0.,  0.,  0.,  0.,  0.,  0.,  0.,
        0.,  0.,  0.,  0.,  0.,  0.,  0.,  0.,  0.,  0.,  0.,  0.,  0.,
        0.,  0.,  0.,  0.,  0.,  0.,  0.,  0.,  0.,  0.,  0.,  0.,  0.,
        0.,  0.,  0.,  0.,  0.,  0.,  0.,  0.,  0.,  0.,  0.,  0.,  0.,
        0.,  0.,  0.,  0.,  0.,  0.,  0.,  0.,  0.,  0.,  0.,  0.,  0.,
        0.,  0.,  0.,  0.,  0.,  0.,  0.,  0.,  0.,  0.,  0.,  0.,  0.,
        0.,  0.,  0.,  0.,  0.,  0.,  0.,  0.,  0.,  0.,  0.,  0.,  0.,
        0.,  0.,  0.,  0.,  0.,  0.,  0.,  0.,  0.], dtype=float32), array([  1.46790544e-05,   1.83223729e-05,  -2.31713238e-05,
         6.68716029e-06,  -7.60386229e-06,  -5.67135703e-06,
         3.48395588e-06,  -7.88547004e-06,   3.99185001e-06,
         5.17834133e-06,   5.96108111e-06,  -1.02349359e-05,
         4.85886767e-06,  -1.31251445e-05,   4.49089066e-06,
         2.37562790e-06,  -2.19483172e-05,  -2.73912110e-06,
         3.85869907e-06,  -9.88015381e-06,  -6.48857076e-06,
         5.54561257e-06,   1.22926922e-05,  -1.32160096e-06,
        -7.67488109e-06,   3.28311899e-06,  -1.35966388e-06,
         1.63875620e-06,  -6.64442723e-06,  -7.76470552e-06,
         7.45890702e-06,   3.81949621e-06,  -3.27954399e-06,
        -3.58381044e-06,   1.77639904e-05,   1.00765021e-06,
         1.28502779e-05,  -1.17776472e-05,  -4.66539905e-06,
         1.20441189e-06,   5.55996894e-06,  -5.35060872e-06,
         1.90488554e-05,   1.54987947e-06,  -4.85530427e-06,
        -8.67478957e-06,  -2.18899422e-05,  -8.21447429e-06,
        -1.76500271e-05,  -1.02529111e-05,   4.06475209e-08,
        -6.18836066e-06,   2.22838753e-05,  -8.08097593e-06,
         2.82896053e-06,   9.27507881e-06,   1.02037393e-05,
         1.83591692e-05,   4.79184246e-06,   7.60125886e-06,
         7.79857328e-06,   6.55458962e-06,  -2.52395657e-05,
         7.24629399e-06,  -6.87053489e-06,  -1.25732527e-06,
         1.74090655e-05,  -7.73716602e-06,  -1.12678927e-05,
         6.06438959e-07,   2.19960657e-06,  -3.30297894e-06,
        -1.50116493e-05,   2.90811977e-06,   2.64438881e-06,
        -5.47470245e-06,  -1.19376091e-05,  -3.30210833e-06,
         9.73067108e-06,  -6.95231449e-07,  -6.76889294e-06,
         1.64305566e-05,   1.62672654e-06,   4.16610590e-07,
        -9.23023799e-06,  -9.97884371e-08,  -8.16956981e-06,
        -1.24872786e-05,  -5.85420457e-06,   7.19819127e-06,
        -1.90474020e-05,  -1.80940733e-05,  -6.71053968e-08,
        -5.87919612e-06,  -8.69793894e-06,  -8.04694901e-06,
        -4.82391806e-06,  -1.30515582e-06,   1.90082010e-05,
        -4.24781638e-06], dtype=float32), array([ 0.,  0.,  0.,  0.,  0.,  0.,  0.,  0.,  0.,  0.,  0.,  0.,  0.,
        0.,  0.,  0.,  0.,  0.,  0.,  0.,  0.,  0.,  0.,  0.,  0.,  0.,
        0.,  0.,  0.,  0.,  0.,  0.,  0.,  0.,  0.,  0.,  0.,  0.,  0.,
        0.,  0.,  0.,  0.,  0.,  0.,  0.,  0.,  0.,  0.,  0.,  0.,  0.,
        0.,  0.,  0.,  0.,  0.,  0.,  0.,  0.,  0.,  0.,  0.,  0.,  0.,
        0.,  0.,  0.,  0.,  0.,  0.,  0.,  0.,  0.,  0.,  0.,  0.,  0.,
        0.,  0.,  0.,  0.,  0.,  0.,  0.,  0.,  0.,  0.,  0.,  0.,  0.,
        0.,  0.,  0.,  0.,  0.,  0.,  0.,  0.,  0.], dtype=float32), array([  4.11081828e-06,  -3.12217048e-06,  -9.56169060e-06,
         7.73916054e-06,   1.11257104e-05,   6.48477999e-06,
        -6.29284114e-06,   1.16324509e-06,   2.14892498e-05,
        -9.33479271e-07,  -6.01630563e-06,  -1.42680738e-05,
        -1.50123867e-06,  -1.83785087e-05,   1.22404344e-05,
         1.31491879e-05,  -9.96287781e-06,  -5.29140698e-06,
         8.80005609e-06,   2.48947049e-06,  -1.04476248e-05,
         6.75561978e-06,   1.40666516e-05,   1.48074355e-06,
         4.31056242e-06,   5.56959367e-06,   1.02049971e-05,
         2.18555560e-05,  -2.18608166e-05,  -7.61644287e-06,
         1.20139975e-05,   4.83826534e-06,  -3.92505171e-06,
        -4.26721226e-06,  -8.67342442e-06,  -9.79193715e-07,
         4.99952012e-06,   2.65303470e-06,  -4.25653843e-06,
        -8.71455359e-06,  -9.22112122e-06,   4.50825291e-06,
        -1.90805758e-06,   1.71248053e-06,  -3.77290621e-06,
         1.11964928e-05,  -2.24457053e-05,   1.84029450e-05,
        -1.43766974e-05,   9.00357736e-06,  -7.87483714e-06,
        -7.96709628e-06,   1.39968170e-05,   3.61564025e-06,
        -3.43794591e-06,   1.14615650e-05,   7.84300391e-06,
         1.25040174e-06,  -1.29991049e-05,  -1.51624636e-06,
        -1.03535085e-05,   1.14191380e-05,   9.45914394e-07,
        -5.91911203e-06,   1.02787953e-05,   1.13347096e-05,
        -1.14356035e-05,   2.28920157e-06,  -6.29704687e-07,
        -7.81476137e-06,   1.40757102e-05,   7.45368425e-06,
        -3.11142935e-06,   1.07874866e-05,   1.74730769e-06,
        -3.28479632e-06,  -9.18754631e-06,   7.38619383e-06,
         1.06557000e-05,   1.05123154e-05,  -4.30190585e-06,
        -8.17565649e-07,  -1.08920340e-05,  -1.64672065e-06,
        -3.35702248e-06,   3.13413238e-07,  -1.63773529e-06,
        -5.91991147e-06,  -2.36716714e-05,   1.32239575e-05,
        -1.21298481e-05,  -1.63552668e-05,   3.01048544e-06,
        -2.12698997e-05,  -1.09928133e-05,  -5.58755482e-06,
        -9.10123981e-06,   9.89536329e-06,   6.82241944e-06,
         1.93793876e-05], dtype=float32), array([ 0.,  0.,  0.,  0.,  0.,  0.,  0.,  0.,  0.,  0.,  0., -0.,  0.,
        0.,  0.,  0.,  0.,  0.,  0.,  0.,  0.,  0.,  0.,  0.,  0.,  0.,
        0.,  0.,  0.,  0.,  0.,  0.,  0.,  0.,  0.,  0.,  0.,  0.,  0.,
        0.,  0.,  0.,  0.,  0.,  0.,  0.,  0.,  0.,  0.,  0.,  0.,  0.,
        0.,  0.,  0.,  0.,  0.,  0.,  0.,  0.,  0.,  0.,  0.,  0.,  0.,
        0.,  0.,  0.,  0.,  0.,  0.,  0.,  0.,  0.,  0.,  0.,  0.,  0.,
        0.,  0.,  0.,  0.,  0.,  0.,  0.,  0.,  0.,  0.,  0.,  0.,  0.,
        0.,  0.,  0.,  0.,  0.,  0.,  0.,  0.,  0.], dtype=float32), array([ 0.,  0.,  0.,  0.,  0.,  0.,  0.,  0.,  0.,  0.,  0.,  0.,  0.,
        0.,  0.,  0.,  0.,  0.,  0.,  0.,  0.,  0.,  0.,  0.,  0.,  0.,
        0.,  0.,  0.,  0.,  0.,  0.,  0.,  0.,  0.,  0.,  0.,  0.,  0.,
        0.,  0.,  0.,  0.,  0.,  0.,  0.,  0.,  0.,  0.,  0.,  0.,  0.,
        0.,  0.,  0.,  0.,  0.,  0.,  0.,  0.,  0.,  0.,  0.,  0.,  0.,
        0.,  0.,  0.,  0.,  0.,  0.,  0.,  0.,  0.,  0.,  0.,  0.,  0.,
        0.,  0.,  0.,  0.,  0.,  0.,  0.,  0.,  0.,  0.,  0.,  0.,  0.,
        0.,  0.,  0.,  0.,  0.,  0.,  0.,  0.,  0.], dtype=float32), array([ 0.,  0.,  0.,  0.,  0.,  0.,  0.,  0.,  0.,  0.,  0.,  0.,  0.,
        0.,  0.,  0.,  0.,  0.,  0.,  0.,  0.,  0.,  0.,  0.,  0.,  0.,
        0.,  0.,  0.,  0.,  0.,  0.,  0.,  0.,  0.,  0.,  0.,  0.,  0.,
        0.,  0.,  0.,  0.,  0.,  0.,  0.,  0.,  0.,  0.,  0.,  0.,  0.,
        0.,  0.,  0.,  0.,  0.,  0.,  0.,  0.,  0.,  0.,  0.,  0.,  0.,
        0.,  0.,  0.,  0.,  0.,  0.,  0.,  0.,  0.,  0.,  0.,  0.,  0.,
        0.,  0.,  0.,  0.,  0.,  0.,  0.,  0.,  0.,  0.,  0.,  0.,  0.,
        0.,  0.,  0.,  0.,  0.,  0.,  0.,  0.,  0.], dtype=float32), array([ 0.,  0.,  0.,  0.,  0.,  0.,  0.,  0.,  0.,  0.,  0.,  0.,  0.,
        0.,  0.,  0.,  0.,  0.,  0.,  0.,  0.,  0.,  0.,  0.,  0.,  0.,
        0.,  0.,  0.,  0.,  0.,  0.,  0.,  0.,  0.,  0.,  0.,  0.,  0.,
        0.,  0.,  0.,  0.,  0.,  0.,  0.,  0.,  0.,  0.,  0.,  0.,  0.,
        0.,  0.,  0.,  0.,  0.,  0.,  0.,  0.,  0.,  0.,  0.,  0.,  0.,
        0.,  0.,  0.,  0.,  0.,  0.,  0.,  0.,  0.,  0.,  0.,  0.,  0.,
        0.,  0.,  0.,  0.,  0.,  0.,  0.,  0.,  0.,  0.,  0.,  0.,  0.,
        0.,  0.,  0.,  0.,  0.,  0.,  0.,  0.,  0.], dtype=float32), array([ 0.,  0.,  0.,  0.,  0.,  0.,  0.,  0.,  0.,  0.,  0.,  0.,  0.,
        0.,  0.,  0.,  0.,  0.,  0.,  0.,  0.,  0.,  0.,  0.,  0.,  0.,
        0.,  0.,  0.,  0.,  0.,  0.,  0.,  0.,  0.,  0.,  0.,  0.,  0.,
        0.,  0.,  0.,  0.,  0.,  0.,  0.,  0.,  0.,  0.,  0.,  0.,  0.,
        0.,  0.,  0.,  0.,  0.,  0.,  0.,  0.,  0.,  0.,  0.,  0.,  0.,
        0.,  0.,  0.,  0.,  0.,  0.,  0.,  0.,  0.,  0.,  0.,  0.,  0.,
        0.,  0.,  0.,  0.,  0.,  0.,  0.,  0.,  0.,  0.,  0.,  0.,  0.,
        0.,  0.,  0.,  0.,  0.,  0.,  0.,  0.,  0.], dtype=float32), array([ -8.73060708e-06,   1.31726147e-05,   2.80046493e-06,
        -3.69342365e-06,  -2.35309381e-05,  -1.05154031e-05,
         1.43505777e-05,  -6.29281885e-06,  -1.28455194e-05,
        -9.87616545e-07,   1.00662892e-05,  -1.67018115e-05,
         1.21430594e-05,  -5.23862946e-06,  -1.59455230e-05,
        -2.82824476e-06,   1.75532819e-06,  -9.20625280e-06,
        -1.96185215e-06,  -5.88448711e-06,  -2.43448139e-05,
        -1.68516544e-05,   1.03258972e-05,   8.63278729e-06,
        -1.27238809e-05,   6.42661178e-07,   3.10879113e-06,
        -5.17120043e-06,   8.60687214e-06,   2.45416823e-06,
         4.55577765e-06,  -1.12188582e-05,   8.34260049e-07,
         5.96972586e-06,  -1.32456557e-06,   5.53514974e-06,
         5.22629352e-06,  -3.60362560e-06,   1.01520309e-05,
         6.37295716e-06,   1.56410370e-05,   9.50708363e-06,
         1.11577742e-06,  -8.43307816e-07,   9.05314380e-07,
         1.93572941e-05,  -1.48337895e-05,  -5.57149633e-06,
        -3.37203733e-06,  -1.62863653e-05,   9.60729722e-06,
         8.31750185e-06,   7.74877753e-06,  -4.92874369e-06,
        -1.35645985e-06,  -2.53440498e-06,  -1.69282102e-05,
        -1.92247353e-05,  -1.06841708e-05,  -5.46980345e-06,
         8.20039713e-06,  -8.38439064e-06,  -1.83866578e-05,
        -5.89026240e-06,  -5.93581717e-06,  -5.81597169e-06,
         7.34875402e-06,   3.27517864e-06,   4.58957584e-06,
         4.73014234e-06,   4.34228377e-06,   8.76757531e-06,
        -2.16488343e-06,  -4.13079761e-06,  -1.38615533e-05,
        -6.55505664e-06,   2.39330257e-06,  -5.29602084e-06,
        -6.05524565e-06,  -1.87300648e-05,   8.30287263e-06,
        -1.41519604e-06,  -2.76232345e-06,   3.27098473e-06,
         1.87804483e-06,   1.76116264e-05,  -1.13033011e-05,
        -2.89997524e-06,   8.24100880e-06,   9.79498054e-06,
        -2.20199036e-05,   1.05453593e-08,   1.06585767e-05,
         3.96145424e-06,   1.30353083e-05,   2.65965855e-06,
         1.59528154e-05,   7.43076896e-07,   9.63283310e-06,
         1.93234519e-05], dtype=float32), array([ 0.,  0.,  0.,  0.,  0.,  0.,  0.,  0.,  0.,  0.,  0.,  0.,  0.,
        0.,  0.,  0.,  0.,  0.,  0.,  0.,  0.,  0.,  0.,  0.,  0.,  0.,
        0.,  0.,  0.,  0.,  0.,  0.,  0.,  0.,  0.,  0.,  0.,  0.,  0.,
        0.,  0.,  0.,  0.,  0.,  0.,  0.,  0.,  0.,  0.,  0.,  0.,  0.,
        0.,  0.,  0.,  0.,  0.,  0.,  0.,  0.,  0.,  0.,  0.,  0.,  0.,
        0.,  0.,  0.,  0.,  0.,  0.,  0.,  0.,  0.,  0.,  0.,  0.,  0.,
        0.,  0.,  0.,  0.,  0.,  0.,  0.,  0.,  0., -0.,  0.,  0.,  0.,
        0.,  0.,  0.,  0.,  0.,  0.,  0.,  0.,  0.], dtype=float32), None]
