[array([ 0.17490302, -0.09085566, -0.2332128 ,  0.08674492, -0.03286053,
       -0.07082014,  0.05264652, -0.03394862,  0.03074725, -0.40893165,
       -0.38562348, -0.07027898, -0.11634993, -0.14082677,  0.20065205,
       -0.10781019,  0.1373163 , -0.0656274 , -0.18334744,  0.55380139,
        0.00515316,  0.11605831, -0.02549306,  0.06970489, -0.073145  ,
        0.49284391,  0.04785199, -0.08431006,  0.00704192, -0.16685344,
        0.29537303,  0.26655554, -0.3147131 , -0.00971635,  0.26417793,
       -0.12709008,  0.0518649 , -0.64128809, -0.12506572,  0.17766751,
       -0.09770096,  0.28640797,  0.10336245,  0.0128436 , -0.04580574,
        0.22338385, -0.39894217,  0.29349663, -0.49236163, -0.03886349,
       -0.12549413,  0.0986355 ,  0.09758968, -0.02634288, -0.10898108,
       -0.03107331,  0.13459784,  0.22191413,  0.18442169, -0.06756795,
       -0.16167144,  0.46329479,  0.15284724,  0.0823247 , -0.18423325,
        0.01525635,  0.07277277,  0.35180962, -0.1972951 ,  0.07114476,
        0.09408256,  0.00785672,  0.13210036,  0.15028133, -0.05994213,
        0.28756887,  0.19063215,  0.00083548, -0.04539185,  0.69616467,
       -0.22000282, -0.05644848, -0.1191669 , -0.01402892, -0.08035507,
        0.01321902, -0.24917537, -0.23927307,  0.12519813,  0.20606922,
       -0.21850334, -0.49672152,  0.1769744 , -0.35463627, -0.20895491,
       -0.14020927,  0.02053093,  0.21803414,  0.27335733,  0.17797969]), array([ 0.07374143, -0.03876336, -0.23808272,  0.03903744,  0.00471988,
        0.03387102,  0.08627014, -0.16166919,  0.04743905, -0.18462628,
       -0.0313984 , -0.24771618,  0.14611514, -0.14190893, -0.11006215,
       -0.00378822,  0.10393351,  0.00213138, -0.17414536,  0.25762389,
       -0.00717171,  0.01158768,  0.0309306 ,  0.04138401,  0.03129645,
        0.14937145,  0.09186314, -0.12562233,  0.01013365,  0.02405459,
        0.1555618 , -0.10258063, -0.18594743,  0.01940019,  0.3162132 ,
       -0.20895623,  0.06902728, -0.40401098, -0.13544134, -0.00145316,
       -0.07163879,  0.12378475,  0.18954196, -0.10597023, -0.03292265,
       -0.06124238, -0.23697803,  0.10944165, -0.13310554, -0.05453414,
        0.05819631,  0.20561407,  0.18541728, -0.13619541,  0.0887437 ,
       -0.03290897,  0.11389092,  0.13616009,  0.07729778, -0.07510145,
        0.07327301,  0.07948036, -0.18470341,  0.03627518, -0.05909734,
       -0.11704685,  0.17406047,  0.03824688, -0.02764165, -0.08784805,
        0.15902975, -0.08476603, -0.04437787, -0.02963804, -0.16570684,
        0.09852541,  0.23404804,  0.00326244, -0.02635788, -0.01324002,
       -0.02118034, -0.05200302,  0.04331509, -0.16339572, -0.14164352,
        0.12258852, -0.02173704, -0.18363566,  0.15251561,  0.02278094,
       -0.19438882, -0.417568  ,  0.00441437, -0.1183333 , -0.05914306,
       -0.06137008, -0.10297592, -0.00060647,  0.13456395,  0.17970835]), array([ 0.06343125, -0.00260868, -0.32315485,  0.04133979, -0.08657469,
       -0.09931784,  0.04735243, -0.12233111, -0.03606959, -0.1679163 ,
       -0.10137083, -0.30435232,  0.04630843, -0.23767751, -0.08829378,
       -0.13850779, -0.15023585,  0.07656718, -0.02563362,  0.30407132,
       -0.24854478,  0.09558598,  0.13730388, -0.06939596, -0.05413241,
        0.11052333,  0.11300884, -0.1108622 , -0.20119966, -0.05024554,
        0.13130211,  0.14960301, -0.11899209,  0.10760884,  0.44187196,
       -0.14272604,  0.18963982, -0.28020939, -0.07128072, -0.00472347,
        0.08241839,  0.06557987,  0.18199894, -0.17321858, -0.07221548,
       -0.04902256, -0.31590424,  0.12628542, -0.20398122, -0.17155373,
       -0.06598568,  0.06992141,  0.20258734, -0.14318704,  0.01627751,
        0.11188976,  0.07305836,  0.28279688,  0.1358437 ,  0.0007788 ,
        0.02851839,  0.2072808 , -0.04460287,  0.17707785, -0.14441771,
       -0.08506734,  0.03015597, -0.0681806 , -0.01619174,  0.08036224,
        0.17435551,  0.05402206,  0.04428633,  0.13175968, -0.15062647,
        0.19258243,  0.29880615, -0.00125129,  0.19964536,  0.22323004,
       -0.16431749,  0.03325714, -0.10002996, -0.07120861, -0.13842497,
        0.0501713 , -0.09491384, -0.31619654,  0.04238238,  0.22054319,
       -0.23803475, -0.30072674, -0.04769258, -0.10372087, -0.16547761,
       -0.07377904,  0.01235179,  0.13036559,  0.0807389 ,  0.27851437]), array([  1.62497011e-01,   3.65620601e-02,  -3.98812621e-01,
         9.70259707e-02,   1.26700668e-01,   3.91895978e-02,
        -1.07869682e-01,  -3.57743069e-02,   3.86682195e-01,
        -1.35788969e-01,  -8.84872245e-02,  -2.61317093e-01,
         2.31763315e-02,  -3.87489400e-01,   2.32555466e-01,
         1.18159983e-01,  -2.37826908e-01,  -9.54678653e-02,
         9.01314023e-02,   2.29176566e-01,  -2.76083542e-01,
         9.07022144e-02,   2.43493783e-01,   3.06111329e-02,
         1.03697700e-03,   1.92205192e-01,   1.54867819e-01,
         3.01382465e-01,  -3.30926421e-01,  -9.81233923e-02,
         3.59621816e-01,   9.95933830e-02,  -2.41093053e-01,
        -1.59430542e-04,   1.82808303e-01,  -1.19588195e-01,
         1.33093693e-01,  -1.51020440e-01,  -1.61463839e-01,
        -3.96695094e-02,  -7.67069055e-02,   1.05304207e-01,
         6.54794823e-02,   3.72043918e-02,  -1.08286825e-01,
         9.31299655e-02,  -4.82140288e-01,   3.30355273e-01,
        -3.87925483e-01,   1.39650862e-01,  -1.63984623e-01,
        -5.84642824e-02,   4.99025097e-01,  -4.29932954e-02,
        -5.00039228e-02,   1.51944725e-01,   1.86677454e-01,
         1.17475033e-01,  -2.01779999e-01,  -1.43735838e-01,
        -1.76675286e-02,   3.90029022e-01,  -1.47546724e-02,
        -2.49985270e-02,   7.46226686e-02,   1.80360199e-01,
        -3.04459090e-02,   4.33670085e-02,  -4.12705526e-02,
        -1.31733829e-01,   2.50009885e-01,   1.02934483e-01,
         1.38246113e-02,   2.40192032e-01,  -6.37317747e-02,
         1.09838287e-01,   5.34744409e-03,  -2.11442562e-02,
         2.21521986e-01,   3.22252130e-01,  -2.05259081e-01,
        -1.46855288e-02,  -1.72080160e-01,  -1.73741628e-01,
        -1.51102883e-01,   1.03854659e-02,  -4.66260619e-02,
        -2.45364661e-01,  -2.87800632e-01,   3.37311306e-01,
        -3.57237468e-01,  -4.40591967e-01,   1.07849482e-02,
        -4.03958007e-01,  -2.49157712e-01,  -8.48924158e-02,
        -1.23799518e-01,   2.03329578e-01,   2.25774937e-01,
         4.15325044e-01]), array([  1.24596791e-01,  -9.65223320e-02,  -5.89873912e-02,
        -7.59205051e-02,   4.54827859e-02,  -9.32562011e-02,
         6.72388711e-02,  -3.03262195e-02,  -3.32218105e-02,
        -2.55518005e-01,  -2.69978886e-01,  -1.17194292e-01,
         4.30132220e-02,   4.65120183e-02,   5.20379254e-02,
         1.04966743e-01,   1.31395127e-01,   2.68011593e-02,
        -2.13102833e-01,   3.94975524e-01,  -3.78545745e-02,
        -8.02746638e-03,  -7.49399465e-02,   1.75893658e-01,
        -5.38950740e-02,   3.35281123e-01,   6.25174035e-02,
        -2.62046727e-01,   1.34763612e-01,   3.44771899e-04,
         2.88143859e-01,   2.60687019e-01,  -1.39572795e-01,
        -1.18082915e-01,   2.80580421e-01,  -5.24064309e-02,
         1.38389389e-01,  -3.47105665e-01,  -1.69400227e-01,
        -8.64179406e-02,  -8.12796698e-02,   2.32700469e-01,
         1.64954294e-01,  -2.24933672e-01,  -6.98828052e-02,
        -1.31881135e-01,  -1.35847725e-01,   3.21984665e-01,
        -2.59575977e-01,  -2.58985921e-01,  -2.46497092e-01,
         9.88445344e-02,  -2.82230201e-03,  -1.31100974e-01,
         1.24213407e-02,   3.75319423e-02,   6.51236261e-02,
         1.82783553e-01,   1.61389813e-02,  -6.05084594e-02,
        -5.56098272e-02,   3.41314170e-01,  -4.87362572e-02,
         8.78829858e-02,   4.73521498e-02,  -1.21686499e-01,
         4.43409115e-02,  -3.76005025e-03,  -1.00261811e-01,
        -9.17476068e-02,  -4.64296731e-02,   8.44991297e-02,
         1.03648399e-01,   6.44987242e-02,  -1.73934537e-01,
         2.34845327e-01,   2.45996934e-01,  -1.99971945e-01,
        -9.70519485e-03,   2.27834504e-01,  -9.82239323e-02,
        -1.42373410e-01,  -2.90805978e-02,   4.64335644e-02,
        -1.21746594e-01,  -3.19816350e-02,  -2.42800962e-01,
        -1.73734718e-01,   7.39205338e-02,   1.44993106e-01,
        -2.23089301e-01,  -4.75962272e-01,   6.67395914e-02,
        -9.79019364e-02,  -2.65525696e-01,  -1.13153933e-01,
         1.39759883e-02,   1.16697090e-01,   1.47107244e-01,
         5.65605365e-02]), array([ 0.24171274, -0.00642477, -0.6579931 ,  0.2885974 ,  0.22164278,
       -0.06758513, -0.0446261 , -0.28035666,  0.45125042, -0.24547145,
       -0.17562636, -0.76233207,  0.28030042, -0.63488707,  0.18729906,
        0.23848217, -0.15475517, -0.02445922, -0.12491986,  0.62484578,
       -0.28751391,  0.17164354,  0.26411004, -0.06694066,  0.02643232,
        0.44501209,  0.38366946,  0.21034192, -0.27316229, -0.1206377 ,
        0.4126478 , -0.05246481, -0.32932531, -0.13604114,  0.4756488 ,
       -0.43271231,  0.43624244, -0.65614284, -0.27781633, -0.1188677 ,
       -0.19721589,  0.35471939,  0.16715684,  0.01103497, -0.10516795,
        0.11014407, -0.63709429,  0.55302581, -0.54907392, -0.01302439,
       -0.33656847,  0.34320995,  0.55063506, -0.50303369,  0.0113421 ,
        0.37932768,  0.49448796,  0.38907878, -0.02849676, -0.18951649,
        0.10513606,  0.4965043 ,  0.0923301 ,  0.04447629, -0.05754945,
       -0.09974112,  0.12166393, -0.10544815,  0.04141649, -0.23022715,
        0.36800115, -0.0424601 ,  0.1405457 ,  0.43910802, -0.12689996,
        0.32365609,  0.28672268,  0.18148938,  0.23663834,  0.1937733 ,
       -0.41737234, -0.06705317, -0.39274639, -0.43362131, -0.26262045,
        0.14618519, -0.14716515, -0.35017216, -0.03563278,  0.26207963,
       -0.61130476, -0.95899999,  0.00547145, -0.43133014, -0.29355676,
       -0.01315407, -0.25898303,  0.22182392,  0.42964232,  0.77550077]), array([ 0.0499354 ,  0.01867505, -0.14118018, -0.01328281,  0.01783437,
       -0.04170589,  0.02249605, -0.16189349, -0.04076531, -0.07683267,
       -0.10040814,  0.03955124,  0.05867573, -0.09147674,  0.02966127,
       -0.01200622,  0.01247471, -0.0212203 , -0.09242451,  0.06454117,
        0.00623386,  0.00464938, -0.06476727,  0.05973967, -0.02009894,
        0.01527655,  0.01936154, -0.02854245, -0.03794698, -0.03988796,
        0.09889043,  0.04451423, -0.05855436,  0.01868661,  0.03657745,
       -0.06539196,  0.0933399 , -0.09314378, -0.15440879,  0.02687833,
       -0.07553409,  0.09525459, -0.00672239, -0.05602002, -0.00138004,
       -0.02287216,  0.06252754,  0.02788087, -0.0218606 , -0.08144113,
       -0.07079655,  0.04665221, -0.00360833, -0.04736451,  0.02614815,
        0.01007838,  0.0610833 , -0.01177476,  0.08643749,  0.00698322,
       -0.04631855,  0.12570422,  0.03751599, -0.05067631,  0.0087801 ,
       -0.01851591, -0.03465932,  0.01912495, -0.06183852, -0.06092804,
       -0.04380309,  0.00200922, -0.00985478,  0.02020361, -0.0541248 ,
        0.05604632,  0.0793798 , -0.01268079,  0.09002774,  0.139184  ,
       -0.04278816,  0.02789378,  0.06096072, -0.00573257,  0.00092836,
        0.0039483 , -0.01254864,  0.00445674,  0.0809508 ,  0.02276791,
       -0.07768686, -0.15010352,  0.07174969, -0.09509873,  0.04340783,
       -0.00386906,  0.03019379,  0.0124898 ,  0.11807377, -0.04370841]), array([ 0.34172411,  0.04551959, -0.66092684, -0.120057  , -0.32169055,
       -0.02558871,  0.20971649, -0.20229035,  0.21736285, -0.37862525,
       -0.28983341, -0.38395441,  0.13523699, -0.08418473, -0.11985835,
        0.23050983, -0.05443098,  0.02876156,  0.06789679,  0.40620042,
       -0.17316794,  0.13425479, -0.04304153,  0.1556526 , -0.21804837,
        0.50300889, -0.01596019, -0.08439196,  0.14824359,  0.0858718 ,
        0.24967982,  0.0981418 , -0.16231384, -0.01677905,  0.52096676,
       -0.08972525, -0.02059094, -0.40727728, -0.04373941, -0.0227108 ,
       -0.04848799,  0.21793985,  0.15203773,  0.15765323,  0.05078193,
       -0.07110017, -0.27550692,  0.10429117, -0.15602719, -0.01594227,
       -0.21274261,  0.31395926,  0.09437252, -0.31826131, -0.11323059,
       -0.08746878,  0.18862121, -0.01723435, -0.03287704, -0.24662653,
        0.12140246,  0.3754955 ,  0.40610487,  0.16212316,  0.04338224,
       -0.03800693,  0.17836586, -0.00856681, -0.00084486, -0.08750997,
        0.05386156,  0.01216012,  0.02302728,  0.17167423, -0.08178743,
        0.3597579 ,  0.11427475,  0.00470549, -0.09576552,  0.22476396,
       -0.10469042, -0.19202632, -0.18125964, -0.35973927, -0.06100891,
        0.07145232, -0.28199939, -0.19990801,  0.00535318,  0.09803271,
       -0.31844316, -0.51448075,  0.19617752, -0.24814849, -0.33156079,
       -0.01607843, -0.00861062,  0.15188108,  0.38873577,  0.2700833 ]), array([ 0.08444102,  0.18892852, -0.22709666, -0.00690523, -0.34281627,
       -0.20357384,  0.18608975, -0.21388363, -0.04777222, -0.04455094,
        0.18087882, -0.56388071,  0.38991291, -0.21214187, -0.1040807 ,
        0.01517821, -0.0838015 , -0.21033189, -0.26687209,  0.26302075,
       -0.29531484, -0.18590158,  0.199423  ,  0.01898471, -0.28107572,
        0.26414718,  0.09289895, -0.14973249,  0.22909051,  0.02624091,
        0.13953936, -0.20369158, -0.04023128,  0.07548882,  0.37929056,
       -0.16028338,  0.23942964, -0.41302255,  0.09316484,  0.07751295,
        0.28615557,  0.29557699,  0.01544129,  0.0689673 , -0.07301356,
        0.23394205, -0.30952695,  0.03901372, -0.2568765 , -0.32305987,
       -0.10613679,  0.34321117,  0.25060821, -0.37490735,  0.04399442,
       -0.04655464,  0.02604015, -0.14347148, -0.06859839, -0.23383315,
        0.28685483,  0.09194547, -0.00843548,  0.04651007, -0.10622798,
       -0.15949816,  0.32289022, -0.14245939,  0.00098107,  0.01808306,
        0.15963386,  0.100559  ,  0.15803184,  0.07175722, -0.17702827,
       -0.01399094,  0.03206686, -0.09807932, -0.07570416, -0.16230212,
       -0.06513929, -0.18219417, -0.22600771, -0.20684318,  0.01367255,
        0.32170042, -0.18749662, -0.02276286,  0.1672592 ,  0.18886053,
       -0.52818696, -0.29144033,  0.20584577,  0.06507938,  0.10659478,
        0.13307408,  0.21898385,  0.10821118,  0.34804101,  0.47251369]), array([  2.30144905e-01,  -4.03514315e-02,  -1.29115858e-01,
         3.95351471e-02,  -4.96919241e-02,  -2.03368177e-01,
        -8.64175899e-02,  -9.44511367e-03,   5.89611520e-02,
        -3.19809720e-01,  -2.68340357e-01,  -1.63180616e-01,
         5.04611352e-03,  -2.53368850e-01,   1.26496783e-01,
        -7.07089439e-02,  -3.46370109e-02,   8.69926867e-02,
        -1.01505690e-01,   4.12165171e-01,  -2.14279630e-01,
         1.54229918e-01,  -1.20945596e-01,   8.29072239e-03,
        -2.78270406e-01,   2.50545903e-01,   1.92572498e-01,
        -9.84361601e-02,  -1.48858240e-02,  -9.10531832e-02,
         4.68596995e-01,   2.83243005e-01,  -1.42973629e-01,
        -6.68368683e-02,   4.49866514e-01,  -2.39568206e-01,
         8.45737247e-02,  -4.87315637e-01,  -1.31645102e-01,
         1.10898110e-01,  -1.61361964e-01,   1.90279267e-01,
        -2.69132628e-02,  -4.20612520e-02,   3.30311635e-02,
         1.18019110e-01,  -3.60356407e-01,   3.11197312e-01,
        -3.14911343e-01,  -1.45956052e-01,  -8.95776929e-02,
         6.27392659e-02,   6.64502517e-02,  -1.61603588e-01,
        -4.84724156e-02,  -5.95472289e-02,   1.60194363e-01,
         8.52566796e-02,   2.36368128e-01,  -1.93797785e-01,
        -3.40458474e-03,   4.40609741e-01,   3.15703042e-01,
         1.26865938e-01,  -9.99026123e-02,   3.82678602e-02,
         6.94180658e-02,   1.23879004e-01,  -1.07170420e-01,
        -6.24971236e-02,   9.99591659e-02,   3.95339841e-04,
         3.95151824e-02,   1.53367365e-01,   7.28502033e-03,
         4.15915354e-01,   1.90095138e-01,  -7.01159506e-02,
        -1.25717553e-01,   4.98142896e-01,  -2.90735704e-02,
        -2.33636174e-01,  -2.19381061e-01,  -1.74726441e-01,
        -1.09420787e-01,  -4.12140427e-03,  -4.18846749e-01,
        -2.64759690e-01,   1.21343608e-01,   1.15305794e-01,
        -1.21814809e-01,  -3.81040589e-01,   1.44033921e-02,
        -4.43023363e-01,  -1.25407604e-01,  -1.62336918e-01,
         2.19220343e-02,   1.16238214e-01,   1.90402730e-01,
         2.00912751e-01]), array([ 0.30543049,  0.15301497, -0.89843548,  0.1213445 , -0.27899741,
       -0.19952155,  0.02332081, -0.21572331,  0.15455322, -0.4449099 ,
       -0.08514381, -0.38297143,  0.29833973, -0.12142836, -0.22483424,
        0.03879257,  0.00122548,  0.14682606,  0.01271381,  0.28637827,
       -0.17678847,  0.16182821,  0.0224299 ,  0.08281481, -0.33645543,
        0.54458729,  0.1856819 , -0.18733029,  0.16028479,  0.27637004,
        0.23221508,  0.22337167, -0.14608308,  0.07183154,  0.68098071,
       -0.39650851, -0.10812951, -0.47620047, -0.12830206,  0.12231558,
       -0.01417538,  0.05633514,  0.21618831,  0.28791608, -0.04411207,
        0.00327091, -0.39327645,  0.13897566, -0.325093  ,  0.04451032,
        0.03091617,  0.40020864,  0.18112867, -0.44151368, -0.21823204,
        0.08594087,  0.25219896,  0.03864141,  0.0131125 , -0.22059917,
        0.15481953,  0.42983893,  0.2576603 ,  0.17274118,  0.00567972,
       -0.02074609,  0.30932692,  0.10262606, -0.06203985, -0.05362424,
       -0.03801403,  0.18302264, -0.02987419,  0.19127564, -0.22674962,
        0.64474732,  0.1519351 ,  0.09474467, -0.08668082,  0.31223871,
       -0.28703015, -0.01287245, -0.27035772, -0.35579122, -0.17301454,
        0.15662591, -0.29309307, -0.03904086, -0.01949997,  0.04547732,
       -0.47744242, -0.56121927,  0.08082347, -0.2386796 , -0.21021477,
       -0.09538226,  0.24551821,  0.16144008,  0.4214759 ,  0.25020193]), array([ 0.12598804, -0.03128306, -0.34790534,  0.12491073,  0.02071836,
        0.0058014 ,  0.06084946, -0.16163488,  0.08320351, -0.21114755,
       -0.00408966, -0.35107972,  0.15228492, -0.17595116, -0.05184561,
       -0.04481553,  0.06697911,  0.04282872, -0.17189818,  0.3788625 ,
        0.03227923,  0.02420603,  0.09274881,  0.00784301,  0.04125566,
        0.23020292,  0.16443649, -0.14213993, -0.02062972,  0.02047735,
        0.19131038, -0.05820872, -0.17303222, -0.00613494,  0.42120424,
       -0.20940013,  0.16917454, -0.5531217 , -0.15981138,  0.03084201,
       -0.04379382,  0.11717443,  0.15938421, -0.10856747, -0.10820651,
       -0.07142226, -0.29119709,  0.19325705, -0.1323462 , -0.15982395,
        0.01857609,  0.20954221,  0.24802534, -0.20666594,  0.07839149,
        0.02280603,  0.20491347,  0.23353133,  0.08124557, -0.08391183,
        0.12790602,  0.19935451, -0.13801222,  0.12134054, -0.12703082,
       -0.09742509,  0.20582757, -0.01384245, -0.06273916, -0.09953902,
        0.16854087, -0.11931759,  0.007075  , -0.02906948, -0.19311138,
        0.1733792 ,  0.26579416,  0.00213223,  0.07186796,  0.02092551,
       -0.14428377, -0.08718549, -0.0168959 , -0.24618015, -0.1554842 ,
        0.12021627, -0.08235225, -0.16104771,  0.13879586,  0.09948287,
       -0.29184839, -0.506431  ,  0.03997882, -0.12814588, -0.11934314,
       -0.04446597, -0.10738019,  0.00391552,  0.15819859,  0.26144007]), array([ 0.10703919,  0.15594307, -0.48021224,  0.10348452,  0.03598037,
       -0.11375045, -0.14194331, -0.38767589, -0.05381022, -0.1379028 ,
       -0.08017054, -0.49966822,  0.04198132, -0.33834735, -0.10764875,
       -0.24404932,  0.07405313,  0.07872257,  0.02619795,  0.44217387,
       -0.27648141,  0.07830252, -0.01362444, -0.04576711, -0.2265309 ,
        0.47931533,  0.26266615, -0.07493474,  0.03494888,  0.02315028,
        0.17113044,  0.16360496, -0.2034135 ,  0.46193085,  0.60253069,
       -0.15842284,  0.30483046, -0.47416027, -0.19036751,  0.01090563,
        0.05432622,  0.2114749 , -0.13265332, -0.15167102, -0.14756341,
        0.04913343, -0.33835334,  0.0403942 , -0.31213401,  0.08007001,
       -0.13524171,  0.27197574,  0.38784047, -0.23536888, -0.02285613,
        0.04592774,  0.16830496,  0.41036801,  0.221896  , -0.05047248,
       -0.02721668,  0.35389179,  0.10933639,  0.0543137 , -0.32842631,
       -0.08562482,  0.09410515, -0.01258226, -0.08699548, -0.00639881,
        0.3082112 , -0.01852809, -0.0471813 ,  0.03400555, -0.13664288,
        0.28418824,  0.43882926,  0.18978076,  0.20089245,  0.30663189,
       -0.205392  , -0.2831227 , -0.0331942 , -0.28608895, -0.13333315,
        0.12799433, -0.03537429, -0.26572717,  0.15962787,  0.07290952,
       -0.37031203, -0.43635252, -0.0364277 , -0.27601935, -0.28186022,
       -0.02821762,  0.08885719,  0.24001899,  0.12530588,  0.55682299]), array([ 0.0915618 ,  0.10638973, -0.10693823, -0.03044708,  0.07510216,
        0.03893908, -0.12108912, -0.17865796,  0.16150163, -0.09961844,
       -0.05870721, -0.06358143, -0.03927767, -0.09426252,  0.0251947 ,
       -0.0849031 ,  0.04921592, -0.02840018, -0.09255343,  0.14500692,
       -0.1498016 ,  0.09510959, -0.14325884,  0.01840024, -0.21069755,
        0.34698713,  0.16083084,  0.0426173 ,  0.2183568 , -0.01203162,
        0.11121883,  0.03498869, -0.05285072,  0.25281997,  0.09116916,
       -0.08937039,  0.04774404, -0.22849771, -0.06365222, -0.09329484,
        0.00725059,  0.1225255 , -0.17192055, -0.10952722, -0.07979205,
        0.10141527, -0.11314182,  0.04470779, -0.14466237,  0.20216453,
       -0.18943375,  0.10248625,  0.12652027, -0.13659304, -0.10396739,
       -0.07494689,  0.13031001,  0.09516684,  0.15113819, -0.03817698,
       -0.04898452,  0.19297493,  0.12920284, -0.09097145, -0.14817694,
        0.02569366,  0.05915078,  0.02127211, -0.04742676, -0.100195  ,
        0.10608344, -0.06455922,  0.06939724,  0.02487793, -0.04230488,
        0.0457643 ,  0.0524193 ,  0.11719896,  0.10758496,  0.26327774,
       -0.12912205, -0.24342166,  0.01951222, -0.13258033, -0.01647985,
        0.05100726, -0.16737174, -0.05852549,  0.11063971,  0.00888266,
       -0.24763508, -0.14886534, -0.01685054, -0.07451896, -0.14663175,
       -0.06860544,  0.05189174,  0.07429628, -0.00750687,  0.19340425]), array([ 0.04181098, -0.06981894, -0.36398859, -0.032879  , -0.06196059,
       -0.08114836,  0.07894192, -0.11607385,  0.06787921, -0.1859317 ,
       -0.16736103, -0.27369805, -0.1081405 , -0.17862146, -0.16449048,
       -0.03032164, -0.02842591, -0.01746741,  0.03052413,  0.25268391,
       -0.24447758,  0.07727486,  0.04514753, -0.03186216,  0.03557269,
        0.05796525, -0.03218443, -0.07645687, -0.02171189,  0.05249998,
        0.08220411,  0.16523825, -0.11859453,  0.12682433,  0.43737465,
       -0.07038966,  0.10413538, -0.22692048, -0.04351327,  0.0104523 ,
        0.0236192 ,  0.04914036,  0.02790314, -0.02831709, -0.06571421,
       -0.08399056, -0.17525884,  0.11138019, -0.07344251, -0.11027386,
       -0.15075801,  0.16883481,  0.21465727, -0.17907869,  0.02822846,
        0.03356612,  0.1115605 ,  0.27027252,  0.09387229, -0.09393717,
        0.22815513,  0.26686652,  0.0224253 ,  0.22609133, -0.02680497,
       -0.09038543,  0.01527527, -0.01485724, -0.069967  , -0.05003978,
        0.12483506, -0.06232349, -0.05347904,  0.06118786, -0.19112656,
        0.28892156,  0.14242648,  0.02613635,  0.10376515,  0.17873627,
       -0.12790526, -0.04555299, -0.09091073, -0.16050574, -0.10559258,
       -0.02420903,  0.02977966, -0.14722132, -0.01838878,  0.18766896,
       -0.29946314, -0.41483683,  0.06521737, -0.12804954, -0.20997542,
       -0.01896637,  0.07784418,  0.08226724, -0.01449664,  0.35879406]), array([  4.32246438e-01,   2.58940840e-01,  -7.73533290e-01,
        -3.08771718e-03,  -1.28691421e-01,  -1.84622713e-01,
         2.55411621e-02,  -3.56220299e-01,   1.15757312e-01,
        -2.39774190e-01,  -1.27663898e-01,  -6.04764726e-01,
         3.62513679e-01,  -1.89907308e-01,  -8.12293079e-03,
         3.94402096e-02,  -5.31839337e-02,  -3.62841107e-03,
         1.14058783e-02,   4.18765251e-01,  -1.87689350e-01,
        -1.04378430e-02,   1.86442321e-02,   1.60707758e-01,
        -3.77710550e-01,   6.83997116e-01,   2.84151296e-01,
        -1.10327427e-01,   5.61354354e-02,   3.02103155e-02,
         2.33181043e-01,   1.29492451e-01,  -1.29284915e-01,
         7.28852647e-02,   6.23266330e-01,  -2.22607879e-01,
         2.58257705e-01,  -5.99451761e-01,  -1.82945102e-01,
         7.58680212e-02,  -1.40630272e-01,   2.00044335e-01,
         6.99571516e-02,   1.44902113e-01,   7.99547560e-02,
        -9.09058527e-02,  -3.34856716e-01,   1.64314545e-01,
        -3.06968852e-01,  -1.29398538e-01,  -2.77634792e-01,
         4.44655675e-01,   9.13814579e-02,  -3.83306320e-01,
        -1.17711301e-01,   1.06639507e-01,   2.12182535e-01,
         1.92580435e-01,  -4.48926825e-02,  -2.80187458e-01,
         2.87429584e-01,   4.84078159e-01,   3.44620765e-01,
         1.48031679e-01,  -2.14993233e-01,  -1.04406241e-01,
         2.52650526e-01,   1.62524430e-02,   6.48975975e-02,
         3.30878943e-02,   1.19894797e-01,   8.63815877e-02,
         1.17585128e-01,   3.58443566e-01,  -1.57695214e-01,
         5.06355764e-01,   2.25746617e-01,   5.79702119e-02,
        -4.64643745e-02,   3.40450084e-02,  -2.04452146e-01,
        -1.76328405e-01,  -1.38531297e-01,  -3.88461336e-01,
        -6.48196634e-02,   1.35212993e-01,  -2.63098118e-01,
        -2.56241406e-01,  -6.00733523e-04,   1.67127060e-01,
        -4.00694039e-01,  -6.10136963e-01,   1.89662293e-01,
        -2.88512366e-01,  -3.09326434e-01,   8.56532749e-02,
        -1.09318867e-01,   7.88327995e-02,   4.40682796e-01,
         2.80322389e-01]), array([ 0.18777782,  0.04356243, -0.24004955,  0.13896264,  0.25256447,
        0.02855271, -0.31532197, -0.11308373,  0.47035887, -0.10201821,
       -0.03973748, -0.30408506,  0.19100078, -0.25369417,  0.23020372,
        0.1898957 , -0.00650274, -0.12618326,  0.12364028,  0.38597193,
       -0.22270617,  0.19571855,  0.05204286,  0.0989784 , -0.14847817,
        0.57533345,  0.20932432,  0.24004698,  0.05765926, -0.05694964,
        0.48355719,  0.29347136, -0.14207202,  0.03426503,  0.29051875,
       -0.15084157,  0.22932293, -0.25437876, -0.21911766, -0.18116335,
       -0.19976164,  0.30849721, -0.06639008, -0.0158275 , -0.02947721,
        0.12957039, -0.401154  ,  0.42853558, -0.43399982,  0.24734239,
       -0.34148902,  0.0842667 ,  0.39385819, -0.20740856, -0.11335316,
        0.16134734,  0.30634085,  0.13592516, -0.13699989, -0.15467785,
       -0.30814282,  0.38761643,  0.16555709, -0.00375927,  0.09153973,
        0.11558201,  0.06073677, -0.11990244, -0.11477897, -0.22517384,
        0.29221683,  0.14171229, -0.00470784,  0.2695349 , -0.04877152,
        0.16392861,  0.00951451,  0.30849265,  0.17379966,  0.40131563,
       -0.20161656, -0.28092069, -0.29018566, -0.10364288, -0.04417531,
        0.10117871, -0.19213241, -0.23624152, -0.18938069,  0.09637273,
       -0.44812394, -0.61113564, -0.06083136, -0.48627682, -0.34749844,
       -0.10551599, -0.11338488,  0.31688205,  0.1437428 ,  0.49619991]), array([  3.30826724e-01,  -3.46407244e-02,  -3.68070309e-01,
         1.83303321e-02,  -1.22242613e-01,  -7.98593724e-02,
         9.51967292e-02,  -9.03569217e-02,   1.73961398e-01,
        -1.93631206e-01,  -1.53086628e-01,  -3.27291917e-01,
         1.61134161e-01,  -1.02717956e-01,  -2.07966101e-04,
         9.59592160e-02,  -1.14450965e-01,   7.40171854e-02,
         3.91230073e-02,   2.68706074e-01,  -3.60834712e-03,
         5.84551380e-02,  -2.65233002e-02,   6.18131840e-02,
        -1.74338630e-01,   3.56328921e-01,   2.19665697e-01,
        -1.09694728e-01,   1.14663534e-02,  -3.24723846e-02,
         9.98725008e-02,   1.16407999e-01,  -3.58755306e-02,
        -2.59456447e-02,   3.70037757e-01,  -1.86856266e-01,
         1.03392776e-01,  -2.35364066e-01,   1.41149972e-02,
        -2.78720368e-02,  -7.89588434e-02,   7.87424632e-02,
         5.65854144e-02,   5.09894672e-02,   1.34619864e-01,
        -1.12263206e-01,  -2.63309183e-01,   1.37499421e-01,
        -2.11637138e-01,  -2.61979300e-02,  -1.34707978e-01,
         2.58753129e-01,  -1.35215628e-01,  -2.78815035e-01,
        -1.69164475e-02,  -7.44029900e-02,   2.20309363e-01,
         1.52351269e-01,   1.23290535e-01,  -1.73869994e-01,
         1.04896497e-01,   2.42643517e-01,   2.70578515e-01,
         8.07631832e-02,   2.56269626e-02,   6.90735212e-03,
         1.42317639e-01,  -9.62701690e-02,   6.73224460e-02,
         9.11841706e-02,  -2.27662888e-03,   1.11259250e-01,
         5.58934447e-03,   1.68011849e-01,  -2.99008531e-02,
         3.12970147e-01,   1.23890323e-01,   2.75530638e-02,
        -3.91453062e-02,   1.64443926e-01,  -3.08695455e-02,
        -1.15238351e-01,  -7.94616365e-02,  -2.56733501e-01,
        -6.10032298e-02,   9.85779661e-02,  -2.15754423e-01,
        -1.73942335e-01,   8.50617812e-03,   4.70120379e-02,
        -1.31240326e-01,  -3.63469329e-01,   5.27024710e-02,
        -1.30951381e-01,  -1.51373491e-01,  -1.92402758e-02,
        -5.88243414e-02,   1.19059541e-01,   2.96590738e-01,
         9.24728136e-02]), array([ 0.25463698,  0.05080101, -0.38554639, -0.02734127,  0.0360651 ,
       -0.06799651,  0.07444714, -0.10335197,  0.04451632, -0.08809718,
       -0.21704225, -0.10337444, -0.19103036, -0.27344966,  0.01957186,
       -0.07283452, -0.02552744, -0.01033356, -0.02317661,  0.21867296,
       -0.21819595,  0.20011854,  0.07654122, -0.12193704, -0.28376514,
        0.2819836 ,  0.04741699, -0.11818489, -0.0784715 , -0.1180237 ,
        0.17352896,  0.24847635,  0.02776394, -0.14663648,  0.33517698,
       -0.19432826,  0.22338569, -0.37659903, -0.17907204,  0.07589313,
       -0.23698765,  0.23761179, -0.03845913, -0.16066316, -0.09168092,
       -0.01745306, -0.27551437,  0.24599771, -0.17284498, -0.31059793,
       -0.19783126, -0.09367447,  0.13822202, -0.14881825,  0.05510497,
        0.00760926,  0.09851712,  0.2062389 ,  0.10741498, -0.19631819,
       -0.03314615,  0.47138508,  0.21033492,  0.14720776,  0.02772326,
       -0.19129045,  0.13993001, -0.01478561,  0.03315498,  0.00420557,
        0.05213715,  0.00439869,  0.12207804,  0.13339217, -0.08965024,
        0.37311597,  0.21429873, -0.0181661 ,  0.00679778,  0.36989558,
       -0.01411834, -0.02794889, -0.21505579, -0.03725279, -0.2030206 ,
        0.06100678, -0.32954883, -0.22107091,  0.07164848,  0.24885952,
       -0.28237301, -0.24529569,  0.02586947, -0.20644697, -0.23004957,
       -0.14939011, -0.00490602,  0.02968046,  0.12505711,  0.25381306]), array([ 0.08226178,  0.084231  , -0.31919726,  0.07457287, -0.01798353,
       -0.01070354,  0.06576783, -0.21851016, -0.00759535, -0.11562736,
       -0.16266013, -0.32986932,  0.03544152, -0.18427454, -0.03859   ,
       -0.11886102, -0.01135998,  0.03025624, -0.02694105,  0.32099424,
       -0.21535427,  0.06728165,  0.0584492 ,  0.00900575, -0.11566566,
        0.14339268, -0.00588975, -0.10889451, -0.19521667,  0.04729347,
        0.0916899 ,  0.13581352, -0.17809373,  0.11504075,  0.45138453,
       -0.16388595,  0.1515006 , -0.39246116, -0.04240188,  0.03751263,
        0.02271201,  0.13669855,  0.12000763, -0.12679607, -0.10181621,
       -0.02983151, -0.25604833,  0.1533226 , -0.24853528, -0.16822782,
       -0.13445154,  0.0823924 ,  0.17467369, -0.08458466, -0.02195686,
       -0.00137124,  0.03745709,  0.2745468 ,  0.081116  , -0.048546  ,
        0.11895981,  0.28019062,  0.07397328,  0.16100308, -0.1351346 ,
       -0.05847211,  0.0928096 ,  0.00392864, -0.06248859,  0.06250665,
        0.1282401 ,  0.02530562, -0.02816733,  0.0963735 , -0.16744838,
        0.19166403,  0.26441551,  0.00640908,  0.03632432,  0.20752695,
       -0.12932014, -0.10019614, -0.07896666, -0.10901739, -0.19141292,
        0.10912667, -0.03841441, -0.19154001,  0.04614818,  0.13810736,
       -0.20434689, -0.37699376,  0.05668646, -0.12299639, -0.23932158,
        0.00944042,  0.04313802,  0.0876422 ,  0.16291146,  0.25141306]), array([ 0.17411888, -0.02538992, -0.35315895,  0.13298941,  0.1391118 ,
        0.04170771, -0.10254706, -0.14823436,  0.46219764, -0.1458443 ,
       -0.11017362, -0.30818151,  0.12635939, -0.45650317,  0.0559586 ,
        0.14486488, -0.28005351, -0.0274991 ,  0.01857181,  0.10456811,
       -0.27619769,  0.26092694,  0.14210761, -0.14627401, -0.03249855,
        0.31548004,  0.26156456,  0.21183108, -0.32921959, -0.07969105,
        0.42194665,  0.30634873, -0.07775107,  0.0375387 ,  0.05324317,
       -0.34035151,  0.22824896, -0.13765921, -0.16782523, -0.15307944,
       -0.09596188,  0.10942727,  0.17437947, -0.05245517, -0.08173289,
        0.09716152, -0.60501019,  0.42774505, -0.44334863,  0.06145942,
       -0.08229938,  0.02027798,  0.16289114, -0.01515114,  0.10508054,
        0.22969315,  0.00613538,  0.01890268,  0.07588299, -0.0188919 ,
       -0.19767076,  0.37515254,  0.11854057,  0.12425092,  0.02354444,
        0.07479777, -0.06119611, -0.09051567, -0.05494177, -0.02240977,
        0.29050204,  0.23695865, -0.03709094,  0.23867356, -0.08713431,
        0.29430629, -0.02744559,  0.16710772,  0.18640783,  0.50578254,
       -0.36158112, -0.03265617, -0.10744499, -0.1696048 , -0.15724134,
       -0.00991123, -0.09556144, -0.24892306, -0.30715472,  0.26238657,
       -0.3161826 , -0.53048168,  0.02791839, -0.43598364, -0.21229822,
       -0.09203759, -0.16899842,  0.21839362,  0.27605598,  0.45079901]), array([ 0.16843977,  0.1108736 , -0.25556729,  0.05328415,  0.01738797,
       -0.0400509 , -0.00410886, -0.11058379,  0.04089958, -0.15493241,
       -0.19163849, -0.24179896,  0.09588636, -0.19646448,  0.01514138,
       -0.03519297,  0.0949718 , -0.04791619, -0.03043868,  0.21513373,
       -0.11355827,  0.07840275,  0.04427327, -0.09905001, -0.28842861,
        0.25029846,  0.18824112, -0.07830889, -0.06119188, -0.0563022 ,
        0.12502903,  0.1164652 , -0.14787842, -0.01623404,  0.17040215,
       -0.2039483 ,  0.05730389, -0.32793831, -0.11062373, -0.01497334,
       -0.08813747,  0.15216404,  0.06129648, -0.03576847, -0.01757367,
        0.01615207, -0.11026429,  0.03013433, -0.31466023, -0.04437812,
       -0.06690487,  0.19678001,  0.02506648, -0.20832277, -0.07549269,
        0.13078905,  0.1276636 ,  0.08808188,  0.05736342, -0.01974643,
        0.03841592,  0.30885988,  0.0998789 ,  0.08048942, -0.12720933,
       -0.13378668,  0.17782424,  0.00931401,  0.10973911,  0.01149963,
       -0.06779934,  0.05205623,  0.0183112 ,  0.19918059, -0.0143589 ,
        0.21875932,  0.22580864,  0.07636953, -0.0548917 ,  0.11934648,
       -0.08169903, -0.03990966, -0.11090167, -0.16656445, -0.0190103 ,
       -0.04713424, -0.15394996, -0.20008345,  0.15938923,  0.05446941,
       -0.20729594, -0.28653284, -0.06512631, -0.21133848, -0.160373  ,
       -0.06739456,  0.01714583,  0.0047383 ,  0.23782878,  0.23535661]), array([  1.83702873e-01,   2.32310570e-01,  -4.59759696e-01,
        -2.13577160e-02,  -3.78080119e-02,  -2.00741423e-01,
        -5.34514419e-03,  -2.22686768e-01,  -4.54672298e-02,
        -1.74501392e-01,   1.21264919e-02,  -3.86579182e-02,
         4.99197418e-02,  -1.39976032e-01,  -6.38589114e-02,
        -7.19438898e-02,   1.60093795e-01,  -2.07203304e-02,
        -7.63921733e-02,   1.93188634e-01,  -7.51731136e-02,
        -1.29609463e-02,  -1.15445892e-01,   1.54524442e-01,
        -7.08919789e-02,   2.82449862e-01,   2.57588467e-02,
        -1.92274536e-01,  -5.27153350e-02,   1.55764035e-01,
         3.40392315e-03,   7.96920837e-02,   5.24142045e-03,
         5.84811804e-02,   3.41555901e-01,  -1.59112858e-01,
        -4.17246569e-02,  -3.46555919e-01,  -9.01428312e-02,
         1.85493177e-01,  -1.22700955e-01,   7.25203620e-02,
         1.03089227e-04,   4.29819038e-02,  -1.26280972e-01,
        -4.65423052e-02,  -7.14352927e-02,   1.19623135e-01,
        -9.93341875e-02,  -1.44987381e-01,   2.90864239e-02,
         4.89888522e-03,   2.63846797e-02,  -2.94018202e-01,
        -1.46828409e-01,  -8.00771772e-02,   2.19789702e-01,
         1.44147018e-01,  -2.74284163e-02,  -1.69209478e-01,
         1.57044918e-01,   2.78766530e-01,   6.48718605e-02,
        -2.75753466e-02,   9.28889704e-02,  -3.45082142e-02,
         4.13337603e-02,   1.36137009e-01,  -3.85265413e-02,
        -6.18703285e-02,   6.23200126e-02,   1.95898501e-01,
         1.48594977e-01,  -1.14987353e-02,  -1.36810481e-01,
         3.53075174e-01,   7.26105974e-02,  -6.99390774e-02,
        -1.06765650e-02,   1.71076980e-01,  -7.10882034e-02,
         1.05061628e-02,  -8.54107189e-02,  -6.17817306e-02,
        -1.20631298e-01,   1.48952237e-01,  -3.12098934e-01,
         1.74908250e-01,  -1.23998292e-01,   1.04216886e-01,
        -2.57751886e-01,  -1.73324511e-01,   6.49834260e-02,
         1.99294840e-02,  -4.42855732e-02,  -1.68709567e-02,
         1.92514525e-01,  -3.39235635e-02,   5.62081173e-02,
        -6.75622840e-02]), array([ 0.24821468,  0.08728483, -0.41413663, -0.05939883,  0.01895688,
       -0.18696814, -0.08395691, -0.17206255,  0.0428516 , -0.18261051,
       -0.05026739, -0.24384382,  0.06389563, -0.35877219,  0.04951461,
       -0.04665173, -0.19527681, -0.02680011, -0.00843763,  0.37394019,
       -0.18013237,  0.26411549,  0.02734037, -0.23865249,  0.05951269,
        0.14747727,  0.24541138, -0.08492427, -0.27765193, -0.1258976 ,
        0.05152938,  0.15772924, -0.16969126,  0.23187457,  0.61327122,
       -0.50243498,  0.32090358, -0.33277311, -0.27031055,  0.02550602,
        0.0166425 ,  0.21399862,  0.09208819, -0.15808442,  0.06712155,
       -0.2095233 , -0.3192709 ,  0.16349341, -0.25371078, -0.10141557,
       -0.19358071,  0.20671901,  0.11091792, -0.32991027,  0.24358873,
       -0.0168634 ,  0.17907648,  0.44307434,  0.41700791, -0.09324365,
        0.05659569,  0.46239448,  0.14282539,  0.20719544,  0.07125382,
       -0.2262371 ,  0.16814882, -0.49031225,  0.01626989, -0.04004633,
        0.11496939,  0.07467048, -0.00837882,  0.3973985 , -0.04108676,
        0.41317188,  0.34302161, -0.08921957,  0.17635611,  0.45929923,
       -0.21180375, -0.07792828, -0.03055527, -0.28000762, -0.18731164,
        0.03003207, -0.07051409, -0.31644937,  0.06640131,  0.0486761 ,
       -0.19104417, -0.4914549 , -0.01764228, -0.18059204, -0.25241266,
        0.12891085, -0.10752459,  0.07489845,  0.23761317,  0.20418564]), array([  1.04579855e-01,   4.96659509e-02,  -2.43645651e-01,
        -9.45147576e-02,   7.74498108e-02,  -1.25935518e-01,
        -7.12516547e-02,  -1.90296194e-01,   4.88778822e-02,
        -6.00372589e-02,  -2.98070256e-03,  -8.25091090e-02,
         8.87889885e-02,  -2.02699986e-01,   1.30650730e-01,
        -3.68641125e-02,  -1.20283315e-01,  -1.12565992e-01,
         1.52529618e-02,   1.18314620e-01,  -7.41577827e-02,
         2.38299091e-01,   7.81952525e-02,  -7.28511980e-02,
         6.88304829e-02,   3.72082781e-02,   1.32027616e-01,
        -8.33154139e-02,  -2.03295905e-02,  -8.79114337e-02,
         3.48831321e-02,   4.33473145e-02,  -1.21440774e-01,
         1.01697557e-01,   1.96058752e-01,  -2.29923517e-01,
         1.64159936e-01,  -1.14175174e-01,  -3.03563824e-01,
         5.16688082e-02,  -1.83735913e-01,   2.51058703e-01,
         1.21266426e-03,   1.03555416e-02,   1.86757337e-02,
         4.06327383e-02,  -1.90386291e-01,   1.99846855e-01,
        -2.16473481e-01,  -3.50759336e-02,  -3.99770736e-01,
         5.43808999e-02,  -5.33809288e-05,  -2.92538530e-01,
         1.48865560e-01,   8.69695829e-02,   3.93450989e-01,
         3.48100736e-01,   8.99183422e-02,  -8.62411692e-02,
        -7.17379247e-02,   3.20199286e-01,   2.81401061e-01,
         1.66923649e-02,   1.12949383e-01,  -2.28932471e-01,
         1.16241516e-01,  -2.80873729e-01,   2.01501226e-02,
        -8.19395665e-03,   6.61097727e-02,   1.86001245e-02,
        -1.11742846e-02,   2.89095317e-01,   6.07046254e-02,
         2.43569564e-01,   1.84244310e-02,  -3.48625624e-02,
         1.95832412e-01,   4.31673464e-01,  -3.41948502e-01,
        -5.48821987e-02,  -9.84173951e-02,  -2.40699342e-01,
        -1.54067923e-01,  -6.13760585e-02,  -3.60494002e-02,
        -2.38328830e-01,  -7.91320084e-02,   1.41546962e-01,
        -1.27031145e-01,  -2.87719986e-01,  -4.28089130e-02,
        -1.54844482e-02,  -4.65114575e-02,   4.23241907e-02,
        -6.08898406e-02,  -4.40687423e-02,   2.94447562e-01,
         1.43524362e-01]), array([ 0.1550461 ,  0.13518178, -0.55219019,  0.14846523,  0.00967489,
       -0.08804326,  0.08572614, -0.2953306 , -0.08418109, -0.09298061,
       -0.09624431, -0.50606977,  0.13221778, -0.38289738, -0.10192641,
       -0.2234822 , -0.02934004,  0.06108339,  0.0473284 ,  0.31817611,
       -0.2635785 ,  0.11252498,  0.13996516, -0.14993776, -0.06770369,
        0.1683213 ,  0.17606267, -0.03551756, -0.2286259 ,  0.01856469,
        0.09870038,  0.09282026, -0.13092332,  0.29305491,  0.55454306,
       -0.23046222,  0.27481158, -0.44587615, -0.19838689,  0.02361436,
        0.0679437 ,  0.20001244,  0.14687215, -0.1185056 , -0.16058085,
       -0.04775054, -0.38726829,  0.05957901, -0.27231787, -0.14471698,
       -0.11785116,  0.22261116,  0.33473853, -0.15348134,  0.01345976,
        0.11901089,  0.06165551,  0.38908998,  0.07978829, -0.08180797,
        0.01580991,  0.34650834,  0.02432126,  0.19789031, -0.21840308,
       -0.16713514,  0.1560229 , -0.10169846,  0.00529715,  0.06767705,
        0.20525751,  0.05974123, -0.06145991,  0.14087978, -0.15336591,
        0.28296545,  0.40379221,  0.10844865,  0.16725554,  0.12593599,
       -0.15393462,  0.01980327, -0.13620927, -0.25944559, -0.23830452,
        0.08016048,  0.04382345, -0.28925809,  0.04606762,  0.16419692,
       -0.23126085, -0.41352539,  0.00424869, -0.16764455, -0.26962551,
        0.03431589,  0.05089602,  0.13565184,  0.1985215 ,  0.45764536]), array([ 0.16272979, -0.01692097, -0.52675594,  0.15060778,  0.09041764,
        0.06077835,  0.02899841, -0.1881585 ,  0.2285895 , -0.08044231,
       -0.22304998, -0.5064111 ,  0.10640324, -0.48270048,  0.0960286 ,
        0.05107264, -0.19496718, -0.07448378,  0.07113579,  0.23672516,
       -0.33891578,  0.15171472,  0.29349191, -0.0927833 , -0.00396976,
        0.22375332,  0.18335361,  0.25336536, -0.400759  , -0.08627274,
        0.24873544,  0.05939784, -0.19041358,  0.08443516,  0.29018517,
       -0.20460381,  0.21354343, -0.18632412, -0.20001486, -0.09842419,
       -0.06472003,  0.21705107,  0.15277222, -0.04868423, -0.16281049,
        0.17071934, -0.56584854,  0.35657169, -0.47356988,  0.03094554,
       -0.20910962,  0.08518694,  0.38412049, -0.10163259,  0.05028116,
        0.19029238,  0.14861021,  0.14582894, -0.14121617, -0.09345783,
       -0.10778176,  0.37098315,  0.01405082,  0.0356323 ,  0.01488763,
        0.00717077, -0.06000347, -0.01424017,  0.00763482, -0.09583641,
        0.34176065,  0.13573466, -0.01132017,  0.29405159, -0.13011045,
        0.10727455,  0.13422332,  0.156638  ,  0.21355303,  0.28908803,
       -0.213711  ,  0.03400637, -0.2326256 , -0.16469395, -0.20281682,
        0.0338206 , -0.0566005 , -0.2867578 , -0.29818742,  0.31988518,
       -0.34477509, -0.48267513,  0.10668039, -0.42547092, -0.298231  ,
       -0.01352931, -0.06072263,  0.20342461,  0.20625983,  0.55485186]), array([ 0.32391469, -0.04383522, -0.7178899 ,  0.2966898 ,  0.37260442,
        0.22770075, -0.11337337, -0.13553033,  0.82931598, -0.04487555,
       -0.31092039, -0.85454078,  0.10245391, -1.02092408,  0.38920598,
        0.528515  , -0.52920542, -0.13716777,  0.27153082,  0.20123918,
       -0.69620678,  0.45102621,  0.53010075,  0.10459703, -0.09855206,
        0.55403542,  0.37066349,  0.89616115, -0.91945785, -0.4692479 ,
        0.68543531,  0.32973864, -0.23377148, -0.10699828, -0.10177721,
       -0.21509193,  0.45241645, -0.18673197, -0.40347842, -0.09140226,
       -0.46637269,  0.43163352, -0.07133356,  0.05758037, -0.15447995,
        0.53957831, -1.15186258,  0.92923126, -0.6504835 ,  0.126247  ,
       -0.37582418, -0.28728732,  0.73259047,  0.13086946, -0.01366521,
        0.47459213,  0.20842849, -0.04834183, -0.4097377 , -0.25604306,
       -0.45885556,  0.66088105,  0.31680336, -0.15406632,  0.40911883,
        0.3948793 , -0.3562454 ,  0.10608618,  0.03057868, -0.41736379,
        0.67148219,  0.45069262, -0.20552639,  0.65276243, -0.01932502,
        0.05357207, -0.22488057,  0.24158372,  0.38741687,  0.75658244,
       -0.29767943, -0.1478954 , -0.59111049, -0.19320881, -0.27491412,
        0.15750661, -0.25150179, -0.48760371, -0.83368158,  0.47337009,
       -0.75276587, -0.99615285,  0.41595264, -1.14816767, -0.49649483,
       -0.38189567, -0.39291804,  0.41084741,  0.47833619,  0.98160091]), array([ 0.37026898,  0.26779259, -0.83751092,  0.03687772, -0.12087557,
       -0.25366248, -0.05755783, -0.30283598,  0.07643414, -0.18297849,
        0.06922176, -0.28394942,  0.37607486, -0.21035973,  0.03323108,
       -0.02808773,  0.06375321, -0.04197907, -0.01067944,  0.27126257,
       -0.00623359,  0.01835488, -0.06299519,  0.09737843, -0.21365774,
        0.56215622,  0.2101716 , -0.14563422,  0.01412744,  0.10415733,
        0.04305605,  0.15830862, -0.03151751,  0.05044718,  0.5608935 ,
       -0.32157041,  0.05089753, -0.45847317, -0.23768455,  0.2107399 ,
       -0.21550861,  0.08434811,  0.0647346 ,  0.27128093,  0.01187766,
       -0.10590717, -0.12453127,  0.2150404 , -0.20399909, -0.05615174,
       -0.00336734,  0.26052956, -0.00784752, -0.4889561 , -0.26272372,
        0.02660596,  0.41998704,  0.17997166,  0.02448303, -0.25147839,
        0.10797031,  0.39291051,  0.34995762,  0.05881316,  0.02615397,
       -0.02308066,  0.18775772, -0.00885398,  0.01814262,  0.00222141,
        0.06014241,  0.26656169,  0.20037184,  0.17701878, -0.15151198,
        0.57797344,  0.09870586,  0.1639578 , -0.0228895 ,  0.15867505,
       -0.21155142,  0.11107039, -0.1942305 , -0.2610424 , -0.1058705 ,
        0.24248206, -0.33425452,  0.03345788, -0.13897772,  0.0581186 ,
       -0.3331206 , -0.36205252, -0.0061733 , -0.18601345,  0.00523212,
       -0.02973923,  0.14018058,  0.04467953,  0.29018156,  0.00579445]), array([ 0.30712936,  0.23157187, -0.63375301,  0.18369529, -0.21780605,
       -0.1211623 ,  0.09804478, -0.16397102, -0.00177068, -0.28824486,
       -0.02569445, -0.25015536,  0.24677304, -0.10684663, -0.07094914,
       -0.02071181,  0.0487992 ,  0.09961501,  0.04262931,  0.19523238,
       -0.04013166, -0.01027056,  0.02684323,  0.13017678, -0.25928878,
        0.42709838,  0.13733603, -0.11257606,  0.04461917,  0.19996389,
       -0.01348434,  0.02319734, -0.13840022,  0.07323011,  0.40231536,
       -0.16274864, -0.05867196, -0.35124171, -0.05379595,  0.13623758,
       -0.09064171,  0.04142399,  0.09697321,  0.15101313, -0.0096114 ,
        0.01273564, -0.21866675,  0.02707469, -0.25237389,  0.06936696,
        0.07136026,  0.20462774,  0.06958725, -0.38921971, -0.25696386,
        0.02888465,  0.27847063,  0.08308567, -0.04431633, -0.13730331,
        0.06353866,  0.16535839,  0.15142632, -0.05986475,  0.00698638,
        0.02197942,  0.24619386,  0.0898162 ,  0.01960371,  0.05129517,
       -0.06605135,  0.22834966,  0.06791734,  0.14277026, -0.024805  ,
        0.293386  ,  0.21478054,  0.07653286, -0.02919108,  0.17692863,
       -0.14126156,  0.05267864, -0.18111365, -0.21678255, -0.12379474,
        0.19064596, -0.33559931,  0.02629689,  0.05564112, -0.04734071,
       -0.17966314, -0.2274233 ,  0.05841457, -0.06939555, -0.06917942,
       -0.05040135,  0.18429017,  0.07716322,  0.34060737,  0.00839209]), array([ 0.34256376,  0.08221642, -0.35494458, -0.01320309, -0.06756018,
       -0.02862792,  0.15716806, -0.18899397,  0.07562123, -0.05697424,
       -0.05270965, -0.39250116,  0.11347105, -0.21828684, -0.02293514,
        0.04167481,  0.06610023,  0.12076717, -0.04453062,  0.076006  ,
       -0.04600312,  0.0321233 ,  0.11733157,  0.08383302, -0.29209745,
        0.31671345,  0.08620471, -0.18594691,  0.09552828, -0.00132576,
        0.02633517,  0.27374629, -0.05117216,  0.14647771,  0.29044491,
        0.00318802,  0.15561489, -0.29095235,  0.06013872, -0.07762381,
       -0.22796128, -0.00790128,  0.05819495,  0.14266676, -0.01004215,
       -0.18252578, -0.15269288,  0.20460341, -0.10139355, -0.04813794,
       -0.01134667,  0.27744116,  0.02277668, -0.15120337,  0.05365639,
       -0.13579734,  0.09006697,  0.10878495, -0.06083135, -0.16961037,
        0.0490186 ,  0.12952565,  0.25422128,  0.10315488, -0.09230049,
       -0.15393334,  0.0836126 ,  0.09693996,  0.18742308,  0.25562844,
       -0.14798421,  0.10887449, -0.09853721,  0.09556707,  0.19455992,
        0.28461261,  0.10252155,  0.17344926, -0.07628506,  0.19312431,
       -0.29295406, -0.00546054, -0.01249866, -0.34151786,  0.0112268 ,
        0.01560427, -0.15925156, -0.10800619,  0.14249963, -0.08074119,
       -0.21677986, -0.45534095,  0.12187252, -0.04409696, -0.18800687,
       -0.13292973,  0.03728101,  0.1051229 ,  0.35043186,  0.23426657]), array([ -5.94023316e-03,   3.00770425e-02,  -1.40346338e-01,
        -5.78439754e-02,   6.73344916e-02,  -9.73835232e-02,
         5.69516227e-02,  -1.21313059e-01,  -2.31667402e-02,
        -3.76164250e-02,  -9.10330241e-02,  -1.30438562e-01,
        -3.11745812e-02,  -1.09089090e-01,   3.28441304e-02,
        -1.20073065e-01,  -2.46531217e-02,  -5.83634796e-02,
         8.42867785e-02,   6.05291088e-02,  -9.76202547e-02,
         1.11277328e-01,   1.14660618e-01,  -3.25652814e-03,
        -2.67667568e-02,   3.65271101e-02,   1.55188520e-02,
        -1.41586049e-01,   2.54308686e-02,  -1.46885152e-02,
         9.29750983e-02,   5.21549043e-02,  -9.65626984e-02,
        -1.44737271e-02,   7.14378342e-02,  -7.74346066e-03,
        -1.62533333e-02,  -1.21003331e-01,  -1.11359658e-01,
         1.75233673e-02,  -5.23924171e-02,   1.57675024e-01,
         1.06348105e-02,  -1.38500513e-02,  -6.86525115e-02,
         1.14011586e-01,  -1.71338926e-01,   1.85135490e-01,
        -1.81165733e-01,  -1.28741908e-01,  -3.42288389e-01,
        -5.82610326e-02,   4.46533307e-02,  -1.15621845e-01,
        -2.13975476e-02,   1.06645144e-01,   3.56308473e-01,
         2.67679921e-01,  -1.76735680e-01,  -5.16454054e-02,
        -8.69773534e-02,   2.08926317e-01,   2.17321238e-01,
         3.31517619e-02,  -3.89888700e-05,  -8.68156969e-02,
         6.73257390e-02,   6.57917625e-02,   4.96139301e-02,
         8.95937977e-02,   1.04874170e-01,   9.80743586e-02,
         2.05504038e-03,   1.32447621e-01,  -7.56775648e-03,
         8.29387184e-02,   2.88079060e-02,   2.16318180e-02,
         2.01500877e-01,   3.23958217e-01,  -2.64795377e-01,
        -5.83617327e-02,  -1.40590270e-01,  -8.90258835e-02,
        -1.31437390e-01,  -1.24381685e-01,  -1.14280888e-01,
        -2.18697304e-01,  -2.78331427e-02,   2.78494502e-01,
        -1.17796528e-01,  -2.05309303e-01,  -6.35249930e-02,
         5.47087759e-02,  -4.90636267e-02,  -5.25220060e-02,
         5.62978771e-02,   5.99648866e-02,   2.28043224e-01,
         2.01713633e-01]), array([ 0.00273805,  0.05640991, -0.19514817, -0.10402679, -0.1049931 ,
       -0.05319045,  0.25425638, -0.08797511,  0.17324932, -0.11617838,
       -0.12213495, -0.00135248, -0.0910817 , -0.12448255, -0.0869722 ,
        0.18256649,  0.08428789, -0.17680607, -0.22576545,  0.26871046,
       -0.17957765,  0.00078128, -0.05011281,  0.12512258,  0.02971024,
        0.07979452, -0.11770394, -0.02265491,  0.01740188, -0.02979094,
        0.04172893,  0.10735243, -0.32125007,  0.12574365,  0.29778215,
       -0.08502858, -0.14704413, -0.42795229, -0.01328841, -0.01278447,
       -0.06793389,  0.14985656,  0.02087425,  0.11730391, -0.03962261,
        0.09420426, -0.13318895,  0.04097767, -0.1136196 , -0.05821379,
       -0.11732273,  0.13463349,  0.17940846, -0.0997448 , -0.05014751,
       -0.02812251,  0.04470299,  0.07926601, -0.02438556, -0.06685849,
        0.20411857,  0.26681083,  0.07456512,  0.16122563,  0.03155332,
       -0.08149354,  0.07365228, -0.00588466, -0.30554051, -0.1783771 ,
        0.09298927, -0.03105168, -0.02301678,  0.07539249, -0.15035301,
        0.17221073,  0.01728683, -0.01934235, -0.04068252,  0.29305977,
       -0.08140764, -0.1507861 , -0.05230133, -0.34061733, -0.06563855,
        0.10216851, -0.08288542, -0.14170691,  0.06599275,  0.12041878,
       -0.32661721, -0.34638531,  0.11372433, -0.1037133 ,  0.03255084,
        0.00465182,  0.05479514,  0.11011137,  0.21236284,  0.16533217]), array([ 0.28567233, -0.06144317, -0.4307785 , -0.13984869, -0.09450601,
       -0.14885274,  0.10161838, -0.12252785,  0.21972766, -0.25436504,
       -0.18343219, -0.14749576,  0.10107498, -0.17770588,  0.07638796,
        0.05328963, -0.0496279 , -0.04112529, -0.03111237,  0.34535003,
        0.05045871,  0.17587398, -0.05456116, -0.04467563, -0.03839478,
        0.33412548,  0.28562424, -0.03139194, -0.03593512, -0.16736589,
        0.04994584,  0.14108555, -0.0722199 ,  0.07823303,  0.42866755,
       -0.40619216,  0.10281714, -0.29318339, -0.21814484, -0.01320709,
       -0.15401686,  0.20458133, -0.02584278,  0.03415767,  0.15673587,
       -0.13878164, -0.21478547,  0.12305331, -0.2775067 ,  0.0141111 ,
       -0.17783562,  0.29258586, -0.08981116, -0.36532673,  0.09090558,
       -0.12702615,  0.34258765,  0.27372842,  0.31271685, -0.1285315 ,
        0.0113829 ,  0.42225809,  0.25899534,  0.00658421,  0.10596808,
       -0.07916148,  0.15559083, -0.29003822,  0.07696062, -0.00647036,
       -0.00251712,  0.02183166, -0.01670504,  0.31016067, -0.06044782,
        0.37001617,  0.24070689,  0.02142579,  0.06539438,  0.38609943,
       -0.11619241, -0.01407983,  0.02356196, -0.29708533, -0.08825971,
        0.10985126, -0.22960074, -0.25644078, -0.01428219,  0.02718132,
       -0.21694339, -0.41751024,  0.0700937 , -0.14461199, -0.0634183 ,
        0.06790314, -0.03808906,  0.08921107,  0.35734269,  0.04978677]), array([ 0.20452041,  0.15374218, -0.39792659,  0.15534763, -0.01615189,
       -0.21159556, -0.09171655, -0.25860917,  0.02854983, -0.23657735,
        0.10579676,  0.0929195 ,  0.03573411, -0.17066689, -0.0109245 ,
       -0.16936927,  0.17002701, -0.06200654, -0.03151913,  0.18420194,
        0.00833046,  0.03553581, -0.10638024,  0.04133686, -0.06634852,
        0.24247611,  0.06584377, -0.13923007,  0.00738225,  0.12203501,
        0.01608489,  0.07408284, -0.11127887,  0.16263008,  0.42970037,
       -0.20896611,  0.06649008, -0.37719839, -0.20506277,  0.15749154,
       -0.08449399,  0.16913047, -0.12709377, -0.04113622, -0.08382097,
       -0.02781569, -0.15107063,  0.09970259, -0.13522151,  0.01453565,
        0.04597515,  0.0187361 ,  0.22457901, -0.38811306, -0.06004914,
       -0.07233372,  0.31234282,  0.27964845,  0.0850239 , -0.11650089,
        0.09247761,  0.33376406,  0.06361543, -0.10017999,  0.13608033,
       -0.07608149,  0.16970028, -0.06114419, -0.06881147, -0.04665854,
       -0.12003916,  0.15783649,  0.03010628,  0.11780506, -0.02053113,
        0.3021707 ,  0.20886392, -0.06442291,  0.07541951,  0.41462488,
       -0.18989149, -0.07400138, -0.06603529, -0.1764699 , -0.13732764,
        0.21990528, -0.26270506,  0.10081555,  0.12200481, -0.02846187,
       -0.23204379, -0.21668997,  0.05073814,  0.04924349,  0.00562212,
        0.08820534,  0.17616409,  0.03824511,  0.14720514, -0.018223  ]), array([ 0.25075137,  0.01063697, -0.3418806 ,  0.04499709, -0.15503722,
       -0.00777765,  0.10529855, -0.06497397,  0.092015  , -0.14048762,
       -0.10395925, -0.27262662,  0.15052528, -0.03012401, -0.03003412,
        0.05200845, -0.05391787,  0.09157483,  0.0300542 ,  0.14836572,
       -0.00661531,  0.0045563 ,  0.01382321,  0.10982472, -0.18785039,
        0.32197721,  0.14323243, -0.09014501,  0.05418654,  0.0108112 ,
        0.04493501,  0.10103451, -0.06187264, -0.03613013,  0.25330391,
       -0.03570952,  0.04779205, -0.1688615 ,  0.05586113, -0.01777215,
       -0.07172391,  0.00199333,  0.07150417,  0.07429042,  0.08630414,
       -0.0579897 , -0.19220969,  0.11062008, -0.13349971, -0.01016411,
       -0.03947063,  0.19931507, -0.1055021 , -0.15792875, -0.07858316,
       -0.0215984 ,  0.11153956,  0.07808462, -0.0033557 , -0.08419914,
        0.02822521,  0.13313582,  0.1855295 ,  0.07403941, -0.02529503,
        0.00986642,  0.09443837,  0.00772981,  0.06273033,  0.10745848,
        0.00476214,  0.07643734,  0.00074557,  0.07828203, -0.00118283,
        0.17632922,  0.08300984,  0.06082324, -0.05075485,  0.06965813,
       -0.0394564 , -0.04709843, -0.07286034, -0.14890599, -0.02151345,
        0.07557224, -0.13984122, -0.11356986,  0.01297859,  0.01233465,
       -0.0909809 , -0.27416922,  0.05329731, -0.14001956, -0.15591352,
       -0.06181679, -0.00923302,  0.05334493,  0.23580557,  0.06901664]), array([ 0.37577696, -0.02786165, -0.62196283,  0.02483514, -0.12712358,
        0.04973482,  0.0528316 , -0.13015233,  0.36596988, -0.38754839,
       -0.40821656, -0.41288002,  0.12004925, -0.39230428, -0.08279587,
        0.41591219, -0.17199279,  0.05176283, -0.09641208,  0.46257518,
       -0.50022529,  0.27589291, -0.05568933,  0.14899096, -0.0789809 ,
        0.35314551, -0.04499842,  0.41598742, -0.1352226 , -0.20112534,
        0.46895576,  0.24850228, -0.25883058,  0.09496525,  0.35320114,
       -0.2848061 ,  0.03347819, -0.35276786, -0.2494635 ,  0.05648892,
       -0.14779796,  0.32608963,  0.42865399,  0.04965102, -0.02582948,
        0.19819654, -0.57072472,  0.39655236, -0.42183091,  0.06469237,
       -0.22165287,  0.23661787,  0.45481042, -0.06307468, -0.04423144,
        0.18510427,  0.04280611, -0.01216508,  0.05974275, -0.20349728,
       -0.21101401,  0.46444043,  0.13260106,  0.20962771,  0.2583793 ,
        0.05568345,  0.02841312, -0.0176234 , -0.28080269, -0.40417067,
        0.28374507,  0.09219545,  0.03948813,  0.46117517, -0.17410571,
        0.310181  , -0.02929142, -0.02350549,  0.05373274,  0.4828179 ,
       -0.19535449, -0.11717591, -0.2973389 , -0.25055282, -0.23934942,
        0.04824578, -0.13058895, -0.31311076, -0.14340176,  0.30779678,
       -0.71176207, -1.05410723,  0.39369292, -0.59205292, -0.46835917,
       -0.20454953, -0.07191963,  0.21037484,  0.46266325,  0.65388102]), array([ 0.40865059, -0.04194197, -0.96692759,  0.27996063, -0.14791796,
       -0.07986579, -0.00218089, -0.23160636,  0.58422741, -0.60403893,
       -0.33614717, -0.48967311,  0.08432671, -0.28692623,  0.04406502,
        0.05004178, -0.18605686, -0.0776904 ,  0.01116544,  0.43065552,
       -0.2646885 ,  0.03276444,  0.04537229,  0.06994801, -0.17342579,
        0.14422971, -0.04776405,  0.17508594, -0.19358093,  0.15963965,
        0.12830309,  0.04327808, -0.24653858, -0.08310481,  0.62141609,
       -0.26136667, -0.00370593, -0.32966215, -0.00748273,  0.00430889,
       -0.2149805 ,  0.31972201,  0.00732511, -0.07239452, -0.16609466,
        0.08419143, -0.15508019,  0.11874185, -0.54128397,  0.05812896,
       -0.27355262,  0.1578543 ,  0.45655528, -0.54821507, -0.11461017,
        0.17891704,  0.66341442,  0.23975441, -0.01715512, -0.18607975,
        0.291458  ,  0.30422213,  0.3259347 ,  0.00376038,  0.52372463,
        0.01205169,  0.09612414, -0.03322144, -0.16459199, -0.32912275,
        0.11275746,  0.10292996,  0.08552529,  0.23886027, -0.24115352,
        0.39054599, -0.2728133 ,  0.24013754,  0.07896934,  0.29708473,
       -0.10236283,  0.06012997, -0.20029798, -0.20217298, -0.07304708,
        0.39036959, -0.08685827, -0.01940301, -0.2243329 ,  0.23418222,
       -0.76428397, -0.7288851 ,  0.40048344, -0.06482344, -0.25940431,
       -0.06394418,  0.19836694, -0.04504048,  0.32983185,  0.67441819]), array([ 0.14524899,  0.05519301, -0.25969044,  0.13932584,  0.01174794,
       -0.08522775, -0.14240246, -0.03354067,  0.00309699, -0.04819612,
        0.11775387, -0.05219758,  0.03613584, -0.09689942,  0.00080268,
       -0.20648866,  0.00678579,  0.01160388,  0.0686435 ,  0.17150404,
       -0.08845491,  0.07200716,  0.02600318, -0.14697222, -0.0765977 ,
        0.16485081,  0.11426137, -0.0157173 ,  0.1265276 , -0.02562326,
        0.09106651,  0.03348692, -0.11237221,  0.01254779,  0.30167449,
       -0.17991086,  0.1550979 , -0.37646469, -0.15291207,  0.076193  ,
       -0.00101576,  0.10963835, -0.03481979, -0.02260591, -0.10217254,
        0.01903011, -0.25385743,  0.11002344, -0.07335768, -0.08450279,
       -0.04943223,  0.05681213,  0.35409756, -0.13383798,  0.00545927,
        0.06894078,  0.11788809,  0.16462485,  0.06938206, -0.05669522,
        0.07197539,  0.33487629,  0.09257734,  0.08750593, -0.09248153,
        0.0088045 ,  0.16779634,  0.00874871, -0.1033215 , -0.02367911,
        0.04696293, -0.07130217,  0.12258072,  0.14909049, -0.01845277,
        0.19360878,  0.08865583, -0.04515713,  0.06000453,  0.22830253,
       -0.24120773, -0.1357574 , -0.18236355, -0.16056634, -0.12912545,
        0.02364881, -0.1713155 , -0.0478488 ,  0.12913895,  0.11812517,
       -0.14362408, -0.17865565, -0.00096873, -0.10913238, -0.14493068,
       -0.03706767,  0.01711943,  0.13179783,  0.03876166,  0.13260907]), array([ 0.18402661,  0.17291293, -0.3669184 ,  0.10443139, -0.02312952,
       -0.14075944,  0.05498755, -0.14071711, -0.02166503, -0.2391446 ,
       -0.10210948, -0.02551416, -0.1024215 , -0.12899231, -0.00592658,
       -0.05955655,  0.0657147 ,  0.01799921, -0.07426456,  0.22238525,
       -0.09085035,  0.05826801,  0.0076086 ,  0.06028563, -0.11441952,
        0.19941008,  0.02622532, -0.17747026, -0.08940763,  0.20263458,
       -0.08695754,  0.12913065, -0.06832358,  0.06013848,  0.26442129,
       -0.17018665, -0.06590036, -0.37266106, -0.01813294,  0.10477483,
       -0.02631513,  0.02693123,  0.0527968 , -0.06070699, -0.22187076,
       -0.04742706, -0.14118026,  0.14889384, -0.21135502, -0.09899891,
       -0.00530303, -0.04014345,  0.05907991, -0.28551033, -0.15260876,
       -0.05057355,  0.23118054,  0.20007355,  0.04135737, -0.06754162,
        0.09842101,  0.25890082,  0.04104257, -0.02177904,  0.16637451,
       -0.0013194 ,  0.08266287,  0.0723914 , -0.01459484, -0.01583092,
       -0.04383362,  0.15971694,  0.15169908, -0.02404134, -0.08582758,
        0.24643842,  0.2142991 , -0.04029208,  0.00484055,  0.28511524,
       -0.11606476,  0.05296519, -0.12486463, -0.04768657, -0.15394588,
        0.05549209, -0.33572201,  0.12531324,  0.01188895,  0.09124692,
       -0.23089929, -0.16519307,  0.04030085,  0.05491355, -0.14361826,
       -0.03148055,  0.21660984,  0.03135625,  0.12723538,  0.03108247]), array([ 0.11748496, -0.11142768, -0.50372526,  0.13017432,  0.06940978,
       -0.02729265,  0.10176132, -0.18330077,  0.27282379, -0.12455526,
       -0.29343187, -0.48670114, -0.07508926, -0.55391387,  0.06545475,
       -0.09706427, -0.16308518, -0.00895771, -0.11216566,  0.38286963,
       -0.44493903,  0.2354031 ,  0.27275375, -0.05212793,  0.07406995,
        0.26018557,  0.14627885,  0.18321157, -0.44421994, -0.15277887,
        0.21663478,  0.13383654, -0.19032803,  0.21310861,  0.40635605,
       -0.25242148,  0.09967438, -0.31045577, -0.13662289, -0.08259736,
        0.01884134,  0.27709079, -0.12389679, -0.21492948, -0.22637694,
        0.12213857, -0.61907281,  0.57847352, -0.4362679 , -0.11779826,
       -0.15753679,  0.03612705,  0.44583993, -0.14216546,  0.02879331,
        0.14703696,  0.23490878,  0.30846922,  0.09356562, -0.03787986,
        0.01314485,  0.49277736,  0.00866038,  0.12769058,  0.11390582,
        0.1231447 , -0.08053221, -0.07955611, -0.08872431, -0.13539034,
        0.44508409,  0.13135714,  0.18539935,  0.2213113 , -0.11882643,
        0.16672856,  0.26694195,  0.0637195 ,  0.36342062,  0.49907185,
       -0.27317534,  0.05559756, -0.20403595, -0.22203261, -0.24941709,
       -0.01070899, -0.14377625, -0.29204552, -0.3540965 ,  0.43700714,
       -0.54276841, -0.57905857,  0.14044832, -0.37953441, -0.31307707,
       -0.11083503,  0.00641885,  0.27686964,  0.22013182,  0.56386462]), array([  2.10636231e-01,   7.27804695e-02,  -5.17575068e-01,
         1.22014554e-01,   2.79770088e-02,  -1.23683823e-01,
        -2.87845015e-02,  -2.36969114e-01,   1.44633762e-01,
        -1.90425400e-01,   6.66918658e-03,  -5.95857403e-01,
         2.82628399e-01,  -2.60545964e-01,   1.03765923e-03,
         3.74426501e-02,   4.08770217e-02,  -4.79665717e-02,
        -2.03403550e-01,   4.99237043e-01,  -8.99117912e-02,
         5.67467961e-02,   1.13630106e-01,  -6.78734404e-02,
        -4.91443928e-02,   3.59473515e-01,   2.42428939e-01,
        -1.10954081e-01,   4.18079019e-02,  -1.97820184e-02,
         1.94146884e-01,  -7.32859186e-02,  -2.05125959e-01,
         2.13770336e-03,   5.84985837e-01,  -4.11275937e-01,
         2.85744479e-01,  -6.81818139e-01,  -2.72592417e-01,
        -1.09000219e-02,  -8.98493882e-02,   2.08514594e-01,
         1.43791400e-01,  -4.63595798e-02,  -6.63338348e-02,
        -1.50118915e-01,  -2.85212353e-01,   2.30494538e-01,
        -2.45100123e-01,  -1.12841459e-01,  -1.43657664e-01,
         4.24609304e-01,   3.40415938e-01,  -4.84481885e-01,
         2.25067271e-02,   1.29913653e-01,   3.14822434e-01,
         2.77301421e-01,   1.46237482e-01,  -1.38785112e-01,
         2.76216801e-01,   2.84880122e-01,   1.18197122e-02,
         1.55804321e-01,  -1.64297543e-01,  -2.06989642e-01,
         3.46559071e-01,  -1.87615836e-01,   1.88654046e-02,
        -1.51182908e-01,   1.66022159e-01,  -1.13572976e-01,
         1.39432282e-01,   1.87222154e-01,  -2.12528846e-01,
         3.53785466e-01,   3.95879891e-01,   1.01161114e-01,
         1.31119098e-02,  -4.80244026e-02,  -1.76205045e-01,
        -1.14670933e-01,  -8.02307308e-02,  -3.70962137e-01,
        -1.88960228e-01,   1.50335676e-01,  -6.58550187e-02,
        -2.61108068e-01,   2.12174974e-01,   6.64256523e-02,
        -4.38227411e-01,  -6.44543312e-01,  -2.55884390e-04,
        -2.15643515e-01,  -1.68713963e-01,   9.71100874e-02,
        -2.32923019e-01,   5.95858206e-02,   3.19760243e-01,
         4.35311636e-01]), array([ 0.17586403,  0.03934808, -0.57195442, -0.05282039, -0.07988295,
        0.02711367,  0.12519127,  0.07440936,  0.27349043, -0.19498184,
       -0.06596171, -0.10956397,  0.16939366, -0.03349966, -0.15808762,
        0.0207018 ,  0.13475841, -0.09443618, -0.06611836,  0.31753349,
       -0.35742567,  0.11049707, -0.00196891, -0.08992951, -0.10978218,
        0.22048524, -0.01435211, -0.0254888 ,  0.19133986, -0.11868131,
        0.37568348,  0.25905306, -0.18967338, -0.08975336,  0.55655176,
       -0.17409232,  0.04296915, -0.29989095, -0.1448542 ,  0.16033   ,
       -0.21808889,  0.05757358,  0.44102705,  0.00941491,  0.02869745,
       -0.04718897, -0.40812432,  0.20205956, -0.11957085, -0.10075305,
        0.05342554,  0.31111985,  0.36730838, -0.12858554,  0.02192063,
        0.12540371,  0.01858909,  0.28113406,  0.12250647, -0.08849348,
       -0.11125837,  0.19835672, -0.00300784,  0.32953913, -0.02284173,
       -0.33474999,  0.42345721,  0.01183891, -0.16623495, -0.22967495,
        0.12698914, -0.00302107,  0.10677307,  0.1867215 , -0.03870622,
        0.39705829,  0.16026242, -0.02195267, -0.0606718 ,  0.36204583,
       -0.01688504,  0.08226905,  0.01890819, -0.24028626, -0.23731247,
        0.05211526, -0.0330404 , -0.30054847,  0.25618923,  0.29643078,
       -0.25772874, -0.83639385,  0.25222363, -0.35696047, -0.2822936 ,
        0.04015763,  0.05447471, -0.02231336,  0.1563725 ,  0.40299625]), array([  1.64017975e-01,  -1.29159557e-02,  -1.23313880e-01,
         1.02312708e-01,   2.67236567e-02,   7.14739246e-03,
        -6.12774254e-02,  -1.07476737e-01,   4.22324633e-02,
        -7.68073705e-02,  -4.09723821e-02,   1.14795528e-02,
         3.31855765e-02,  -1.14541719e-01,   6.85644094e-02,
        -6.29594006e-02,   5.35658995e-02,  -1.24952222e-02,
        -1.07763447e-01,   1.38552211e-01,   6.56608957e-02,
         3.17691797e-03,  -1.97794731e-02,  -2.32703124e-02,
        -6.91068107e-02,   1.16554988e-01,   1.30766362e-01,
        -9.31899105e-02,   2.81967498e-02,  -3.75847533e-02,
         9.53087820e-02,   7.00884397e-02,  -1.57338785e-01,
        -2.25632284e-02,   1.69058220e-01,  -8.61093997e-02,
         5.70259957e-03,  -2.90034134e-01,  -8.11622892e-02,
         4.58788931e-02,  -7.29207593e-02,   1.15313905e-01,
        -9.49160445e-03,  -1.52234093e-02,   1.44885999e-04,
        -3.80624484e-03,  -1.19945889e-01,   1.49025007e-01,
        -1.65327900e-01,  -4.72220422e-02,  -4.22552582e-03,
         1.19059080e-01,  -3.10294757e-02,  -1.05696854e-01,
        -1.65217203e-02,  -4.19847927e-02,   7.55852463e-02,
         3.44368019e-02,   1.00392883e-01,   3.60712217e-03,
        -2.89050389e-02,   1.91807978e-01,   1.68425170e-02,
         7.91872579e-02,  -8.72613403e-02,  -8.37110744e-02,
         1.43133372e-01,   1.16056052e-01,  -5.58776734e-02,
         3.77309342e-02,  -4.27168851e-02,  -2.40438313e-02,
         5.95147528e-02,   9.65576318e-03,   5.77949528e-02,
         1.28593893e-01,   4.49566380e-02,   2.91033176e-02,
        -7.25295038e-02,   1.81741311e-01,  -1.04967463e-01,
        -3.48866919e-02,  -2.70432709e-02,  -1.65994805e-01,
        -3.41790422e-02,  -1.71874619e-02,  -6.57036040e-02,
        -5.74237253e-02,   8.52854007e-02,   4.98367894e-02,
        -2.35983824e-02,  -2.24917764e-01,  -2.70114640e-02,
        -1.29083576e-01,   8.28954920e-03,  -3.94706121e-02,
         9.58898259e-02,   4.01746780e-03,   8.01900646e-02,
         6.74686809e-02]), array([ 0.44233241,  0.01046249, -0.93279637,  0.21640884, -0.2749509 ,
       -0.25136717,  0.10594054, -0.24248127,  0.22243385, -0.6589404 ,
       -0.44532836, -0.63323673,  0.02968884, -0.18514607, -0.19741732,
       -0.12539404, -0.08031769,  0.06767379, -0.12227736,  0.75375489,
       -0.3222298 , -0.01613507,  0.04186798,  0.04957374, -0.29403021,
        0.24988421, -0.19326208, -0.27464953,  0.09228244,  0.29871499,
        0.06770613,  0.1516227 , -0.16805592, -0.06298604,  1.16809543,
       -0.28266757,  0.11342899, -0.77407505,  0.07838796,  0.1780515 ,
       -0.08097907,  0.43396367,  0.13501132, -0.25556613, -0.15497416,
       -0.21889665, -0.1296937 ,  0.05495221, -0.55321441, -0.24536257,
       -0.30431457,  0.32789086,  0.34861051, -0.74023468,  0.03126092,
        0.01393323,  0.6705846 ,  0.56375581,  0.16398511, -0.20485888,
        0.60825553,  0.46634681,  0.31012229,  0.22748704,  0.41596608,
       -0.2695287 ,  0.34145294, -0.10869591, -0.15473994, -0.22042897,
       -0.03021293, -0.03867631,  0.15082205,  0.13022528, -0.3827542 ,
        0.58076843,  0.11753367,  0.01594319, -0.03658539,  0.275122  ,
       -0.04015823, -0.02965134, -0.15415655, -0.20831778, -0.15039087,
        0.31266872, -0.20051017, -0.04576266,  0.09471777,  0.26166092,
       -0.80117219, -0.79356027,  0.40313305,  0.15834467, -0.45606002,
       -0.00994811,  0.33270049, -0.02706483,  0.25889673,  0.58552158]), array([ 0.24704567, -0.0201267 , -0.67966387,  0.11339219, -0.17577946,
       -0.25175942,  0.01345222, -0.31898797,  0.22195337, -0.3901215 ,
        0.00604309, -0.26077653,  0.30759863, -0.17238192,  0.02054033,
       -0.10100106,  0.18073903, -0.06996823,  0.01018896,  0.30201296,
        0.01751078,  0.02056379,  0.04327422,  0.00928887, -0.25469906,
        0.37356719,  0.07272949, -0.34656973,  0.21431036,  0.11088473,
       -0.14559662,  0.08711903, -0.20420888,  0.0438944 ,  0.63927632,
       -0.386093  , -0.08683563, -0.46384571, -0.05876301,  0.17852407,
       -0.27619091,  0.23441641,  0.04017974,  0.17268685,  0.08526616,
        0.05516254, -0.26472448,  0.14374084, -0.55044669,  0.01970373,
       -0.25602143,  0.2737581 ,  0.04942654, -0.64558936, -0.19705247,
       -0.0126982 ,  0.77223148,  0.44977405, -0.21859319, -0.1512812 ,
        0.06325809,  0.25052001,  0.2661196 , -0.07058567,  0.10952599,
       -0.10038041,  0.35183888,  0.07202551,  0.09248201,  0.09474324,
        0.09023116,  0.21952429,  0.07732028,  0.11497841,  0.01708852,
        0.46145458,  0.03749867,  0.31746172,  0.00760545,  0.42042871,
       -0.37356905,  0.07778782, -0.23322233, -0.35439815, -0.19377195,
        0.26478298, -0.22077838, -0.09957436, -0.17452727,  0.09570782,
       -0.29832244, -0.42050579,  0.07036238,  0.12940463,  0.04612416,
       -0.09969216,  0.22285276, -0.01805668,  0.59196307,  0.13962888]), array([ 0.38354793,  0.03464172, -0.70808771,  0.0987014 , -0.00088941,
        0.07988964,  0.08460546, -0.17987017,  0.47174095, -0.21592879,
       -0.21213554, -0.56709526,  0.16901328, -0.4414854 ,  0.05862201,
        0.22603994, -0.24429839, -0.02901143,  0.03989881,  0.31159494,
       -0.33980886,  0.27616858,  0.31546611,  0.06560978, -0.24480076,
        0.61622427,  0.30265652,  0.2203048 , -0.25534277, -0.17578858,
        0.36030318,  0.30084379, -0.15272191, -0.13046325,  0.30151779,
       -0.20602418,  0.24691503, -0.43028423, -0.18492494, -0.0615337 ,
       -0.28379282,  0.14956787,  0.11627645,  0.0415283 ,  0.03904829,
        0.17152573, -0.67980168,  0.47845748, -0.42613755,  0.01664894,
       -0.18146972,  0.09059342,  0.28048736, -0.16871741, -0.10765685,
        0.18386255,  0.23579462,  0.20178005, -0.13374896, -0.16929915,
       -0.18854937,  0.50025039,  0.32342087,  0.06956211,  0.0403248 ,
        0.03174548,  0.05669796,  0.00197282,  0.07823196, -0.10378274,
        0.27522238,  0.17521565, -0.10694937,  0.39808482, -0.01099796,
        0.2462065 ,  0.07553154,  0.24304603,  0.07373598,  0.4549535 ,
       -0.18205282, -0.03896846, -0.31104811, -0.21027271, -0.13821788,
        0.15562031, -0.27154935, -0.43512444, -0.21968245,  0.27846109,
       -0.39039684, -0.7257693 ,  0.16336882, -0.60869931, -0.39040298,
       -0.24482285, -0.15606452,  0.26409828,  0.45792059,  0.45608505]), array([  3.31158684e-01,   6.64691316e-02,  -4.67868545e-01,
        -6.25464575e-03,  -5.34374074e-02,  -1.28528613e-01,
        -1.14363484e-01,  -6.29764397e-02,   2.32326973e-01,
        -1.22768883e-01,   6.28365919e-02,  -3.19313842e-01,
         1.79700982e-01,  -1.68410771e-01,   1.88909966e-01,
         9.86192837e-02,  -2.67850820e-01,  -9.73199598e-02,
         6.13976271e-02,   2.45886027e-01,   6.19778893e-02,
         1.81059526e-01,   9.44697742e-02,  -1.91334155e-01,
        -1.17739523e-01,   3.55439138e-01,   3.42055620e-01,
        -2.42483529e-04,  -9.59800993e-02,  -9.53135070e-02,
         3.16228422e-03,   2.06539032e-01,  -4.99489909e-02,
         5.90325070e-03,   4.70146160e-01,  -4.54645308e-01,
         2.23286541e-01,  -2.56467971e-01,  -1.66583840e-01,
         1.15076238e-02,  -1.02821517e-01,   5.63648303e-02,
         1.39587128e-01,   1.56409583e-01,   1.87025130e-01,
        -2.24018832e-01,  -2.33028159e-01,   1.92774746e-01,
        -2.55346019e-01,   3.96644955e-02,  -2.07952705e-01,
         2.68079910e-01,  -1.00187436e-01,  -4.05540187e-01,
         4.12961201e-02,   2.81231123e-02,   2.88941632e-01,
         3.00370229e-01,   2.72876959e-01,  -1.11163046e-01,
         4.68667555e-03,   3.36385389e-01,   3.53194861e-01,
         2.38706626e-01,   3.97363876e-02,  -9.93195898e-02,
         2.52368516e-01,  -4.63417871e-01,   8.85097250e-02,
         7.04216212e-02,   6.05408588e-02,   1.09060067e-01,
         1.28013461e-01,   4.07038790e-01,   2.54894661e-02,
         4.28286815e-01,   1.42262801e-01,   1.24897103e-01,
         9.98684211e-03,   2.66023843e-01,  -1.70979910e-01,
         2.06439658e-02,  -1.60281607e-01,  -3.02029846e-01,
        -8.49033389e-02,   1.06113351e-01,  -1.33715548e-01,
        -2.43027485e-01,  -7.93431852e-02,  -2.68740489e-02,
        -1.77658463e-01,  -3.96584838e-01,  -6.96192162e-02,
        -2.15965940e-01,  -1.38858786e-01,   2.43962718e-02,
        -1.44533337e-01,   6.68661598e-02,   2.93297161e-01,
         1.17333739e-01]), array([ 0.3478795 , -0.07725991, -0.90117104,  0.19028286,  0.43748365,
        0.09332534, -0.17090553, -0.186413  ,  0.40251282, -0.37477962,
       -0.33961699, -0.27170643,  0.03726462, -0.69299157,  0.31401275,
        0.030291  ,  0.04801403, -0.11328003, -0.28613042,  0.62940238,
       -0.42927172,  0.18299776,  0.02330472,  0.01818949, -0.27646758,
        0.75033804,  0.48114818,  0.02523806, -0.21407211, -0.16373865,
        0.85496758,  0.19770396, -0.52056655,  0.04806882,  0.47606161,
       -0.57767534,  0.45905581, -0.74392758, -0.43125648, -0.00374653,
       -0.48409309,  0.53323961,  0.08823112, -0.14410584, -0.16401927,
        0.17169939, -1.02316714,  0.91107958, -0.7822846 ,  0.16110179,
       -0.22683149,  0.26973023,  0.46701786, -0.34940842,  0.12811092,
        0.14980306,  0.45335946,  0.57141609,  0.287973  , -0.29622927,
       -0.36425966,  0.78879476,  0.19989041, -0.05414813, -0.03371102,
       -0.27298259,  0.13516417,  0.37091338, -0.0855342 , -0.22722177,
        0.53619667,  0.01520782,  0.28365309,  0.22631441, -0.12084512,
        0.66461415,  0.53504204, -0.06237786,  0.31195509,  0.89085672,
       -0.3721063 , -0.24981666, -0.04755272, -0.43320019, -0.41165987,
        0.09546144, -0.38788618, -0.406979  ,  0.18599349,  0.251383  ,
       -0.39482966, -1.25804715,  0.040915  , -0.76052267, -0.23937166,
       -0.19654321, -0.09758154,  0.1780457 ,  0.34518801,  0.88975064]), array([ 0.14464059,  0.04636027, -0.18761639,  0.06633599,  0.05129157,
       -0.01892143, -0.16877076, -0.30036693,  0.00706804, -0.1957037 ,
       -0.13614941, -0.13390428,  0.02616597, -0.28770187, -0.11884164,
        0.05698035, -0.04205302,  0.01518966, -0.07025261,  0.35116267,
       -0.15809858,  0.07508759, -0.14177357,  0.01344685, -0.3138871 ,
        0.46408029,  0.19669755,  0.01623178,  0.09036389,  0.02082509,
        0.32460242,  0.24084888, -0.15890327,  0.32032575,  0.3585508 ,
       -0.23689524,  0.09037212, -0.40980875, -0.15469112, -0.02003996,
       -0.04762155,  0.25271174, -0.08480367, -0.07512659, -0.01129354,
        0.00584046, -0.26478646,  0.12007479, -0.38638768,  0.18510271,
       -0.24097919,  0.11820721,  0.10361845, -0.16882599, -0.09970613,
       -0.04213165,  0.1841641 ,  0.29139253,  0.18767124, -0.05051556,
       -0.17187519,  0.33408265,  0.19571641,  0.03253651, -0.23740173,
       -0.07584698,  0.03021418,  0.13376659, -0.0267877 ,  0.00252562,
        0.23655348, -0.02513521, -0.02327276,  0.01417685, -0.06677448,
        0.2915366 ,  0.38814375,  0.22307013,  0.05448369,  0.36416108,
       -0.05583099, -0.17673072,  0.11849084, -0.17996107, -0.08116969,
        0.08795737, -0.15773015, -0.23075663,  0.09552362, -0.01067216,
       -0.29766446, -0.37740674, -0.04189567, -0.28783833, -0.19345709,
       -0.07651469,  0.09127709,  0.17465088,  0.07199818,  0.33385933]), array([ 0.10103748,  0.03640731, -0.01214313, -0.03462729, -0.05610577,
       -0.07070718, -0.11300558,  0.03562774,  0.09739258, -0.17872917,
        0.02333521,  0.04083335, -0.01668656, -0.29456365, -0.06315402,
        0.09378678, -0.26938065, -0.08469165,  0.03488594,  0.24097506,
       -0.08740164,  0.12958363, -0.07367236, -0.18113923, -0.10342982,
        0.23857872,  0.02968042,  0.05373258, -0.10578508, -0.03838452,
        0.13774324,  0.15305037, -0.06175631,  0.0201711 ,  0.3085485 ,
       -0.31817489,  0.04305425, -0.18428157, -0.02173146,  0.05477994,
        0.00679942,  0.13565555, -0.06942662, -0.04329474,  0.16086302,
       -0.12768882, -0.28047305,  0.12843004, -0.21905765,  0.01467069,
       -0.19710468,  0.00902281,  0.07831943, -0.0232258 ,  0.10455144,
       -0.03763932,  0.16521792,  0.30379681,  0.20565717, -0.11937971,
        0.04461875,  0.25052632,  0.08503278,  0.11777079,  0.01602645,
       -0.03340106,  0.0609057 , -0.04092721,  0.05468927,  0.0793281 ,
        0.10712635,  0.06920155,  0.10467795,  0.21303791,  0.01924489,
        0.23657936,  0.24782743,  0.01003858,  0.01287785,  0.34219179,
       -0.02589355, -0.06238517,  0.09110568, -0.136349  , -0.16306977,
        0.01577272, -0.15973999, -0.22788667,  0.04073877,  0.07645389,
       -0.17491302, -0.27490537, -0.00671947, -0.12564889, -0.2178142 ,
        0.04149689, -0.03618273,  0.13617173,  0.07408893,  0.09489695]), array([  3.53347734e-01,   5.38116647e-01,  -9.40966043e-01,
         4.31316683e-01,  -3.33353592e-01,  -3.90345331e-01,
        -1.04851543e-01,  -5.18200192e-01,  -2.55487282e-01,
        -5.74001658e-01,   1.78425203e-01,   1.38081926e-02,
         2.48103360e-01,  -5.73963763e-01,  -5.67520043e-01,
        -9.44676711e-02,   2.76606095e-01,   8.43854147e-03,
        -3.96464859e-02,   5.41752377e-01,  -9.80974386e-02,
         4.93166041e-02,  -1.44628046e-01,   4.52899454e-02,
        -2.96998312e-01,   7.81990302e-01,   4.49025959e-03,
        -1.19887015e-01,   9.53644555e-02,   6.11541538e-01,
        -1.58055852e-01,   6.59332716e-02,  -3.00598526e-01,
         4.43964236e-01,   9.85997457e-01,  -7.05821185e-01,
        -4.54682475e-01,  -1.15149064e+00,  -2.79921682e-01,
         3.01907273e-01,  -1.38879354e-01,   2.01184620e-01,
        -2.12817991e-02,   1.51368502e-01,  -2.94618085e-01,
        -5.98755510e-02,  -4.25770279e-01,  -7.65478422e-02,
        -4.90812769e-01,   1.33694128e-01,   1.19521631e-01,
         2.19237603e-03,   6.13109226e-01,  -8.32418517e-01,
        -5.79680521e-01,  -1.21801874e-01,   8.16893486e-01,
         7.21036840e-01,  -5.72494908e-03,  -1.44309098e-01,
         2.42638670e-01,   6.02706944e-01,   9.11428180e-02,
        -1.39669715e-01,   9.71039538e-02,  -3.38294887e-02,
         3.31619451e-01,   4.22669255e-01,  -4.77285906e-03,
        -2.27760944e-02,  -8.01182857e-05,   3.90931777e-01,
         1.11709135e-01,   6.36315458e-02,  -1.12016485e-01,
         6.13686069e-01,   7.44019708e-01,   1.61008660e-01,
         1.28792849e-02,   5.59247244e-01,  -2.32304794e-01,
         1.30269183e-01,  -1.93017509e-01,  -3.86725627e-01,
        -4.41173818e-01,   4.27596398e-01,  -6.70123555e-01,
         4.60538696e-01,   1.90740800e-01,  -4.36962217e-02,
        -5.99693229e-01,  -4.24075393e-01,  -5.53928335e-02,
         3.30349460e-02,  -2.73515237e-01,   6.41648885e-02,
         5.61411156e-01,   2.32412996e-01,   3.57523739e-01,
         7.43880405e-02]), array([ 0.24594376,  0.25847633, -0.36156127,  0.10040045, -0.05255036,
       -0.06977361,  0.0338305 , -0.25537008,  0.09027466,  0.05110403,
        0.08140418, -0.15630357,  0.06884463, -0.22553307,  0.10136558,
       -0.02864445, -0.23698162, -0.00135431, -0.03347809,  0.08505293,
       -0.1210438 ,  0.05021754,  0.08082882,  0.02849115, -0.14979471,
        0.14678694, -0.01565343, -0.01384013, -0.0400301 , -0.09147808,
        0.20624989,  0.12979235, -0.16277218,  0.02034827,  0.46559625,
       -0.06988793,  0.22623418, -0.386254  , -0.14121586,  0.07626218,
        0.01578236,  0.07787132,  0.17149137, -0.05642479, -0.09336219,
       -0.13219485, -0.3602911 ,  0.04655467, -0.33369482, -0.19015968,
       -0.06656012,  0.00828543,  0.34181818, -0.1883806 ,  0.01358839,
        0.01153182,  0.1334184 ,  0.32353285,  0.11246966,  0.01571867,
        0.17635458,  0.24194471, -0.15120839,  0.17085632, -0.13663203,
       -0.00225262,  0.32491352, -0.05647463, -0.19324751, -0.00176137,
        0.06141942, -0.07392143, -0.11057344,  0.1248024 , -0.00784173,
        0.04381236, -0.05792928, -0.05281842,  0.10915597,  0.16264871,
       -0.23474383,  0.06702494,  0.05236482, -0.10749433, -0.16685193,
        0.03575771, -0.16788365, -0.16496745, -0.0185831 ,  0.18057298,
       -0.32965862, -0.42921068,  0.08418845, -0.10251357, -0.15313985,
       -0.09999528,  0.00440853,  0.0936986 ,  0.26188485,  0.02404283]), array([ 0.36101036,  0.00185408, -0.46426438, -0.00410836, -0.09522033,
       -0.09598004,  0.10891009, -0.14615919,  0.12647483, -0.22539953,
       -0.23735827, -0.30735648,  0.21036262, -0.16874295,  0.00538327,
        0.06776238, -0.09635284,  0.06407397, -0.04482906,  0.35576356,
       -0.02982536,  0.09578733, -0.07859428,  0.06401026, -0.17363549,
        0.4149668 ,  0.22367869, -0.11741218, -0.0349276 , -0.07990391,
        0.09920575,  0.1270302 , -0.11333512,  0.01293211,  0.42807844,
       -0.2531504 ,  0.18245341, -0.30137519, -0.14557932, -0.02358647,
       -0.10481316,  0.17962359, -0.01163964,  0.01010003,  0.15463525,
       -0.12522689, -0.2193998 ,  0.20482874, -0.21911872, -0.09098339,
       -0.20896623,  0.33457314, -0.14025583, -0.31661958,  0.01079831,
       -0.06775706,  0.26276564,  0.2139735 ,  0.21266128, -0.15548959,
        0.08952455,  0.35228433,  0.32038187,  0.04739242,  0.06229097,
       -0.0401932 ,  0.13431312, -0.14743436,  0.0545631 ,  0.07384791,
       -0.03915374,  0.08980444,  0.0199186 ,  0.25882878, -0.0512763 ,
        0.35535519,  0.19636986, -0.00222655,  0.00550347,  0.28768063,
       -0.12013348, -0.13225145, -0.04254153, -0.2632029 , -0.08133768,
        0.07045779, -0.23244369, -0.21668492,  0.10396667,  0.01818066,
       -0.16760494, -0.49522433,  0.07570768, -0.20504449, -0.19979987,
        0.00897698, -0.01315851,  0.099188  ,  0.36578538,  0.05611062]), array([ 0.19938354,  0.14753283, -0.60583017,  0.25192995,  0.05557751,
       -0.06961386, -0.06411081, -0.18361327,  0.23854361, -0.23800908,
       -0.04609445, -0.27260959,  0.01812032, -0.43635143,  0.10063003,
        0.0672956 , -0.06519073, -0.08068847,  0.05333934,  0.22928149,
       -0.28917694,  0.18322654,  0.24875939,  0.03432132, -0.16881191,
        0.32259827,  0.1225158 ,  0.18205355, -0.33517695, -0.0238952 ,
        0.26530634,  0.15358585, -0.23924289, -0.0557066 ,  0.2370593 ,
       -0.24020762,  0.11983584, -0.29788693, -0.22958109,  0.19132409,
       -0.22900715,  0.14475922, -0.05208588,  0.00176661, -0.16965845,
        0.23045531, -0.47247509,  0.31101042, -0.42582227,  0.05030298,
       -0.02946864, -0.15902728,  0.47518393, -0.27248508, -0.1211543 ,
        0.28598435,  0.31653163,  0.16068153, -0.04842437, -0.15088109,
       -0.15115873,  0.36985113,  0.09632798, -0.14122865,  0.14000639,
        0.0875636 ,  0.07284835,  0.09201793, -0.06336156, -0.17155588,
        0.16910784,  0.33869876, -0.00833713,  0.32772417, -0.0395665 ,
        0.22925445,  0.21491205,  0.07501383,  0.18721066,  0.6091863 ,
       -0.11708574,  0.05504017, -0.32029236, -0.13850394, -0.23933067,
        0.18746814, -0.37645858, -0.1401816 , -0.19391418,  0.2249448 ,
       -0.39989732, -0.43854402,  0.08530991, -0.44202889, -0.14604149,
       -0.18222003,  0.05137069,  0.18142889,  0.27175664,  0.29071112]), array([ 0.25234191,  0.01172265, -0.34359445,  0.04421876, -0.15641375,
       -0.0093432 ,  0.1030299 , -0.06326236,  0.08961585, -0.14371675,
       -0.10618961, -0.27440236,  0.15203459, -0.02919416, -0.03125182,
        0.04920035, -0.05243529,  0.09107915,  0.02978259,  0.15043591,
       -0.00882325,  0.00496707,  0.0108537 ,  0.10856252, -0.19110127,
        0.32473588,  0.14633304, -0.08811877,  0.0545715 ,  0.00915478,
        0.04635785,  0.10357303, -0.06245873, -0.0394478 ,  0.25509403,
       -0.0367409 ,  0.0491546 , -0.17102755,  0.05529356, -0.01984256,
       -0.07061553,  0.00098119,  0.07323285,  0.0720804 ,  0.0862902 ,
       -0.06032754, -0.19531579,  0.1102632 , -0.13603752, -0.01145701,
       -0.03824504,  0.19931998, -0.10357996, -0.15876317, -0.07984542,
       -0.02235858,  0.11328624,  0.07748771, -0.00080153, -0.08229998,
        0.02598728,  0.1346235 ,  0.18682946,  0.07654838, -0.02551164,
        0.0084176 ,  0.09608998,  0.00526705,  0.06556026,  0.1062457 ,
        0.00573126,  0.07873458, -0.00087823,  0.0776885 , -0.00083249,
        0.17831195,  0.08088903,  0.05900553, -0.05300409,  0.068499  ,
       -0.04161679, -0.04745063, -0.0756635 , -0.15102001, -0.02423933,
        0.07436074, -0.14062401, -0.11491214,  0.01319362,  0.01039969,
       -0.09401284, -0.27850966,  0.05306459, -0.13927727, -0.1580281 ,
       -0.06391529, -0.01149426,  0.0564249 ,  0.23801758,  0.07029532]), array([  9.02368311e-02,   1.35839437e-01,  -4.13856617e-01,
        -5.88489693e-02,  -7.74412044e-04,  -6.77943481e-02,
        -1.20019828e-04,  -2.07709812e-01,  -4.07573937e-02,
        -1.49258911e-01,  -1.06190100e-01,  -3.35084061e-01,
         1.23521646e-01,  -3.65085181e-01,  -1.18839680e-01,
        -4.11535222e-02,  -1.21235356e-01,   3.07939341e-02,
         6.30336015e-03,   2.76089387e-01,  -3.05445118e-01,
         1.15288577e-01,   1.94131354e-01,  -9.17723174e-02,
        -1.61472461e-01,   1.92835529e-01,   1.00732004e-01,
        -4.51352261e-02,  -5.15239628e-02,   2.23722233e-02,
         2.26184715e-01,   1.43661253e-01,  -7.80553085e-02,
         1.89368177e-01,   3.53905718e-01,  -1.68693481e-01,
         2.07733282e-01,  -2.66386267e-01,  -2.97352398e-01,
         7.69899334e-02,  -4.53026201e-03,   9.83792281e-02,
         1.51280362e-01,  -2.69375751e-02,  -1.28118800e-01,
         1.53729721e-02,  -3.41197150e-01,   1.01085142e-01,
        -1.81990225e-01,  -6.97838797e-02,  -9.63236062e-02,
         1.26123918e-01,   2.45758317e-01,  -1.41791343e-01,
        -6.26681276e-03,   9.04546508e-02,   1.18479178e-02,
         3.06204658e-01,   2.69486424e-02,  -8.64944789e-02,
         5.22035520e-03,   2.24128493e-01,   1.35787932e-01,
         1.17485078e-01,  -2.50173498e-01,  -1.10707465e-01,
         1.10875323e-01,  -8.32131051e-02,   4.82416530e-03,
        -6.45196180e-02,   1.05966757e-01,  -1.85394118e-02,
        -8.10468613e-02,   2.18183022e-01,  -1.66290485e-01,
         3.53094469e-01,   2.46407205e-01,   1.52288458e-01,
         7.84934100e-02,   2.09542508e-01,  -2.43601736e-01,
         7.69273771e-02,  -9.88828686e-02,  -2.19648165e-01,
        -1.35676528e-01,   3.04739937e-02,  -6.91515775e-03,
        -2.70228665e-01,   4.35678434e-02,   1.51840163e-01,
        -2.43999465e-01,  -3.77589605e-01,  -3.32927472e-02,
        -2.24022691e-01,  -2.07958221e-01,   7.63686150e-03,
        -2.71629561e-02,   1.15418331e-01,   1.66362847e-01,
         3.81631915e-01]), array([ 0.0002808 , -0.07233503, -0.00634876, -0.02745331, -0.05122255,
       -0.03762287, -0.04779514, -0.15579165,  0.05393484, -0.1139986 ,
       -0.11604976, -0.12357691,  0.03318622, -0.0190727 ,  0.08911192,
        0.01497971, -0.06121708,  0.05321682, -0.02865106,  0.19007987,
       -0.09418856,  0.0114296 , -0.13228492, -0.02396221, -0.1136062 ,
        0.16151553, -0.01811525,  0.04079104,  0.00352078,  0.02492093,
        0.14199842,  0.0296929 , -0.08257831,  0.02434261,  0.17304395,
       -0.10113364,  0.03431396, -0.15378195, -0.04027483,  0.03812144,
        0.03457721,  0.09652965, -0.03375232,  0.01251205,  0.03067421,
        0.06305232, -0.00416737,  0.15674789, -0.17614795, -0.02129185,
       -0.09861494,  0.0033664 ,  0.13675621, -0.02610044, -0.05030972,
       -0.00412358,  0.10153684,  0.02357456,  0.03808725, -0.063335  ,
       -0.08163758,  0.11214716,  0.11172394, -0.00287919, -0.03399879,
        0.05682231, -0.00420442,  0.05673301, -0.09385155, -0.02821126,
        0.07263188, -0.00790335,  0.06202497,  0.00569598, -0.05331604,
        0.10464303,  0.13682535,  0.04925039, -0.01916589,  0.18845335,
       -0.04987472, -0.10032185,  0.00947406, -0.07479395, -0.05138322,
       -0.00049966, -0.13650243, -0.15163696,  0.04785617, -0.03475018,
       -0.12294791, -0.05557544, -0.03546561, -0.2264437 , -0.06391217,
       -0.09675542,  0.10227071,  0.0757975 ,  0.0906435 , -0.00804766]), array([ 0.25121354,  0.08461988, -0.37849908,  0.04534012, -0.16941233,
        0.02041362,  0.07326056, -0.08969088,  0.08107103, -0.13610698,
       -0.065273  , -0.28346718,  0.23571316, -0.0458766 , -0.0377414 ,
        0.03035566, -0.05156364,  0.0455019 ,  0.06268651,  0.11321739,
       -0.02425744, -0.00420496,  0.04390753,  0.08328467, -0.23302002,
        0.35102903,  0.13252031, -0.03177356,  0.06520456,  0.02595153,
        0.07131537,  0.060716  , -0.09203651, -0.0162787 ,  0.27709646,
       -0.05509962,  0.06797386, -0.18713064, -0.01005162,  0.00281626,
       -0.05509797,  0.04470152,  0.11233411,  0.11798571,  0.10299728,
       -0.02507874, -0.20803995,  0.03708064, -0.16176524,  0.04437764,
       -0.04412521,  0.21213916, -0.02398927, -0.13828813, -0.09871209,
        0.00942591,  0.08663136,  0.04163685, -0.04814668, -0.09631592,
        0.00590559,  0.13217556,  0.19921016,  0.05703652, -0.08333884,
        0.00600209,  0.15649543,  0.00191968,  0.04877893,  0.10965391,
        0.00267241,  0.09169443, -0.02928882,  0.16446966,  0.00564352,
        0.15638934,  0.08222386,  0.08565508, -0.04058403,  0.05344533,
       -0.06412127, -0.05364052, -0.10438169, -0.18271535, -0.03345862,
        0.09592054, -0.13676643, -0.14665097,  0.05366539, -0.04482791,
       -0.07932527, -0.26388984,  0.04226476, -0.1703812 , -0.1551797 ,
       -0.04924687, -0.00981468,  0.07186094,  0.2674296 ,  0.06654915]), array([ 0.38348518,  0.16098747, -0.6536401 ,  0.12177794, -0.20766205,
       -0.1611376 ,  0.08443149, -0.09572679,  0.07668149, -0.34283012,
       -0.06565597, -0.29017262,  0.12698353, -0.17835415, -0.02573895,
       -0.04124177, -0.00694142,  0.13166166,  0.03659683,  0.34215028,
       -0.01183335,  0.1155905 , -0.0091916 ,  0.01950202, -0.2507845 ,
        0.49873064,  0.21228909, -0.17245861, -0.02411729,  0.12423591,
       -0.03092522,  0.11188723, -0.13302595,  0.1165695 ,  0.50315487,
       -0.32598859, -0.0360501 , -0.38682653, -0.06721053,  0.13270595,
       -0.1572301 ,  0.09146366,  0.011418  ,  0.10377316,  0.02736566,
       -0.03055473, -0.31386787,  0.19016639, -0.32885606,  0.02736612,
       -0.0512299 ,  0.270281  , -0.02412017, -0.46072842, -0.1571086 ,
       -0.00707465,  0.34899851,  0.25424222,  0.07653586, -0.22385465,
        0.02940788,  0.31642347,  0.31506236,  0.012239  ,  0.16056641,
       -0.04371786,  0.24482333, -0.06569467,  0.04384108,  0.07059019,
       -0.01741161,  0.24173135,  0.12924655,  0.21260678, -0.01991376,
        0.47189088,  0.32323691,  0.02810642,  0.02999307,  0.35254706,
       -0.2256687 , -0.03632527, -0.2201079 , -0.30832551, -0.1870778 ,
        0.1710987 , -0.37683826,  0.01924328,  0.01070681, -0.05686343,
       -0.22530004, -0.36325387,  0.02977937, -0.11625043, -0.25464766,
       -0.02103465,  0.16300028,  0.05891906,  0.3847568 ,  0.07874899]), array([ 0.16193379,  0.14680238, -0.40390433,  0.02839253, -0.25513844,
       -0.13384615,  0.51035921, -0.24409111, -0.12023959, -0.11694835,
       -0.1172817 , -0.73158103,  0.30084273, -0.46149363, -0.34389656,
       -0.16183438, -0.02513823, -0.15512449, -0.50151046,  0.46747799,
       -0.46883127, -0.23098601,  0.19804288,  0.15130006, -0.39451628,
        0.42174902, -0.11005211, -0.48332636,  0.13004484,  0.06478556,
        0.05016565, -0.30626562, -0.21851047,  0.27084018,  0.66408741,
       -0.44587865,  0.33276152, -0.62886212,  0.08363966, -0.05865129,
        0.23058776,  0.52427666, -0.05302185, -0.18622795, -0.18839745,
        0.17490442, -0.46136075,  0.13226276, -0.52801586, -0.56020919,
       -0.26397221,  0.46088876,  0.36366674, -0.54698733,  0.13967919,
       -0.08883058,  0.09435425,  0.1005239 , -0.0446414 , -0.25997187,
        0.50196318,  0.27423802,  0.02766049,  0.04241941, -0.02090127,
       -0.2763754 ,  0.39957694, -0.03577443,  0.03242942, -0.01770327,
        0.29356732,  0.07906817,  0.15240443, -0.1204971 , -0.36748934,
        0.22001791,  0.25629982, -0.13905451,  0.10918725, -0.11754799,
       -0.07429656, -0.26347231, -0.20189396, -0.3478455 , -0.0407359 ,
        0.36474754, -0.07997089, -0.09871401,  0.26614644,  0.21359211,
       -0.66422394, -0.66143365,  0.37142873,  0.21812619, -0.13056227,
        0.16603301,  0.24600837,  0.05037688,  0.51424062,  0.70935953]), array([ 0.16007289,  0.03824206, -0.17547429, -0.06104154,  0.04705992,
       -0.10461489, -0.08949318, -0.09502535,  0.04316703, -0.1340779 ,
       -0.05273728, -0.01274587,  0.00724236, -0.17401127,  0.10958308,
        0.03250977, -0.16253789, -0.05834854, -0.05976254,  0.19658762,
       -0.02858754,  0.16854604, -0.02727672, -0.12997686,  0.0265203 ,
        0.08205752,  0.1541166 , -0.01685203, -0.1653035 , -0.09492956,
        0.06110345,  0.09957564, -0.09943695,  0.08872434,  0.24594177,
       -0.31679275,  0.19056601, -0.15826131, -0.21820754,  0.01836261,
       -0.02971384,  0.14673413,  0.04315183, -0.07067432,  0.09255137,
       -0.13348907, -0.11371019,  0.12607847, -0.12741055, -0.04332309,
       -0.17482357,  0.08065745, -0.02195655, -0.18735008,  0.16701549,
       -0.01045948,  0.13781816,  0.20735521,  0.3064691 , -0.04470184,
       -0.00460679,  0.30185195,  0.14503521,  0.07142827,  0.12579373,
       -0.11190007,  0.05983181, -0.30374962, -0.01509932, -0.0484661 ,
        0.0074735 ,  0.0089971 ,  0.04028825,  0.28101837, -0.00129123,
        0.232434  ,  0.13765644, -0.11757272,  0.08550443,  0.34694785,
       -0.1272107 , -0.05708387,  0.00750309, -0.14476389, -0.06512596,
       -0.00263927, -0.08676303, -0.14919773,  0.03946306, -0.00336788,
       -0.09810525, -0.25767225,  0.01959688, -0.10855671, -0.09212801,
        0.06093242, -0.09065012,  0.00868677,  0.1504703 ,  0.00283232]), None]
