[array([-2.64782429, -0.56331909,  2.72113705,  3.83432961,  2.82838297,
       -4.31956196, -3.36957049, -2.45061612, -1.3463285 ,  1.7967968 ,
        7.01188946, -0.35001266, -2.62803555, -4.50588226, -2.69626808,
       -5.7480607 ,  1.33691061, -5.35369301,  2.39136434, -6.98343182,
        3.14966321,  5.38243198, -0.83176857,  3.36815643,  0.63858503,
       -0.3483409 , -0.61989146,  3.69201922, -1.51312888, -0.40381074,
        2.43421459, -0.19139881, -0.38797274, -1.18464577, -1.34605086,
        1.07653117, -0.9151746 ,  1.71268964,  2.35169458, -0.62852216,
        6.28097343,  1.51160896,  0.09578685,  3.05038977,  1.25676405,
       -2.96824741, -0.80643904, -3.99988818, -2.96358538, -2.45653391,
       -2.30666041,  0.84150136,  5.48497105, -0.51283079, -0.5131467 ,
        7.57062387,  3.22852015, -3.59549093, -0.1115209 ,  0.10933152,
        1.78840363, -6.11569643,  0.53146857, -0.1527272 ,  3.20643759,
       -0.00785131, -2.69217587,  1.64798295,  2.49447393,  2.64574814,
        0.9479875 , -0.2166985 , -0.88512367, -2.99318528,  5.79957151,
       -1.74617088,  0.2353154 , -0.66306573,  1.65530765, -0.05414852,
       -1.49873745, -0.93531287, -0.29554558, -3.89347506, -2.26240158,
        5.74032068,  0.51413882, -0.85323668, -1.41322291,  0.36505148,
       -2.34200191,  4.24608803, -1.10034752, -0.59500438,  0.7135936 ,
       -0.45610997,  2.23207188, -0.31003782, -1.26305056, -0.1945866 ], dtype=float32), array([-0.65105063, -0.22250208,  0.74940026,  1.25064754,  0.86698872,
       -1.59146678, -0.80809873, -0.35062301, -0.49293587,  0.37583238,
        2.32543206,  0.38662261, -0.91651428, -0.80709881, -0.75725567,
       -1.58087158,  0.78950948, -1.42901039,  0.50026417, -2.3008256 ,
        1.37957323,  1.95710838, -0.38389701,  0.72554445,  0.25027016,
       -0.38756189, -0.493247  ,  2.49724531, -0.9578324 ,  0.48229593,
        0.15481782,  0.53496325, -0.04479046,  0.51030743, -0.43145633,
        0.46336001, -0.25729838,  0.59871548,  0.37479424,  0.68667239,
        2.14421487,  0.11744802, -0.42619881,  0.81925726,  0.78894758,
       -1.57378447, -1.17441249, -1.15179026, -0.53634167, -0.71187389,
       -0.55139363, -0.08625014,  1.92121911, -0.64329767,  0.33339021,
        1.88987553,  0.50035644, -1.61008167, -0.05357403, -0.23222005,
       -0.36567128, -1.55911255,  0.75011986,  1.08734155,  0.73750389,
       -0.44173402, -0.64249879,  0.89962786,  0.81990719,  1.62474525,
        0.39007729,  0.32928082, -0.58258605,  0.16812345,  1.81275582,
        0.47541389,  0.58057165,  0.05360774, -0.06268867, -0.15294906,
       -0.39249662, -0.35489368,  0.33925578, -1.09686518, -1.30417931,
        1.71062291, -0.22476214, -0.50065863, -0.49075282,  0.33477688,
       -0.5556553 ,  1.15799129, -0.93975669,  0.03319088,  0.60936451,
        0.59513146,  0.90748966, -0.50204545, -0.27440867, -1.13199544], dtype=float32), array([-0.83386779, -0.37331271,  1.02129102,  2.17219996,  2.72260833,
       -0.39418891, -3.11895871, -0.15180798, -0.21338096,  0.62338167,
        2.79460025, -0.40842667, -1.40627706, -2.88617754, -1.01818967,
       -4.10004902, -0.28419736, -2.83472371,  1.49223208, -4.3662529 ,
        1.75756979,  4.18926954,  1.15841568,  1.68984592, -0.01361684,
       -1.40295982, -0.13265727,  2.06640029, -0.62771332, -0.60457873,
        2.38387704, -0.55737603,  0.33223671, -0.86640435, -0.38864267,
        2.71417642, -0.12775865,  0.76274389,  2.00453758, -0.08177984,
        3.70422053,  1.83248043,  0.46453309,  2.1707716 ,  0.33686084,
       -1.99238563, -0.95249236, -1.46145916, -1.37797105, -1.57196748,
       -1.0514673 , -0.45691496,  3.32125521, -0.19662769, -0.7187174 ,
        4.29062128,  1.87955415, -0.83152157,  0.70635808,  0.36577213,
        1.92415237, -4.01564598,  1.00382531,  0.24434711,  2.30662394,
       -0.74799335, -1.31944513, -0.44743037,  2.03666234,  2.27049613,
       -0.1540812 , -0.22809398, -1.61739862, -1.48502374,  2.95221353,
       -0.71971732,  0.14869553, -1.01924193,  2.73860216, -1.11035955,
       -0.6388858 , -0.37928367, -0.78909618, -2.51700664, -2.18925285,
        2.36691809, -0.048956  , -0.8762148 , -1.44337416, -0.01296254,
       -2.77476025,  3.08742857, -1.1693424 ,  0.04687648,  0.08151182,
       -0.92105538,  0.95785195,  0.01962723, -0.08297297, -0.8551634 ], dtype=float32), array([-1.00656116,  0.07008897,  0.22360483,  3.0018611 ,  2.39683914,
       -1.65459156, -3.01940131, -1.35436857, -1.16669524,  0.97232985,
        4.2026763 , -1.05738783, -2.07713389, -2.63311052, -1.64486277,
       -4.05158997,  0.63628477, -3.72301841,  2.18304205, -4.87671089,
        1.85972512,  5.09403229,  0.57098508,  1.68307781,  0.64987326,
       -1.37180114, -0.3552998 ,  3.42565727, -1.56472456, -0.61488348,
        2.0243144 , -0.57617688,  0.45875883, -1.25142241, -1.6058495 ,
        2.2924428 , -0.41591319,  1.23482728,  1.97541356, -0.29545659,
        5.07353783,  1.7182126 , -0.47684622,  3.11366916,  0.56466466,
       -2.85311317, -1.61440802, -1.70618463, -1.4663887 , -0.81965709,
       -1.05778658, -0.1647687 ,  4.39716244, -0.24175449, -0.41876   ,
        4.76473188,  2.11856961, -2.78286338,  0.93721193,  0.72264761,
        2.04177141, -3.95279002,  1.07535827,  0.47929126,  2.08844566,
       -0.996957  , -1.78642368,  0.53809255,  2.05027294,  2.84592891,
        0.0943222 , -0.29901475, -1.13020682, -1.01748288,  4.92383528,
       -1.3537792 ,  0.04119869, -1.18034804,  1.44860351, -0.41077068,
       -1.38021588, -0.76794547, -0.3496922 , -1.95290375, -2.17441368,
        3.3440783 , -0.27191329, -1.57182014, -0.76573056,  0.1258049 ,
       -2.65257359,  2.80768895, -1.32688272, -0.64480644,  1.41609907,
        0.18638436,  1.76960027, -0.71579432, -0.18872756, -2.25891948], dtype=float32), array([-1.50455868, -0.10263111,  0.83083868,  3.91793227,  1.95696259,
       -1.01872194, -3.41080427, -0.68376309, -1.56389117,  0.57369345,
        3.61963725, -0.96728867, -2.64432979, -2.39908719, -0.97710854,
       -3.87907481,  0.77523708, -3.44597244,  2.63281083, -4.60368919,
        1.50798309,  4.99213505,  0.17758659,  2.04549766,  1.14802957,
       -0.64146876,  0.16257219,  3.85476041, -0.95725173, -0.42082742,
        2.06984758, -0.10880905,  0.14842536, -0.40134892, -0.98048663,
        3.16509748, -0.3984035 ,  0.44539946,  2.44097185,  0.29982188,
        4.34653568,  0.79271036,  0.69035685,  3.45785284,  0.34278023,
       -2.97794271, -0.96570235, -2.81117535, -2.34967089, -1.58934295,
       -2.00280523, -0.46779963,  4.4998889 ,  0.36735219, -0.71332514,
        5.21755981,  1.65354228, -2.02498913, -0.02289283,  0.82705718,
        1.52505159, -5.10979462,  1.20632493,  0.19868077,  2.49183249,
       -0.52908981, -0.95304942,  0.87746257,  2.51105785,  2.87161517,
       -0.12938866, -0.70677429, -0.96148545, -1.74053216,  4.33060837,
       -0.39490634,  0.83769113, -1.33363354,  1.97956467, -1.24273527,
       -1.11533511, -1.64624155, -1.46945405, -2.56948447, -2.8584106 ,
        3.13281059,  1.0273751 , -1.94006896, -0.83177185, -0.5943169 ,
       -2.90087485,  2.96115255, -2.03646827,  0.74722058,  1.31257391,
       -0.2612859 ,  0.75859976,  0.88204229, -0.59798682, -1.18008399], dtype=float32), array([-1.07770419, -0.91302794,  3.72659588,  4.64031887,  4.4906888 ,
       -4.35210037, -3.97931361, -1.90328598, -1.39137852,  1.77552962,
        6.77708626,  0.7621724 , -2.48136353, -3.34214544, -2.34392858,
       -7.40172625,  1.37953591, -4.65980053,  1.77630186, -8.16811371,
        3.13540268,  6.60092926,  0.53617215,  1.72944868,  0.05741962,
       -1.34023774, -1.10512793,  6.10661316, -2.32290959, -0.29241425,
        3.28687334, -0.3772378 , -0.25177193, -0.30217534, -1.94182825,
        1.16263115, -0.21939336,  2.16992903,  2.86693144,  0.6505087 ,
        7.94087648,  2.03357983, -0.32876533,  3.99762344,  0.98886448,
       -4.51775789, -3.22381377, -4.45960236, -1.51606429, -2.74535131,
       -1.64306593,  0.24603897,  6.45167494, -0.69522941,  0.10529476,
        7.72767639,  3.12254906, -3.00094056,  0.6111142 , -0.50259584,
        2.09065962, -6.02085638,  1.09041345,  1.13440061,  4.21517897,
       -1.50615311, -3.10676908,  1.61150014,  3.11477351,  5.64985943,
        0.38701397, -0.49145061, -1.93563974, -0.6951412 ,  6.27596903,
        0.36953396,  0.24260041, -0.47565529,  2.15129113, -1.25770593,
       -1.36008096, -1.66356933,  1.0873059 , -3.58329105, -3.83719945,
        5.74002314,  0.28560004, -0.43492386, -2.39564705, -0.52209437,
       -3.2916646 ,  3.93111682, -1.11004853, -0.10625386,  1.35758352,
        1.00766313,  2.89319086, -0.38031548, -1.0780232 , -1.88565564], dtype=float32), array([-1.04792905, -1.2802217 ,  0.98997867,  1.98832107,  0.94759166,
       -0.33763549, -0.84150672, -0.41651836, -1.80879605,  0.51118308,
        2.65141845, -0.07125217, -1.10694098, -1.15566683, -0.2762889 ,
       -1.64996278,  0.44112667, -2.13846016,  1.28709638, -1.95896566,
        1.29629886,  2.08040762,  0.43421519,  1.01761782,  0.50951785,
        0.20649664,  0.59515744,  3.14291978, -0.82367283,  0.24692236,
        0.96910149,  0.19984961,  0.86197376,  0.61070943, -0.91741812,
        1.42943144, -1.80749965, -0.00806209,  0.84581697, -1.01075566,
        2.26391721,  0.87169683,  0.95505047,  1.81261563, -0.02271907,
       -2.35467982,  0.10326748, -0.45315188, -1.69217658, -1.53128135,
       -2.07458878, -0.2835342 ,  0.44957769, -1.24764121, -0.43451712,
        1.98941386,  1.46609688, -1.22008586, -0.61839223,  0.41925859,
        0.07414455, -2.03705812,  0.85531396,  0.05204548,  1.02074063,
       -0.54411352,  1.35316372,  1.10390317,  0.62230313,  1.24930537,
       -0.27556342,  0.40245298, -0.61106306, -1.26377738,  2.75195026,
       -1.10012305,  0.30456263, -0.29429397,  0.95116007, -0.55492985,
       -0.02344804, -0.35177377, -1.10608482, -1.16077375, -1.69874644,
        1.20595968,  0.14041495, -1.35844374, -1.0421263 ,  0.50130451,
       -1.81371605,  2.66407108, -0.44959813, -0.05265328, -0.74244303,
        0.61110413,  1.34884596,  0.27562267, -1.21941233, -0.88104528], dtype=float32), array([ -7.68477678e-01,  -5.92203617e-01,   3.49944949e-01,
         2.49710274e+00,   2.75042176e+00,  -1.20211995e+00,
        -3.08578777e+00,  -9.47555006e-01,  -1.35691237e+00,
         1.40940535e+00,   3.32923365e+00,  -1.32543698e-01,
        -9.11068261e-01,  -2.57497001e+00,  -1.61537910e+00,
        -3.19003677e+00,   6.74306452e-01,  -2.27689815e+00,
         1.52540910e+00,  -3.64481640e+00,   2.71698499e+00,
         4.07133675e+00,  -3.40480685e-01,   2.03385186e+00,
        -1.67422548e-01,  -5.54687977e-01,   4.39671546e-01,
         3.28911066e+00,  -1.33327937e+00,  -4.75080878e-01,
         1.38478625e+00,   1.34303510e-01,  -3.79633844e-01,
         7.56732106e-01,  -1.06542492e+00,   2.01571083e+00,
        -6.44651651e-01,   8.88572931e-01,   1.19362843e+00,
        -4.96283174e-04,   3.93678021e+00,   2.95434088e-01,
        -3.14036161e-01,   2.56892776e+00,   1.05002940e-01,
        -2.48228693e+00,  -1.91198611e+00,  -2.44472909e+00,
        -1.88678932e+00,  -1.84385717e+00,  -1.48199987e+00,
         5.83350122e-01,   3.76856661e+00,  -6.47382259e-01,
        -6.21602476e-01,   3.66515326e+00,   2.22739100e+00,
        -2.45210147e+00,   3.42895180e-01,  -2.81670868e-01,
         1.41254091e+00,  -3.89563155e+00,   9.09775436e-01,
         1.03078854e+00,   1.95011353e+00,  -1.45189688e-01,
        -1.37943220e+00,   1.09076524e+00,   1.45239615e+00,
         2.79548001e+00,  -4.24539149e-01,   8.81695330e-01,
        -4.08176959e-01,  -2.18918443e+00,   3.61347198e+00,
        -3.90070230e-01,  -5.45922458e-01,   2.11603165e-01,
         1.25710380e+00,  -7.91127741e-01,  -3.48249435e-01,
        -8.75763714e-01,   2.16056526e-01,  -2.08012891e+00,
        -2.46138930e+00,   3.29271531e+00,   6.44892395e-01,
        -1.07426000e+00,  -9.79736567e-01,  -2.07780838e-01,
        -2.06201577e+00,   1.48145568e+00,  -1.08824360e+00,
         3.49833131e-01,   4.25663054e-01,  -1.29885852e+00,
         1.22753525e+00,  -4.01259154e-01,   1.28294036e-01,
        -1.75586128e+00], dtype=float32), array([ -1.60585785e+00,  -1.24696100e+00,   1.99261904e+00,
         3.04064202e+00,   2.74622130e+00,  -1.30513430e+00,
        -1.67447162e+00,  -1.97348082e+00,  -5.54602563e-01,
         1.70731938e+00,   2.70068884e+00,   1.19113892e-01,
        -1.89424562e+00,  -1.96068394e+00,  -9.47420537e-01,
        -4.40382147e+00,   1.31757557e+00,  -3.23350191e+00,
         2.24375200e+00,  -4.46950340e+00,   1.85967469e+00,
         3.35727358e+00,   1.64214164e-01,   1.69544601e+00,
        -2.92090744e-01,   1.51690692e-02,  -1.08145404e+00,
         2.59718537e+00,  -1.31269395e+00,  -8.67667645e-02,
         2.05760694e+00,   2.19802231e-01,  -4.85419393e-01,
         3.92622232e-01,  -1.72347951e+00,   1.74810886e-01,
        -3.47976923e-01,   4.40158784e-01,   1.52932799e+00,
         1.01781175e-01,   4.03680182e+00,   3.91465425e-01,
        -4.89587933e-01,   2.37376380e+00,  -5.91997355e-02,
        -2.37948895e+00,  -1.81412661e+00,  -3.39133406e+00,
        -2.79690146e+00,  -1.11718714e+00,  -5.15631020e-01,
         1.01873077e-01,   3.92242408e+00,   6.13284469e-01,
         6.90088511e-01,   3.57528210e+00,   1.92937195e+00,
        -2.97805285e+00,   1.23133993e+00,   2.57901102e-03,
         1.74761522e+00,  -5.19884682e+00,   3.69621187e-01,
        -3.98586631e-01,   2.57731509e+00,  -1.38258648e+00,
        -1.78406918e+00,   1.06920743e+00,   3.55032778e+00,
         1.92023063e+00,  -3.18754852e-01,   1.24915814e+00,
         2.28298962e-01,  -1.39895821e+00,   3.71466351e+00,
         4.28261399e-01,   1.34013402e+00,  -9.88225639e-02,
        -6.72369227e-02,  -9.93203759e-01,  -8.93938839e-01,
        -9.68824863e-01,   2.03449321e+00,  -2.51425076e+00,
        -2.25073552e+00,   3.19250560e+00,   2.41891310e-01,
        -1.16303885e+00,  -2.18447852e+00,  -8.28043699e-01,
        -2.41746545e+00,   2.54882979e+00,  -1.70442307e+00,
         4.11908060e-01,   7.03248501e-01,   7.37670898e-01,
         1.46360600e+00,   4.19565663e-02,  -4.64497864e-01,
        -7.34403729e-01], dtype=float32), array([-2.57384825, -0.65423208,  2.42483044,  3.78671765,  2.98540497,
       -3.01253223, -4.5012331 , -1.39373469, -1.5023855 ,  2.40419364,
        5.48126554, -0.6622588 , -1.7806443 , -4.35244608, -2.06104469,
       -5.06421328,  1.163095  , -5.44498301,  2.32862067, -6.89656258,
        3.82107377,  4.56745243, -0.60466582,  2.92762947,  0.61072063,
       -0.26566595,  0.49332601,  4.52732563, -2.56635785, -1.53892565,
        2.62928677,  0.78234959,  1.09257162,  0.36663184, -2.51218796,
        1.55089474, -2.6772511 ,  0.91163927,  3.12120843, -0.35927907,
        6.71076345,  1.17014837,  0.90890032,  4.27046299, -0.47745299,
       -4.36009026, -2.03786564, -3.59182549, -2.75044107, -2.17941213,
       -3.48547363,  0.71227604,  4.86901331, -1.50642276,  0.24280272,
        5.82334757,  3.40632057, -3.98478079,  0.43983805, -1.18479931,
        2.43153048, -7.20049   ,  1.45137751, -0.18211058,  3.67239618,
        0.19194981, -1.92751205,  3.11383653,  2.63815355,  4.72149181,
        1.54522169, -0.66161966, -1.38344049, -2.9767909 ,  6.12561512,
       -0.99550503, -0.48552412, -0.84193885,  2.38408804, -1.54695153,
       -1.17146993, -0.37965691, -0.31973088, -2.94716573, -3.96964931,
        5.0236392 ,  0.4790051 , -1.72002983, -1.73800671, -0.43853134,
       -2.76816368,  3.41616225, -1.54976881,  0.50570506,  0.18840499,
       -1.47810888,  2.3677063 ,  0.91435683, -0.7898249 , -2.15139508], dtype=float32), array([-0.70618892, -0.46414876, -0.49786353,  2.36830187,  1.60652804,
       -1.20821679, -2.59709907, -0.5475421 , -1.06236911,  1.69951987,
        2.95136976,  0.10473028, -1.01777947, -2.86821628, -0.98176438,
       -2.54148293,  0.3600207 , -2.21252108,  0.83169734, -3.67910933,
        1.90321898,  3.02831936,  0.39792073,  1.46764505, -0.17111297,
       -1.04493165,  0.54346573,  1.80347645, -1.09262943, -1.35287368,
        1.39110053, -0.85287714, -0.07945882, -0.16252993, -0.562626  ,
        1.60920894, -0.8217169 ,  0.42035937,  1.84584796,  0.3042568 ,
        3.90650439,  0.57444066,  0.10174682,  2.11873436, -0.14202856,
       -1.59568691, -1.40802836, -1.46475041, -1.96060741,  0.07348566,
       -1.1974678 , -0.56518245,  2.9526515 , -0.62255889, -0.588884  ,
        2.75931525,  2.03535771, -1.90846622,  0.65837348, -0.3423126 ,
        1.73027575, -3.63219047,  0.78126127,  0.03742735,  1.87615359,
       -0.44091368, -1.3407346 ,  0.70882893,  1.6783886 ,  1.83656394,
        0.0445687 , -0.88683951, -0.35376275, -2.17706966,  3.18867683,
       -0.40019614,  0.18826173, -0.62029684,  1.70102537, -0.55937642,
       -1.0003258 , -0.56131351,  0.42700303, -1.35181665, -1.60466218,
        3.42540479,  0.41804984, -0.77897662, -0.88877439, -0.78628141,
       -2.2668159 ,  2.30307555, -0.54935038,  0.38838947,  0.87100995,
       -0.81525761,  1.05751216,  0.23156112, -0.19671156, -1.21293855], dtype=float32), array([-1.40115821, -0.80264795,  2.21384263,  3.02864766,  2.34078884,
       -2.91754532, -2.63245201, -1.45773005, -1.15317893,  0.56969482,
        4.71277952,  0.38810432, -1.75284636, -1.98863423, -1.23630667,
       -5.24468422,  0.84445864, -3.88596201,  1.49544823, -5.97886133,
        2.55540633,  3.61855555,  0.27839744,  1.65656149,  0.03676218,
       -0.83108681, -1.19964552,  3.98835659, -1.6042583 ,  0.67648035,
        2.10731387,  0.07046922,  0.18571232,  0.53034997, -0.99119794,
        1.05236542, -0.45578021,  0.50577253,  2.28385353,  1.10770583,
        5.44610643,  0.49124858,  0.0189198 ,  2.84588385,  0.57465428,
       -3.49120736, -1.87830389, -3.18496323, -1.02655816, -2.04664326,
       -0.76919174,  0.07430865,  4.37902021,  0.20400992,  0.78156346,
        4.89708948,  1.91442418, -2.59642529, -0.39778611, -0.72674394,
        1.69569933, -4.36327791,  1.17278266,  0.98151189,  3.26905441,
       -1.02564538, -1.74879956,  0.93282098,  1.78949761,  3.69104767,
        0.53450137,  0.89153761, -0.762429  , -0.72364169,  4.03612041,
       -0.09942408,  0.53180909,  0.05021501,  1.62372434, -0.49039719,
       -0.72313672, -0.9057076 ,  1.46255589, -2.54270983, -3.07564926,
        4.11330795, -0.61945724, -1.30526161, -1.40016663, -0.07824294,
       -2.13480473,  3.07118487, -0.74928457,  0.04587422,  1.0209645 ,
        1.0723989 ,  2.16312456, -0.58540332, -1.31124496, -2.03848863], dtype=float32), array([-1.49757969,  0.44695401,  0.710989  ,  3.22684741,  1.89296067,
       -1.68084729, -2.56362295, -1.65266335, -0.90722317, -0.21026301,
        3.21757507,  0.78514206, -1.32956612, -2.32810426, -0.95357233,
       -3.65364194,  1.10481906, -2.2271502 ,  1.51739764, -3.4888742 ,
        1.84507835,  3.91981483,  1.04396486,  1.33141375,  1.16477847,
       -0.64896852, -0.68268877,  3.38262486, -1.37680507, -0.16792227,
        1.4743557 , -0.06417128,  0.87280703, -1.15060949, -0.58372456,
        2.48140693, -0.16820915,  1.82581425,  0.01062362,  0.19355963,
        4.46524715,  0.91520053, -0.93123645,  2.40307021,  0.32890785,
       -2.26943231, -1.58283222, -2.41460133, -1.81820714, -0.56133854,
       -0.46375716, -0.45907217,  3.58070517,  0.61256039, -0.29660627,
        4.70377541,  1.63345623, -1.71609342,  0.59450155,  0.95067656,
        0.83495826, -3.0419364 ,  1.12119234,  1.33369732,  2.47565603,
       -1.0859946 , -1.51276433, -0.33269382,  0.54114687,  1.86830401,
        0.64482027, -0.01164891, -0.3772772 , -1.42686439,  3.3188324 ,
       -0.90009689,  0.67692065, -1.02065098,  1.49345565, -0.35257587,
        0.37428105, -0.49648201, -0.58175093, -2.03485608, -1.31679022,
        3.2996459 ,  0.61206108,  0.51573092, -0.52776212,  0.52984351,
       -1.34686971,  1.98380482, -1.98556006,  0.34332237,  0.68966371,
        0.64462519,  0.63052571, -0.39530537,  0.05510917, -2.09414268], dtype=float32), array([-0.49675646,  0.17254533,  0.46882609,  1.69437361,  1.1864382 ,
       -1.11595309, -1.31725109, -0.375119  , -0.48589253,  0.50852263,
        2.34248614,  0.3378773 , -1.01794195, -1.50170827, -0.7724219 ,
       -2.01987267,  0.96886384, -1.27324188,  0.6291638 , -1.71372175,
        1.42887044,  2.18105912,  0.06889718,  0.54508972, -0.01875641,
       -0.89613199, -0.48147923,  2.01018858, -0.93694395,  0.18995979,
        0.3960937 ,  0.1970543 ,  0.5220198 ,  0.1909197 , -0.66872334,
        1.08074188, -0.5004465 ,  1.23855042,  0.49790567, -0.02295619,
        2.48417401,  0.7121073 , -0.18710223,  1.05235946,  0.07530054,
       -1.49431336, -1.23589635, -1.36704218, -0.6540345 , -0.57217121,
       -0.56660134,  0.19512352,  2.07833457, -0.68960947,  0.07824484,
        2.41011381,  1.03650427, -1.44721103,  0.11271365, -0.03870752,
       -0.06567692, -1.85017395,  0.27293402,  1.40078306,  1.51019418,
       -0.50338882, -1.15503943,  0.53567022,  0.92047369,  1.3685832 ,
        0.2048558 ,  0.1289126 , -0.59826189, -0.0997353 ,  1.9082613 ,
       -0.12599546,  0.42182407,  0.20144166,  0.36836267, -0.35487789,
       -0.04274637, -0.03965491,  0.0788409 , -1.20837617, -1.224177  ,
        1.23384583, -0.30818081,  0.16925184, -0.71925014,  0.13806579,
       -0.54779369,  0.90722013, -1.3024509 ,  0.19287403,  0.57721001,
       -0.09880186,  0.51453251, -0.24299358,  0.23784298, -1.33129084], dtype=float32), array([ -5.36127388e-01,   2.57432461e-03,  -8.34273845e-02,
         1.09666145e+00,   5.67630231e-02,  -4.76815850e-01,
        -9.61286306e-01,  -2.20865697e-01,  -2.97112763e-03,
        -1.53885886e-01,   1.20296276e+00,  -1.85428053e-01,
        -4.52256203e-01,  -8.58245268e-02,  -5.63305378e-01,
        -1.03056502e+00,   1.35051459e-01,  -1.37406182e+00,
         1.15748441e+00,  -1.71780539e+00,   7.97901690e-01,
         1.14250028e+00,   4.13169593e-01,   9.07600760e-01,
         6.24523759e-01,  -5.44028938e-01,   1.24761313e-02,
         8.23610485e-01,  -4.43848997e-01,  -1.09365650e-01,
         2.82016993e-01,   8.76465738e-02,  -5.58861159e-02,
        -3.09535682e-01,  -2.56744474e-01,   6.69273674e-01,
         5.14562726e-01,  -2.83024192e-01,   3.31977725e-01,
         4.76960987e-02,   1.19416857e+00,   3.07196915e-01,
        -4.55375314e-01,   8.30953002e-01,   1.95368081e-01,
        -5.34150183e-01,  -8.02059397e-02,  -5.68476200e-01,
        -5.75153053e-01,  -5.43925107e-01,  -3.41803074e-01,
        -4.79581773e-01,   1.20699573e+00,  -4.12345193e-02,
        -4.90437150e-01,   1.43061042e+00,   1.96772069e-01,
        -9.35413659e-01,   5.99680007e-01,   4.85120863e-01,
         4.04458493e-01,  -1.19046032e+00,   4.92827654e-01,
         5.67264259e-01,   1.17052996e+00,  -3.43393862e-01,
        -7.63358235e-01,  -6.09438121e-02,   7.24499106e-01,
         4.62695360e-01,  -5.97002953e-02,  -1.38272747e-01,
        -5.02314329e-01,  -3.02223414e-01,   1.42900491e+00,
         1.34937361e-01,   5.93773127e-01,   3.93259302e-02,
         7.95063496e-01,   2.18167245e-01,  -7.68353939e-02,
        -1.49654552e-01,  -1.44639641e-01,  -1.05096793e+00,
        -6.89338326e-01,   1.49631834e+00,   4.45980906e-01,
        -3.89540046e-01,   6.38332665e-02,   1.92041263e-01,
        -1.32310891e+00,   1.09179938e+00,  -2.59770095e-01,
        -9.31044593e-02,   6.17974162e-01,   1.59259483e-01,
         4.90657985e-01,   2.56787688e-01,  -1.70204043e-03,
        -6.00736141e-01], dtype=float32), array([-1.31821263, -1.01020229,  0.6299904 ,  3.19591427,  2.56748128,
       -0.73101974, -3.4885726 , -1.66330743, -1.99132943,  2.15381765,
        3.90349865, -0.29483277, -1.2455343 , -3.84268117, -0.39237565,
       -4.28086424,  0.77287179, -2.93562746,  1.94703758, -5.64138079,
        2.98080659,  4.1958456 ,  0.14483678,  2.47461414, -0.0870492 ,
       -1.3762449 ,  0.54493463,  3.2989769 , -1.77012336, -1.16031539,
        1.95709205, -0.6123991 ,  0.41234797,  0.39718312, -1.65512967,
        2.28416395, -1.1548723 ,  0.66445339,  2.15066576, -0.19694567,
        5.71115255,  0.7697199 ,  0.01185724,  3.15276575, -0.54479963,
       -2.57810116, -1.40897596, -2.72191715, -2.53408241, -1.38357568,
       -1.30829203,  0.21992004,  4.30837011, -0.07790327, -0.24794891,
        4.09684801,  2.35459065, -2.95826387,  0.0336234 ,  0.35725924,
        2.67432356, -5.90182447,  1.17250359,  0.22806619,  3.11033082,
       -0.3514179 , -2.72033644,  0.76468629,  2.28262901,  3.06788707,
        0.27338114, -0.05046004, -0.4036209 , -2.68660712,  3.74789381,
       -0.46391496, -0.16872545, -0.60398632,  1.85992968, -1.04220593,
       -0.32037127, -1.11512876,  0.37135464, -2.4587698 , -3.44844484,
        3.68875551,  0.25197145, -1.07367134, -0.65314662, -0.50045246,
       -2.4450798 ,  2.07367826, -1.73042238, -0.04692192,  0.7840175 ,
       -0.42727199,  1.75096726,  0.2496022 ,  0.28882647, -1.47142243], dtype=float32), array([ -4.72920626e-01,   1.06870428e-01,   9.91086185e-01,
         3.31684613e+00,   4.10814810e+00,  -1.57878137e+00,
        -3.38101482e+00,  -6.77033544e-01,  -1.23228157e+00,
         1.65117228e+00,   4.55187941e+00,  -1.35929346e+00,
        -2.37859869e+00,  -3.48981738e+00,  -1.97991109e+00,
        -5.16757441e+00,   4.63803589e-01,  -4.52222919e+00,
         2.62402654e+00,  -4.98151922e+00,   2.36681485e+00,
         5.20833302e+00,  -2.21833766e-01,   1.90701985e+00,
         1.06075943e+00,  -1.61136413e+00,  -8.15015197e-01,
         3.80647945e+00,  -9.22327101e-01,  -9.00001228e-01,
         2.52036691e+00,  -1.66580990e-01,   1.08588207e+00,
        -2.83805370e-01,  -1.05638885e+00,   3.05328441e+00,
        -2.67914712e-01,   1.28485394e+00,   2.01505494e+00,
         8.62788796e-01,   5.75049686e+00,   9.58943367e-01,
        -3.27926874e-01,   2.56900120e+00,  -3.89065027e-01,
        -3.34145689e+00,  -2.41560435e+00,  -2.82885599e+00,
        -1.76972985e+00,  -1.75574100e+00,  -1.24325883e+00,
        -5.48284575e-02,   5.94245434e+00,   8.18490863e-01,
        -6.10121131e-01,   5.19074917e+00,   2.88259077e+00,
        -3.12513018e+00,   2.65282661e-01,   5.07306695e-01,
         2.80049229e+00,  -5.65416622e+00,   9.45539773e-01,
         1.28650177e+00,   4.06501198e+00,  -2.00692558e+00,
        -3.17024875e+00,   1.45807719e+00,   2.21704841e+00,
         3.97410440e+00,  -1.71247751e-01,  -2.15129226e-01,
        -1.52521265e+00,  -2.50480890e+00,   4.53664827e+00,
        -1.56228125e-01,  -2.62789708e-02,  -9.51003313e-01,
         2.18266201e+00,  -9.40068364e-01,  -1.04855752e+00,
        -1.87192786e+00,  -3.87153089e-01,  -2.82027960e+00,
        -3.01453900e+00,   4.66481304e+00,   1.64950430e-01,
        -1.40846765e+00,   2.82946192e-02,  -4.39130276e-01,
        -2.59631228e+00,   2.39365172e+00,  -2.67406893e+00,
        -1.20647252e-03,   1.36933422e+00,  -4.44774002e-01,
         1.27478766e+00,  -7.89463282e-01,   3.80440861e-01,
        -2.10450101e+00], dtype=float32), array([-1.06165159, -1.06919932,  1.56105292,  3.80525136,  3.21901751,
       -1.01972699, -3.40945387, -1.05984783, -2.7802484 ,  1.94562852,
        4.55183983, -0.97917658, -2.04889321, -3.63378644, -1.83725417,
       -4.51102877,  0.47629142, -3.81913352,  1.73080957, -4.95755863,
        3.29131126,  4.41202068,  0.05762136,  2.69688702,  0.34969971,
       -0.58368403,  0.8345452 ,  4.95518351, -1.92376125, -0.98892367,
        2.15647364, -0.23651536,  1.11469352,  1.10231495, -2.04254889,
        2.67400742, -1.92513585,  1.24413574,  3.10704684, -0.27403983,
        5.36717749,  1.30986822, -0.01018229,  3.0036335 , -0.01685301,
       -3.36739612, -2.48698545, -2.32135773, -2.5830307 , -2.09423947,
       -2.56243253,  0.65258777,  4.14804888, -1.23402524, -0.55596679,
        4.92576599,  3.04646444, -3.07322955, -0.19882064, -0.90400672,
        1.47828364, -5.25400114,  1.4117049 ,  0.02137387,  3.32000208,
       -0.54813564, -1.21455407,  1.73358071,  2.28345275,  3.42619896,
        0.40851706,  0.11837357, -0.86137533, -3.01645565,  4.41632318,
       -1.22306824,  0.07868096, -0.75820667,  1.9098171 , -1.56127679,
        0.21339507, -0.37893474, -0.53362519, -2.3343873 , -3.39152455,
        3.2897284 ,  0.30393687, -1.62846553, -0.79751718,  0.10838532,
       -2.73011804,  2.61160135, -0.80752957,  0.38838762, -0.04897726,
       -0.42730331,  1.96358824,  0.09152105, -0.98143041, -1.41456914], dtype=float32), array([-0.39035493,  0.40482354,  0.13661024,  3.10471797,  2.32740688,
       -1.42573988, -3.22694993, -1.21362269, -0.44308165,  0.72681206,
        2.78879213, -0.75930059, -1.64412737, -1.59245002, -0.76080841,
       -3.09891057,  1.68824148, -2.6001792 ,  2.82966232, -3.40419936,
        1.38772476,  3.72868252,  0.31957871,  1.43413377,  1.26288104,
       -0.47646967, -0.32479173,  3.86645555, -1.2092278 , -0.53380036,
        2.11345577, -0.76347053,  0.17864048,  0.29580194, -1.26335812,
        1.49565423, -0.1778591 ,  0.30545145,  0.79433477, -0.55197358,
        3.74120712,  0.2042913 ,  0.08204594,  3.15161204,  1.00593042,
       -1.98473382, -2.3077035 , -2.09008956, -1.80772507, -0.24795803,
       -1.2511977 ,  0.28328604,  2.47611928,  0.29787502, -0.07871693,
        3.97059298,  1.61576819, -2.60434794,  0.4524264 ,  0.89939624,
        0.81167674, -3.58497238,  0.29566562,  0.01163955,  1.94092059,
       -1.38914704, -1.33706594,  0.43576053,  1.3968662 ,  2.6669085 ,
        0.15080944,  0.07004285, -0.75755584, -1.29368603,  3.65152168,
       -0.38097286, -0.32051229, -0.79665083,  1.32656288,  0.07198338,
       -0.7763446 , -1.28121209, -0.74554253, -1.85221744, -1.71548998,
        3.58342314,  0.35304251, -1.14394426,  0.72643715, -0.14813401,
       -2.36729932,  1.25621974, -1.75616992,  0.06487466,  1.5684185 ,
       -0.02568265,  0.26354858, -0.19693756, -0.14277893, -0.49775672], dtype=float32), array([ -1.04539633e+00,  -3.19378614e-01,   2.01963857e-02,
         2.03765059e+00,   3.20641458e-01,  -9.01238143e-01,
        -1.29976451e+00,  -6.26340687e-01,  -1.02306056e+00,
         1.41363835e+00,   2.79706812e+00,  -5.41573800e-02,
        -3.65074426e-01,  -2.44126701e+00,  -1.18343771e+00,
        -2.04919434e+00,   1.21297634e+00,  -2.21461248e+00,
         2.00781941e+00,  -3.18761849e+00,   1.56100190e+00,
         2.62608409e+00,   3.89031082e-01,   1.94176984e+00,
         2.08655410e-02,  -1.22676098e+00,  -4.20244992e-01,
         2.01517844e+00,  -1.12639797e+00,   3.38004082e-02,
         3.33350033e-01,  -4.04879600e-01,   8.80883574e-01,
        -5.80779314e-01,  -9.68196630e-01,   1.15582061e+00,
        -3.42866600e-01,  -2.91183013e-02,   1.19127798e+00,
        -2.78608799e-01,   2.11681342e+00,   3.79673183e-01,
         3.75740826e-01,   2.21503520e+00,   1.15677845e+00,
        -1.56082988e+00,  -2.65627742e-01,  -1.89033842e+00,
        -9.59116161e-01,  -4.86987352e-01,  -2.83177327e-02,
         9.30014849e-02,   2.16283464e+00,   4.23896372e-01,
        -4.89891738e-01,   3.46345901e+00,   3.54437232e-01,
        -1.95935857e+00,   4.90955710e-01,   8.11321020e-01,
         1.49439096e+00,  -3.52650332e+00,   3.07054341e-01,
         1.58922955e-01,   2.78296924e+00,  -9.23073053e-01,
        -1.25726211e+00,   5.68242967e-01,   1.12468779e+00,
         8.18729758e-01,  -2.83430517e-02,   4.12514836e-01,
        -5.68037927e-01,  -1.14564145e+00,   2.88007832e+00,
        -5.17210484e-01,   3.69559050e-01,  -9.34283286e-02,
         6.37537062e-01,   5.29273301e-02,  -4.48495597e-01,
        -6.84136450e-01,  -1.56099272e+00,  -2.10626721e+00,
        -1.78397882e+00,   3.45135689e+00,   1.06459081e+00,
        -1.27660847e+00,   3.60622883e-01,   3.94160986e-01,
        -1.87316787e+00,   2.09040380e+00,  -1.50752330e+00,
        -1.25840306e-05,   8.60108972e-01,  -6.87103033e-01,
         5.64898610e-01,   8.71091008e-01,  -5.42619467e-01,
         1.01841792e-01], dtype=float32), array([-0.46589363, -0.11630367,  0.24183232,  1.94944191,  1.53645384,
       -1.21808124, -2.55675912, -0.28145403, -1.23746371,  0.43806565,
        2.5837183 , -0.19720933, -0.93593341, -1.35470736, -1.04038942,
       -2.63376307,  0.80914086, -2.21065021,  1.11410356, -3.25977802,
        2.12995291,  3.10018039,  0.03688665,  1.09101534, -0.18348216,
       -0.74949068, -0.32157135,  2.94828534, -0.51485008, -0.41039175,
        1.20054162,  0.50093627, -0.01084474,  0.32077533, -0.43401155,
        2.03773427, -0.5991379 ,  1.21565807,  0.54549301, -0.55521005,
        2.60788369,  0.82969207, -0.45185828,  1.63475502,  0.24244471,
       -2.05388999, -1.31887746, -1.70282233, -0.73206747, -0.80573505,
       -0.94492507,  0.04800265,  2.83234   , -0.67163718, -0.07588809,
        3.80489016,  1.52825713, -1.333287  ,  0.59393209, -0.2697143 ,
        0.18997829, -2.47773504,  0.72206104,  0.90500581,  2.1876688 ,
       -0.63112289, -0.98875648,  0.96626639,  0.82461637,  2.02226782,
        0.07708794, -0.16295527, -2.30599523, -1.30055118,  2.77762866,
       -0.18365301,  0.08479332,  0.27866518,  1.34619355, -0.49440682,
       -0.58336371, -0.03531468, -0.94434118, -1.15242159, -1.49322581,
        2.82334399, -0.09706105, -0.26157036, -0.2225402 ,  0.99528116,
       -1.98499143,  1.5247829 , -0.56621492,  0.40240851,  0.6209293 ,
       -0.11177373,  0.95066828, -0.24058042, -0.27514893, -0.9929508 ], dtype=float32), array([-0.23118085, -0.23362707,  0.68404251,  0.90899354,  1.36369622,
       -0.93764418, -1.92841077, -0.04883553, -0.23510928,  0.63960302,
        1.45159245, -1.00991118, -1.2717613 , -2.07801557, -0.67521733,
       -1.99877191,  0.26833862, -1.4704653 ,  1.09092987, -2.00211382,
        1.07004619,  1.55943179, -0.13630097,  0.89458179,  0.38412923,
       -0.55780053,  0.10658136,  1.11576486, -0.99638629, -0.34755397,
        0.62849778, -0.16492797,  0.48475412,  0.16091816, -0.70309186,
        1.55442619, -0.53181016,  0.69080323,  1.2989198 ,  0.27550423,
        2.40801573,  1.05943263,  0.29000354,  1.90790141,  0.0827174 ,
       -1.16156352, -0.89426434, -0.83928239, -0.93509352,  0.13373786,
       -1.00708365, -0.16760644,  1.87625313, -0.49604768, -0.29048458,
        2.34966135,  0.90427977, -0.50250304, -0.10968129,  0.01136369,
        0.6534071 , -3.081393  ,  0.53031909,  0.15468724,  1.33262539,
       -0.00618004, -0.5776453 ,  0.57989573,  0.84015602,  1.14190555,
        0.42325184, -0.5594914 , -0.85022408, -0.77692956,  1.54365313,
       -0.37948191, -0.39184335, -0.62067062,  1.38284695, -1.24584877,
       -0.37737408, -0.33015913, -0.05057556, -1.07446194, -1.15243554,
        1.31195891,  0.32178846,  0.03139913, -0.46275881, -0.30761316,
       -1.26537991,  0.58902419, -0.79732811,  0.05916872,  0.30404326,
       -0.80964279,  0.26501599,  0.31199211, -0.32251859, -0.64411849], dtype=float32), array([-0.50249797, -0.14115527, -0.16189978,  0.90678263,  0.140724  ,
       -0.31736487, -0.75064903, -0.32242823, -0.31107283,  0.47362292,
        0.59287173, -0.0976214 , -0.19174258, -0.71711379, -0.10720048,
       -0.5859372 ,  0.6037423 , -0.54917139,  0.69487131, -1.15763879,
        0.65797377,  0.84513998,  0.22955872,  0.2944566 ,  0.37350473,
       -0.21358353,  0.04288277,  0.62381506, -0.70395505, -0.06141049,
        0.128178  , -0.41931185,  0.08451773, -0.33872437, -0.34631005,
        0.52721733,  0.07109515, -0.01244458,  0.27944803, -0.03430518,
        1.17930293, -0.19077073, -0.01013221,  0.79475415, -0.29658315,
       -0.73163235, -0.1435339 , -0.30828953, -0.95324737,  0.09295774,
       -0.55169052, -0.10059872,  0.78960574,  0.01393024,  0.20620103,
        0.81426466,  0.32252866, -0.76242137,  0.42349291,  0.17637184,
        0.42527682, -1.29119718, -0.05460213, -0.22619544,  0.63995874,
       -0.35798931, -0.25248098,  0.5366022 ,  0.57706481,  0.43036312,
       -0.27590421, -0.28979707,  0.07985561, -0.47328645,  1.04751778,
        0.42336816,  0.49506608, -0.37133014, -0.22284649,  0.0145549 ,
       -0.34672949, -0.05365582, -0.20289674, -0.68440485, -0.59642029,
        0.80425882,  0.52795726, -0.29882881,  0.20156895, -0.04939763,
       -0.3886725 ,  0.48015952, -0.49505657, -0.00549792,  0.56809986,
       -0.17721033,  0.13991591,  0.30910984,  0.48668057, -0.52082163], dtype=float32), array([-0.5478695 , -1.62869799,  1.63083434,  3.23245168,  2.40193152,
       -1.56784701, -2.13499093, -0.87697941, -2.20948076,  0.82415426,
        3.39419222,  0.31525582, -2.0910728 , -2.4529202 , -0.93029249,
       -4.23082829,  0.26208085, -3.42403722,  2.22072911, -3.50989342,
        2.68848157,  3.179111  ,  1.18724775,  2.41721106,  0.48762596,
       -0.45301971,  0.30539903,  3.25440359, -0.47219974, -0.62161267,
        2.49316525, -0.72131753,  1.454054  ,  0.10546476, -1.18679571,
        1.86809742, -2.10274076,  1.29847085,  2.14012456, -0.4416326 ,
        5.31931019,  2.46845031,  0.92833596,  2.10118127, -0.2102443 ,
       -2.99238729, -1.2743777 , -1.64885998, -1.44207585, -2.69142795,
       -2.48781514,  0.02010418,  2.32254076, -1.78295684, -0.52016813,
        3.79628873,  3.24474525, -1.86334348,  0.22405705, -0.10691309,
        1.0906285 , -3.98521471,  0.69950795,  0.4199616 ,  2.91499352,
       -0.63075674,  0.47309494,  0.66614717,  2.30502868,  2.72362804,
       -0.33459014, -0.07542121, -1.99029458, -2.20926309,  3.13157773,
       -0.73855114,  0.09250809, -0.92976552,  1.2983284 , -1.25492644,
        0.28259841, -0.13018623, -0.95389366, -1.23652387, -2.05651474,
        2.35579753,  1.00052059, -0.8625018 , -1.58657134,  0.07905103,
       -2.90965986,  3.65017486, -0.19321647,  0.33231121, -0.67389357,
        0.23926687,  2.26067543,  0.62125003, -0.86080462, -2.03231645], dtype=float32), array([ -1.31587815e+00,  -1.46921778e+00,   1.85005200e+00,
         3.09708691e+00,   1.68217039e+00,  -1.08111584e+00,
        -1.32548916e+00,  -9.11630809e-01,  -1.76178098e+00,
         6.39969409e-01,   3.02413964e+00,   7.43690208e-02,
        -2.24912786e+00,  -1.72536552e+00,  -6.72908902e-01,
        -3.04546690e+00,   4.76616770e-01,  -2.98721337e+00,
         1.98793137e+00,  -2.95469713e+00,   1.98416531e+00,
         3.46360850e+00,   1.02933931e+00,   2.02870512e+00,
         8.26303959e-01,   5.55786006e-02,   2.78883189e-01,
         3.71061468e+00,  -6.21238351e-01,  -5.66386580e-01,
         1.65083635e+00,  -4.69333708e-01,   1.23655438e+00,
         3.52151275e-01,  -1.07003272e+00,   1.59139705e+00,
        -9.86290097e-01,   3.97085011e-01,   1.99502707e+00,
        -1.13410151e+00,   4.28471088e+00,   1.79421842e+00,
         9.45156872e-01,   2.50901341e+00,   2.91059107e-01,
        -2.58853078e+00,  -6.16294086e-01,  -1.36793792e+00,
        -1.87869108e+00,  -1.73824775e+00,  -2.50026727e+00,
        -8.22866634e-02,   1.25905335e+00,  -9.26563859e-01,
        -2.40597114e-01,   3.21351767e+00,   2.45877957e+00,
        -1.38287878e+00,   2.34682381e-01,  -3.58282179e-02,
         2.95558870e-01,  -3.38598251e+00,   9.96486366e-01,
         5.42477518e-02,   1.82707965e+00,  -7.35810995e-01,
         5.93043923e-01,   9.51078475e-01,   1.68253791e+00,
         2.13306069e+00,   5.15019000e-02,   4.72058475e-01,
        -1.55171633e+00,  -1.66944671e+00,   3.24720669e+00,
        -1.22587228e+00,   1.66089892e-01,  -8.80145848e-01,
         1.13986742e+00,  -6.10289752e-01,  -3.64989281e-01,
        -6.19702697e-01,  -1.40706336e+00,  -1.25854194e+00,
        -1.98444426e+00,   1.91789961e+00,   4.61626440e-01,
        -1.47414148e+00,  -7.89168596e-01,   2.18448207e-01,
        -2.40572262e+00,   3.18763256e+00,  -8.40094686e-01,
        -8.22319761e-02,  -8.31999063e-01,   1.05532229e+00,
         1.28742528e+00,   2.98321992e-03,  -1.06866503e+00,
        -1.14257741e+00], dtype=float32), array([ 0.12866467, -0.23382527,  0.01501376,  2.49806309,  1.39760053,
       -2.25260329, -1.88592458, -0.88204855, -0.30202579,  0.19454628,
        2.74547291,  0.02070723, -1.61341119, -2.31791043, -0.97743362,
       -4.82627201,  1.00293982, -2.34302378,  2.25548172, -4.0366087 ,
        2.53455687,  4.14639521,  0.92960006,  1.53762174,  0.96614361,
       -0.87377048, -0.88691813,  3.28345728, -0.5378139 , -0.31033522,
        1.87630379, -0.48875326, -0.92107952, -0.79422688, -0.41973275,
        0.89230037,  0.558891  ,  0.97088009,  0.85524893,  0.24896438,
        4.36638308,  1.65857339, -1.22499466,  2.76521683,  0.63401568,
       -2.03299594, -2.00892496, -2.60642815, -0.46158698, -1.76636732,
       -0.40042365,  0.30346429,  3.9541204 , -0.76480538, -0.93044889,
        4.53205252,  1.44845772, -2.05235505,  0.50200975,  1.20208764,
        0.3740907 , -3.06673241,  0.47078258,  1.25148308,  3.16438651,
       -0.37976888, -1.35803533,  0.14792654,  1.32799852,  2.30294585,
       -0.1527306 , -0.02990465, -1.82404125, -0.97227728,  2.6730051 ,
       -0.25861323, -0.23948276,  0.18092637,  1.66157496, -0.74212492,
       -0.15980351, -1.28491306,  0.43644822, -1.90487099, -1.91694438,
        2.95211172,  0.02898584,  0.01275641, -0.98550421,  0.43535468,
       -2.76689005,  0.94497085, -1.33137524,  0.76021695,  0.77484858,
       -0.09879248,  1.14075792,  0.15208215,  0.22156428, -1.068295  ], dtype=float32), array([ -4.24258530e-01,   8.76873881e-02,   2.48305544e-01,
         3.40348125e+00,   3.22417736e+00,  -2.24769974e+00,
        -2.51724553e+00,  -1.72322357e+00,  -3.25743318e-01,
         3.66261423e-01,   3.93773222e+00,  -5.31355679e-01,
        -2.03434920e+00,  -2.36199498e+00,  -2.20157981e+00,
        -5.00564814e+00,   1.08505774e+00,  -2.85430932e+00,
         1.35802984e+00,  -3.85819268e+00,   2.83557677e+00,
         4.33290148e+00,  -1.04148746e-01,   1.36575317e+00,
         1.32139772e-04,  -1.14900970e+00,  -4.77062941e-01,
         3.91929460e+00,  -1.32509565e+00,  -6.04237914e-01,
         1.70204818e+00,  -3.98025453e-01,  -1.78991288e-01,
        -2.24047318e-01,  -6.56211674e-01,   1.15777159e+00,
         1.81566179e-01,   1.33620286e+00,   1.06091177e+00,
         5.40046096e-02,   4.66414690e+00,   7.41420448e-01,
        -1.01169205e+00,   3.09464598e+00,   1.96013317e-01,
        -2.08150983e+00,  -1.77754092e+00,  -1.95433819e+00,
        -1.34760678e+00,  -9.25560355e-01,  -5.91294944e-01,
        -9.07339528e-02,   4.70285034e+00,  -1.12658930e+00,
        -8.63879979e-01,   4.71972513e+00,   2.32042313e+00,
        -2.65580010e+00,   7.16632068e-01,   7.36947834e-01,
         7.47426629e-01,  -2.98544407e+00,   7.43903279e-01,
         5.78369319e-01,   2.80457187e+00,  -9.01124597e-01,
        -2.52209330e+00,   1.32532287e+00,   1.95935369e+00,
         2.39526987e+00,  -3.49064320e-02,  -1.38457012e+00,
        -1.31864798e+00,  -1.47404027e+00,   3.55477643e+00,
        -2.17672303e-01,  -3.33389103e-01,   1.88501805e-01,
         1.34767056e+00,  -1.03425205e+00,  -2.24571347e-01,
        -1.03230655e+00,   4.07206982e-01,  -2.29864192e+00,
        -1.94417131e+00,   3.08055758e+00,  -1.49084106e-02,
        -1.08137444e-01,  -1.01936436e+00,   6.80900097e-01,
        -2.99350309e+00,   1.41409421e+00,  -9.81844127e-01,
         8.27791512e-01,   7.37053871e-01,  -4.88332510e-01,
         1.56950748e+00,  -4.55242604e-01,  -3.06824297e-01,
        -1.62566197e+00], dtype=float32), array([ -1.72445190e+00,  -4.39808577e-01,   9.44242239e-01,
         3.73039460e+00,   2.77955461e+00,  -3.49934268e+00,
        -3.08780646e+00,  -1.60587609e+00,  -9.33713138e-01,
         1.26459301e+00,   5.86090279e+00,  -1.66168582e+00,
        -1.74414635e+00,  -2.13806105e+00,  -1.49971139e+00,
        -4.27914381e+00,   1.92474592e+00,  -4.36189413e+00,
         2.12998772e+00,  -6.94896650e+00,   1.91694248e+00,
         4.92314243e+00,  -5.96578777e-01,   1.91086864e+00,
         8.79032612e-01,  -1.12975347e+00,  -1.48338914e-01,
         4.56871080e+00,  -1.17747915e+00,   1.48438215e-02,
         2.30574203e+00,   4.81001318e-01,   5.18241942e-01,
         1.61574036e-03,  -1.46677780e+00,   2.28353047e+00,
        -1.62484273e-01,   8.32165718e-01,   1.39439034e+00,
        -1.31298780e+00,   5.67590237e+00,   8.56851876e-01,
        -9.51703906e-01,   3.75480032e+00,   1.35416031e+00,
        -3.95004010e+00,  -1.74356294e+00,  -3.55227113e+00,
        -1.39093804e+00,  -4.55451369e-01,  -1.28597641e+00,
         6.86080456e-01,   5.46995497e+00,   3.16833854e-01,
        -1.04815960e+00,   5.97364902e+00,   2.45408988e+00,
        -3.53255534e+00,   1.13937032e+00,   3.65459621e-01,
         1.22866952e+00,  -4.18405771e+00,   1.49029195e+00,
         1.49760735e+00,   2.24269891e+00,  -1.42300797e+00,
        -2.46898580e+00,   1.30979609e+00,   1.58459318e+00,
         3.61709142e+00,   5.58152050e-02,  -5.40063143e-01,
        -8.88309777e-01,  -1.27758443e+00,   5.80727816e+00,
        -1.31225622e+00,   2.70640463e-01,  -5.19950628e-01,
         1.39768374e+00,   2.51258612e-01,  -1.98148453e+00,
        -1.87199056e+00,  -1.31165659e+00,  -2.52915072e+00,
        -3.00145698e+00,   4.83497334e+00,   5.12130737e-01,
        -1.28127480e+00,   8.42063487e-01,   1.16138577e+00,
        -2.37854195e+00,   3.02271032e+00,  -2.10845327e+00,
        -1.30140615e+00,   1.54486930e+00,   7.61155486e-01,
         1.46578014e+00,  -1.14620626e+00,  -3.05884004e-01,
        -1.18565106e+00], dtype=float32), array([ -5.36225319e-01,  -5.50296158e-02,   6.97844207e-01,
         2.41437912e+00,   3.29353499e+00,  -1.98925698e+00,
        -2.60481024e+00,  -1.09454989e+00,  -6.86507702e-01,
         8.08102012e-01,   3.59007454e+00,  -1.06828618e+00,
        -1.86079884e+00,  -2.70372009e+00,  -1.92636204e+00,
        -4.43405962e+00,   1.00321543e+00,  -3.82853913e+00,
         1.15004027e+00,  -4.93710947e+00,   1.78043067e+00,
         4.51876736e+00,   1.69749588e-01,   1.25247955e+00,
         8.52010369e-01,  -1.73481238e+00,  -3.48146468e-01,
         3.63724828e+00,  -1.44140840e+00,   2.09836811e-02,
         1.70863259e+00,  -1.05369031e+00,   1.17422722e-01,
        -5.32236874e-01,  -9.47568536e-01,   2.96213484e+00,
        -8.35802406e-02,   7.49536932e-01,   1.95810461e+00,
         7.28138268e-01,   5.45638990e+00,   1.23815572e+00,
        -7.97322690e-01,   2.29050517e+00,  -7.32632756e-01,
        -2.91885233e+00,  -2.01862478e+00,  -1.33666909e+00,
        -2.05010319e+00,  -1.28953981e+00,  -1.54854918e+00,
         3.49339485e-01,   4.81375217e+00,   4.37418699e-01,
        -1.84229404e-01,   4.23634005e+00,   2.42107916e+00,
        -2.22110820e+00,   6.72155678e-01,   5.50661445e-01,
         9.54317272e-01,  -3.83078170e+00,   1.00934970e+00,
         6.20541513e-01,   1.90901315e+00,  -1.59803832e+00,
        -1.74061239e+00,   1.14106905e+00,   1.01681244e+00,
         3.21343780e+00,  -1.09877914e-01,   3.99607942e-02,
        -1.29612577e+00,  -1.58340883e+00,   3.82437682e+00,
        -6.48005605e-01,   2.08196975e-03,  -5.20479202e-01,
         1.22051704e+00,  -1.16630673e+00,  -7.80003726e-01,
        -1.27948713e+00,  -4.88653004e-01,  -1.42935693e+00,
        -2.94587159e+00,   2.84612083e+00,   6.09633446e-01,
        -1.06821203e+00,   3.99897158e-01,  -8.20158243e-01,
        -2.18627501e+00,   1.66531420e+00,  -1.17762470e+00,
        -1.17710650e+00,   4.18349981e-01,   3.71290088e-01,
         1.85963547e+00,  -1.28769410e+00,  -1.09133966e-01,
        -2.05253100e+00], dtype=float32), array([-0.15438361, -0.21227577, -0.41214406,  1.16443229,  0.67473942,
       -0.76959348, -1.50548482, -0.40797016, -0.54708886,  0.78565115,
        1.08674955, -0.06798936,  0.01471963, -1.2938503 ,  0.16801473,
       -1.8509326 ,  0.27117598, -1.08675146,  0.4868646 , -1.40243936,
        1.11087894,  1.88675821,  0.34275204,  0.60825181,  0.04036916,
       -0.80586439, -0.29932067,  1.11003637, -0.57102805, -0.5166223 ,
        0.67644471, -0.44128853,  0.28462231, -0.42050645, -0.32412714,
        1.30663323, -0.48133481,  0.42766756,  1.03056264, -0.09939025,
        1.66614723,  0.49987563, -0.3533493 ,  0.99808234, -0.47283936,
       -0.70514643, -0.42841893, -0.53198433, -1.33718145, -0.37176317,
       -0.35959938, -0.0659164 ,  1.47104049, -0.34773642, -0.26682428,
        1.1692971 ,  0.59303999, -1.04999995,  0.31026649, -0.24076074,
        0.98026121, -1.52686036,  0.21953471,  0.04241954,  1.03516328,
       -0.58334297, -0.65587729,  0.03515137,  0.84596002,  1.24284673,
       -0.38462806,  0.03522908, -0.2998656 , -1.10658121,  1.26498282,
        0.08402117, -0.01789396, -0.23492807,  0.49333256, -0.24088857,
        0.13013817, -0.39564991,  0.21575311, -1.12797451, -0.6137709 ,
        1.88830686,  0.03076874, -0.77770227, -0.52307802, -0.4404524 ,
       -1.19850063,  0.4115105 , -0.33407825,  0.19596258,  0.12775183,
       -0.33628425,  0.18916173, -0.18963924, -0.05376129, -0.69898599], dtype=float32), array([-1.75187135, -0.92539221,  1.30693686,  3.35567856,  3.52302527,
       -1.39192379, -3.73680663, -1.36897302, -2.74017453,  1.57219899,
        4.39110279, -0.87833416, -2.07559395, -2.54991174, -2.12740564,
       -4.35197163,  0.36013716, -3.58734941,  0.96035451, -5.7830224 ,
        3.48847246,  4.45796251, -0.3694641 ,  1.66705525,  0.14209187,
        0.06670634,  0.07997299,  4.91110802, -2.30087399, -1.00150418,
        2.96933031,  0.29126272, -0.42952693,  1.84027767, -1.03146255,
        1.90252817, -1.15190399,  1.72373617,  2.58335257,  0.99224931,
        5.57842302, -0.15812843, -0.74424607,  3.53753471,  0.2026418 ,
       -2.64334702, -3.07433867, -3.71831465, -2.38088107, -1.86553192,
       -2.20516324,  0.51954395,  5.47407627, -0.51088864, -0.32188797,
        5.33066368,  2.47397637, -3.20983911,  0.09847382, -1.25522375,
        1.18966997, -5.9611845 ,  1.40847838,  0.99039596,  2.1752758 ,
       -0.11873584, -1.61966288,  1.49413693,  2.18186164,  3.84565234,
        0.90109086,  0.23987035, -1.08259439, -2.47325826,  4.28528214,
       -0.87182498, -0.46067673,  0.2351118 ,  1.72731912, -1.28776717,
        0.08631369, -0.24473423,  1.07395732, -2.35300636, -3.13772583,
        3.72610736,  0.54098237, -1.1684835 , -1.01109004,  0.28540736,
       -2.52251887,  1.74457824, -1.49246132,  0.61836934,  1.4315567 ,
       -1.08572447,  0.91366279, -0.4562076 , -0.44509751, -2.08969355], dtype=float32), array([-0.67209178, -0.46229047,  1.0831418 ,  1.67030883,  1.50193286,
       -0.94152182, -1.36650586, -0.68584549, -0.03230372,  0.08394788,
        1.60113251, -0.98002148, -0.58799368, -1.23233879, -0.72971356,
       -2.35560942,  0.08751696, -2.10161567,  1.14236915, -2.35919309,
        0.62918603,  2.70664787,  0.11428359,  1.27410841,  0.94322789,
       -1.03769064, -0.20430766,  1.41768456, -0.13734642, -0.71145642,
        0.68200356, -0.60530365,  0.86879301, -0.49504787, -0.98463088,
        1.56973207,  0.38344419,  0.17167836,  1.49817312, -0.41377917,
        2.58870077,  1.48387289,  0.06117199,  1.57873344, -0.06719848,
       -1.01871359, -0.01577668, -0.64214599, -0.80529231, -1.179564  ,
       -0.88882959, -0.32894838,  1.04531384,  0.33554196, -0.46440637,
        1.98846209,  1.44697595, -0.4845697 ,  0.02958225, -0.02550392,
        1.21845651, -2.42457795,  0.72259086,  0.49250996,  1.14506865,
       -0.95503646, -1.15147948, -0.41317493,  1.51276779,  1.65228236,
       -0.16916542,  0.38407469, -1.47556067, -0.80117965,  1.49698961,
       -0.70207727, -0.25563219, -0.93835545,  1.64005351, -0.17136449,
       -0.2375319 , -0.72280478, -0.53253585, -1.32155299, -1.26251221,
        1.64268041,  0.23360232, -1.03074861, -0.21861005, -0.71920228,
       -1.82220745,  1.90589976, -0.5841676 , -0.05753574, -0.34971631,
        0.52091348,  0.31190979, -0.31326723, -0.36832258, -0.16024657], dtype=float32), array([-1.79286194, -0.7986061 ,  0.82846636,  2.51552987,  2.65171266,
       -1.67306817, -2.81446862, -1.35560441, -1.94520974,  1.26263344,
        4.30516768, -1.72532535, -1.12697041, -2.15232873, -1.62600183,
       -3.12686133,  0.99205655, -3.00268769,  0.72385025, -5.50494003,
        1.3230319 ,  4.24909735,  0.41948706,  2.07916522,  1.22994006,
       -0.5579403 ,  0.76060754,  1.832214  , -1.38015115, -0.55150616,
        0.82548016, -0.39543268,  1.22854376, -0.49080312, -1.33052683,
        1.64771557, -1.2224611 ,  0.85481435,  2.12859845, -1.08269238,
        4.78803205,  0.79741949,  0.83262891,  2.32908607,  0.25383884,
       -2.74767828, -0.40716559, -2.7718842 , -1.58626854, -2.43633437,
       -1.10200775, -0.08200246,  4.08076   ,  0.16202167, -1.16006267,
        4.28388691,  2.09260511, -2.0342989 ,  0.20079124, -0.02790313,
        2.65185142, -4.15797901, -0.14525318,  0.39980489,  2.97957158,
       -0.58607394, -2.57451367,  1.19425559,  2.21760035,  1.43164408,
       -0.48677123,  0.07737321, -0.59996855, -2.0171473 ,  4.35409403,
        0.05866942, -0.03097139,  0.45555001,  2.00851798, -0.11938551,
       -1.27355552, -0.87465918,  0.14473304, -2.99822998, -1.69401121,
        4.28784275,  0.32163292, -1.2873081 , -0.87555957, -0.22654572,
       -1.72787285,  3.50722623, -1.48483443, -0.13015635,  0.53828758,
       -0.43201905,  1.78563356,  0.3922461 , -0.01125951, -1.14684451], dtype=float32), array([-1.33679867, -2.30507779,  1.80688548,  5.15657711,  3.44906163,
       -1.72492373, -3.36244535, -1.35114312, -3.055516  ,  1.89294326,
        5.03061247, -0.21394449, -2.60660124, -4.19248581, -1.7480011 ,
       -5.27431822,  0.42771867, -4.17617846,  2.15585661, -5.14670897,
        3.58960509,  5.31650352,  1.06690109,  2.78823471,  0.56985611,
       -0.67496729,  0.87963033,  4.77684116, -1.44970441, -1.49447691,
        2.60656047, -0.29892445,  1.61326182,  0.56487179, -1.89099097,
        2.61669803, -2.81318164,  1.66636407,  3.342098  , -1.24454224,
        6.62860537,  2.4991262 ,  0.85272241,  3.74637699, -0.64399302,
       -3.96989965, -1.43611944, -2.77358413, -3.01567054, -3.52206206,
       -3.33415294, -0.43984824,  3.61274385, -1.84177005, -1.16293943,
        5.36240005,  4.3676343 , -3.01177287, -0.23891161, -0.7090084 ,
        1.58064628, -6.03439856,  1.46624446,  0.08537049,  3.56446385,
       -0.99039125, -0.52479327,  1.6748122 ,  2.80271935,  3.96069479,
       -0.43430212, -0.40143117, -1.35339069, -3.65537357,  5.32337236,
       -1.76109779,  0.17940541, -0.61390156,  2.05156159, -1.46823478,
       -0.17021069, -0.53454584, -0.96061897, -2.53491855, -3.14080906,
        4.14932013,  0.85431802, -1.79305494, -2.07298136, -0.43592012,
       -3.91657472,  4.6070261 , -0.66688031,  0.29669267, -0.4232778 ,
       -0.09031777,  2.44828248,  0.61219239, -0.68835807, -2.51002812], dtype=float32), array([-1.72106159, -1.39949632,  1.9882704 ,  3.74102354,  2.51965857,
       -0.65291959, -2.8204267 , -1.57131982, -2.08421898,  1.66068006,
        3.64881325, -0.07590315, -2.68552566, -2.55986881, -1.25769198,
       -4.0090518 ,  0.68401223, -3.58451796,  2.50530314, -4.58687639,
        2.56010604,  4.52861357,  0.8452611 ,  2.69901609,  0.38335258,
        0.25189385, -0.08400768,  4.37389898, -0.94770128, -0.53283238,
        2.69881105, -0.10627509,  1.60041869,  0.43897915, -1.19180524,
        1.98802638, -1.83394766,  0.70866197,  2.23270988, -0.54454291,
        5.44022512,  1.70947981,  1.38739467,  2.84353805,  0.59771752,
       -2.73006248, -1.37560427, -2.15385675, -3.22126174, -2.15108156,
       -2.22531486,  0.04632977,  2.50359273, -0.67907339, -0.03037769,
        3.71775079,  3.0600915 , -2.39121175,  0.50952935,  0.16958849,
        1.1560564 , -5.1491909 ,  1.30160797, -0.082372  ,  2.56100535,
       -0.72660834,  0.11836166,  1.19451058,  2.58132625,  2.62495708,
        0.17779508,  0.48396078, -0.9860912 , -2.82240725,  4.21995211,
       -1.30523634,  0.34761795, -0.87598521,  1.13985169, -1.58647966,
       -0.06623709, -1.02275813, -0.60862887, -2.29934835, -2.83677721,
        2.2541244 ,  0.74053359, -1.69606566, -1.29548085, -0.45150906,
       -2.49270177,  4.31567907, -1.3309617 ,  1.01587093, -0.49725053,
        0.60083473,  1.5435096 ,  0.38806307, -0.52212608, -1.41164207], dtype=float32), array([-0.75584614, -0.54142088,  0.22903077,  1.85051906,  1.81754911,
       -0.17903127, -2.0924933 , -0.75815278, -1.09961128,  1.36366153,
        1.91146159, -0.4876492 , -0.45860636, -1.95871067, -0.83147311,
       -2.13199973,  0.15080525, -1.49480104,  0.91581386, -2.96517277,
        1.58935642,  2.26356673, -0.23613733,  1.37057519, -0.2914649 ,
       -0.49635321,  0.3579686 ,  1.82187355, -1.34954822, -0.92256749,
        1.10501313, -0.12841982,  0.03972851,  0.74928027, -0.75239611,
        1.28351367, -0.82247192,  0.30781168,  1.36431873, -0.04848352,
        2.66760468,  0.29228583, -0.16707838,  1.55653071, -0.22360428,
       -1.45478237, -1.3611902 , -1.6131891 , -1.42950904, -0.90423435,
       -1.14890325,  0.46329314,  2.51362967, -0.08170098, -0.42162934,
        2.00614905,  1.43907976, -1.645715  ,  0.10980668, -0.89288223,
        1.44698524, -3.08222008,  0.55674094,  0.28452137,  1.3824594 ,
        0.00616548, -1.15438747,  0.82110238,  1.07836819,  1.75359952,
        0.28835139,  0.22388513, -0.25632504, -1.72538245,  1.92063761,
       -0.57008302, -0.3091979 , -0.18774131,  1.11413562, -0.67594153,
       -0.1190369 , -0.49844575,  0.47763646, -1.14325023, -1.76812339,
        1.96428871,  0.34650102, -0.99446249, -0.43196714, -0.39854801,
       -1.29231715,  0.66584718, -0.70453173,  0.373119  ,  0.4440698 ,
       -0.71218777,  0.67134631,  0.22074994,  0.21905537, -0.85627002], dtype=float32), array([-1.19553804,  0.07894453,  1.85063457,  3.68638659,  3.75065613,
       -2.43669653, -3.53667474, -1.37273169, -0.93193978,  1.58191514,
        6.19465876, -0.37672609, -1.76974201, -3.28772306, -2.92528439,
       -4.5619297 ,  1.42726004, -4.66155195,  2.32618403, -5.90214586,
        2.91984987,  5.4584198 , -0.64726353,  2.05396986,  0.23302457,
       -1.23323298,  0.60624796,  5.15947151, -1.25304031, -0.47500286,
        2.01704574,  0.33182552, -0.81012899,  0.49767169, -1.65383422,
        1.92144251, -0.67365348,  1.27140176,  2.33443952,  0.08292574,
        5.39235497,  0.73222357, -1.22338188,  3.68002772,  1.28644896,
       -3.81953001, -2.87859583, -3.63135576, -1.381724  , -2.88449931,
       -1.52410257,  0.20538941,  4.41977167, -0.65031862, -0.46438175,
        6.17832041,  2.51182222, -3.34659696, -0.24474162,  0.11853129,
        1.60384667, -5.24279833,  0.92387807,  1.03974092,  2.45815325,
       -0.92549664, -1.96933985,  1.36972916,  2.86862087,  4.65195179,
        0.9179709 , -1.07117534, -1.69132757, -2.28881288,  5.51143932,
       -1.07487285, -0.80622315, -0.11542228,  2.04638934, -0.8417576 ,
       -1.10121238, -1.40616202, -0.83188301, -3.38345218, -3.43559504,
        5.32102394,  0.63137746, -1.52389693, -0.48584101,  0.23895435,
       -3.36889935,  3.52898073, -1.65083027, -0.21507105,  1.31106007,
       -0.80605221,  1.95632029, -1.18831801, -0.27291289, -1.81753767], dtype=float32), array([-1.0698061 , -0.01953158,  0.53428769,  2.40828824,  3.25096083,
        0.21889256, -3.96277332, -0.87988085, -1.02233064,  2.25573277,
        3.94479823, -0.5598309 , -1.70513344, -4.03943729, -0.65226012,
       -3.84642386,  1.2825551 , -2.37401938,  1.79988849, -5.24928331,
        2.91450763,  6.00062561,  1.04812396,  2.51022339, -0.22310355,
       -2.10338974,  0.29754347,  2.5308485 , -1.16493917, -0.94266009,
        2.22334623, -0.92544216,  1.66650736, -0.23948419, -1.12053037,
        2.61004257, -0.2154806 ,  1.89853251,  1.66871142, -0.58305764,
        5.1083684 ,  0.78209507,  0.2694926 ,  3.17411685,  0.47385702,
       -2.3150394 , -0.70553523, -2.62214112, -2.48756385, -1.89337575,
       -1.40110123, -0.01576467,  3.90829158,  0.76789737,  0.15398622,
        4.03555393,  2.9764626 , -2.77086902,  0.05727961,  0.13231713,
        3.21870112, -4.98807335, -0.60447222, -0.59530187,  4.25732136,
       -1.54301345, -2.28889441,  0.20354053,  1.99482441,  2.13823557,
       -0.20199126,  1.34490442, -0.53192645, -2.29913521,  3.89589548,
        0.59540039,  0.6950593 , -0.23091391,  0.67736953, -1.16130602,
       -1.29064059, -0.98741919,  0.24814029, -2.55904198, -2.68144608,
        4.18595219,  0.15036844, -1.50400436, -1.42978632, -1.41081011,
       -2.02871776,  3.10030985, -2.10004163,  0.6370762 ,  0.14644247,
       -0.91003275,  1.65692234,  0.01816955,  0.62676448, -1.05567455], dtype=float32), array([-0.67200619,  0.76543796,  0.20960999,  4.05503464,  2.82331014,
       -1.54980612, -3.77039218, -0.69496685, -0.22734502,  1.64855015,
        4.10059881, -0.88463295, -0.99825847, -3.94762707, -1.45918512,
       -5.04376316,  0.99238461, -3.30162311,  1.96844792, -3.23148203,
        2.40941405,  3.64148378,  0.96800673,  1.82544589,  0.7080605 ,
       -1.36965001, -0.52151   ,  3.3306675 , -1.93861139, -0.80625504,
        1.87592423, -0.69393033,  0.44863605, -1.26692092, -1.48379672,
        2.63086414, -0.35425538,  0.9399398 ,  2.11613965,  0.48839518,
        5.19759512,  2.16357279, -0.06776921,  2.25395298, -1.4966296 ,
       -2.81029272, -2.51857209, -2.01681662, -1.71524584, -1.21288693,
       -0.8662222 ,  0.09221849,  4.62796402, -0.10203183, -1.38120008,
        4.85854006,  2.38862777, -2.40374589,  0.91749418,  0.95771414,
        1.31351042, -4.37083912,  0.70022166,  0.98091775,  2.94703579,
       -1.68059266, -2.61154509,  0.38447306,  1.79976761,  3.41399479,
       -0.48647839, -0.86942643, -0.86659539, -1.83967924,  4.24859858,
       -0.83404309,  0.42356965, -0.78331417,  2.86282635, -1.25300384,
       -0.23710656, -0.94049597, -0.35501325, -2.35084057, -1.97457755,
        3.20131087, -0.27914119, -0.58926582, -1.28168154, -0.61293912,
       -2.67389011,  2.24177217, -2.06765485,  0.14772144,  0.81934524,
       -1.60933614,  0.74612898,  0.4489961 ,  0.01547783, -2.22433567], dtype=float32), array([-1.04433095, -0.49904549,  0.90449315,  2.18666983,  0.67697608,
       -0.77663088, -1.31215334, -0.98737872, -0.89144808,  0.98920804,
        2.47174573,  0.32659796, -1.34367621, -1.32803798, -0.38269848,
       -2.42547703,  0.96330237, -1.70580637,  1.63978326, -2.48014092,
        2.19174933,  2.03539515, -0.11936597,  1.88307106,  0.42897907,
       -0.51871896, -0.30545801,  2.20952845, -1.36077404, -0.28168848,
        0.90248573, -0.43077481,  0.3874152 ,  0.09594247, -1.39219332,
        0.91031438, -0.25227806, -0.38338065,  1.34471667, -0.56686455,
        2.15296626, -0.01444972,  0.30696315,  1.58974266, -0.09898056,
       -1.25898027, -0.6704396 , -1.53486919, -1.39712834, -0.7063846 ,
       -0.65165621,  0.1913573 ,  1.66162658,  0.04562173,  0.03958792,
        2.63071823,  1.12877536, -1.77004242, -0.01954544, -0.12863959,
        0.97707826, -3.09806657,  0.55833745, -0.16128787,  1.72862279,
       -0.55433816, -0.59416389,  0.02970506,  0.59915769,  1.26046085,
        0.28770849,  0.36151022, -0.49646595, -0.89504945,  2.11494422,
       -0.18388115,  1.20709729, -1.0719744 ,  0.43399823, -0.11658187,
       -0.42638099, -0.38949633, -0.73991984, -1.34916246, -2.00297022,
        2.10864735,  0.14677098, -1.86002433,  0.09154911,  0.1997184 ,
       -1.70930839,  0.62840337, -1.11776125,  0.3549228 ,  0.25851113,
       -0.13667515,  0.4555296 ,  0.44877174, -0.50994408, -0.55913574], dtype=float32), array([-0.99334651,  0.22658712,  0.49624023,  2.98429751,  1.75321543,
       -1.55689967, -2.92794871, -1.72200191, -0.66252196,  1.05870366,
        4.6403904 , -0.64494574, -1.50146663, -1.82488012, -0.44701597,
       -4.46288729,  0.48236072, -2.93475056,  1.86602986, -4.34509468,
        2.94609141,  2.82586312, -0.09566296,  1.01969194, -0.20260534,
       -1.63089561, -0.89012307,  2.13002777, -1.21495318, -0.87763911,
        1.9207896 ,  0.31718129,  0.61709237, -0.31140706, -1.2676717 ,
        1.33422613,  0.05604544, -0.24889392,  2.00964618, -0.92454559,
        4.54465246,  1.98058712, -0.45788184,  2.4797194 , -0.00863993,
       -2.06158328, -0.89012897, -2.22962427, -3.24851394, -1.52361095,
       -0.90465713, -0.50600177,  3.05604887, -1.00375795,  0.45631817,
        3.64879107,  1.78457785, -2.17771244,  0.80284417, -0.11825784,
        1.12358725, -3.13996935,  0.60152406,  0.77651155,  2.42121911,
       -0.66822177, -1.98779953,  0.41981399,  2.9626615 ,  1.50640464,
        0.86391032, -0.64633286, -1.43860257, -0.43707699,  3.74553823,
       -0.51737994,  0.5259198 , -0.89612585,  0.75007933, -0.49670163,
       -0.24053617, -0.24057955, -0.03137393, -2.53304863, -2.75716734,
        3.29710436,  0.76351589, -0.77211916, -1.33463311,  0.21229683,
       -2.42752123,  2.63751864, -0.55879635, -0.06896356,  0.88961112,
       -0.52298695,  1.57838929, -0.10440297, -0.33198315, -1.21483338], dtype=float32), array([ -1.37440586e+00,  -4.95231003e-01,   2.24489594e+00,
         2.61732674e+00,   3.06071043e+00,  -2.87717009e+00,
        -2.96672750e+00,  -2.08565211e+00,  -1.62496257e+00,
         1.04698014e+00,   4.98177195e+00,   9.48951900e-01,
        -1.45531809e+00,  -2.43452024e+00,  -1.31189227e+00,
        -4.61166430e+00,   7.30165839e-01,  -3.67365122e+00,
         8.51625919e-01,  -5.73809195e+00,   2.46580958e+00,
         3.68903065e+00,   2.92265475e-01,   1.29852903e+00,
        -9.25521553e-02,  -7.06958830e-01,  -8.46642613e-01,
         3.68570423e+00,  -1.43898678e+00,   3.13360244e-03,
         2.09068799e+00,  -1.13788083e-01,   9.27891910e-01,
         5.36473870e-01,  -1.14853072e+00,   1.13738906e+00,
        -5.33221483e-01,   1.34772122e+00,   2.12284088e+00,
         1.32828486e+00,   6.30280542e+00,   1.06792819e+00,
        -9.68528837e-02,   2.48742843e+00,   6.12426519e-01,
        -3.07782865e+00,  -1.75309443e+00,  -3.05783701e+00,
        -1.45101678e+00,  -2.27471042e+00,  -7.17870355e-01,
        -2.02710524e-01,   4.46351814e+00,  -1.22606270e-01,
         4.18980688e-01,   4.17213488e+00,   2.37093210e+00,
        -2.62415266e+00,  -4.40652817e-01,  -6.26002252e-01,
         1.55385673e+00,  -4.09268379e+00,   1.12857294e+00,
         1.22922647e+00,   2.73752785e+00,  -1.22593319e+00,
        -2.77569175e+00,   1.19045889e+00,   2.41529036e+00,
         3.45854330e+00,   5.47780916e-02,   9.57244277e-01,
        -5.97212970e-01,  -6.44615948e-01,   3.97600198e+00,
         3.51193756e-01,   7.65924692e-01,   2.64784247e-01,
         8.77636015e-01,   1.95931420e-02,  -1.11964095e+00,
        -6.88963056e-01,   1.66867542e+00,  -2.55179071e+00,
        -2.82322788e+00,   4.06117678e+00,   6.84297830e-03,
        -5.85772872e-01,  -2.14622664e+00,  -7.24420667e-01,
        -1.75047755e+00,   3.45777416e+00,  -7.70947635e-01,
        -3.96959484e-03,   4.85946447e-01,   8.82454515e-01,
         2.52340984e+00,  -8.75308871e-01,  -7.78717816e-01,
        -1.95832694e+00], dtype=float32), array([-0.9443177 , -0.44050175, -0.24171785,  1.66180444,  1.0586127 ,
       -1.50703347, -1.72470295, -0.61650932,  0.05978712,  1.1856916 ,
        2.55955458,  0.08036598, -0.78434831, -2.11772799, -0.06668842,
       -1.95380795,  0.57200623, -1.62527668,  1.26639736, -2.45701003,
        1.43133295,  1.4869628 ,  0.30945376,  1.1768651 ,  0.41783842,
       -0.48668191, -0.14334039,  2.16410565, -1.41822064, -0.34746242,
        1.00779593, -0.55320323,  0.50399011, -0.18134683, -0.56198454,
        1.23643458, -0.85434061,  0.3968595 ,  1.55866778,  0.18900828,
        3.08882403,  0.52895063, -0.40902114,  1.30703092, -0.69798523,
       -1.65113127, -1.20084643, -1.41231072, -1.12220347, -0.0180008 ,
       -0.9126662 , -0.07397914,  1.88355803, -0.12920618,  0.16720532,
        2.31768751,  1.87038696, -1.4388752 ,  0.59957153, -0.58127904,
        1.01441956, -2.64581156,  0.2879951 , -0.053197  ,  0.87931812,
       -0.55274343, -1.02802038,  1.17673039,  1.00259626,  1.62394917,
        0.24467596, -1.05282176, -0.06026468, -1.22653317,  2.3981111 ,
        0.17720544, -0.19546014, -0.71883029, -0.00881225, -0.35519826,
       -0.85424924, -0.53834337, -0.31892884, -0.92270905, -1.3456043 ,
        2.10494685,  0.49878037, -0.47978628,  0.18498547, -0.08975221,
       -1.66884208,  1.06293535, -0.5093711 , -0.38261956,  0.59092808,
       -0.77765405,  0.39505568, -0.46357584, -0.41748157, -1.27055097], dtype=float32), array([-1.04495955, -1.07201302,  0.80882281,  1.99449193,  0.95519251,
       -2.22498417, -1.24248469, -1.30007863, -1.14244282,  0.85957152,
        3.33756948,  0.56969559, -1.14935875, -2.20064259, -0.50420123,
       -2.43442869,  0.50522089, -3.0478828 ,  1.72258091, -3.38597798,
        2.53513885,  2.78916121,  0.54936522,  1.74663842,  0.35339224,
       -0.6196897 ,  0.05005192,  2.94400239, -0.67555702,  0.15519118,
        0.77080166, -0.28247464,  0.3717922 ,  0.2979984 , -1.28161478,
        0.63199741, -0.86589009,  0.02780785,  1.30025482, -0.2180841 ,
        3.80308795,  0.46194807,  0.70136482,  1.65890813,  0.54083759,
       -2.35036278, -0.80826426, -2.12759233, -0.91527534, -1.23926163,
       -0.92572212,  0.1569404 ,  2.23549771, -0.92001808,  0.13045025,
        3.81150055,  1.84806204, -1.77508354,  0.12125992, -0.55181086,
        1.00681567, -2.48505139,  0.33746633,  0.38447458,  1.77554739,
       -0.8742398 , -1.05577946,  0.6272893 ,  0.72129548,  2.03194499,
        0.29098853,  0.23797888, -1.07256198, -0.98232818,  3.37967634,
       -0.49139333,  0.04226933, -0.53022939,  1.24804127,  0.08929004,
       -0.59811693, -0.1443909 , -0.21599489, -1.15565825, -1.96057212,
        3.03683901, -0.38573462, -0.61477923, -0.39412561,  0.00686806,
       -1.39723897,  1.45451844, -0.99796844, -0.31134239,  0.40473336,
        0.04042619,  1.34935439, -0.17483494, -0.96997941, -1.25263453], dtype=float32), array([-1.54519999, -0.59065092,  1.07650077,  3.79480624,  3.68803406,
        0.02745643, -3.88272333, -1.6582911 , -0.11246924,  3.34090042,
        3.87144041, -0.3375366 , -2.13066435, -5.17801857, -0.7440818 ,
       -4.03613567,  1.38700461, -2.89658594,  3.10607028, -5.51235914,
        3.05661154,  6.16281557,  0.7227304 ,  2.83770227, -0.08999434,
       -2.69876647,  0.12934744,  2.67870665, -2.29347253, -0.94211793,
        2.42695451, -0.83360058,  1.03682303,  0.25169927, -2.10022569,
        2.27018261, -0.49463189,  0.64442086,  2.31083512, -0.62860781,
        5.08645201,  0.8088094 , -0.00727289,  3.09901381,  0.02627676,
       -2.8892262 , -1.6372788 , -2.99395585, -2.57382035, -1.71739066,
       -1.86102819, -0.7335313 ,  4.48428392,  0.76193583,  0.6771397 ,
        5.0050168 ,  2.86043024, -4.25329494, -0.16516647,  0.00685517,
        3.14112306, -6.48942995, -0.340307  , -1.21165144,  4.45376635,
       -1.90744197, -3.30855203,  0.99456769,  3.33646178,  2.70526814,
       -0.04171422,  1.07537961, -0.12248809, -2.38811755,  4.48090219,
        1.02702677,  1.68328691, -1.39076543, -0.28652909, -1.64902759,
       -1.21014106, -1.10742795,  0.7367602 , -3.22131991, -3.63358903,
        4.75450134,  1.02788925, -2.7179606 , -2.17705965, -1.39087176,
       -3.16326928,  3.42360473, -3.11160278,  0.76108623,  0.8634668 ,
       -1.27435541,  1.96766269,  0.12374952,  0.43760902, -1.464589  ], dtype=float32), array([-1.69944537, -1.51711619,  0.79523093,  2.70251322,  3.15252137,
       -1.607301  , -3.27736473, -1.39550304, -0.82455474,  2.58172584,
        4.46638155, -1.02771854, -1.16975522, -4.10825872, -1.18583286,
       -3.87227869,  1.46930516, -3.00689101,  1.67262971, -5.65727043,
        2.60503101,  5.23105907,  0.63430399,  2.3330853 ,  1.36966896,
       -1.00691354, -0.14140335,  3.68639135, -2.0352087 , -0.91093844,
        2.45754647, -0.56098151,  2.70967078,  0.39839187, -1.29671168,
        2.01697516, -0.78812218,  1.44976795,  3.34702778, -1.09889638,
        6.60959482,  0.64850116, -0.12708642,  3.68742776,  0.27197263,
       -2.15158844, -1.63444078, -3.09431243, -2.90066195, -0.62325406,
       -1.99936688,  0.98858631,  3.61043   ,  0.2797243 ,  0.71936178,
        5.28624773,  2.72775126, -2.20535803,  0.05158052, -0.7949906 ,
        2.26836586, -4.91468763, -0.0689969 , -0.07610863,  3.65702438,
       -1.59272313, -2.65254736,  0.75452167,  2.46080184,  2.67131352,
        0.56927055,  1.36299396,  0.00990258, -2.61333871,  4.80812168,
       -1.30205369,  0.17877126, -0.92451602,  1.56160319, -0.97267848,
       -1.98863375, -1.08090532, -0.41652256, -2.47494483, -2.07704663,
        4.9256587 ,  0.84162939, -1.17546308,  0.07195173, -1.12563992,
       -2.88216996,  2.68850517, -2.58334231, -0.09710207,  0.58496702,
       -0.4111461 ,  2.28173137, -0.50361103, -0.64796013, -1.33938146], dtype=float32), array([-1.13778126, -0.72284412,  0.7213102 ,  3.37566805,  2.80845809,
       -1.82245064, -3.3948586 , -1.27869308, -1.95939469,  2.21107459,
        4.88189697, -0.50309527, -1.42855167, -3.37734938, -2.03786922,
       -4.03460741,  0.93938911, -2.6235323 ,  1.31473935, -5.0367465 ,
        2.64918399,  4.60404396, -0.36246544,  1.57360649, -0.01883417,
       -1.00523758, -0.00645642,  3.89103532, -1.95654643, -1.13288033,
        1.84213507,  0.16821474,  0.45279106,  0.94503832, -1.42633748,
        1.99479425, -1.50923634,  1.43235445,  2.4394958 , -0.30956092,
        5.01529646,  0.54695415, -0.13856736,  2.68217492,  0.30490896,
       -3.23047853, -2.48016953, -3.0231967 , -1.55856419, -2.19049954,
       -2.03642821,  0.40140057,  4.68208647, -0.67578298, -0.81205839,
        4.58735704,  2.6670711 , -2.84926295, -0.55059844, -1.05874717,
        1.29962206, -5.02286386,  0.94592136,  0.98116928,  2.53707695,
       -0.25160313, -2.31431031,  2.31047416,  1.94312298,  2.89659858,
        0.15849164,  0.22286148, -0.83055645, -2.23957825,  4.369627  ,
       -0.51888222, -0.58382714,  0.42662609,  1.24288523, -0.80318719,
       -0.60943007, -0.67950827,  0.3227478 , -2.84693789, -3.21087217,
        3.96344829,  0.1545435 , -0.98927128, -1.59178007,  0.31322768,
       -2.24625778,  1.93819213, -1.46814442,  0.62835097,  0.98608154,
       -1.29967642,  1.49209881,  0.23152938,  0.22036463, -2.12678027], dtype=float32), array([-0.62901747, -0.61331457,  0.7865628 ,  2.2795043 ,  2.46981812,
       -0.74542105, -1.35351706, -0.54884887, -1.40532112,  0.63110572,
        1.96815825, -0.13733034, -1.70443797, -1.9025985 , -1.4767673 ,
       -2.42424846,  0.99038279, -2.22071815,  1.03855515, -3.23807979,
        1.89463067,  2.6534369 ,  0.35992461,  1.22395766,  0.5951972 ,
       -0.06432024, -0.26744029,  2.47053885, -1.46180427, -0.74052584,
        1.64576519, -0.30251545,  0.37901342,  0.33715531, -0.79307377,
        1.26121485, -0.07697563,  1.15897417,  1.70906603,  0.23650198,
        4.19521189,  0.92343193,  0.04908193,  1.6142925 , -0.0598244 ,
       -1.79473054, -1.92100954, -2.15201306, -1.53772652, -0.70416236,
       -1.19817364,  0.45830154,  2.96516252,  0.31940174, -0.03064596,
        3.30848265,  2.06900287, -1.73412693,  0.17180645, -0.72928303,
        0.61657661, -2.70548606,  0.29510763,  0.52546334,  2.15937066,
       -1.24765384, -1.49617445,  1.06419444,  1.14401042,  2.16130924,
       -0.0611985 ,  0.25930083, -0.33144012, -1.42314458,  2.6493113 ,
       -0.69190633,  0.25337601, -0.83984458,  0.85715723, -0.695108  ,
       -0.78642827, -0.45433637, -0.23445839, -0.83517897, -1.43544197,
        2.37692404,  0.35497859, -0.95934689, -0.28467   , -0.29898947,
       -1.21006107,  1.03450572, -1.08268547,  0.21724102,  0.62335044,
       -0.19672517,  1.5625509 , -0.65335822, -0.20227326, -1.71054554], dtype=float32), array([ -2.88552022e+00,  -3.91324550e-01,   1.94741309e+00,
         5.17567301e+00,   3.58439636e+00,  -4.43814230e+00,
        -4.81404352e+00,  -2.31524539e+00,  -2.78859997e+00,
         2.05219674e+00,   8.65637398e+00,   4.18893576e-01,
        -3.21636248e+00,  -3.87159562e+00,  -2.05137396e+00,
        -6.73536110e+00,   1.53878319e+00,  -5.67782354e+00,
         3.26971626e+00,  -9.96019459e+00,   4.33441687e+00,
         6.76470375e+00,   1.86391622e-02,   2.79622817e+00,
         6.69518292e-01,  -7.50758499e-02,  -4.34036702e-02,
         5.58400488e+00,  -1.67361188e+00,  -1.27418149e+00,
         3.15809298e+00,  -5.56646407e-01,   9.50802088e-01,
        -1.05313730e+00,  -2.07217741e+00,   1.65506780e+00,
        -9.31042671e-01,   1.77116120e+00,   3.66769242e+00,
        -1.54255581e+00,   8.81397533e+00,   1.97576702e+00,
        -1.05771422e-03,   5.50408506e+00,   1.66551328e+00,
        -5.40206718e+00,  -1.73211133e+00,  -5.23540354e+00,
        -3.61685848e+00,  -2.55048037e+00,  -2.26120257e+00,
         3.09386939e-01,   5.82352352e+00,  -1.35995972e+00,
        -1.57840407e+00,   9.05718803e+00,   4.43689728e+00,
        -3.82833695e+00,   7.26214051e-01,   3.15579772e-01,
         1.64084327e+00,  -8.21210289e+00,   1.27806056e+00,
        -1.85431153e-01,   4.84307098e+00,  -1.04453754e+00,
        -2.96078396e+00,   2.60601568e+00,   3.55905509e+00,
         4.19947624e+00,   4.42213595e-01,  -1.93719172e+00,
        -2.09426022e+00,  -3.72598195e+00,   7.86343431e+00,
        -1.36547804e+00,  -6.39052510e-01,   5.61903864e-02,
         3.96105695e+00,   3.28509063e-01,  -1.81300867e+00,
        -5.69399893e-01,  -7.86448479e-01,  -3.61204815e+00,
        -3.00566125e+00,   8.41098881e+00,   1.38808203e+00,
        -1.69846606e+00,  -1.22493029e+00,   7.90431380e-01,
        -3.74972296e+00,   5.14352369e+00,  -7.81717896e-01,
         4.69070494e-01,   9.35335457e-01,   2.50913128e-02,
         3.62841344e+00,   2.28369856e+00,  -3.03914547e-01,
        -9.92700160e-01], dtype=float32), array([ -1.00288987e+00,  -8.18326414e-01,   6.43641770e-01,
         2.47704315e+00,   1.44913495e+00,  -2.15477896e+00,
        -2.12557936e+00,  -1.01568222e+00,  -1.05881190e+00,
         1.09823060e+00,   4.45803547e+00,   3.27102959e-01,
        -1.28057492e+00,  -3.36446834e+00,  -1.12403166e+00,
        -3.62323070e+00,   9.65073347e-01,  -2.24819708e+00,
         2.22796226e+00,  -4.71825981e+00,   2.55289602e+00,
         3.06116080e+00,  -4.33488578e-01,   1.53314626e+00,
         3.51134449e-01,  -1.22458375e+00,  -4.44682389e-01,
         3.99157763e+00,  -6.06696963e-01,  -3.94263864e-03,
         1.63313758e+00,   3.33048016e-01,   1.80991009e-01,
        -5.08955777e-01,  -9.47816253e-01,   6.07738972e-01,
        -3.90358210e-01,   1.23052561e+00,   1.01524234e+00,
        -6.89745963e-01,   4.98037910e+00,   2.31784225e-01,
        -7.30860710e-01,   2.85175800e+00,   9.57864940e-01,
        -2.74594641e+00,  -7.69379973e-01,  -2.98589826e+00,
        -1.72108924e+00,  -1.92744148e+00,  -9.58475947e-01,
         2.54238173e-02,   3.41377711e+00,  -5.30936897e-01,
        -6.77877128e-01,   4.87932634e+00,   2.77699399e+00,
        -1.72940421e+00,  -3.24622840e-01,   1.03771937e+00,
         5.37958205e-01,  -4.11445045e+00,  -8.37174803e-03,
         6.97958410e-01,   2.82082176e+00,   4.64316815e-01,
        -1.38253784e+00,   3.00617367e-01,   1.45987582e+00,
         1.72945166e+00,   4.73740757e-01,  -1.61304399e-01,
        -1.10559714e+00,  -1.64745927e+00,   3.26126862e+00,
        -1.06078029e+00,  -6.27075911e-01,  -4.99259353e-01,
         2.09894371e+00,  -8.90456557e-01,  -3.55998158e-01,
        -5.85025966e-01,  -3.11588347e-01,  -2.48847771e+00,
        -2.31993818e+00,   4.01251316e+00,   9.45061818e-02,
        -3.43526959e-01,  -6.78137541e-01,   9.27221328e-02,
        -1.72216117e+00,   2.29785752e+00,  -1.79795098e+00,
         1.17966509e+00,   2.49484144e-02,  -9.48475182e-01,
         2.32926130e+00,  -5.87907359e-02,  -4.09703702e-01,
        -5.11133373e-01], dtype=float32), array([  6.53237104e-04,   4.68784690e-01,  -5.64160585e-01,
         2.77173853e+00,   1.29254472e+00,  -6.57549948e-02,
        -1.89322066e+00,  -6.23235583e-01,  -4.57674921e-01,
        -4.90991920e-02,   1.83922732e+00,   1.89114604e-02,
        -9.28517878e-01,  -1.36538315e+00,  -6.18835926e-01,
        -2.57821012e+00,   1.02480650e-01,  -1.76719379e+00,
         1.39207757e+00,  -2.15131021e+00,   1.43565845e+00,
         2.26671553e+00,   5.66295147e-01,   1.03322172e+00,
         3.37425262e-01,  -1.01443839e+00,  -2.24752471e-01,
         1.76005745e+00,  -7.30118513e-01,  -9.61051285e-01,
         1.51540172e+00,  -2.91177452e-01,   7.62399971e-01,
        -5.88962138e-01,  -7.90388405e-01,   1.83988583e+00,
         5.54357946e-01,   7.89591908e-01,   7.58185387e-01,
        -4.26650077e-01,   3.08735585e+00,   1.29767466e+00,
         1.81496561e-01,   1.39296627e+00,  -1.12297878e-01,
        -1.02935863e+00,  -8.36385131e-01,  -1.40621257e+00,
        -1.29982269e+00,  -9.43735898e-01,  -4.84365635e-02,
        -8.63201320e-01,   2.01224256e+00,   4.07133698e-02,
        -3.74708831e-01,   2.44366336e+00,   1.30777347e+00,
        -1.11493623e+00,   1.95392594e-01,   3.78878891e-01,
         1.12728655e+00,  -1.91229200e+00,   4.11692590e-01,
         4.17923093e-01,   2.56418920e+00,  -1.06295586e+00,
        -1.57337785e+00,  -3.39746654e-01,   1.62477183e+00,
         1.29267013e+00,  -3.88559043e-01,  -2.30919540e-01,
        -9.11972404e-01,  -1.12930894e+00,   2.33962464e+00,
        -2.99915791e-01,   3.01581919e-01,  -1.25876784e+00,
         1.15218496e+00,  -7.12756276e-01,  -7.51379848e-01,
        -5.59035897e-01,  -3.95576537e-01,  -1.58718765e+00,
        -8.26257765e-01,   1.98262537e+00,   5.84815778e-02,
        -6.31266594e-01,  -7.44386435e-01,   4.75234166e-03,
        -1.60330248e+00,   1.08345127e+00,  -1.07321334e+00,
         1.73666969e-01,   5.63410223e-01,  -5.30313969e-01,
         4.32939857e-01,   1.11736730e-01,   5.09769440e-01,
        -1.10637593e+00], dtype=float32), array([-1.21873236, -1.09972417,  1.04770708,  1.82130444,  1.12064278,
       -1.32567012, -1.13723779, -0.57768214, -0.90596753,  2.12139988,
        3.3057456 ,  0.20862468, -0.90611947, -2.56314349, -0.76635826,
       -2.24893188,  1.00052309, -2.32931709,  1.86121929, -3.93994236,
        1.35314953,  2.86371756,  0.06833713,  1.60138381,  0.98286933,
       -0.25084355, -0.07848829,  2.49323678, -1.59149432, -0.08423539,
        0.28727648, -0.53380483,  0.20231968, -0.713117  , -1.06791353,
        0.85006034, -0.439805  ,  0.75412279,  1.24048209,  0.60081756,
        4.1694746 ,  0.44306713,  0.41870934,  1.5904721 ,  0.76627368,
       -1.72584987, -0.85509819, -1.59993184, -1.14825857, -0.18970236,
       -1.43387592,  0.55989021,  2.9223547 , -0.0256555 ,  0.16362876,
        2.81210065,  1.34717667, -1.93742383,  0.64117366,  0.7305479 ,
        1.09372103, -3.29597282, -0.25379977,  0.14533602,  1.89163733,
       -0.17820065, -0.98564768,  1.18474293,  0.86403626,  1.00125897,
        0.7651298 , -0.13557148,  0.29698527, -1.14610386,  3.04647946,
       -0.40071449,  1.10291994, -0.14954337,  1.19867694, -0.5868476 ,
       -0.65661484, -0.48133337,  0.24952756, -2.36243367, -2.06503153,
        3.2837956 ,  0.63904005, -0.49559668, -0.35759032, -0.10366251,
       -1.28413558,  1.7462765 , -2.44839525, -0.00638309,  1.328372  ,
       -0.08222294,  0.60254163,  0.06023584, -0.10550071, -0.79599571], dtype=float32), array([-1.69825935,  0.23371898,  1.4991715 ,  3.89996433,  2.25623488,
       -2.38862562, -3.19591737, -1.29344523, -1.76844764,  1.31097996,
        4.10899878, -1.34018302, -1.57949829, -3.78874898, -1.87427461,
       -3.96254754,  1.49466777, -3.55179214,  2.07564425, -5.16192579,
        2.12964392,  3.18884373,  0.80533338,  1.56837249,  0.43720698,
       -0.70735544,  0.18397591,  3.12969255, -1.60636735, -0.30355617,
        1.07604373, -0.7348398 ,  0.84257412,  0.09186295, -1.25784087,
        1.86186373, -1.62867677,  0.72846854,  2.28564262, -0.93060333,
        5.05873966,  0.56523526,  0.72432148,  3.3328383 ,  0.33428431,
       -3.10406637, -1.94305217, -3.04329443, -1.78261018, -0.69549978,
       -0.93967843,  0.29224852,  3.82337379,  0.2574757 ,  0.50006235,
        4.60656118,  2.43999028, -1.88262439,  0.16675563,  0.00617574,
        1.91204774, -5.57717848,  0.37193477, -0.17265886,  2.56100416,
       -0.94991219, -1.88152599,  1.79337549,  1.8655529 ,  2.42115426,
        0.27337804,  0.34715456, -0.59129304, -1.5472486 ,  4.56256866,
       -1.47097468, -0.24669126, -0.39781803,  1.3375206 , -0.60714674,
       -1.44596934, -1.09110022, -1.00196803, -2.05877972, -2.61237955,
        3.35921884,  0.1334127 , -1.4822737 , -0.88002217, -0.05079672,
       -2.26406264,  2.77110004, -1.93345308,  0.23554103, -0.19883269,
       -1.02923322,  1.4420563 ,  0.23412633, -0.35955372, -0.80197579], dtype=float32), array([-1.33683848, -1.86200106,  1.71539402,  4.54246664,  3.4395864 ,
       -0.91670495, -3.79146075, -1.50205564, -3.16354871,  2.12452173,
        5.10941315, -0.64051467, -2.35185671, -4.09563494, -1.43673253,
       -5.32228994,  0.65041745, -4.19546747,  2.25989008, -5.40195847,
        3.67982817,  5.6474719 ,  0.47619319,  3.17135286,  0.08764137,
       -1.0294131 ,  0.9578445 ,  5.22315979, -1.46390462, -1.3233645 ,
        2.66450453, -0.34558517,  1.68944895,  1.16250098, -1.92567575,
        3.08155274, -2.42557073,  1.23243022,  3.05713201, -1.08657241,
        6.02480364,  2.28725934,  0.77132487,  3.59786415, -0.2526978 ,
       -4.02437067, -1.6810261 , -2.44618559, -3.16641235, -3.11186719,
       -3.13444805,  0.28582877,  4.07269335, -1.68999708, -1.00041628,
        4.94236708,  3.80883121, -3.40098739,  0.18699883, -0.58354431,
        1.87636411, -6.09336329,  1.40525365,  0.22158894,  3.76917148,
       -0.95420039, -0.41662392,  1.473086  ,  2.78780174,  3.81100941,
       -0.20339581,  0.37995696, -1.55002189, -3.3118391 ,  4.93916702,
       -1.29389846, -0.03395857, -0.73546368,  1.93705833, -1.99187338,
        0.03554183, -0.57183713, -1.07882643, -2.35475564, -4.27595425,
        3.75584078,  0.44687635, -2.18292069, -1.46349323, -0.45565593,
       -3.52444386,  3.63255739, -1.37901318,  0.06620701, -0.5413276 ,
       -0.33890039,  2.03230882,  0.51413482, -0.4974584 , -2.11039329], dtype=float32), array([-1.13320494,  0.24590039,  0.03876967,  2.81883121,  2.61856461,
       -0.98551112, -2.91940475, -0.89867389, -0.57152355,  1.40248716,
        3.93993092, -1.25154865, -0.6869213 , -2.41196561, -1.32235098,
       -3.42557716,  0.48087412, -3.26094389,  2.8426981 , -4.67404413,
        2.10984492,  4.02803183, -0.26404026,  1.32003975,  0.12464662,
       -1.96044397,  0.45833018,  2.05341554, -1.70694768, -1.21813512,
        2.17679954, -0.44870698,  1.19488466, -1.10844159, -1.39913905,
        2.51475072, -0.68216479,  1.12921572,  1.89760864, -0.93251616,
        4.21486902,  1.94451034, -0.09900503,  1.78813291,  0.05923197,
       -1.85087764, -0.45323336, -2.61960816, -2.40923762, -0.92276102,
       -0.56183302, -0.16772245,  3.54116774, -0.38381532, -1.43609452,
        3.94000316,  2.28680754, -2.86543941, -0.15551037,  1.34977949,
        1.6009953 , -3.65792727,  0.36893272,  0.23983324,  2.8184154 ,
       -1.55602372, -2.22547269,  0.63168317,  2.09452248,  2.42720342,
       -0.46376655, -1.7499342 , -1.69192529, -1.76926184,  3.81960773,
       -1.04171669, -0.00907277, -1.5646646 ,  2.42951679, -0.82270944,
       -1.30870843, -0.60359406, -0.71503079, -2.45827484, -1.3126775 ,
        3.45098853, -0.10271698, -0.98440194, -0.13778272, -1.13855994,
       -2.02523899,  2.84024072, -1.8476609 , -0.04739606,  0.34972438,
       -0.42045653,  1.81520379,  0.65395296,  0.08410361, -1.16994345], dtype=float32), array([-0.65427881, -0.59257424,  0.22715889,  1.7492367 ,  1.79799259,
       -0.36354259, -2.23206806, -0.84861082, -1.14079309,  1.4096663 ,
        2.04943967, -0.37574065, -0.63353103, -2.08153248, -0.90908301,
       -2.2420187 ,  0.07894365, -1.5667274 ,  0.74119282, -2.96719146,
        1.64772916,  2.27482033, -0.08943606,  1.2808156 , -0.23639759,
       -0.42625147,  0.36953345,  2.01319814, -1.29953742, -0.99159062,
        1.0787493 , -0.05507834,  0.09629029,  0.76409268, -0.85795128,
        1.30706584, -0.89130121,  0.50760227,  1.52891016,  0.08705159,
        2.65028715,  0.33331367, -0.18750599,  1.66262746, -0.23073949,
       -1.51731253, -1.44580376, -1.67941582, -1.32967126, -1.01702321,
       -1.30298042,  0.4992848 ,  2.65387702, -0.1123378 , -0.40812466,
        2.13812804,  1.4678787 , -1.7593317 , -0.02172343, -0.94614768,
        1.34953964, -3.02795029,  0.62520486,  0.28648522,  1.45599985,
       -0.00468567, -1.02342176,  0.82060176,  1.06140113,  1.73133814,
        0.22366741,  0.24058889, -0.2146102 , -1.77013731,  1.99689257,
       -0.43072382, -0.29549271, -0.08288112,  1.04712093, -0.67846292,
        0.05480638, -0.32988369,  0.41211474, -1.24513423, -1.92644906,
        1.95197082,  0.27559748, -0.83458763, -0.44247633, -0.22469673,
       -1.42785609,  0.58993459, -0.67543852,  0.34230077,  0.36256677,
       -0.85500252,  0.68672359,  0.09030807,  0.10304208, -0.86662906], dtype=float32), array([-1.36366057, -0.41293135,  0.44051054,  1.47351825,  0.85159606,
       -1.65381479, -1.75575697, -0.47104979, -0.06899813,  0.48374736,
        2.88772631,  0.35162503, -1.03778577, -1.82639372, -1.16777682,
       -3.63886905,  1.18140471, -1.94848502,  1.40150833, -2.9313705 ,
        1.82641745,  2.38116336, -0.35031676,  0.69189489,  1.10463643,
       -0.68394876, -0.31774709,  2.20265722, -0.48085532, -0.8659026 ,
        1.76817346, -0.28678158, -0.26312757, -0.5758332 , -0.65352297,
        0.889714  ,  0.14954138,  0.97084451,  1.62470782, -0.05027237,
        3.71653509,  0.9385792 , -0.50576949,  2.80854082,  0.67287904,
       -2.30258727, -1.42030191, -2.61326551, -0.47784692, -1.26636994,
       -0.52415365, -0.47892925,  3.50382495, -0.45796046, -0.0471614 ,
        3.67764878,  1.35568595, -1.11675632,  1.29616225,  0.16936888,
        0.65713465, -3.6310699 ,  0.59065485,  1.12710702,  2.12972975,
       -0.34235546, -0.55092567,  0.67746472,  1.37894487,  2.72403097,
        0.55619466, -1.00821185, -1.73601115, -0.104899  ,  2.92629313,
       -0.37256473, -0.61720842, -0.12943321,  1.61379552, -1.17994702,
       -0.37955606, -0.31693634, -0.2672354 , -1.05025733, -1.46558559,
        3.14258814, -0.01326065,  0.08602783, -1.0863049 ,  0.2008917 ,
       -2.61261177,  1.3930527 , -0.56994772,  0.64112377,  0.53540343,
        0.45599771,  0.94580245, -0.81125474, -0.019121  , -1.69833505], dtype=float32), array([-1.44385099, -0.72629964,  1.3075    ,  2.47883201,  2.36022878,
       -1.39674175, -1.91420698, -0.92811781, -0.69949484,  0.81230497,
        4.12844992, -0.51523787, -1.33544385, -2.56514502, -1.34178269,
       -3.18322134,  0.84805858, -3.18457627,  2.33849359, -4.92234612,
        1.49757648,  4.57764864,  0.73184556,  1.93152964,  0.53395045,
       -1.1072979 ,  0.91027218,  2.46085095, -0.96385598, -0.95272523,
        2.10742879, -0.10520286,  1.13446319, -0.3790791 , -0.84527886,
        1.67961848, -0.47079813, -0.34991196,  2.03292561, -1.37011147,
        4.23974037,  1.4612968 ,  0.80242246,  2.43170333,  0.6548748 ,
       -2.16333628,  0.47263736, -1.83334005, -1.87086117, -1.28265023,
       -1.25698435,  0.35695943,  2.87855005, -0.93175864, -0.57970822,
        5.01830721,  2.06502271, -1.21368897,  0.28916004,  0.16524006,
        1.2623688 , -3.93778324,  1.20207107,  0.25819027,  1.9758265 ,
       -0.98667377, -0.93574637,  0.65622574,  2.25000691,  2.31352425,
        0.86078811,  0.1337871 ,  0.20136656, -1.32300258,  4.45440388,
       -1.86747599, -0.05624105, -0.77512181,  2.67743015, -0.4259994 ,
       -1.01905465, -0.64775383, -0.5745402 , -1.44315434, -3.17686796,
        3.13821125,  0.53005922, -1.4513061 , -0.61450016, -0.98837006,
       -2.50073957,  3.76315451, -1.55934083, -0.88937461, -0.2083874 ,
        0.64973891,  1.79761159, -0.16395308, -1.03117788, -1.00804794], dtype=float32), array([-0.58578533, -0.81612724,  0.05338985,  2.45008159,  2.21771765,
       -1.1065681 , -2.46736574, -1.33908522, -0.62437189,  1.71405363,
        2.53799987, -0.46411613, -0.8037219 , -2.97945595, -1.28768229,
       -3.23815608,  0.38289678, -1.9057194 ,  1.27300763, -3.33546138,
        1.92211664,  3.01581717, -0.01729771,  1.04213428, -0.00691374,
       -0.86533654,  0.02109896,  2.54488325, -1.54518974, -1.06469858,
        1.20300901, -0.43418404, -0.14673418,  0.13770692, -0.87075061,
        1.73620141, -0.95603234,  1.24035156,  1.78015149,  0.2054106 ,
        3.39126396,  0.93561536,  0.07850592,  1.96919417, -0.45012566,
       -2.07025909, -1.49830997, -1.97124171, -1.62463677, -1.29330277,
       -1.32675719,  0.76011437,  3.30474091, -0.07519792, -0.36866143,
        2.84123826,  1.73733747, -2.043926  ,  0.27104205, -0.46058592,
        1.26220393, -3.76333046,  0.41866535,  0.60806179,  1.34969461,
       -0.25212944, -1.39293814,  0.92963618,  1.20631754,  2.42904568,
        0.23082775,  0.42322254, -0.42010999, -1.85524511,  2.44976258,
       -0.45409563, -0.48894507,  0.2933754 ,  1.71718371, -0.77929354,
       -0.19864227, -0.95371699, -0.11230807, -1.64671278, -2.0409627 ,
        2.16407776,  0.42683589, -0.6658743 , -0.50787443, -0.0631962 ,
       -1.91933703,  0.60249764, -0.80303741, -0.12112866,  0.67369896,
       -1.09404397,  1.26538765, -0.34957975, -0.02240042, -1.35003638], dtype=float32), array([-1.0309186 , -0.26094472,  0.37814814,  3.44038486,  3.10920835,
       -1.66042507, -3.54999161, -1.68906784, -2.00732684,  1.80477738,
        4.60189915, -0.46749413, -1.5756861 , -3.3446641 , -1.16783142,
       -5.35953522,  0.08252251, -3.67245722,  2.95389223, -5.29767036,
        3.40500784,  4.99466181, -0.24208128,  2.22360492, -0.0344875 ,
       -1.80375755,  0.19319175,  3.34509611, -1.76215994, -2.41273546,
        2.48902965, -0.46862215,  0.24248396, -0.57848054, -1.3577826 ,
        2.24673176, -0.74772137, -0.13600005,  2.36658192, -0.52931261,
        5.55486202,  1.94798779, -0.6717931 ,  3.60979772, -0.55993074,
       -2.57546043, -1.28983748, -2.77757359, -3.53586292, -1.88012171,
       -1.8041321 , -0.07626865,  3.96427226, -0.44271326, -0.38526222,
        4.204041  ,  2.88838267, -2.79409027,  0.40189567, -0.58236754,
        2.61573339, -5.07088661,  1.14125597,  0.18701604,  3.0642066 ,
       -0.87346327, -2.81938076,  1.14415789,  2.98415446,  3.22992921,
        0.3070417 , -0.16934846, -1.47672784, -3.39349985,  3.98552132,
       -1.12029481, -0.57710046, -0.51939112,  2.00327969, -1.14618361,
       -1.15067971, -1.264359  , -0.62609136, -2.24630904, -3.18088603,
        4.43576002,  1.19038177, -1.57203078, -1.02958727, -0.54498243,
       -3.15064931,  2.49502802, -0.61182928,  0.73788255,  0.1370797 ,
       -0.98798692,  1.56964803,  0.65313834, -0.24484719, -1.47628307], dtype=float32), array([-2.64965129, -1.92912912,  1.94040418,  4.4418478 ,  4.87229824,
       -2.82057881, -3.3768549 , -2.66522884, -0.27415708,  2.70208788,
        5.46243811, -1.06830752, -3.19751644, -4.43136883, -2.10191393,
       -6.71762466,  2.82950068, -4.39555502,  3.89115977, -7.1612525 ,
        4.28806639,  6.84755468,  0.33683035,  2.90081596,  0.57577592,
       -1.85667396, -0.55012268,  5.60164595, -2.47079611, -0.62101507,
        2.7739656 , -0.08567214, -0.13214332,  0.08014566, -2.33621073,
        1.58697414, -0.31158906,  1.46187341,  2.15252519, -0.35235611,
        7.11313152,  1.28730559, -1.20785761,  3.46216893,  0.62796628,
       -3.22929287, -3.00595427, -4.67094946, -4.02920103, -2.77816987,
       -1.64108455, -0.04085417,  6.4342103 , -0.12436026,  0.18432744,
        5.61290264,  3.03799725, -4.89718533,  2.24374413,  0.17830738,
        3.25310421, -6.76182365,  0.53002298, -0.13594799,  6.33228588,
       -2.10673094, -2.73722148,  0.95165557,  4.60075474,  2.95049429,
       -0.37679315,  1.29135525, -1.20172584, -1.59555089,  5.39479733,
        0.67286444,  2.0552094 , -1.14290214, -0.5147438 , -2.53773355,
       -1.0794996 , -1.80244648,  1.45746744, -4.33381176, -4.11081028,
        4.40702868,  0.60655576, -1.2193718 , -1.49083006, -1.50228274,
       -4.26682329,  2.82125258, -3.63114357,  1.76930904,  1.66992378,
       -0.0492358 ,  2.1538074 , -0.0275467 ,  0.30688688, -1.25907218], dtype=float32), array([-0.60392833, -1.19124472,  1.6256218 ,  2.6913383 ,  1.52536857,
       -0.70744979, -1.31418169, -0.71962553, -1.91644919,  0.67863923,
        2.81483626,  0.11273324, -1.84471726, -1.65765786, -0.67600644,
       -2.68039703,  0.38304862, -2.70495486,  1.80897856, -2.49094629,
        1.81580043,  2.9551971 ,  0.95270115,  1.93821049,  0.53981656,
       -0.28186071,  0.59068716,  2.88398337, -0.15617895, -0.52809656,
        1.72597754, -0.35266823,  1.33274305,  0.31992263, -0.86418962,
        1.62282181, -1.34428096,  0.46184254,  1.50884771, -1.23635256,
        3.84276009,  1.82905817,  1.22812641,  2.03190589,  0.2220386 ,
       -2.36982775, -0.12008913, -0.78660333, -1.53653467, -2.06531954,
       -1.99277163,  0.02895726,  1.06592476, -1.49405587, -0.56374216,
        2.62192869,  2.36622477, -1.31707656,  0.00812917,  0.20380695,
        0.41554108, -3.32950306,  0.71724361, -0.09844413,  2.05484843,
       -0.49600741,  0.78737855,  0.80580521,  1.73974431,  1.8879056 ,
       -0.23688069,  0.14759812, -1.32178009, -1.82168019,  2.81704116,
       -0.96856582, -0.06853355, -0.62855691,  1.17032242, -0.77309388,
       -0.17140797, -0.32001755, -1.24485648, -1.08582997, -1.82869387,
        1.6321981 ,  0.46478033, -1.17106795, -1.08733356,  0.10641253,
       -2.04081917,  3.06919098, -0.55919415, -0.00667277, -0.89270794,
        0.75464082,  1.50247288,  0.47212988, -0.68114418, -1.04115748], dtype=float32), None]
