[array([ 0.,  0.,  0.,  0.,  0.,  0.,  0.,  0.,  0.,  0.,  0.,  0.,  0.,
        0.,  0.,  0.,  0.,  0.,  0.,  0.,  0.,  0.,  0.,  0.,  0.,  0.,
        0.,  0.,  0.,  0.,  0.,  0.,  0.,  0.,  0.,  0.,  0.,  0.,  0.,
        0.,  0.,  0.,  0.,  0.,  0.,  0.,  0.,  0.,  0.,  0.,  0.,  0.,
        0.,  0.,  0.,  0.,  0.,  0.,  0.,  0.,  0.,  0.,  0.,  0.,  0.,
        0.,  0.,  0.,  0.,  0.,  0.,  0.,  0.,  0.,  0.,  0.,  0.,  0.,
        0.,  0.,  0.,  0.,  0.,  0.,  0.,  0.,  0.,  0.,  0.,  0.,  0.,
        0.,  0.,  0.,  0.,  0.,  0.,  0.,  0.,  0.], dtype=float32), array([ 0.,  0.,  0.,  0.,  0., -0.,  0.,  0.,  0.,  0.,  0.,  0.,  0.,
        0.,  0.,  0.,  0.,  0.,  0.,  0.,  0.,  0.,  0.,  0.,  0.,  0.,
        0.,  0.,  0.,  0.,  0.,  0.,  0.,  0.,  0.,  0.,  0.,  0.,  0.,
        0.,  0.,  0.,  0.,  0.,  0.,  0.,  0.,  0.,  0.,  0.,  0.,  0.,
        0.,  0.,  0.,  0.,  0.,  0.,  0.,  0.,  0.,  0.,  0.,  0.,  0.,
        0.,  0.,  0.,  0.,  0.,  0.,  0.,  0.,  0.,  0.,  0.,  0.,  0.,
        0.,  0.,  0.,  0.,  0.,  0.,  0.,  0.,  0.,  0.,  0.,  0.,  0.,
        0.,  0.,  0.,  0.,  0.,  0.,  0.,  0.,  0.], dtype=float32), array([ 0.,  0.,  0.,  0.,  0.,  0.,  0.,  0.,  0.,  0.,  0.,  0.,  0.,
        0.,  0.,  0.,  0.,  0.,  0., -0.,  0.,  0.,  0.,  0.,  0.,  0.,
        0.,  0.,  0.,  0.,  0.,  0.,  0.,  0.,  0.,  0.,  0.,  0.,  0.,
        0.,  0.,  0.,  0.,  0.,  0.,  0.,  0.,  0.,  0.,  0.,  0.,  0.,
        0.,  0.,  0.,  0.,  0.,  0.,  0.,  0.,  0.,  0.,  0.,  0.,  0.,
        0.,  0.,  0.,  0.,  0.,  0.,  0.,  0.,  0.,  0.,  0.,  0.,  0.,
        0.,  0.,  0.,  0.,  0.,  0.,  0.,  0.,  0.,  0.,  0.,  0.,  0.,
        0.,  0.,  0.,  0.,  0.,  0.,  0.,  0.,  0.], dtype=float32), array([ -1.08799868e-05,   7.89346741e-05,  -2.97436163e-05,
        -5.44522154e-05,   3.69713816e-05,  -1.11875961e-04,
        -1.39334923e-04,   1.04095947e-04,  -4.56233320e-05,
         9.54670322e-05,   2.36619802e-04,  -2.32814436e-05,
        -3.67767734e-06,   2.98862578e-05,  -1.05951631e-05,
        -2.40120440e-04,   1.32046016e-05,   8.96142737e-05,
         1.03716229e-04,  -2.18967383e-04,   8.35125502e-06,
         1.39381751e-04,  -6.73620752e-06,   6.62772654e-05,
        -4.01541947e-05,   6.84782935e-05,  -7.96303430e-05,
         2.98301075e-06,   1.55489557e-04,  -2.51202914e-06,
         5.77857390e-05,   3.43968713e-05,   1.60700482e-04,
         4.38532734e-05,  -7.84154254e-05,  -2.12724467e-06,
         7.93343133e-05,  -2.97437800e-05,   5.31162113e-05,
        -1.80295203e-04,   4.26877486e-05,   2.22280778e-05,
        -2.35029656e-04,   2.21998576e-04,   1.28400701e-04,
        -6.85712002e-05,   4.00444833e-07,  -8.12429935e-05,
         5.88916373e-05,  -9.05106481e-06,  -4.50788757e-05,
         2.14593802e-05,   1.92616964e-04,  -1.18268465e-04,
        -1.40359145e-04,   1.43756042e-04,   5.43468268e-05,
         8.46198691e-06,   8.47726697e-05,   3.93915070e-05,
         8.50292272e-05,  -1.32450383e-04,   1.24683269e-04,
         1.51917429e-05,   2.93866688e-05,  -3.78583245e-05,
        -6.04458110e-05,   1.51380387e-04,   8.24776653e-05,
         2.58030504e-05,   8.78640822e-06,  -1.14268609e-04,
        -1.58768249e-04,  -4.31958215e-05,   2.48209370e-04,
         6.63595256e-06,  -1.22190817e-04,  -5.53456130e-06,
         8.16617612e-05,  -8.68461939e-05,  -1.70485102e-04,
         2.67022151e-05,  -1.55702917e-04,   2.12959931e-05,
        -2.27949840e-05,   2.14501910e-04,   3.08433846e-05,
        -5.84385998e-05,  -2.74693571e-06,   1.48453139e-04,
        -2.09015598e-05,   3.41025225e-05,   4.48129613e-05,
        -1.02430931e-04,  -2.50596804e-06,  -1.33224057e-05,
         9.90463668e-05,   1.91057516e-05,   5.39726861e-05,
        -4.54228539e-05], dtype=float32), array([ 0.,  0.,  0.,  0.,  0.,  0.,  0.,  0.,  0.,  0.,  0.,  0.,  0.,
        0.,  0.,  0.,  0.,  0.,  0.,  0.,  0.,  0.,  0.,  0.,  0.,  0.,
        0.,  0.,  0.,  0.,  0.,  0.,  0.,  0.,  0.,  0.,  0.,  0.,  0.,
        0.,  0.,  0.,  0.,  0.,  0.,  0.,  0.,  0.,  0.,  0.,  0.,  0.,
        0.,  0.,  0.,  0.,  0.,  0.,  0.,  0.,  0.,  0.,  0.,  0.,  0.,
        0.,  0.,  0.,  0.,  0.,  0.,  0.,  0.,  0.,  0.,  0.,  0.,  0.,
        0.,  0.,  0.,  0.,  0.,  0.,  0.,  0.,  0.,  0.,  0.,  0.,  0.,
        0.,  0.,  0.,  0.,  0.,  0.,  0.,  0.,  0.], dtype=float32), array([ -1.08799868e-05,   7.89346741e-05,  -2.97436163e-05,
        -5.44522154e-05,   3.69713816e-05,  -1.11875961e-04,
        -1.39334923e-04,   1.04095947e-04,  -4.56233320e-05,
         9.54670322e-05,   2.36619802e-04,  -2.32814436e-05,
        -3.67767734e-06,   2.98862578e-05,  -1.05951631e-05,
        -2.40120440e-04,   1.32046016e-05,   8.96142737e-05,
         1.03716229e-04,  -2.18967383e-04,   8.35125502e-06,
         1.39381751e-04,  -6.73620752e-06,   6.62772654e-05,
        -4.01541947e-05,   6.84782935e-05,  -7.96303430e-05,
         2.98301075e-06,   1.55489557e-04,  -2.51202914e-06,
         5.77857390e-05,   3.43968713e-05,   1.60700482e-04,
         4.38532734e-05,  -7.84154254e-05,  -2.12724467e-06,
         7.93343133e-05,  -2.97437800e-05,   5.31162113e-05,
        -1.80295203e-04,   4.26877486e-05,   2.22280778e-05,
        -2.35029656e-04,   2.21998576e-04,   1.28400701e-04,
        -6.85712002e-05,   4.00444833e-07,  -8.12429935e-05,
         5.88916373e-05,  -9.05106481e-06,  -4.50788757e-05,
         2.14593802e-05,   1.92616964e-04,  -1.18268465e-04,
        -1.40359145e-04,   1.43756042e-04,   5.43468268e-05,
         8.46198691e-06,   8.47726697e-05,   3.93915070e-05,
         8.50292272e-05,  -1.32450383e-04,   1.24683269e-04,
         1.51917429e-05,   2.93866688e-05,  -3.78583245e-05,
        -6.04458110e-05,   1.51380387e-04,   8.24776653e-05,
         2.58030504e-05,   8.78640822e-06,  -1.14268609e-04,
        -1.58768249e-04,  -4.31958215e-05,   2.48209370e-04,
         6.63595256e-06,  -1.22190817e-04,  -5.53456130e-06,
         8.16617612e-05,  -8.68461939e-05,  -1.70485102e-04,
         2.67022151e-05,  -1.55702917e-04,   2.12959931e-05,
        -2.27949840e-05,   2.14501910e-04,   3.08433846e-05,
        -5.84385998e-05,  -2.74693571e-06,   1.48453139e-04,
        -2.09015598e-05,   3.41025225e-05,   4.48129613e-05,
        -1.02430931e-04,  -2.50596804e-06,  -1.33224057e-05,
         9.90463668e-05,   1.91057516e-05,   5.39726861e-05,
        -4.54228539e-05], dtype=float32), array([ 0.,  0.,  0.,  0.,  0.,  0.,  0.,  0.,  0.,  0.,  0.,  0.,  0.,
        0.,  0.,  0.,  0.,  0.,  0.,  0.,  0.,  0.,  0.,  0.,  0.,  0.,
        0.,  0.,  0.,  0.,  0.,  0.,  0.,  0.,  0.,  0.,  0.,  0.,  0.,
        0.,  0.,  0.,  0.,  0.,  0., -0.,  0.,  0.,  0.,  0.,  0.,  0.,
        0.,  0.,  0.,  0.,  0.,  0.,  0.,  0.,  0.,  0.,  0.,  0.,  0.,
        0.,  0.,  0.,  0.,  0.,  0.,  0.,  0.,  0.,  0.,  0.,  0.,  0.,
        0.,  0.,  0.,  0.,  0.,  0.,  0.,  0.,  0.,  0.,  0.,  0.,  0.,
        0.,  0.,  0.,  0.,  0.,  0.,  0.,  0.,  0.], dtype=float32), array([ 0.,  0.,  0.,  0.,  0.,  0.,  0.,  0.,  0.,  0.,  0.,  0.,  0.,
        0.,  0.,  0.,  0.,  0.,  0.,  0.,  0.,  0.,  0.,  0.,  0.,  0.,
        0.,  0.,  0.,  0.,  0.,  0.,  0.,  0.,  0.,  0.,  0.,  0.,  0.,
        0.,  0.,  0.,  0.,  0.,  0.,  0.,  0.,  0.,  0.,  0.,  0.,  0.,
        0.,  0.,  0.,  0.,  0.,  0.,  0.,  0.,  0.,  0.,  0.,  0.,  0.,
        0.,  0.,  0.,  0.,  0.,  0.,  0.,  0.,  0.,  0.,  0.,  0.,  0.,
        0.,  0.,  0.,  0.,  0.,  0.,  0.,  0.,  0.,  0.,  0.,  0.,  0.,
        0.,  0.,  0.,  0.,  0.,  0.,  0.,  0.,  0.], dtype=float32), array([ -6.07469046e-05,  -8.30441641e-05,   4.67875288e-05,
         1.22319962e-05,   7.59642135e-05,  -1.46179736e-05,
        -1.20919212e-04,   1.62694851e-05,   6.03279987e-05,
         1.95239409e-04,   6.41023871e-05,   4.16652001e-05,
        -1.14047019e-04,   7.20733005e-05,   7.25268037e-05,
        -9.22508189e-05,   7.56941663e-05,  -6.23709930e-05,
        -1.20211080e-04,   9.01755557e-05,   7.12209221e-05,
         2.00186667e-04,  -1.30803353e-04,   5.04369273e-05,
        -7.86985547e-05,   2.08424844e-05,   4.24486461e-05,
         1.84243108e-04,  -4.08697379e-05,   5.81366694e-05,
         7.07037907e-05,   7.22108307e-05,  -3.94189738e-06,
        -2.74315607e-05,   1.01335936e-04,  -3.09011994e-05,
        -1.46736420e-04,   1.53926187e-04,  -6.32822776e-05,
         1.82964141e-05,  -1.76134257e-04,  -7.42268503e-06,
         2.35181229e-04,   8.61280023e-06,  -1.19254932e-04,
         2.57724405e-05,  -2.40494992e-05,   1.83429656e-05,
        -4.83541189e-05,   7.00275268e-06,   1.45653190e-04,
         3.37662314e-05,  -8.15258500e-06,  -1.18749958e-04,
         5.98659608e-06,   4.94400410e-05,  -1.08252534e-04,
        -1.42694465e-04,   8.26229661e-05,  -4.19842545e-05,
         2.38161432e-04,   3.14963581e-05,   1.46107559e-04,
         2.61162022e-05,   3.51177187e-05,  -5.54997896e-05,
         3.77111064e-05,   9.37774967e-05,   8.14324812e-05,
         6.11721480e-05,  -8.70758449e-05,   1.42717356e-04,
        -5.93393452e-05,  -2.78754269e-05,   1.48384206e-05,
         1.82230622e-04,   1.68099534e-04,  -1.14320392e-04,
        -1.48533203e-04,   3.03922207e-05,  -7.04144913e-05,
         4.72920292e-05,   2.41416798e-04,  -6.13409502e-05,
        -4.96326575e-05,   2.24093601e-05,  -1.62204189e-04,
         1.10838555e-04,  -1.90823106e-04,   1.01062331e-04,
         1.04371080e-04,   3.55220036e-05,  -1.45235041e-04,
         1.03609527e-05,   1.58991588e-05,   9.18921432e-05,
        -9.22751933e-05,  -1.34293674e-04,   1.14991264e-04,
        -1.01116239e-04], dtype=float32), array([ 0.,  0.,  0.,  0.,  0.,  0.,  0.,  0.,  0.,  0.,  0.,  0.,  0.,
        0.,  0.,  0.,  0.,  0.,  0.,  0.,  0.,  0.,  0.,  0.,  0.,  0.,
        0.,  0.,  0.,  0.,  0.,  0.,  0.,  0.,  0.,  0.,  0.,  0.,  0.,
        0.,  0.,  0.,  0.,  0.,  0.,  0.,  0.,  0.,  0.,  0.,  0.,  0.,
        0.,  0.,  0.,  0.,  0.,  0.,  0.,  0.,  0.,  0.,  0.,  0.,  0.,
        0.,  0.,  0.,  0.,  0.,  0.,  0.,  0.,  0.,  0.,  0.,  0.,  0.,
        0.,  0.,  0.,  0.,  0.,  0.,  0.,  0.,  0.,  0.,  0.,  0.,  0.,
        0.,  0.,  0.,  0.,  0.,  0.,  0.,  0.,  0.], dtype=float32), array([ 0.,  0.,  0.,  0.,  0.,  0.,  0.,  0.,  0.,  0.,  0.,  0.,  0.,
        0.,  0.,  0.,  0.,  0.,  0., -0.,  0.,  0.,  0.,  0.,  0.,  0.,
        0.,  0.,  0.,  0.,  0.,  0.,  0.,  0.,  0.,  0.,  0.,  0.,  0.,
        0.,  0.,  0.,  0.,  0.,  0.,  0.,  0.,  0.,  0.,  0.,  0.,  0.,
        0.,  0.,  0.,  0.,  0.,  0.,  0.,  0.,  0.,  0.,  0.,  0.,  0.,
        0.,  0.,  0.,  0.,  0.,  0.,  0.,  0.,  0.,  0.,  0.,  0.,  0.,
        0.,  0.,  0.,  0.,  0.,  0.,  0.,  0.,  0.,  0.,  0.,  0.,  0.,
        0.,  0.,  0.,  0.,  0.,  0.,  0.,  0.,  0.], dtype=float32), array([ 0.,  0.,  0.,  0.,  0.,  0.,  0.,  0.,  0.,  0.,  0.,  0.,  0.,
        0.,  0.,  0.,  0.,  0.,  0.,  0.,  0.,  0.,  0.,  0.,  0.,  0.,
        0.,  0.,  0.,  0.,  0.,  0.,  0.,  0.,  0.,  0.,  0.,  0.,  0.,
        0.,  0.,  0.,  0.,  0.,  0.,  0.,  0.,  0.,  0.,  0.,  0.,  0.,
        0.,  0.,  0.,  0.,  0.,  0.,  0.,  0.,  0.,  0.,  0.,  0.,  0.,
        0.,  0.,  0.,  0.,  0.,  0.,  0.,  0.,  0.,  0.,  0.,  0.,  0.,
        0.,  0.,  0.,  0.,  0.,  0.,  0.,  0.,  0.,  0.,  0.,  0.,  0.,
        0.,  0.,  0.,  0.,  0.,  0.,  0.,  0.,  0.], dtype=float32), array([ 0.,  0.,  0.,  0.,  0.,  0.,  0.,  0.,  0.,  0.,  0.,  0.,  0.,
        0.,  0.,  0.,  0.,  0.,  0., -0.,  0.,  0.,  0.,  0.,  0.,  0.,
        0.,  0.,  0.,  0.,  0.,  0.,  0.,  0.,  0.,  0.,  0.,  0.,  0.,
        0.,  0.,  0.,  0.,  0.,  0.,  0.,  0.,  0.,  0.,  0.,  0.,  0.,
        0.,  0.,  0.,  0.,  0.,  0.,  0.,  0.,  0.,  0.,  0.,  0.,  0.,
        0.,  0.,  0.,  0.,  0.,  0.,  0.,  0.,  0.,  0.,  0.,  0.,  0.,
        0.,  0.,  0.,  0.,  0.,  0.,  0.,  0.,  0.,  0.,  0.,  0.,  0.,
        0.,  0.,  0.,  0.,  0.,  0.,  0.,  0.,  0.], dtype=float32), array([ 0.,  0.,  0.,  0.,  0.,  0.,  0.,  0.,  0.,  0.,  0.,  0.,  0.,
        0.,  0.,  0.,  0.,  0.,  0.,  0.,  0.,  0.,  0.,  0.,  0.,  0.,
        0.,  0.,  0.,  0.,  0.,  0.,  0.,  0.,  0.,  0.,  0.,  0.,  0.,
        0.,  0.,  0.,  0.,  0.,  0., -0.,  0.,  0.,  0.,  0.,  0.,  0.,
        0.,  0.,  0.,  0.,  0.,  0.,  0.,  0.,  0.,  0.,  0.,  0.,  0.,
        0.,  0.,  0.,  0.,  0.,  0.,  0.,  0.,  0.,  0.,  0.,  0.,  0.,
        0.,  0.,  0.,  0.,  0.,  0.,  0.,  0.,  0.,  0.,  0.,  0.,  0.,
        0.,  0.,  0.,  0.,  0.,  0.,  0.,  0.,  0.], dtype=float32), array([ 0.,  0.,  0.,  0.,  0.,  0.,  0.,  0.,  0.,  0.,  0.,  0.,  0.,
        0.,  0.,  0.,  0.,  0.,  0., -0.,  0.,  0.,  0.,  0.,  0.,  0.,
        0.,  0.,  0.,  0.,  0.,  0.,  0.,  0.,  0.,  0.,  0.,  0.,  0.,
        0.,  0.,  0.,  0.,  0.,  0.,  0.,  0.,  0.,  0.,  0.,  0.,  0.,
        0.,  0.,  0.,  0.,  0.,  0.,  0.,  0.,  0.,  0.,  0.,  0.,  0.,
        0.,  0.,  0.,  0.,  0.,  0.,  0.,  0.,  0.,  0.,  0.,  0.,  0.,
        0.,  0.,  0.,  0.,  0.,  0.,  0.,  0.,  0.,  0.,  0.,  0., -0.,
        0.,  0.,  0.,  0.,  0.,  0.,  0.,  0.,  0.], dtype=float32), array([ 0.,  0.,  0.,  0.,  0.,  0.,  0.,  0.,  0.,  0.,  0.,  0.,  0.,
        0.,  0.,  0.,  0.,  0.,  0.,  0.,  0.,  0.,  0.,  0.,  0.,  0.,
        0.,  0.,  0.,  0.,  0.,  0.,  0.,  0.,  0.,  0.,  0.,  0.,  0.,
        0.,  0.,  0.,  0.,  0.,  0.,  0.,  0.,  0.,  0.,  0.,  0.,  0.,
        0.,  0.,  0.,  0.,  0.,  0.,  0.,  0.,  0.,  0.,  0.,  0.,  0.,
        0.,  0.,  0.,  0.,  0.,  0.,  0.,  0.,  0.,  0.,  0.,  0.,  0.,
        0.,  0.,  0.,  0.,  0.,  0.,  0.,  0.,  0.,  0.,  0.,  0.,  0.,
        0.,  0.,  0.,  0.,  0.,  0.,  0.,  0.,  0.], dtype=float32), array([ -1.08799868e-05,   7.89346741e-05,  -2.97436163e-05,
        -5.44522154e-05,   3.69713816e-05,  -1.11875961e-04,
        -1.39334923e-04,   1.04095947e-04,  -4.56233320e-05,
         9.54670322e-05,   2.36619802e-04,  -2.32814436e-05,
        -3.67767734e-06,   2.98862578e-05,  -1.05951631e-05,
        -2.40120440e-04,   1.32046016e-05,   8.96142737e-05,
         1.03716229e-04,  -2.18967383e-04,   8.35125502e-06,
         1.39381751e-04,  -6.73620752e-06,   6.62772654e-05,
        -4.01541947e-05,   6.84782935e-05,  -7.96303430e-05,
         2.98301075e-06,   1.55489557e-04,  -2.51202914e-06,
         5.77857390e-05,   3.43968713e-05,   1.60700482e-04,
         4.38532734e-05,  -7.84154254e-05,  -2.12724467e-06,
         7.93343133e-05,  -2.97437800e-05,   5.31162113e-05,
        -1.80295203e-04,   4.26877486e-05,   2.22280778e-05,
        -2.35029656e-04,   2.21998576e-04,   1.28400701e-04,
        -6.85712002e-05,   4.00444833e-07,  -8.12429935e-05,
         5.88916373e-05,  -9.05106481e-06,  -4.50788757e-05,
         2.14593802e-05,   1.92616964e-04,  -1.18268465e-04,
        -1.40359145e-04,   1.43756042e-04,   5.43468268e-05,
         8.46198691e-06,   8.47726697e-05,   3.93915070e-05,
         8.50292272e-05,  -1.32450383e-04,   1.24683269e-04,
         1.51917429e-05,   2.93866688e-05,  -3.78583245e-05,
        -6.04458110e-05,   1.51380387e-04,   8.24776653e-05,
         2.58030504e-05,   8.78640822e-06,  -1.14268609e-04,
        -1.58768249e-04,  -4.31958215e-05,   2.48209370e-04,
         6.63595256e-06,  -1.22190817e-04,  -5.53456130e-06,
         8.16617612e-05,  -8.68461939e-05,  -1.70485102e-04,
         2.67022151e-05,  -1.55702917e-04,   2.12959931e-05,
        -2.27949840e-05,   2.14501910e-04,   3.08433846e-05,
        -5.84385998e-05,  -2.74693571e-06,   1.48453139e-04,
        -2.09015598e-05,   3.41025225e-05,   4.48129613e-05,
        -1.02430931e-04,  -2.50596804e-06,  -1.33224057e-05,
         9.90463668e-05,   1.91057516e-05,   5.39726861e-05,
        -4.54228539e-05], dtype=float32), array([ 0.,  0.,  0.,  0.,  0.,  0.,  0.,  0.,  0.,  0.,  0.,  0.,  0.,
        0.,  0.,  0.,  0.,  0.,  0.,  0.,  0.,  0.,  0.,  0.,  0.,  0.,
        0.,  0.,  0.,  0.,  0.,  0.,  0.,  0.,  0.,  0.,  0.,  0.,  0.,
        0.,  0.,  0.,  0.,  0.,  0.,  0.,  0.,  0.,  0.,  0.,  0.,  0.,
        0.,  0.,  0.,  0.,  0.,  0.,  0.,  0.,  0.,  0.,  0.,  0.,  0.,
        0.,  0.,  0.,  0.,  0.,  0.,  0.,  0.,  0.,  0.,  0.,  0.,  0.,
        0.,  0.,  0.,  0.,  0.,  0.,  0.,  0.,  0.,  0.,  0.,  0.,  0.,
        0.,  0.,  0.,  0.,  0.,  0.,  0.,  0.,  0.], dtype=float32), array([ 0.,  0.,  0.,  0.,  0.,  0.,  0.,  0.,  0.,  0.,  0.,  0.,  0.,
        0.,  0.,  0.,  0.,  0.,  0.,  0.,  0.,  0.,  0.,  0.,  0.,  0.,
        0.,  0.,  0.,  0.,  0.,  0.,  0.,  0.,  0.,  0.,  0.,  0.,  0.,
        0.,  0.,  0.,  0.,  0.,  0.,  0.,  0.,  0.,  0.,  0.,  0.,  0.,
        0.,  0.,  0.,  0.,  0.,  0.,  0.,  0.,  0.,  0.,  0.,  0.,  0.,
        0.,  0.,  0.,  0.,  0.,  0.,  0.,  0.,  0.,  0.,  0.,  0.,  0.,
        0.,  0.,  0.,  0.,  0.,  0.,  0.,  0.,  0.,  0.,  0.,  0.,  0.,
        0.,  0.,  0.,  0.,  0.,  0.,  0.,  0.,  0.], dtype=float32), array([ 0.,  0.,  0.,  0.,  0.,  0.,  0.,  0.,  0.,  0.,  0.,  0.,  0.,
        0.,  0.,  0.,  0.,  0.,  0.,  0.,  0.,  0.,  0.,  0.,  0.,  0.,
        0.,  0.,  0.,  0.,  0.,  0.,  0.,  0.,  0.,  0.,  0.,  0.,  0.,
        0.,  0.,  0.,  0.,  0.,  0.,  0.,  0.,  0.,  0.,  0.,  0.,  0.,
        0.,  0.,  0.,  0.,  0.,  0.,  0.,  0.,  0.,  0.,  0.,  0.,  0.,
        0.,  0.,  0.,  0.,  0.,  0.,  0.,  0.,  0.,  0.,  0.,  0.,  0.,
        0.,  0.,  0.,  0.,  0.,  0.,  0.,  0.,  0.,  0.,  0.,  0.,  0.,
        0.,  0.,  0.,  0.,  0.,  0.,  0.,  0.,  0.], dtype=float32), array([ -1.08799868e-05,   7.89346741e-05,  -2.97436163e-05,
        -5.44522154e-05,   3.69713816e-05,  -1.11875961e-04,
        -1.39334923e-04,   1.04095947e-04,  -4.56233320e-05,
         9.54670322e-05,   2.36619802e-04,  -2.32814436e-05,
        -3.67767734e-06,   2.98862578e-05,  -1.05951631e-05,
        -2.40120440e-04,   1.32046016e-05,   8.96142737e-05,
         1.03716229e-04,  -2.18967383e-04,   8.35125502e-06,
         1.39381751e-04,  -6.73620752e-06,   6.62772654e-05,
        -4.01541947e-05,   6.84782935e-05,  -7.96303430e-05,
         2.98301075e-06,   1.55489557e-04,  -2.51202914e-06,
         5.77857390e-05,   3.43968713e-05,   1.60700482e-04,
         4.38532734e-05,  -7.84154254e-05,  -2.12724467e-06,
         7.93343133e-05,  -2.97437800e-05,   5.31162113e-05,
        -1.80295203e-04,   4.26877486e-05,   2.22280778e-05,
        -2.35029656e-04,   2.21998576e-04,   1.28400701e-04,
        -6.85712002e-05,   4.00444833e-07,  -8.12429935e-05,
         5.88916373e-05,  -9.05106481e-06,  -4.50788757e-05,
         2.14593802e-05,   1.92616964e-04,  -1.18268465e-04,
        -1.40359145e-04,   1.43756042e-04,   5.43468268e-05,
         8.46198691e-06,   8.47726697e-05,   3.93915070e-05,
         8.50292272e-05,  -1.32450383e-04,   1.24683269e-04,
         1.51917429e-05,   2.93866688e-05,  -3.78583245e-05,
        -6.04458110e-05,   1.51380387e-04,   8.24776653e-05,
         2.58030504e-05,   8.78640822e-06,  -1.14268609e-04,
        -1.58768249e-04,  -4.31958215e-05,   2.48209370e-04,
         6.63595256e-06,  -1.22190817e-04,  -5.53456130e-06,
         8.16617612e-05,  -8.68461939e-05,  -1.70485102e-04,
         2.67022151e-05,  -1.55702917e-04,   2.12959931e-05,
        -2.27949840e-05,   2.14501910e-04,   3.08433846e-05,
        -5.84385998e-05,  -2.74693571e-06,   1.48453139e-04,
        -2.09015598e-05,   3.41025225e-05,   4.48129613e-05,
        -1.02430931e-04,  -2.50596804e-06,  -1.33224057e-05,
         9.90463668e-05,   1.91057516e-05,   5.39726861e-05,
        -4.54228539e-05], dtype=float32), array([ 0.,  0.,  0.,  0.,  0.,  0.,  0.,  0.,  0.,  0.,  0.,  0.,  0.,
        0.,  0.,  0.,  0.,  0.,  0.,  0.,  0.,  0.,  0.,  0.,  0.,  0.,
        0.,  0.,  0.,  0.,  0.,  0.,  0.,  0.,  0.,  0.,  0.,  0.,  0.,
        0.,  0.,  0.,  0.,  0.,  0.,  0.,  0.,  0.,  0.,  0.,  0.,  0.,
        0.,  0.,  0.,  0.,  0.,  0.,  0.,  0.,  0.,  0.,  0.,  0.,  0.,
        0.,  0.,  0.,  0.,  0.,  0.,  0.,  0.,  0.,  0.,  0.,  0.,  0.,
        0.,  0.,  0.,  0.,  0.,  0.,  0.,  0.,  0.,  0.,  0.,  0.,  0.,
        0.,  0.,  0.,  0.,  0.,  0.,  0.,  0.,  0.], dtype=float32), array([ 0.,  0.,  0.,  0.,  0.,  0.,  0.,  0.,  0.,  0.,  0.,  0.,  0.,
        0.,  0.,  0.,  0.,  0.,  0., -0.,  0.,  0.,  0.,  0.,  0.,  0.,
        0.,  0.,  0.,  0.,  0.,  0.,  0.,  0.,  0.,  0.,  0.,  0.,  0.,
        0.,  0.,  0.,  0.,  0.,  0.,  0.,  0.,  0.,  0.,  0.,  0.,  0.,
        0.,  0.,  0.,  0.,  0.,  0.,  0.,  0.,  0.,  0.,  0.,  0.,  0.,
        0.,  0.,  0.,  0.,  0.,  0.,  0.,  0.,  0.,  0.,  0.,  0.,  0.,
        0.,  0.,  0.,  0.,  0.,  0.,  0.,  0.,  0.,  0.,  0.,  0.,  0.,
        0.,  0.,  0.,  0.,  0.,  0.,  0.,  0.,  0.], dtype=float32), array([ 0.,  0.,  0.,  0.,  0.,  0.,  0.,  0.,  0.,  0.,  0.,  0.,  0.,
        0.,  0.,  0.,  0.,  0.,  0.,  0.,  0.,  0.,  0.,  0.,  0.,  0.,
        0.,  0.,  0.,  0.,  0.,  0.,  0.,  0.,  0.,  0.,  0.,  0.,  0.,
        0.,  0.,  0.,  0.,  0.,  0.,  0.,  0.,  0.,  0.,  0.,  0.,  0.,
        0.,  0.,  0.,  0.,  0.,  0.,  0.,  0.,  0.,  0.,  0.,  0.,  0.,
        0.,  0.,  0.,  0.,  0.,  0.,  0.,  0.,  0.,  0.,  0.,  0.,  0.,
        0.,  0.,  0.,  0.,  0.,  0.,  0.,  0.,  0.,  0.,  0.,  0.,  0.,
        0.,  0.,  0.,  0.,  0.,  0.,  0.,  0.,  0.], dtype=float32), array([ 0.,  0.,  0.,  0.,  0.,  0.,  0.,  0.,  0.,  0.,  0.,  0.,  0.,
        0.,  0.,  0.,  0.,  0.,  0.,  0.,  0.,  0.,  0.,  0.,  0.,  0.,
        0.,  0.,  0.,  0.,  0.,  0.,  0.,  0.,  0.,  0.,  0.,  0.,  0.,
        0.,  0.,  0.,  0.,  0.,  0.,  0.,  0.,  0.,  0.,  0.,  0.,  0.,
        0.,  0.,  0.,  0.,  0.,  0.,  0.,  0.,  0.,  0.,  0.,  0.,  0.,
        0.,  0.,  0.,  0.,  0.,  0.,  0.,  0.,  0.,  0.,  0.,  0.,  0.,
        0.,  0.,  0.,  0.,  0.,  0.,  0.,  0.,  0.,  0.,  0.,  0.,  0.,
        0.,  0.,  0.,  0.,  0.,  0.,  0.,  0.,  0.], dtype=float32), array([ 0.,  0.,  0.,  0.,  0.,  0.,  0.,  0.,  0.,  0.,  0.,  0.,  0.,
        0.,  0.,  0.,  0.,  0.,  0.,  0.,  0.,  0.,  0.,  0.,  0.,  0.,
        0.,  0.,  0.,  0.,  0.,  0.,  0.,  0.,  0.,  0.,  0.,  0.,  0.,
        0.,  0.,  0.,  0.,  0.,  0.,  0.,  0.,  0.,  0.,  0.,  0.,  0.,
        0.,  0.,  0.,  0.,  0.,  0.,  0.,  0.,  0.,  0.,  0.,  0.,  0.,
        0.,  0.,  0.,  0.,  0.,  0.,  0.,  0.,  0.,  0.,  0.,  0.,  0.,
        0.,  0.,  0.,  0.,  0.,  0.,  0.,  0.,  0.,  0.,  0.,  0.,  0.,
        0.,  0.,  0.,  0.,  0.,  0.,  0.,  0.,  0.], dtype=float32), array([ -1.08799868e-05,   7.89346741e-05,  -2.97436163e-05,
        -5.44522154e-05,   3.69713816e-05,  -1.11875961e-04,
        -1.39334923e-04,   1.04095947e-04,  -4.56233320e-05,
         9.54670322e-05,   2.36619802e-04,  -2.32814436e-05,
        -3.67767734e-06,   2.98862578e-05,  -1.05951631e-05,
        -2.40120440e-04,   1.32046016e-05,   8.96142737e-05,
         1.03716229e-04,  -2.18967383e-04,   8.35125502e-06,
         1.39381751e-04,  -6.73620752e-06,   6.62772654e-05,
        -4.01541947e-05,   6.84782935e-05,  -7.96303430e-05,
         2.98301075e-06,   1.55489557e-04,  -2.51202914e-06,
         5.77857390e-05,   3.43968713e-05,   1.60700482e-04,
         4.38532734e-05,  -7.84154254e-05,  -2.12724467e-06,
         7.93343133e-05,  -2.97437800e-05,   5.31162113e-05,
        -1.80295203e-04,   4.26877486e-05,   2.22280778e-05,
        -2.35029656e-04,   2.21998576e-04,   1.28400701e-04,
        -6.85712002e-05,   4.00444833e-07,  -8.12429935e-05,
         5.88916373e-05,  -9.05106481e-06,  -4.50788757e-05,
         2.14593802e-05,   1.92616964e-04,  -1.18268465e-04,
        -1.40359145e-04,   1.43756042e-04,   5.43468268e-05,
         8.46198691e-06,   8.47726697e-05,   3.93915070e-05,
         8.50292272e-05,  -1.32450383e-04,   1.24683269e-04,
         1.51917429e-05,   2.93866688e-05,  -3.78583245e-05,
        -6.04458110e-05,   1.51380387e-04,   8.24776653e-05,
         2.58030504e-05,   8.78640822e-06,  -1.14268609e-04,
        -1.58768249e-04,  -4.31958215e-05,   2.48209370e-04,
         6.63595256e-06,  -1.22190817e-04,  -5.53456130e-06,
         8.16617612e-05,  -8.68461939e-05,  -1.70485102e-04,
         2.67022151e-05,  -1.55702917e-04,   2.12959931e-05,
        -2.27949840e-05,   2.14501910e-04,   3.08433846e-05,
        -5.84385998e-05,  -2.74693571e-06,   1.48453139e-04,
        -2.09015598e-05,   3.41025225e-05,   4.48129613e-05,
        -1.02430931e-04,  -2.50596804e-06,  -1.33224057e-05,
         9.90463668e-05,   1.91057516e-05,   5.39726861e-05,
        -4.54228539e-05], dtype=float32), array([ -3.26399604e-05,   2.36804015e-04,  -8.92308453e-05,
        -1.63356643e-04,   1.10914145e-04,  -3.35627876e-04,
        -4.18004754e-04,   3.12287826e-04,  -1.36869989e-04,
         2.86401104e-04,   7.09859421e-04,  -6.98443328e-05,
        -1.10330320e-05,   8.96587735e-05,  -3.17854901e-05,
        -7.20361306e-04,   3.96138057e-05,   2.68842821e-04,
         3.11148702e-04,  -6.56902150e-04,   2.50537651e-05,
         4.18145268e-04,  -2.02086230e-05,   1.98831796e-04,
        -1.20462588e-04,   2.05434888e-04,  -2.38891022e-04,
         8.94903224e-06,   4.66468686e-04,  -7.53608765e-06,
         1.73357213e-04,   1.03190614e-04,   4.82101459e-04,
         1.31559820e-04,  -2.35246276e-04,  -6.38173424e-06,
         2.38002947e-04,  -8.92313401e-05,   1.59348638e-04,
        -5.40885609e-04,   1.28063242e-04,   6.66842316e-05,
        -7.05088954e-04,   6.65995758e-04,   3.85202118e-04,
        -2.05713601e-04,   1.20133450e-06,  -2.43728980e-04,
         1.76674919e-04,  -2.71531935e-05,  -1.35236623e-04,
         6.43781386e-05,   5.77850908e-04,  -3.54805379e-04,
        -4.21077420e-04,   4.31268127e-04,   1.63040473e-04,
         2.53859616e-05,   2.54318002e-04,   1.18174517e-04,
         2.55087682e-04,  -3.97351163e-04,   3.74049821e-04,
         4.55752306e-05,   8.81600063e-05,  -1.13574977e-04,
        -1.81337440e-04,   4.54141176e-04,   2.47432996e-04,
         7.74091532e-05,   2.63592246e-05,  -3.42805812e-04,
        -4.76304733e-04,  -1.29587468e-04,   7.44628138e-04,
         1.99078568e-05,  -3.66572465e-04,  -1.66036843e-05,
         2.44985276e-04,  -2.60538596e-04,  -5.11455291e-04,
         8.01066490e-05,  -4.67108737e-04,   6.38879792e-05,
        -6.83849503e-05,   6.43505715e-04,   9.25301574e-05,
        -1.75315799e-04,  -8.24080689e-06,   4.45359416e-04,
        -6.27046829e-05,   1.02307567e-04,   1.34438887e-04,
        -3.07292794e-04,  -7.51790412e-06,  -3.99672172e-05,
         2.97139108e-04,   5.73172547e-05,   1.61918055e-04,
        -1.36268558e-04], dtype=float32), array([ 0.,  0.,  0.,  0.,  0.,  0.,  0.,  0.,  0.,  0.,  0.,  0.,  0.,
        0.,  0.,  0.,  0.,  0.,  0.,  0.,  0.,  0.,  0.,  0.,  0.,  0.,
        0.,  0.,  0.,  0.,  0.,  0.,  0.,  0.,  0.,  0.,  0.,  0.,  0.,
        0.,  0.,  0.,  0.,  0.,  0.,  0.,  0.,  0.,  0.,  0.,  0.,  0.,
        0.,  0.,  0.,  0.,  0.,  0.,  0.,  0.,  0.,  0.,  0.,  0.,  0.,
        0.,  0.,  0.,  0.,  0.,  0.,  0.,  0.,  0.,  0.,  0.,  0.,  0.,
        0.,  0.,  0.,  0.,  0.,  0.,  0.,  0.,  0.,  0.,  0.,  0.,  0.,
        0.,  0.,  0.,  0.,  0.,  0.,  0.,  0.,  0.], dtype=float32), array([ 0.,  0.,  0.,  0.,  0.,  0.,  0.,  0.,  0.,  0.,  0.,  0.,  0.,
        0.,  0.,  0.,  0.,  0.,  0.,  0.,  0.,  0.,  0.,  0.,  0.,  0.,
        0.,  0.,  0.,  0.,  0.,  0.,  0.,  0.,  0.,  0.,  0.,  0.,  0.,
        0.,  0.,  0.,  0.,  0.,  0.,  0.,  0.,  0.,  0.,  0.,  0.,  0.,
        0.,  0.,  0.,  0.,  0.,  0.,  0.,  0.,  0.,  0.,  0.,  0.,  0.,
        0.,  0.,  0.,  0.,  0.,  0.,  0.,  0.,  0.,  0.,  0.,  0.,  0.,
        0.,  0.,  0.,  0.,  0.,  0.,  0.,  0.,  0.,  0.,  0.,  0.,  0.,
        0.,  0.,  0.,  0.,  0.,  0.,  0.,  0.,  0.], dtype=float32), array([ 0.,  0.,  0.,  0.,  0.,  0.,  0.,  0.,  0.,  0.,  0.,  0.,  0.,
        0.,  0.,  0.,  0.,  0.,  0.,  0.,  0.,  0.,  0.,  0.,  0.,  0.,
        0.,  0.,  0.,  0.,  0.,  0.,  0.,  0.,  0.,  0.,  0.,  0.,  0.,
        0.,  0.,  0.,  0.,  0.,  0.,  0.,  0.,  0.,  0.,  0.,  0.,  0.,
        0.,  0.,  0.,  0.,  0.,  0.,  0.,  0.,  0.,  0.,  0.,  0.,  0.,
        0.,  0.,  0.,  0.,  0.,  0.,  0.,  0.,  0.,  0.,  0.,  0.,  0.,
        0.,  0.,  0.,  0.,  0.,  0.,  0.,  0.,  0.,  0.,  0.,  0.,  0.,
        0.,  0.,  0.,  0.,  0.,  0.,  0.,  0.,  0.], dtype=float32), array([ 0.,  0.,  0.,  0.,  0.,  0.,  0.,  0.,  0.,  0.,  0.,  0.,  0.,
        0.,  0.,  0.,  0.,  0.,  0.,  0.,  0.,  0.,  0.,  0.,  0.,  0.,
        0.,  0.,  0.,  0.,  0.,  0.,  0.,  0.,  0.,  0.,  0.,  0.,  0.,
        0.,  0.,  0.,  0.,  0.,  0.,  0.,  0.,  0.,  0.,  0.,  0.,  0.,
        0.,  0.,  0.,  0.,  0.,  0.,  0.,  0.,  0.,  0.,  0.,  0.,  0.,
        0.,  0.,  0.,  0.,  0.,  0.,  0.,  0.,  0.,  0.,  0.,  0.,  0.,
        0.,  0.,  0.,  0.,  0.,  0.,  0.,  0.,  0.,  0.,  0.,  0.,  0.,
        0.,  0.,  0.,  0.,  0.,  0.,  0.,  0.,  0.], dtype=float32), array([ 0.,  0.,  0.,  0.,  0.,  0.,  0.,  0.,  0.,  0.,  0.,  0.,  0.,
        0.,  0.,  0.,  0.,  0.,  0.,  0.,  0.,  0.,  0.,  0.,  0.,  0.,
        0.,  0.,  0.,  0.,  0.,  0.,  0.,  0.,  0.,  0.,  0.,  0.,  0.,
        0.,  0.,  0.,  0.,  0.,  0.,  0.,  0.,  0.,  0.,  0.,  0.,  0.,
        0.,  0.,  0.,  0.,  0.,  0.,  0.,  0.,  0.,  0.,  0.,  0.,  0.,
        0.,  0.,  0.,  0.,  0.,  0.,  0.,  0.,  0.,  0.,  0.,  0.,  0.,
        0.,  0.,  0.,  0.,  0.,  0.,  0.,  0.,  0.,  0.,  0.,  0.,  0.,
        0.,  0.,  0.,  0.,  0.,  0.,  0.,  0.,  0.], dtype=float32), array([ 0.,  0.,  0.,  0.,  0.,  0.,  0.,  0.,  0.,  0.,  0.,  0.,  0.,
        0.,  0.,  0.,  0.,  0.,  0.,  0.,  0.,  0.,  0.,  0.,  0.,  0.,
        0.,  0.,  0.,  0.,  0.,  0.,  0.,  0.,  0.,  0.,  0.,  0.,  0.,
        0.,  0.,  0.,  0.,  0.,  0.,  0.,  0.,  0.,  0.,  0.,  0.,  0.,
        0.,  0.,  0.,  0.,  0.,  0.,  0.,  0.,  0.,  0.,  0.,  0.,  0.,
        0.,  0.,  0.,  0.,  0.,  0.,  0.,  0.,  0.,  0.,  0.,  0.,  0.,
        0.,  0.,  0.,  0.,  0.,  0.,  0.,  0.,  0.,  0.,  0.,  0.,  0.,
        0.,  0.,  0.,  0.,  0.,  0.,  0.,  0.,  0.], dtype=float32), array([ 0.,  0.,  0.,  0.,  0.,  0.,  0.,  0.,  0.,  0.,  0.,  0.,  0.,
        0.,  0.,  0.,  0.,  0.,  0.,  0.,  0.,  0.,  0.,  0.,  0.,  0.,
        0.,  0.,  0.,  0.,  0.,  0.,  0.,  0.,  0.,  0.,  0.,  0.,  0.,
        0.,  0.,  0.,  0.,  0.,  0.,  0.,  0.,  0.,  0.,  0.,  0.,  0.,
        0.,  0.,  0.,  0.,  0.,  0.,  0.,  0.,  0.,  0.,  0.,  0.,  0.,
        0.,  0.,  0.,  0.,  0.,  0.,  0.,  0.,  0.,  0.,  0.,  0.,  0.,
        0.,  0.,  0.,  0.,  0.,  0.,  0.,  0.,  0.,  0.,  0.,  0.,  0.,
        0.,  0.,  0.,  0.,  0.,  0.,  0.,  0.,  0.], dtype=float32), array([ 0.,  0.,  0.,  0.,  0.,  0.,  0.,  0.,  0.,  0.,  0.,  0.,  0.,
        0.,  0.,  0.,  0.,  0.,  0., -0.,  0.,  0.,  0.,  0.,  0.,  0.,
        0.,  0.,  0.,  0.,  0.,  0.,  0.,  0.,  0.,  0.,  0.,  0.,  0.,
        0.,  0.,  0.,  0.,  0.,  0.,  0.,  0.,  0.,  0.,  0.,  0.,  0.,
        0.,  0.,  0.,  0.,  0.,  0.,  0.,  0.,  0.,  0.,  0.,  0.,  0.,
        0.,  0.,  0.,  0.,  0.,  0.,  0.,  0.,  0.,  0.,  0.,  0.,  0.,
        0.,  0.,  0.,  0.,  0.,  0.,  0.,  0.,  0.,  0.,  0.,  0.,  0.,
        0.,  0.,  0.,  0.,  0.,  0.,  0.,  0.,  0.], dtype=float32), array([ -1.08799868e-05,   7.89346741e-05,  -2.97436163e-05,
        -5.44522154e-05,   3.69713816e-05,  -1.11875961e-04,
        -1.39334923e-04,   1.04095947e-04,  -4.56233320e-05,
         9.54670322e-05,   2.36619802e-04,  -2.32814436e-05,
        -3.67767734e-06,   2.98862578e-05,  -1.05951631e-05,
        -2.40120440e-04,   1.32046016e-05,   8.96142737e-05,
         1.03716229e-04,  -2.18967383e-04,   8.35125502e-06,
         1.39381751e-04,  -6.73620752e-06,   6.62772654e-05,
        -4.01541947e-05,   6.84782935e-05,  -7.96303430e-05,
         2.98301075e-06,   1.55489557e-04,  -2.51202914e-06,
         5.77857390e-05,   3.43968713e-05,   1.60700482e-04,
         4.38532734e-05,  -7.84154254e-05,  -2.12724467e-06,
         7.93343133e-05,  -2.97437800e-05,   5.31162113e-05,
        -1.80295203e-04,   4.26877486e-05,   2.22280778e-05,
        -2.35029656e-04,   2.21998576e-04,   1.28400701e-04,
        -6.85712002e-05,   4.00444833e-07,  -8.12429935e-05,
         5.88916373e-05,  -9.05106481e-06,  -4.50788757e-05,
         2.14593802e-05,   1.92616964e-04,  -1.18268465e-04,
        -1.40359145e-04,   1.43756042e-04,   5.43468268e-05,
         8.46198691e-06,   8.47726697e-05,   3.93915070e-05,
         8.50292272e-05,  -1.32450383e-04,   1.24683269e-04,
         1.51917429e-05,   2.93866688e-05,  -3.78583245e-05,
        -6.04458110e-05,   1.51380387e-04,   8.24776653e-05,
         2.58030504e-05,   8.78640822e-06,  -1.14268609e-04,
        -1.58768249e-04,  -4.31958215e-05,   2.48209370e-04,
         6.63595256e-06,  -1.22190817e-04,  -5.53456130e-06,
         8.16617612e-05,  -8.68461939e-05,  -1.70485102e-04,
         2.67022151e-05,  -1.55702917e-04,   2.12959931e-05,
        -2.27949840e-05,   2.14501910e-04,   3.08433846e-05,
        -5.84385998e-05,  -2.74693571e-06,   1.48453139e-04,
        -2.09015598e-05,   3.41025225e-05,   4.48129613e-05,
        -1.02430931e-04,  -2.50596804e-06,  -1.33224057e-05,
         9.90463668e-05,   1.91057516e-05,   5.39726861e-05,
        -4.54228539e-05], dtype=float32), array([ -1.08799868e-05,   7.89346741e-05,  -2.97436163e-05,
        -5.44522154e-05,   3.69713816e-05,  -1.11875961e-04,
        -1.39334923e-04,   1.04095947e-04,  -4.56233320e-05,
         9.54670322e-05,   2.36619802e-04,  -2.32814436e-05,
        -3.67767734e-06,   2.98862578e-05,  -1.05951631e-05,
        -2.40120440e-04,   1.32046016e-05,   8.96142737e-05,
         1.03716229e-04,  -2.18967383e-04,   8.35125502e-06,
         1.39381751e-04,  -6.73620752e-06,   6.62772654e-05,
        -4.01541947e-05,   6.84782935e-05,  -7.96303430e-05,
         2.98301075e-06,   1.55489557e-04,  -2.51202914e-06,
         5.77857390e-05,   3.43968713e-05,   1.60700482e-04,
         4.38532734e-05,  -7.84154254e-05,  -2.12724467e-06,
         7.93343133e-05,  -2.97437800e-05,   5.31162113e-05,
        -1.80295203e-04,   4.26877486e-05,   2.22280778e-05,
        -2.35029656e-04,   2.21998576e-04,   1.28400701e-04,
        -6.85712002e-05,   4.00444833e-07,  -8.12429935e-05,
         5.88916373e-05,  -9.05106481e-06,  -4.50788757e-05,
         2.14593802e-05,   1.92616964e-04,  -1.18268465e-04,
        -1.40359145e-04,   1.43756042e-04,   5.43468268e-05,
         8.46198691e-06,   8.47726697e-05,   3.93915070e-05,
         8.50292272e-05,  -1.32450383e-04,   1.24683269e-04,
         1.51917429e-05,   2.93866688e-05,  -3.78583245e-05,
        -6.04458110e-05,   1.51380387e-04,   8.24776653e-05,
         2.58030504e-05,   8.78640822e-06,  -1.14268609e-04,
        -1.58768249e-04,  -4.31958215e-05,   2.48209370e-04,
         6.63595256e-06,  -1.22190817e-04,  -5.53456130e-06,
         8.16617612e-05,  -8.68461939e-05,  -1.70485102e-04,
         2.67022151e-05,  -1.55702917e-04,   2.12959931e-05,
        -2.27949840e-05,   2.14501910e-04,   3.08433846e-05,
        -5.84385998e-05,  -2.74693571e-06,   1.48453139e-04,
        -2.09015598e-05,   3.41025225e-05,   4.48129613e-05,
        -1.02430931e-04,  -2.50596804e-06,  -1.33224057e-05,
         9.90463668e-05,   1.91057516e-05,   5.39726861e-05,
        -4.54228539e-05], dtype=float32), array([ 0.,  0.,  0.,  0.,  0.,  0.,  0.,  0.,  0.,  0.,  0.,  0.,  0.,
        0.,  0.,  0.,  0.,  0.,  0.,  0.,  0.,  0.,  0.,  0.,  0.,  0.,
        0.,  0.,  0.,  0.,  0.,  0.,  0.,  0.,  0.,  0.,  0.,  0.,  0.,
        0.,  0.,  0.,  0.,  0.,  0.,  0.,  0.,  0.,  0.,  0.,  0.,  0.,
        0.,  0.,  0.,  0.,  0.,  0.,  0.,  0.,  0.,  0.,  0.,  0.,  0.,
        0.,  0.,  0.,  0.,  0.,  0.,  0.,  0.,  0.,  0.,  0.,  0.,  0.,
        0.,  0.,  0.,  0.,  0.,  0.,  0.,  0.,  0.,  0.,  0.,  0.,  0.,
        0.,  0.,  0.,  0.,  0.,  0.,  0.,  0.,  0.], dtype=float32), array([ 0.,  0.,  0.,  0.,  0.,  0.,  0.,  0.,  0.,  0.,  0.,  0.,  0.,
        0.,  0.,  0.,  0.,  0.,  0.,  0.,  0.,  0.,  0.,  0.,  0.,  0.,
        0.,  0.,  0.,  0.,  0.,  0.,  0.,  0.,  0.,  0.,  0.,  0.,  0.,
        0.,  0.,  0.,  0.,  0.,  0.,  0.,  0.,  0.,  0.,  0.,  0.,  0.,
        0.,  0.,  0.,  0.,  0.,  0.,  0.,  0.,  0.,  0.,  0.,  0.,  0.,
        0.,  0.,  0.,  0.,  0.,  0.,  0.,  0.,  0.,  0.,  0.,  0.,  0.,
        0.,  0.,  0.,  0.,  0.,  0.,  0.,  0.,  0.,  0.,  0.,  0.,  0.,
        0.,  0.,  0.,  0.,  0.,  0.,  0.,  0.,  0.], dtype=float32), array([ -1.08799868e-05,   7.89346741e-05,  -2.97436163e-05,
        -5.44522154e-05,   3.69713816e-05,  -1.11875961e-04,
        -1.39334923e-04,   1.04095947e-04,  -4.56233320e-05,
         9.54670322e-05,   2.36619802e-04,  -2.32814436e-05,
        -3.67767734e-06,   2.98862578e-05,  -1.05951631e-05,
        -2.40120440e-04,   1.32046016e-05,   8.96142737e-05,
         1.03716229e-04,  -2.18967383e-04,   8.35125502e-06,
         1.39381751e-04,  -6.73620752e-06,   6.62772654e-05,
        -4.01541947e-05,   6.84782935e-05,  -7.96303430e-05,
         2.98301075e-06,   1.55489557e-04,  -2.51202914e-06,
         5.77857390e-05,   3.43968713e-05,   1.60700482e-04,
         4.38532734e-05,  -7.84154254e-05,  -2.12724467e-06,
         7.93343133e-05,  -2.97437800e-05,   5.31162113e-05,
        -1.80295203e-04,   4.26877486e-05,   2.22280778e-05,
        -2.35029656e-04,   2.21998576e-04,   1.28400701e-04,
        -6.85712002e-05,   4.00444833e-07,  -8.12429935e-05,
         5.88916373e-05,  -9.05106481e-06,  -4.50788757e-05,
         2.14593802e-05,   1.92616964e-04,  -1.18268465e-04,
        -1.40359145e-04,   1.43756042e-04,   5.43468268e-05,
         8.46198691e-06,   8.47726697e-05,   3.93915070e-05,
         8.50292272e-05,  -1.32450383e-04,   1.24683269e-04,
         1.51917429e-05,   2.93866688e-05,  -3.78583245e-05,
        -6.04458110e-05,   1.51380387e-04,   8.24776653e-05,
         2.58030504e-05,   8.78640822e-06,  -1.14268609e-04,
        -1.58768249e-04,  -4.31958215e-05,   2.48209370e-04,
         6.63595256e-06,  -1.22190817e-04,  -5.53456130e-06,
         8.16617612e-05,  -8.68461939e-05,  -1.70485102e-04,
         2.67022151e-05,  -1.55702917e-04,   2.12959931e-05,
        -2.27949840e-05,   2.14501910e-04,   3.08433846e-05,
        -5.84385998e-05,  -2.74693571e-06,   1.48453139e-04,
        -2.09015598e-05,   3.41025225e-05,   4.48129613e-05,
        -1.02430931e-04,  -2.50596804e-06,  -1.33224057e-05,
         9.90463668e-05,   1.91057516e-05,   5.39726861e-05,
        -4.54228539e-05], dtype=float32), array([ 0.,  0.,  0.,  0.,  0.,  0.,  0.,  0.,  0.,  0.,  0.,  0.,  0.,
        0.,  0.,  0.,  0.,  0.,  0.,  0.,  0.,  0.,  0.,  0.,  0.,  0.,
        0.,  0.,  0.,  0.,  0.,  0.,  0.,  0.,  0.,  0.,  0.,  0.,  0.,
        0.,  0.,  0.,  0.,  0.,  0.,  0.,  0.,  0.,  0.,  0.,  0.,  0.,
        0.,  0.,  0.,  0.,  0.,  0.,  0.,  0.,  0.,  0.,  0.,  0.,  0.,
        0.,  0.,  0.,  0.,  0.,  0.,  0.,  0.,  0.,  0.,  0.,  0.,  0.,
        0.,  0.,  0.,  0.,  0.,  0.,  0.,  0.,  0.,  0.,  0.,  0.,  0.,
        0.,  0.,  0.,  0.,  0.,  0.,  0.,  0.,  0.], dtype=float32), array([ 0.,  0.,  0.,  0.,  0.,  0.,  0., -0.,  0.,  0.,  0.,  0.,  0.,
        0.,  0.,  0.,  0.,  0.,  0.,  0.,  0.,  0.,  0.,  0.,  0.,  0.,
        0.,  0.,  0.,  0.,  0.,  0.,  0.,  0.,  0.,  0.,  0.,  0.,  0.,
        0.,  0.,  0.,  0.,  0.,  0.,  0.,  0.,  0.,  0.,  0.,  0.,  0.,
        0.,  0.,  0.,  0.,  0.,  0.,  0.,  0.,  0.,  0.,  0.,  0.,  0.,
        0.,  0.,  0.,  0.,  0.,  0.,  0.,  0.,  0.,  0.,  0.,  0.,  0.,
        0.,  0.,  0.,  0.,  0.,  0.,  0.,  0.,  0.,  0.,  0.,  0.,  0.,
        0.,  0.,  0.,  0.,  0.,  0.,  0.,  0.,  0.], dtype=float32), array([ 0.,  0.,  0.,  0.,  0.,  0.,  0.,  0.,  0.,  0.,  0.,  0.,  0.,
        0.,  0.,  0.,  0.,  0.,  0.,  0.,  0.,  0.,  0.,  0.,  0.,  0.,
        0.,  0.,  0.,  0.,  0.,  0.,  0.,  0.,  0.,  0.,  0.,  0.,  0.,
        0.,  0.,  0.,  0.,  0.,  0.,  0.,  0.,  0.,  0.,  0.,  0.,  0.,
        0.,  0.,  0.,  0.,  0.,  0.,  0.,  0.,  0.,  0.,  0.,  0.,  0.,
        0.,  0.,  0.,  0.,  0.,  0.,  0.,  0.,  0.,  0.,  0.,  0.,  0.,
        0.,  0.,  0.,  0.,  0.,  0.,  0.,  0.,  0.,  0.,  0.,  0.,  0.,
        0.,  0.,  0.,  0.,  0.,  0.,  0.,  0.,  0.], dtype=float32), array([ 0.,  0.,  0.,  0.,  0.,  0.,  0.,  0.,  0.,  0.,  0.,  0.,  0.,
        0.,  0.,  0.,  0.,  0.,  0.,  0.,  0.,  0.,  0.,  0.,  0.,  0.,
        0.,  0.,  0.,  0.,  0.,  0.,  0.,  0.,  0.,  0.,  0.,  0.,  0.,
        0.,  0.,  0.,  0.,  0.,  0.,  0.,  0.,  0.,  0.,  0.,  0.,  0.,
        0.,  0.,  0.,  0.,  0.,  0.,  0.,  0.,  0.,  0.,  0.,  0.,  0.,
        0.,  0.,  0.,  0.,  0.,  0.,  0.,  0.,  0.,  0.,  0.,  0.,  0.,
        0.,  0.,  0.,  0.,  0.,  0.,  0.,  0.,  0.,  0.,  0.,  0.,  0.,
        0.,  0.,  0.,  0.,  0.,  0.,  0.,  0.,  0.], dtype=float32), array([ 0.,  0.,  0.,  0.,  0.,  0.,  0.,  0.,  0.,  0.,  0.,  0.,  0.,
        0.,  0.,  0.,  0.,  0.,  0.,  0.,  0.,  0.,  0.,  0.,  0.,  0.,
        0.,  0.,  0.,  0.,  0.,  0.,  0.,  0.,  0.,  0.,  0.,  0.,  0.,
        0.,  0.,  0.,  0.,  0.,  0.,  0.,  0.,  0.,  0.,  0.,  0.,  0.,
        0.,  0.,  0.,  0.,  0.,  0.,  0.,  0.,  0.,  0.,  0.,  0.,  0.,
        0.,  0.,  0.,  0.,  0.,  0.,  0.,  0.,  0.,  0.,  0.,  0.,  0.,
        0.,  0.,  0.,  0.,  0.,  0.,  0.,  0.,  0.,  0.,  0.,  0.,  0.,
        0.,  0.,  0.,  0.,  0.,  0.,  0.,  0.,  0.], dtype=float32), array([ -1.08799868e-05,   7.89346741e-05,  -2.97436163e-05,
        -5.44522154e-05,   3.69713816e-05,  -1.11875961e-04,
        -1.39334923e-04,   1.04095947e-04,  -4.56233320e-05,
         9.54670322e-05,   2.36619802e-04,  -2.32814436e-05,
        -3.67767734e-06,   2.98862578e-05,  -1.05951631e-05,
        -2.40120440e-04,   1.32046016e-05,   8.96142737e-05,
         1.03716229e-04,  -2.18967383e-04,   8.35125502e-06,
         1.39381751e-04,  -6.73620752e-06,   6.62772654e-05,
        -4.01541947e-05,   6.84782935e-05,  -7.96303430e-05,
         2.98301075e-06,   1.55489557e-04,  -2.51202914e-06,
         5.77857390e-05,   3.43968713e-05,   1.60700482e-04,
         4.38532734e-05,  -7.84154254e-05,  -2.12724467e-06,
         7.93343133e-05,  -2.97437800e-05,   5.31162113e-05,
        -1.80295203e-04,   4.26877486e-05,   2.22280778e-05,
        -2.35029656e-04,   2.21998576e-04,   1.28400701e-04,
        -6.85712002e-05,   4.00444833e-07,  -8.12429935e-05,
         5.88916373e-05,  -9.05106481e-06,  -4.50788757e-05,
         2.14593802e-05,   1.92616964e-04,  -1.18268465e-04,
        -1.40359145e-04,   1.43756042e-04,   5.43468268e-05,
         8.46198691e-06,   8.47726697e-05,   3.93915070e-05,
         8.50292272e-05,  -1.32450383e-04,   1.24683269e-04,
         1.51917429e-05,   2.93866688e-05,  -3.78583245e-05,
        -6.04458110e-05,   1.51380387e-04,   8.24776653e-05,
         2.58030504e-05,   8.78640822e-06,  -1.14268609e-04,
        -1.58768249e-04,  -4.31958215e-05,   2.48209370e-04,
         6.63595256e-06,  -1.22190817e-04,  -5.53456130e-06,
         8.16617612e-05,  -8.68461939e-05,  -1.70485102e-04,
         2.67022151e-05,  -1.55702917e-04,   2.12959931e-05,
        -2.27949840e-05,   2.14501910e-04,   3.08433846e-05,
        -5.84385998e-05,  -2.74693571e-06,   1.48453139e-04,
        -2.09015598e-05,   3.41025225e-05,   4.48129613e-05,
        -1.02430931e-04,  -2.50596804e-06,  -1.33224057e-05,
         9.90463668e-05,   1.91057516e-05,   5.39726861e-05,
        -4.54228539e-05], dtype=float32), array([ 0.,  0.,  0.,  0.,  0.,  0.,  0.,  0.,  0.,  0.,  0.,  0.,  0.,
        0.,  0.,  0.,  0.,  0.,  0.,  0.,  0.,  0.,  0.,  0.,  0.,  0.,
        0.,  0.,  0.,  0.,  0.,  0.,  0.,  0.,  0.,  0.,  0.,  0.,  0.,
        0.,  0.,  0.,  0.,  0.,  0.,  0.,  0.,  0.,  0.,  0.,  0.,  0.,
        0.,  0.,  0.,  0.,  0.,  0.,  0.,  0.,  0.,  0.,  0.,  0.,  0.,
        0.,  0.,  0.,  0.,  0.,  0.,  0.,  0.,  0.,  0.,  0.,  0.,  0.,
        0.,  0.,  0.,  0.,  0.,  0.,  0.,  0.,  0.,  0.,  0.,  0.,  0.,
        0.,  0.,  0.,  0.,  0.,  0.,  0.,  0.,  0.], dtype=float32), array([ -1.08799868e-05,   7.89346741e-05,  -2.97436163e-05,
        -5.44522154e-05,   3.69713816e-05,  -1.11875961e-04,
        -1.39334923e-04,   1.04095947e-04,  -4.56233320e-05,
         9.54670322e-05,   2.36619802e-04,  -2.32814436e-05,
        -3.67767734e-06,   2.98862578e-05,  -1.05951631e-05,
        -2.40120440e-04,   1.32046016e-05,   8.96142737e-05,
         1.03716229e-04,  -2.18967383e-04,   8.35125502e-06,
         1.39381751e-04,  -6.73620752e-06,   6.62772654e-05,
        -4.01541947e-05,   6.84782935e-05,  -7.96303430e-05,
         2.98301075e-06,   1.55489557e-04,  -2.51202914e-06,
         5.77857390e-05,   3.43968713e-05,   1.60700482e-04,
         4.38532734e-05,  -7.84154254e-05,  -2.12724467e-06,
         7.93343133e-05,  -2.97437800e-05,   5.31162113e-05,
        -1.80295203e-04,   4.26877486e-05,   2.22280778e-05,
        -2.35029656e-04,   2.21998576e-04,   1.28400701e-04,
        -6.85712002e-05,   4.00444833e-07,  -8.12429935e-05,
         5.88916373e-05,  -9.05106481e-06,  -4.50788757e-05,
         2.14593802e-05,   1.92616964e-04,  -1.18268465e-04,
        -1.40359145e-04,   1.43756042e-04,   5.43468268e-05,
         8.46198691e-06,   8.47726697e-05,   3.93915070e-05,
         8.50292272e-05,  -1.32450383e-04,   1.24683269e-04,
         1.51917429e-05,   2.93866688e-05,  -3.78583245e-05,
        -6.04458110e-05,   1.51380387e-04,   8.24776653e-05,
         2.58030504e-05,   8.78640822e-06,  -1.14268609e-04,
        -1.58768249e-04,  -4.31958215e-05,   2.48209370e-04,
         6.63595256e-06,  -1.22190817e-04,  -5.53456130e-06,
         8.16617612e-05,  -8.68461939e-05,  -1.70485102e-04,
         2.67022151e-05,  -1.55702917e-04,   2.12959931e-05,
        -2.27949840e-05,   2.14501910e-04,   3.08433846e-05,
        -5.84385998e-05,  -2.74693571e-06,   1.48453139e-04,
        -2.09015598e-05,   3.41025225e-05,   4.48129613e-05,
        -1.02430931e-04,  -2.50596804e-06,  -1.33224057e-05,
         9.90463668e-05,   1.91057516e-05,   5.39726861e-05,
        -4.54228539e-05], dtype=float32), array([ 0.,  0.,  0.,  0.,  0.,  0.,  0.,  0.,  0.,  0.,  0.,  0.,  0.,
        0.,  0.,  0.,  0.,  0.,  0.,  0.,  0.,  0.,  0.,  0.,  0.,  0.,
        0.,  0.,  0.,  0.,  0.,  0.,  0.,  0.,  0.,  0.,  0.,  0.,  0.,
        0.,  0.,  0.,  0.,  0.,  0.,  0.,  0.,  0.,  0.,  0.,  0.,  0.,
        0.,  0.,  0.,  0.,  0.,  0.,  0.,  0.,  0.,  0.,  0.,  0.,  0.,
        0.,  0.,  0.,  0.,  0.,  0.,  0.,  0.,  0.,  0.,  0.,  0.,  0.,
        0.,  0.,  0.,  0.,  0.,  0.,  0.,  0.,  0.,  0.,  0.,  0.,  0.,
        0.,  0.,  0.,  0.,  0.,  0.,  0.,  0.,  0.], dtype=float32), array([ 0.,  0.,  0.,  0.,  0.,  0.,  0.,  0.,  0.,  0.,  0.,  0.,  0.,
        0.,  0.,  0.,  0.,  0.,  0.,  0.,  0.,  0.,  0.,  0.,  0.,  0.,
        0.,  0.,  0.,  0.,  0.,  0.,  0.,  0.,  0.,  0.,  0.,  0.,  0.,
        0.,  0.,  0.,  0.,  0.,  0.,  0.,  0.,  0.,  0.,  0.,  0.,  0.,
        0.,  0.,  0.,  0.,  0.,  0.,  0.,  0.,  0.,  0.,  0.,  0.,  0.,
        0.,  0.,  0.,  0.,  0.,  0.,  0.,  0.,  0.,  0.,  0.,  0.,  0.,
        0.,  0.,  0.,  0.,  0.,  0.,  0.,  0.,  0.,  0.,  0.,  0.,  0.,
        0.,  0.,  0.,  0.,  0.,  0.,  0.,  0.,  0.], dtype=float32), array([ 0.,  0.,  0.,  0.,  0.,  0.,  0.,  0.,  0.,  0.,  0.,  0.,  0.,
        0.,  0.,  0.,  0.,  0.,  0.,  0.,  0.,  0.,  0.,  0.,  0.,  0.,
        0.,  0.,  0.,  0.,  0.,  0.,  0.,  0.,  0.,  0.,  0.,  0.,  0.,
        0.,  0.,  0.,  0.,  0.,  0.,  0.,  0.,  0.,  0.,  0.,  0.,  0.,
        0.,  0.,  0.,  0.,  0.,  0.,  0.,  0.,  0.,  0.,  0.,  0.,  0.,
        0.,  0.,  0.,  0.,  0.,  0.,  0.,  0.,  0.,  0.,  0.,  0.,  0.,
        0.,  0.,  0.,  0.,  0.,  0.,  0.,  0.,  0.,  0.,  0.,  0.,  0.,
        0.,  0.,  0.,  0.,  0.,  0.,  0.,  0.,  0.], dtype=float32), array([  1.43531463e-04,   4.35873844e-05,   9.87325984e-05,
         1.14181355e-04,   1.15858202e-04,  -7.92989595e-05,
        -1.41982760e-04,  -7.69987892e-05,  -4.95403874e-05,
         9.55120559e-05,   5.14824642e-05,   6.99613520e-05,
        -1.59927382e-04,  -5.53557948e-05,  -3.65503074e-05,
        -2.29553756e-04,  -6.19365674e-05,  -1.52046749e-04,
         2.21160793e-04,  -1.18732714e-04,   1.06953092e-04,
         1.54098336e-04,  -2.30407368e-05,  -1.37601664e-05,
         9.31464092e-05,   6.45756882e-05,   1.18767515e-04,
         8.81944402e-07,   3.67731957e-07,  -7.11465109e-05,
         8.35691462e-05,  -2.48111082e-05,  -1.01095800e-04,
        -2.31240156e-05,   1.06265048e-04,   8.42694571e-05,
         2.88465289e-05,   6.26509573e-05,   6.92210015e-05,
         1.40917618e-04,  -5.94773082e-05,  -4.61568015e-05,
         1.04707622e-04,   8.87986098e-05,   7.43982819e-05,
        -1.11122703e-04,  -6.96429270e-05,  -1.09766210e-04,
         6.60266451e-05,  -4.82267751e-05,  -1.80098752e-04,
         6.15747558e-05,   2.22643605e-04,  -5.03492483e-05,
         9.20087987e-05,   2.11194027e-04,  -1.18570924e-05,
        -9.84501676e-05,   1.11622488e-04,   7.20580574e-05,
        -9.34164746e-06,  -1.13743110e-04,   9.12560863e-05,
         2.94852157e-06,   3.23169952e-05,  -1.08831512e-06,
        -7.47225640e-05,   2.29744765e-04,   1.15434552e-04,
         2.06299264e-05,   1.21855577e-04,   3.99118326e-05,
        -7.55276269e-05,  -4.05281498e-05,   1.31597335e-04,
         7.37036462e-05,   3.29134054e-05,  -4.40396775e-07,
        -4.31548033e-05,  -9.36388969e-05,  -1.67019898e-04,
        -1.55661503e-04,  -4.47045131e-05,   3.02585595e-05,
        -8.52499725e-05,  -7.58380556e-05,  -9.42056504e-05,
        -7.94906155e-05,  -1.60995187e-04,   1.56679700e-04,
        -4.97090077e-05,  -1.04979430e-04,  -6.00346793e-05,
        -1.39664538e-04,   8.10245328e-05,   2.70281198e-05,
         1.03016544e-04,  -6.32563606e-05,   7.72137696e-07,
         3.47242858e-05], dtype=float32), array([ 0.,  0.,  0.,  0.,  0.,  0.,  0.,  0.,  0.,  0.,  0.,  0.,  0.,
        0.,  0.,  0.,  0.,  0.,  0.,  0.,  0.,  0.,  0.,  0.,  0.,  0.,
        0.,  0.,  0.,  0.,  0.,  0.,  0.,  0.,  0.,  0.,  0.,  0.,  0.,
        0.,  0.,  0.,  0.,  0.,  0.,  0.,  0.,  0.,  0.,  0.,  0.,  0.,
        0.,  0.,  0.,  0.,  0.,  0.,  0.,  0.,  0.,  0.,  0.,  0.,  0.,
        0.,  0.,  0.,  0.,  0.,  0.,  0.,  0.,  0.,  0.,  0.,  0.,  0.,
        0.,  0.,  0.,  0.,  0.,  0.,  0.,  0.,  0.,  0.,  0.,  0.,  0.,
        0.,  0.,  0.,  0.,  0.,  0.,  0.,  0.,  0.], dtype=float32), array([ -1.08799868e-05,   7.89346741e-05,  -2.97436163e-05,
        -5.44522154e-05,   3.69713816e-05,  -1.11875961e-04,
        -1.39334923e-04,   1.04095947e-04,  -4.56233320e-05,
         9.54670322e-05,   2.36619802e-04,  -2.32814436e-05,
        -3.67767734e-06,   2.98862578e-05,  -1.05951631e-05,
        -2.40120440e-04,   1.32046016e-05,   8.96142737e-05,
         1.03716229e-04,  -2.18967383e-04,   8.35125502e-06,
         1.39381751e-04,  -6.73620752e-06,   6.62772654e-05,
        -4.01541947e-05,   6.84782935e-05,  -7.96303430e-05,
         2.98301075e-06,   1.55489557e-04,  -2.51202914e-06,
         5.77857390e-05,   3.43968713e-05,   1.60700482e-04,
         4.38532734e-05,  -7.84154254e-05,  -2.12724467e-06,
         7.93343133e-05,  -2.97437800e-05,   5.31162113e-05,
        -1.80295203e-04,   4.26877486e-05,   2.22280778e-05,
        -2.35029656e-04,   2.21998576e-04,   1.28400701e-04,
        -6.85712002e-05,   4.00444833e-07,  -8.12429935e-05,
         5.88916373e-05,  -9.05106481e-06,  -4.50788757e-05,
         2.14593802e-05,   1.92616964e-04,  -1.18268465e-04,
        -1.40359145e-04,   1.43756042e-04,   5.43468268e-05,
         8.46198691e-06,   8.47726697e-05,   3.93915070e-05,
         8.50292272e-05,  -1.32450383e-04,   1.24683269e-04,
         1.51917429e-05,   2.93866688e-05,  -3.78583245e-05,
        -6.04458110e-05,   1.51380387e-04,   8.24776653e-05,
         2.58030504e-05,   8.78640822e-06,  -1.14268609e-04,
        -1.58768249e-04,  -4.31958215e-05,   2.48209370e-04,
         6.63595256e-06,  -1.22190817e-04,  -5.53456130e-06,
         8.16617612e-05,  -8.68461939e-05,  -1.70485102e-04,
         2.67022151e-05,  -1.55702917e-04,   2.12959931e-05,
        -2.27949840e-05,   2.14501910e-04,   3.08433846e-05,
        -5.84385998e-05,  -2.74693571e-06,   1.48453139e-04,
        -2.09015598e-05,   3.41025225e-05,   4.48129613e-05,
        -1.02430931e-04,  -2.50596804e-06,  -1.33224057e-05,
         9.90463668e-05,   1.91057516e-05,   5.39726861e-05,
        -4.54228539e-05], dtype=float32), array([ 0.,  0.,  0.,  0.,  0.,  0.,  0.,  0.,  0.,  0.,  0.,  0.,  0.,
        0.,  0.,  0.,  0.,  0.,  0., -0.,  0.,  0.,  0.,  0.,  0.,  0.,
        0.,  0.,  0.,  0.,  0.,  0.,  0.,  0.,  0.,  0.,  0.,  0.,  0.,
        0.,  0.,  0.,  0.,  0.,  0.,  0.,  0.,  0.,  0.,  0.,  0.,  0.,
        0.,  0.,  0.,  0.,  0.,  0.,  0.,  0.,  0.,  0.,  0.,  0.,  0.,
        0.,  0.,  0.,  0.,  0.,  0.,  0.,  0.,  0.,  0.,  0.,  0.,  0.,
        0.,  0.,  0.,  0.,  0.,  0.,  0.,  0.,  0.,  0.,  0.,  0.,  0.,
        0.,  0.,  0.,  0.,  0.,  0.,  0.,  0.,  0.], dtype=float32), array([ 0.,  0.,  0.,  0.,  0.,  0.,  0.,  0.,  0.,  0.,  0.,  0.,  0.,
        0.,  0.,  0.,  0.,  0.,  0.,  0.,  0.,  0.,  0.,  0.,  0.,  0.,
        0.,  0.,  0.,  0.,  0.,  0.,  0.,  0.,  0.,  0.,  0.,  0.,  0.,
        0.,  0.,  0.,  0.,  0.,  0.,  0.,  0.,  0.,  0.,  0.,  0.,  0.,
        0.,  0.,  0.,  0.,  0.,  0.,  0.,  0.,  0.,  0.,  0.,  0.,  0.,
        0.,  0.,  0.,  0.,  0.,  0.,  0.,  0.,  0.,  0.,  0.,  0.,  0.,
        0.,  0.,  0.,  0.,  0.,  0.,  0.,  0.,  0.,  0.,  0.,  0.,  0.,
        0.,  0.,  0.,  0.,  0.,  0.,  0.,  0.,  0.], dtype=float32), array([ 0.,  0.,  0.,  0.,  0.,  0.,  0.,  0.,  0.,  0.,  0.,  0.,  0.,
        0.,  0.,  0.,  0.,  0.,  0.,  0.,  0.,  0.,  0.,  0.,  0.,  0.,
        0.,  0.,  0.,  0.,  0.,  0.,  0.,  0.,  0.,  0.,  0.,  0.,  0.,
        0.,  0.,  0.,  0.,  0.,  0.,  0.,  0.,  0.,  0.,  0.,  0.,  0.,
        0.,  0.,  0.,  0.,  0.,  0.,  0.,  0.,  0.,  0.,  0.,  0.,  0.,
        0.,  0.,  0.,  0.,  0.,  0.,  0.,  0.,  0.,  0.,  0.,  0.,  0.,
        0.,  0.,  0.,  0.,  0.,  0.,  0.,  0.,  0.,  0.,  0.,  0.,  0.,
        0.,  0.,  0.,  0.,  0.,  0.,  0.,  0.,  0.], dtype=float32), array([ 0.,  0.,  0.,  0.,  0.,  0.,  0.,  0.,  0.,  0.,  0.,  0.,  0.,
        0.,  0.,  0.,  0.,  0.,  0.,  0.,  0.,  0.,  0.,  0.,  0.,  0.,
        0.,  0.,  0.,  0.,  0.,  0.,  0.,  0.,  0.,  0.,  0.,  0.,  0.,
        0.,  0.,  0.,  0.,  0.,  0.,  0.,  0.,  0.,  0.,  0.,  0.,  0.,
        0.,  0.,  0.,  0.,  0.,  0.,  0.,  0.,  0.,  0.,  0.,  0.,  0.,
        0.,  0.,  0.,  0.,  0.,  0.,  0.,  0.,  0.,  0.,  0.,  0.,  0.,
        0.,  0.,  0.,  0.,  0.,  0.,  0.,  0.,  0.,  0.,  0.,  0.,  0.,
        0.,  0.,  0.,  0.,  0.,  0.,  0.,  0.,  0.], dtype=float32), array([ 0.,  0.,  0.,  0.,  0.,  0.,  0.,  0.,  0.,  0.,  0.,  0.,  0.,
        0.,  0.,  0.,  0.,  0.,  0.,  0.,  0.,  0.,  0.,  0.,  0.,  0.,
        0.,  0.,  0.,  0.,  0.,  0.,  0.,  0.,  0.,  0.,  0.,  0.,  0.,
        0.,  0.,  0.,  0.,  0.,  0.,  0.,  0.,  0.,  0.,  0.,  0.,  0.,
        0.,  0.,  0.,  0.,  0.,  0.,  0.,  0.,  0.,  0.,  0.,  0.,  0.,
        0.,  0.,  0.,  0.,  0.,  0.,  0.,  0.,  0.,  0.,  0.,  0.,  0.,
        0.,  0.,  0.,  0.,  0.,  0.,  0.,  0.,  0.,  0.,  0.,  0.,  0.,
        0.,  0.,  0.,  0.,  0.,  0.,  0.,  0.,  0.], dtype=float32), array([ -6.07469046e-05,  -8.30441641e-05,   4.67875288e-05,
         1.22319962e-05,   7.59642135e-05,  -1.46179736e-05,
        -1.20919212e-04,   1.62694851e-05,   6.03279987e-05,
         1.95239409e-04,   6.41023871e-05,   4.16652001e-05,
        -1.14047019e-04,   7.20733005e-05,   7.25268037e-05,
        -9.22508189e-05,   7.56941663e-05,  -6.23709930e-05,
        -1.20211080e-04,   9.01755557e-05,   7.12209221e-05,
         2.00186667e-04,  -1.30803353e-04,   5.04369273e-05,
        -7.86985547e-05,   2.08424844e-05,   4.24486461e-05,
         1.84243108e-04,  -4.08697379e-05,   5.81366694e-05,
         7.07037907e-05,   7.22108307e-05,  -3.94189738e-06,
        -2.74315607e-05,   1.01335936e-04,  -3.09011994e-05,
        -1.46736420e-04,   1.53926187e-04,  -6.32822776e-05,
         1.82964141e-05,  -1.76134257e-04,  -7.42268503e-06,
         2.35181229e-04,   8.61280023e-06,  -1.19254932e-04,
         2.57724405e-05,  -2.40494992e-05,   1.83429656e-05,
        -4.83541189e-05,   7.00275268e-06,   1.45653190e-04,
         3.37662314e-05,  -8.15258500e-06,  -1.18749958e-04,
         5.98659608e-06,   4.94400410e-05,  -1.08252534e-04,
        -1.42694465e-04,   8.26229661e-05,  -4.19842545e-05,
         2.38161432e-04,   3.14963581e-05,   1.46107559e-04,
         2.61162022e-05,   3.51177187e-05,  -5.54997896e-05,
         3.77111064e-05,   9.37774967e-05,   8.14324812e-05,
         6.11721480e-05,  -8.70758449e-05,   1.42717356e-04,
        -5.93393452e-05,  -2.78754269e-05,   1.48384206e-05,
         1.82230622e-04,   1.68099534e-04,  -1.14320392e-04,
        -1.48533203e-04,   3.03922207e-05,  -7.04144913e-05,
         4.72920292e-05,   2.41416798e-04,  -6.13409502e-05,
        -4.96326575e-05,   2.24093601e-05,  -1.62204189e-04,
         1.10838555e-04,  -1.90823106e-04,   1.01062331e-04,
         1.04371080e-04,   3.55220036e-05,  -1.45235041e-04,
         1.03609527e-05,   1.58991588e-05,   9.18921432e-05,
        -9.22751933e-05,  -1.34293674e-04,   1.14991264e-04,
        -1.01116239e-04], dtype=float32), array([ 0.,  0.,  0.,  0.,  0.,  0.,  0.,  0.,  0.,  0.,  0.,  0.,  0.,
        0.,  0.,  0.,  0.,  0.,  0.,  0.,  0.,  0.,  0.,  0.,  0.,  0.,
        0.,  0.,  0.,  0.,  0.,  0.,  0.,  0.,  0.,  0.,  0.,  0.,  0.,
        0.,  0.,  0.,  0.,  0.,  0.,  0.,  0.,  0.,  0.,  0.,  0.,  0.,
        0.,  0.,  0.,  0.,  0.,  0.,  0.,  0.,  0.,  0.,  0.,  0.,  0.,
        0.,  0.,  0.,  0.,  0.,  0.,  0.,  0.,  0.,  0.,  0.,  0.,  0.,
        0.,  0.,  0.,  0.,  0.,  0.,  0.,  0.,  0.,  0.,  0.,  0.,  0.,
        0.,  0.,  0.,  0.,  0.,  0.,  0.,  0.,  0.], dtype=float32), None]
