[array([ -3.28474998e-01,  -8.32841218e-01,  -1.05151486e+00,
         1.09062469e+00,  -4.02346283e-01,   5.33334911e-02,
         1.13293624e+00,  -1.53211904e+00,   1.99789345e+00,
        -3.16054285e-01,  -1.56450641e+00,  -2.87654668e-01,
        -1.81123972e+00,  -2.76440650e-01,  -2.12318945e+00,
        -1.53637350e+00,   1.85863829e+00,   1.48629951e+00,
         2.42347932e+00,  -4.41119045e-01,  -1.19285917e+00,
         9.76797543e-04,   1.07483625e+00,  -1.20596397e+00,
         5.90910614e-01,  -7.06178546e-01,   4.53773797e-01,
        -2.98312474e-02,   5.34197390e-01,   1.63909435e-01,
        -8.78259778e-01,   1.05717540e+00,  -1.10052443e+00,
        -1.00759260e-01,  -1.37585175e+00,  -5.90798445e-03,
         9.38781619e-01,  -7.48762906e-01,  -2.75661230e-01,
        -1.35652816e+00,   7.82310128e-01,   2.17155680e-01,
        -1.57098567e+00,   3.06934029e-01,  -3.76100779e-01,
         3.09142381e-01,   7.78243363e-01,   5.80315650e-01,
        -1.15694511e+00,  -9.22182620e-01,   9.57797110e-01,
        -6.90244958e-02,   1.22007298e+00,  -9.55473304e-01,
         1.54269302e+00,   2.83624381e-02,  -8.83140489e-02,
        -1.43248105e+00,   1.23427999e+00,  -1.31441557e+00,
        -1.37887084e+00,  -2.70810187e-01,   2.83125043e-01,
         7.15465009e-01,  -6.91639304e-01,   5.10531247e-01,
         1.66201699e+00,  -3.02713692e-01,   4.52563465e-01,
        -5.90460658e-01,  -5.28609097e-01,   1.11380607e-01,
         3.28434914e-01,  -3.02877016e-02,   4.92329001e-01,
         3.74807060e-01,   1.00213492e+00,   1.37731448e-01,
        -4.62802738e-01,   4.34731454e-01,   1.72634035e-01,
         7.92237282e-01,   2.02494469e-02,   8.72749150e-01,
        -1.12473898e-01,   1.70247710e+00,   1.57494938e+00,
        -6.01734042e-01,  -4.86676633e-01,   1.27633440e+00,
         1.49480104e+00,  -2.15444732e+00,   5.10883331e-02,
         6.15070581e-01,  -9.01218295e-01,  -7.30868101e-01,
         6.32078230e-01,   5.10835648e-01,  -2.29380608e+00,
         1.86847842e+00], dtype=float32), array([-0.36455193, -0.77196354, -1.01841033,  1.07059085, -0.33585936,
        0.08216772,  1.11494505, -1.5330317 ,  1.93524444, -0.35501322,
       -1.58615553, -0.28292954, -1.77080631, -0.26859939, -2.07175231,
       -1.53278303,  1.8053031 ,  1.4587326 ,  2.41436362, -0.45175803,
       -1.1693151 ,  0.03221167,  1.04858661, -1.18799126,  0.58115703,
       -0.66854715,  0.38209754, -0.05930115,  0.48868173,  0.19363829,
       -0.90083128,  1.00975966, -1.09256983, -0.16062829, -1.35376489,
        0.07348528,  0.96195066, -0.7593233 , -0.22150661, -1.34608066,
        0.798675  ,  0.22683407, -1.52186203,  0.29832056, -0.40413302,
        0.37599492,  0.71020508,  0.57896084, -1.12984419, -0.94255781,
        1.03629339, -0.09683111,  1.27038467, -1.01945269,  1.46753144,
        0.0878799 , -0.07180744, -1.55189896,  1.26482248, -1.29204798,
       -1.33857   , -0.20707907,  0.2944504 ,  0.66880304, -0.65202951,
        0.43735489,  1.58208013, -0.30171698,  0.4050115 , -0.53415281,
       -0.48538163,  0.21023889,  0.32788604, -0.05795952,  0.45148632,
        0.39360297,  1.04229593,  0.24160531, -0.41903085,  0.45686981,
        0.17350526,  0.80695975,  0.02136204,  0.84120131, -0.03252389,
        1.67506731,  1.5588125 , -0.63372511, -0.48113775,  1.27253973,
        1.42617595, -2.14011168,  0.06786544,  0.64612645, -0.89508653,
       -0.78861344,  0.58741575,  0.43184358, -2.31795883,  1.78961086], dtype=float32), array([-0.44247168, -0.71344084, -1.11979544,  1.00642467, -0.46442932,
        0.10452724,  1.11514699, -1.62350047,  2.1016171 , -0.31307739,
       -1.63324559, -0.45994863, -1.91000402, -0.15472575, -2.00824928,
       -1.31288648,  1.6611141 ,  1.49935734,  2.38988471, -0.51415044,
       -0.97423083,  0.02819028,  0.96776354, -1.16989422,  0.60579538,
       -0.71752036,  0.51079279, -0.00339888,  0.47717255,  0.19116899,
       -1.01885033,  0.98583853, -1.05308247, -0.27449343, -1.40994954,
        0.2420495 ,  0.9009676 , -0.61150855, -0.37389353, -1.41154766,
        0.7505883 ,  0.22182284, -1.40400052,  0.40189627, -0.3694711 ,
        0.14951546,  0.66703808,  0.65177673, -1.03240383, -0.85141736,
        0.97137094, -0.28171566,  1.33264649, -1.02611148,  1.5655514 ,
        0.2249354 ,  0.06578904, -1.58386111,  1.21926498, -1.37446702,
       -1.2191385 , -0.16447073,  0.10845091,  0.61416435, -0.64969891,
        0.31701067,  1.61366737, -0.24611674,  0.5283947 , -0.74459547,
       -0.64638966,  0.1727144 ,  0.51955849, -0.09575051,  0.52823567,
        0.44540593,  0.81707942,  0.34762198, -0.38572112,  0.2561059 ,
        0.13502546,  0.72961396,  0.14120294,  0.96105814, -0.08870006,
        1.74661005,  1.57663548, -0.7814064 , -0.47727066,  1.12051368,
        1.42849243, -2.02284551,  0.19254686,  0.62987697, -0.97680664,
       -0.77314854,  0.69919229,  0.46113598, -2.15248752,  1.93597031], dtype=float32), array([ -4.07076567e-01,  -5.82102537e-01,  -1.14664781e+00,
         1.05381703e+00,  -4.57717240e-01,   1.33596122e-01,
         1.00801206e+00,  -1.63335073e+00,   2.07957578e+00,
        -2.21754670e-01,  -1.66995168e+00,  -5.01845479e-01,
        -1.97114897e+00,  -1.56014070e-01,  -2.06173778e+00,
        -1.26821327e+00,   1.61772406e+00,   1.45381808e+00,
         2.43655205e+00,  -4.84206825e-01,  -9.22087312e-01,
        -6.93472549e-02,   8.72089565e-01,  -1.17956102e+00,
         6.43068552e-01,  -7.15062082e-01,   4.79778141e-01,
         2.09944020e-03,   3.69441688e-01,   2.45693699e-01,
        -1.22139680e+00,   9.95179355e-01,  -9.58194852e-01,
        -4.13616091e-01,  -1.38207269e+00,   2.89237797e-01,
         9.04860437e-01,  -4.64302719e-01,  -3.14843297e-01,
        -1.38475418e+00,   7.51495779e-01,   2.16888681e-01,
        -1.24905920e+00,   4.50276107e-01,  -4.20394331e-01,
         2.74762306e-02,   5.77396452e-01,   5.70732534e-01,
        -1.17045152e+00,  -8.46059799e-01,   8.52806866e-01,
        -2.63254762e-01,   1.42490935e+00,  -1.05045855e+00,
         1.55716884e+00,   2.48467699e-01,   1.33006364e-01,
        -1.64552629e+00,   1.22998869e+00,  -1.39415646e+00,
        -1.09821260e+00,  -2.05950160e-02,   1.85168415e-01,
         6.12739861e-01,  -6.60385013e-01,   2.42083117e-01,
         1.55940151e+00,  -1.79534540e-01,   5.13903379e-01,
        -6.80290937e-01,  -7.54224777e-01,   1.87068522e-01,
         4.96942729e-01,   4.73448820e-03,   4.36158657e-01,
         4.42559659e-01,   8.18151295e-01,   5.27805388e-01,
        -3.80048752e-01,   2.16587543e-01,   6.66551366e-02,
         7.06567347e-01,   1.60132259e-01,   1.03315496e+00,
        -1.12432130e-01,   1.73960078e+00,   1.62229931e+00,
        -8.62138689e-01,  -6.31637692e-01,   1.08759308e+00,
         1.49007797e+00,  -1.94135630e+00,   2.83505648e-01,
         6.30622685e-01,  -9.20734465e-01,  -6.79705799e-01,
         6.52967513e-01,   4.32179123e-01,  -2.17785907e+00,
         1.95170581e+00], dtype=float32), array([-0.37574896, -0.62482828, -1.21794748,  0.95963073, -0.53302085,
        0.10665463,  1.06307089, -1.71966887,  2.08310723, -0.22869217,
       -1.65971422, -0.55459297, -2.02741122, -0.08685871, -2.0833919 ,
       -1.15240157,  1.55446386,  1.46758401,  2.40073156, -0.43764684,
       -0.88104594, -0.06155632,  0.81002754, -1.1552906 ,  0.65061694,
       -0.69502884,  0.57448202, -0.05233075,  0.40661183,  0.32989591,
       -1.26516867,  1.01302123, -0.97637373, -0.39516979, -1.35505331,
        0.3050116 ,  0.92277056, -0.44877324, -0.37877855, -1.39270592,
        0.68553853,  0.22707221, -1.17481339,  0.43255517, -0.48857701,
        0.06647603,  0.54444259,  0.54211932, -1.2744714 , -0.79816133,
        0.82830209, -0.30921465,  1.5530901 , -1.01144254,  1.65427399,
        0.26302958,  0.17939502, -1.63245022,  1.17687953, -1.25860751,
       -0.95557851, -0.00303272,  0.08937083,  0.59425789, -0.65230596,
        0.11262259,  1.50215197, -0.23017097,  0.53687066, -0.78658009,
       -0.7435531 ,  0.24287616,  0.54638457, -0.09216139,  0.40079209,
        0.42183882,  0.78366011,  0.63731688, -0.3735621 ,  0.15509219,
       -0.06026826,  0.78131163,  0.34610945,  1.07670665, -0.01409434,
        1.6776526 ,  1.61366642, -0.86957282, -0.65386134,  1.01372755,
        1.54838359, -1.87209177,  0.40069661,  0.58523655, -0.98160827,
       -0.76115102,  0.69163465,  0.31469139, -2.13946438,  2.022089  ], dtype=float32), array([-0.47448882, -0.61755025, -1.02516091,  0.99491888, -0.47385457,
        0.08618244,  1.04001641, -1.71452451,  2.10442543, -0.30770919,
       -1.69121552, -0.66616756, -1.89695215, -0.06184324, -1.99854469,
       -1.29785728,  1.47404659,  1.45979011,  2.37411857, -0.42393833,
       -0.82533276,  0.00727769,  0.91855055, -1.20957971,  0.554465  ,
       -0.64767176,  0.43146771, -0.01337649,  0.36035299,  0.35888675,
       -1.24974477,  0.97131938, -1.12123203, -0.43394375, -1.36747348,
        0.44412744,  0.93069577, -0.51566827, -0.27798223, -1.48313332,
        0.6831485 ,  0.16873263, -1.17082405,  0.50214005, -0.53496969,
        0.1306383 ,  0.32273099,  0.53829539, -1.22859025, -0.78994817,
        1.0218029 , -0.39749125,  1.54743242, -1.0586524 ,  1.54753411,
        0.45771036,  0.20645122, -1.70875609,  1.21424854, -1.36300695,
       -1.0699023 ,  0.04272774,  0.15386018,  0.52743554, -0.48905599,
        0.1537251 ,  1.4185338 , -0.24356118,  0.47816703, -0.65791929,
       -0.69665247,  0.35547936,  0.51648366, -0.10947157,  0.43131465,
        0.36398852,  0.90067405,  0.79606587, -0.41468021,  0.22478463,
       -0.17127942,  0.74961275,  0.22432122,  0.95334917,  0.07336177,
        1.65573609,  1.71070766, -0.9308387 , -0.54883599,  0.90433413,
        1.44294763, -2.02197647,  0.38994348,  0.74744147, -0.90851641,
       -0.7279886 ,  0.672095  ,  0.4033317 , -2.09325504,  1.98918962], dtype=float32), array([-0.50596708, -0.63705504, -1.07431757,  1.02237177, -0.50304812,
        0.07386735,  1.03159952, -1.71661687,  2.10019112, -0.30321911,
       -1.70401669, -0.68780625, -1.91006529, -0.03954116, -2.01612115,
       -1.30163515,  1.48834133,  1.46833217,  2.3754425 , -0.44662267,
       -0.82441729, -0.00553485,  0.92270195, -1.16834009,  0.5725522 ,
       -0.64175493,  0.43427485, -0.06107115,  0.3746579 ,  0.33146852,
       -1.24742246,  0.9413504 , -1.114434  , -0.4352468 , -1.37152803,
        0.39973068,  0.96020985, -0.52492541, -0.26662293, -1.44529593,
        0.6615386 ,  0.1602529 , -1.12740254,  0.48048156, -0.55206662,
        0.15157467,  0.36713058,  0.53815752, -1.22850585, -0.81445253,
        1.02375889, -0.39463982,  1.55392551, -1.02128112,  1.53826392,
        0.47782165,  0.21647128, -1.7471149 ,  1.20283651, -1.31590331,
       -1.04046714,  0.04476232,  0.11179079,  0.50189561, -0.50223404,
        0.14925016,  1.39073813, -0.22575182,  0.49995884, -0.64294451,
       -0.70727992,  0.35333785,  0.55786312, -0.13064353,  0.40379056,
        0.35557434,  0.8531028 ,  0.80278289, -0.41767943,  0.20512576,
       -0.15820518,  0.7961598 ,  0.29008746,  0.94862533,  0.08063915,
        1.66795754,  1.67429042, -0.91203314, -0.51448452,  0.91240811,
        1.46243548, -2.02349901,  0.40180001,  0.77564007, -0.89494532,
       -0.73260665,  0.69060373,  0.36616817, -2.10295343,  1.9936254 ], dtype=float32), array([-0.52312934, -0.6368131 , -1.10085726,  1.0459429 , -0.46671554,
        0.07175941,  1.02667737, -1.72751844,  2.06599879, -0.31201991,
       -1.69844162, -0.65657139, -1.88226497, -0.0325405 , -2.01570535,
       -1.28029323,  1.49270773,  1.4983983 ,  2.35169172, -0.451525  ,
       -0.79616398, -0.03616596,  0.92549169, -1.15668249,  0.59915572,
       -0.60194123,  0.41950345, -0.08780061,  0.37796542,  0.30323929,
       -1.28287005,  0.99898094, -1.15252423, -0.43867752, -1.36223173,
        0.3909772 ,  0.95330632, -0.53788638, -0.35500842, -1.43681061,
        0.6518749 ,  0.18706705, -1.12657607,  0.54833245, -0.59569603,
        0.16534831,  0.3999294 ,  0.53683347, -1.18815076, -0.81501794,
        1.04905963, -0.40379423,  1.5795666 , -1.07777059,  1.54762971,
        0.47750783,  0.19454733, -1.71896851,  1.18350458, -1.3171432 ,
       -1.02489817,  0.07541662,  0.10077398,  0.49649829, -0.49911228,
        0.10915862,  1.370386  , -0.22931689,  0.49712911, -0.62128174,
       -0.71317065,  0.37086228,  0.55130613, -0.08175693,  0.40053183,
        0.36835593,  0.88439286,  0.83485597, -0.43672144,  0.1835427 ,
       -0.17132652,  0.83272147,  0.28099522,  0.94021732,  0.06828415,
        1.73579776,  1.63656044, -0.91665989, -0.53764647,  0.88173431,
        1.47997093, -1.99235129,  0.42804813,  0.74342048, -0.90244645,
       -0.7402665 ,  0.67430228,  0.30905968, -2.1132977 ,  1.95520973], dtype=float32), array([-0.48832268, -0.68199062, -1.07730901,  1.00822008, -0.48444432,
        0.03315269,  1.01954186, -1.75782979,  2.11052918, -0.25870207,
       -1.69651103, -0.6418463 , -1.87715185, -0.05897342, -1.94475174,
       -1.34807658,  1.47925508,  1.47321892,  2.32904315, -0.43191043,
       -0.85123867, -0.01043963,  0.91442633, -1.18610322,  0.58299243,
       -0.53900921,  0.38932797, -0.0687035 ,  0.38361084,  0.29788268,
       -1.25085843,  1.02884591, -1.21220744, -0.40691465, -1.41112828,
        0.41396958,  0.91184163, -0.54973394, -0.31109971, -1.42252362,
        0.597202  ,  0.21407837, -1.11557794,  0.62271237, -0.60840213,
        0.16945043,  0.39626274,  0.45020631, -1.16504478, -0.83037788,
        1.08915424, -0.38302699,  1.58690417, -1.05463159,  1.47409546,
        0.43163538,  0.20537741, -1.66454899,  1.19403553, -1.308707  ,
       -1.04571843,  0.08689846,  0.05308095,  0.53354216, -0.46783084,
        0.1210117 ,  1.37214899, -0.30089301,  0.51622063, -0.58508593,
       -0.68020654,  0.37551126,  0.59190369, -0.10379972,  0.44469202,
        0.33960089,  0.89557755,  0.84091812, -0.46206623,  0.2112731 ,
       -0.14656954,  0.87341577,  0.27188987,  0.93845266,  0.09610385,
        1.7525934 ,  1.6740433 , -0.91081107, -0.58634585,  0.86210996,
        1.44766188, -2.0153501 ,  0.46411183,  0.73928308, -0.91195786,
       -0.77442372,  0.63228798,  0.29159558, -2.13301921,  1.98927319], dtype=float32), array([-0.56777048, -0.64814359, -1.09261107,  1.06282651, -0.47210187,
        0.02218833,  1.07448459, -1.774055  ,  2.09323406, -0.27783015,
       -1.73008943, -0.72037089, -1.82105422, -0.08471982, -1.89857805,
       -1.29292524,  1.52317739,  1.532305  ,  2.27803493, -0.48732516,
       -0.82243425, -0.06799164,  0.96790469, -1.12938774,  0.55273736,
       -0.55894917,  0.41768795, -0.05200256,  0.46030471,  0.27298701,
       -1.23646545,  1.08692944, -1.26637089, -0.38804185, -1.42031682,
        0.28761283,  0.91132313, -0.58525133, -0.42223296, -1.36721897,
        0.6041519 ,  0.19946949, -1.07726216,  0.59186101, -0.64738107,
        0.14586054,  0.49277088,  0.39445832, -1.07632577, -0.91058975,
        1.11681342, -0.36924708,  1.61526799, -1.06201744,  1.50056064,
        0.41543809,  0.17789623, -1.58450413,  1.22154272, -1.24940944,
       -1.06885624,  0.04550001,  0.06146815,  0.48939538, -0.45296788,
        0.1405513 ,  1.36465394, -0.32972571,  0.53600496, -0.50951296,
       -0.73029417,  0.3671695 ,  0.56267554, -0.08559579,  0.36120212,
        0.29438472,  0.86106712,  0.87484229, -0.50146389,  0.16477992,
       -0.13808252,  0.93061686,  0.33853137,  0.9325403 ,  0.17988491,
        1.74932969,  1.67981648, -0.85666901, -0.60918617,  0.87635982,
        1.53308153, -2.04082203,  0.48862916,  0.70883757, -0.93534029,
       -0.76679116,  0.60470265,  0.17503101, -2.1011169 ,  1.94651604], dtype=float32), array([-0.56561351, -0.64690036, -1.11294031,  1.07242131, -0.46241471,
       -0.00695549,  1.06339884, -1.77942455,  2.08238387, -0.25530645,
       -1.74404526, -0.70189029, -1.80651402, -0.09097444, -1.89375877,
       -1.28683174,  1.51662922,  1.53828096,  2.26260543, -0.49434549,
       -0.81441194, -0.07767662,  0.94928128, -1.13227963,  0.56066239,
       -0.56964797,  0.42288619, -0.05014277,  0.47972512,  0.27986109,
       -1.24486244,  1.11779976, -1.28241026, -0.40233219, -1.4270761 ,
        0.28238291,  0.90382653, -0.56942892, -0.4604829 , -1.38270295,
        0.61359251,  0.20992938, -1.08064449,  0.61397004, -0.63504738,
        0.13406044,  0.49616119,  0.35357231, -1.07594454, -0.92636067,
        1.09974813, -0.37121603,  1.62070858, -1.07215452,  1.50980842,
        0.41276234,  0.17899373, -1.58119071,  1.21716237, -1.23864579,
       -1.09258008,  0.0715832 ,  0.07421836,  0.50525677, -0.4590632 ,
        0.13715275,  1.38154161, -0.31041184,  0.53474993, -0.52147567,
       -0.73592097,  0.36504558,  0.56476349, -0.0737589 ,  0.37107328,
        0.3095001 ,  0.84391844,  0.87853712, -0.48760024,  0.1327167 ,
       -0.14319594,  0.91825724,  0.33788785,  0.93004149,  0.17152542,
        1.76021802,  1.67224002, -0.8339532 , -0.61920041,  0.8469435 ,
        1.5560652 , -2.01644254,  0.51053035,  0.69263697, -0.93017548,
       -0.74778938,  0.62964272,  0.17317955, -2.09741902,  1.94972086], dtype=float32), array([-0.57633126, -0.63628924, -1.11807752,  1.10785091, -0.4733023 ,
       -0.00445338,  1.05472851, -1.7753855 ,  2.06297731, -0.27051091,
       -1.77725816, -0.73619127, -1.76590359, -0.08590739, -1.85289598,
       -1.29833162,  1.49724913,  1.52126408,  2.28588128, -0.51462293,
       -0.83854145, -0.04327849,  0.95273364, -1.11931705,  0.52702767,
       -0.58799648,  0.39811715, -0.05840098,  0.43796322,  0.28777051,
       -1.23947048,  1.1038655 , -1.28341591, -0.39265409, -1.41188812,
        0.31795549,  0.92998362, -0.59328061, -0.40439823, -1.39529705,
        0.60625684,  0.19848953, -1.08242261,  0.61620015, -0.6200676 ,
        0.15562326,  0.45011351,  0.35873675, -1.07632875, -0.92886311,
        1.14101171, -0.37344694,  1.61092865, -1.09264159,  1.48043346,
        0.44508931,  0.20313774, -1.58920693,  1.2462014 , -1.28110838,
       -1.10044551,  0.06649556,  0.08321593,  0.50704402, -0.42742491,
        0.14588629,  1.35404432, -0.32523665,  0.51773924, -0.47405556,
       -0.71534437,  0.38035524,  0.56781721, -0.07836687,  0.37860939,
        0.27929315,  0.85964131,  0.90098727, -0.46256581,  0.16684532,
       -0.13658825,  0.89868337,  0.30598572,  0.92709386,  0.21497937,
        1.76957464,  1.70397913, -0.85601515, -0.59420675,  0.8348676 ,
        1.51477408, -2.01107955,  0.50112516,  0.71860462, -0.94483727,
       -0.77713543,  0.60884482,  0.16366871, -2.10833502,  1.94137824], dtype=float32), array([-0.58805412, -0.60922807, -1.12606657,  1.07157099, -0.47278249,
        0.01057177,  1.05702496, -1.74454772,  2.05332637, -0.27441305,
       -1.77614784, -0.70156044, -1.7701112 , -0.06475645, -1.87610281,
       -1.30724239,  1.51147509,  1.55342352,  2.29162359, -0.49318808,
       -0.84923291, -0.03645902,  0.93927258, -1.10415876,  0.50923103,
       -0.59202677,  0.4276844 , -0.06466438,  0.42416823,  0.29807392,
       -1.23359323,  1.09654522, -1.26818657, -0.41532421, -1.42223787,
        0.33417627,  0.95702249, -0.5602507 , -0.36702639, -1.38338804,
        0.59652948,  0.18620895, -1.10898829,  0.63200563, -0.61217862,
        0.16472532,  0.43768275,  0.37195608, -1.10686088, -0.91185939,
        1.12140119, -0.37938023,  1.62640846, -1.13044524,  1.44909   ,
        0.43042159,  0.2256642 , -1.58690608,  1.25139725, -1.29531312,
       -1.09492707,  0.07361361,  0.07290857,  0.50489914, -0.44429713,
        0.10814194,  1.35784757, -0.30004424,  0.51224184, -0.50676405,
       -0.72430778,  0.38966587,  0.58573163, -0.07254945,  0.38981026,
        0.29065874,  0.85356987,  0.8961907 , -0.45585525,  0.17128746,
       -0.16385411,  0.89192712,  0.27698645,  0.93992835,  0.20969126,
        1.76848888,  1.69798708, -0.83837962, -0.61550564,  0.82925004,
        1.5197711 , -2.00070596,  0.48227158,  0.70188159, -0.94770616,
       -0.75920087,  0.60097623,  0.18114991, -2.13347507,  1.95469701], dtype=float32), array([-0.59102529, -0.59924573, -1.12455487,  1.06199348, -0.46425292,
        0.02011306,  1.05586708, -1.73973119,  2.04938364, -0.2868326 ,
       -1.78121543, -0.69192964, -1.768731  , -0.06672268, -1.87204075,
       -1.3064959 ,  1.51451266,  1.55811477,  2.29102015, -0.49027279,
       -0.84638727, -0.03961485,  0.944296  , -1.09878087,  0.51150674,
       -0.59134728,  0.42539054, -0.06660186,  0.4246619 ,  0.29745603,
       -1.23529744,  1.10074306, -1.26492703, -0.42617124, -1.42245495,
        0.34595871,  0.96020812, -0.56161332, -0.3627952 , -1.37848783,
        0.60245705,  0.18310766, -1.10291684,  0.63691086, -0.6182788 ,
        0.17057072,  0.43125221,  0.38089925, -1.10558212, -0.91025811,
        1.13334203, -0.38870358,  1.63574791, -1.14026678,  1.43840432,
        0.4293507 ,  0.22196156, -1.59489429,  1.2444489 , -1.29249465,
       -1.09170771,  0.08048152,  0.0794544 ,  0.50357413, -0.44628441,
        0.10316376,  1.35063791, -0.30137175,  0.51391643, -0.50692159,
       -0.72265631,  0.39783025,  0.58708763, -0.07476985,  0.39204988,
        0.29679295,  0.85466486,  0.89827806, -0.45832348,  0.16854449,
       -0.15931742,  0.88884413,  0.26393294,  0.93475437,  0.211281  ,
        1.76087916,  1.69490469, -0.84913552, -0.61866498,  0.83343983,
        1.51228094, -1.99731898,  0.47840196,  0.70065296, -0.94082928,
       -0.75636488,  0.59509093,  0.17796899, -2.14204645,  1.94805098], dtype=float32), array([-0.58260399, -0.59376913, -1.1312145 ,  1.06115592, -0.46684086,
        0.02190745,  1.05159354, -1.74120796,  2.05119014, -0.287191  ,
       -1.78234947, -0.68863338, -1.77270341, -0.0620862 , -1.8799144 ,
       -1.30527747,  1.51277339,  1.55999577,  2.29232192, -0.48810983,
       -0.84420753, -0.03842217,  0.94064665, -1.10432887,  0.51146042,
       -0.58715546,  0.43144035, -0.06412547,  0.42083994,  0.2972953 ,
       -1.23466468,  1.10054564, -1.25951684, -0.42797771, -1.4198786 ,
        0.34738556,  0.96134502, -0.55852956, -0.36387786, -1.38014901,
        0.60226983,  0.18023731, -1.10463274,  0.63703638, -0.61654061,
        0.17401809,  0.42888877,  0.37857988, -1.10782015, -0.91041106,
        1.13054276, -0.38685256,  1.63672125, -1.13981664,  1.43929935,
        0.42423382,  0.22649984, -1.59682095,  1.24735749, -1.2985661 ,
       -1.09315193,  0.0802361 ,  0.07850835,  0.50795585, -0.45133513,
        0.10024215,  1.35527241, -0.29998434,  0.51455104, -0.51059568,
       -0.7189818 ,  0.39867792,  0.58581746, -0.0776742 ,  0.39616105,
        0.29816607,  0.84992319,  0.89917105, -0.45254698,  0.17029874,
       -0.15771735,  0.88670272,  0.26643884,  0.93597972,  0.20972459,
        1.7604773 ,  1.69980371, -0.84962469, -0.61895698,  0.83289796,
        1.51358855, -1.99478018,  0.47741458,  0.69577956, -0.94215852,
       -0.75877231,  0.59477788,  0.17876127, -2.1470437 ,  1.94461107], dtype=float32), array([-0.56559956, -0.58201778, -1.15417302,  1.0926075 , -0.46873653,
        0.00986009,  1.0535605 , -1.74807799,  2.05322599, -0.26658446,
       -1.80103314, -0.69376045, -1.75153387, -0.07834385, -1.86834705,
       -1.2956636 ,  1.52256727,  1.58267415,  2.2567327 , -0.47992814,
       -0.83244598, -0.0393414 ,  0.92239368, -1.07065272,  0.52721941,
       -0.57285285,  0.42885354, -0.05209104,  0.43770093,  0.29198685,
       -1.25082576,  1.12924719, -1.28970075, -0.41746691, -1.41944098,
        0.34104481,  0.95644552, -0.56638223, -0.40382886, -1.39282262,
        0.59052235,  0.1707934 , -1.0962435 ,  0.67761546, -0.62361175,
        0.14758103,  0.44697735,  0.34798941, -1.10797524, -0.9321686 ,
        1.13676679, -0.39199761,  1.63789344, -1.16161788,  1.45397115,
        0.41582757,  0.23918916, -1.58111787,  1.22838676, -1.27633882,
       -1.08829534,  0.10075232,  0.05747001,  0.52463388, -0.44492283,
        0.06115419,  1.37105501, -0.32180849,  0.5401879 , -0.52455097,
       -0.72363722,  0.3956092 ,  0.59540808, -0.05585921,  0.40049618,
        0.28811118,  0.85924524,  0.89879507, -0.46331161,  0.15394625,
       -0.17410615,  0.88489783,  0.27590683,  0.95977479,  0.20874105,
        1.78118384,  1.67515719, -0.84170121, -0.64396185,  0.80445737,
        1.52694631, -1.95568955,  0.47954255,  0.65058154, -0.9414807 ,
       -0.74417001,  0.59225982,  0.15143478, -2.12272859,  1.94156313], dtype=float32), array([-0.56159633, -0.54113626, -1.15977645,  1.07476747, -0.44432792,
        0.04829546,  1.05780303, -1.7792387 ,  2.04256177, -0.301368  ,
       -1.80717218, -0.69196224, -1.76531744, -0.11087012, -1.89661467,
       -1.26723099,  1.50446177,  1.59031367,  2.23508811, -0.46132937,
       -0.85348952, -0.060111  ,  0.907547  , -1.08482182,  0.55461162,
       -0.58992618,  0.45877066, -0.03948215,  0.46027669,  0.29511222,
       -1.29339314,  1.14478755, -1.27909303, -0.41711128, -1.40781534,
        0.36050016,  0.93012756, -0.56269366, -0.44470593, -1.36935151,
        0.58294791,  0.16173531, -1.10293925,  0.73007357, -0.63370091,
        0.11391635,  0.42468983,  0.37472114, -1.13854957, -0.92550427,
        1.11742163, -0.38349417,  1.64473844, -1.17239141,  1.44146395,
        0.42133349,  0.26986435, -1.55645454,  1.2075429 , -1.27437472,
       -1.04421747,  0.11513572,  0.0681875 ,  0.56150353, -0.44259521,
        0.03684343,  1.37576246, -0.3203949 ,  0.53799427, -0.54513806,
       -0.72099757,  0.38364163,  0.60102051,  0.01041218,  0.40000063,
        0.32052061,  0.89016652,  0.91431433, -0.43861434,  0.18999095,
       -0.19435985,  0.8482759 ,  0.26666823,  0.97535336,  0.18157411,
        1.76198387,  1.67886651, -0.88475901, -0.68775421,  0.77716309,
        1.52603972, -1.93413293,  0.50769138,  0.64917439, -0.95656216,
       -0.74715579,  0.58497745,  0.15148187, -2.10925174,  1.93306065], dtype=float32), array([-0.59428781, -0.53163743, -1.18421507,  1.11354959, -0.4516471 ,
        0.04477517,  1.06024885, -1.80177259,  2.02453494, -0.29587364,
       -1.81762016, -0.70928347, -1.75311196, -0.13430066, -1.90900064,
       -1.26112509,  1.505108  ,  1.60527146,  2.20597982, -0.46817845,
       -0.82315785, -0.09832666,  0.91183978, -1.06337309,  0.55069923,
       -0.56525064,  0.45188794, -0.03680638,  0.47001898,  0.26855084,
       -1.28943372,  1.14400196, -1.27439332, -0.41785356, -1.40763927,
        0.33959457,  0.96230835, -0.59033811, -0.47938862, -1.34987688,
        0.56431496,  0.17124771, -1.07878852,  0.73792458, -0.64821541,
        0.11461935,  0.45611805,  0.37806854, -1.12344098, -0.9451201 ,
        1.13090742, -0.39610258,  1.66760612, -1.16248667,  1.45393229,
        0.44895086,  0.26030317, -1.57868242,  1.18410444, -1.24722791,
       -1.02536881,  0.10765815,  0.05944649,  0.54590017, -0.436685  ,
        0.03714684,  1.36638451, -0.2950981 ,  0.54976904, -0.52043188,
       -0.74971503,  0.37672883,  0.6257177 ,  0.00847823,  0.37856382,
        0.31867743,  0.87367362,  0.92039961, -0.46317142,  0.16839565,
       -0.19576852,  0.89564139,  0.29407963,  0.96878982,  0.17551288,
        1.75735152,  1.64071846, -0.87286121, -0.6812638 ,  0.76882577,
        1.5414871 , -1.91479671,  0.52957672,  0.65797609, -0.97303069,
       -0.75384146,  0.60045296,  0.11632574, -2.08387995,  1.94372666], dtype=float32), array([-0.58098584, -0.5214076 , -1.177634  ,  1.10029387, -0.45098656,
        0.04952546,  1.05840898, -1.79549658,  2.02292681, -0.27817443,
       -1.81279242, -0.71099329, -1.76396489, -0.13634636, -1.92026138,
       -1.26495028,  1.49198866,  1.60666156,  2.20089602, -0.45673284,
       -0.82466561, -0.11597225,  0.90164012, -1.07013357,  0.5609771 ,
       -0.55532593,  0.46685886, -0.06225846,  0.46547297,  0.28762361,
       -1.30693424,  1.14790547, -1.25370169, -0.41420048, -1.41046798,
        0.34037969,  0.96883529, -0.55873269, -0.48493826, -1.35451829,
        0.56457895,  0.16807632, -1.08526194,  0.75690436, -0.66315007,
        0.12206832,  0.45107076,  0.36656451, -1.14775932, -0.9215771 ,
        1.12391865, -0.38753855,  1.69732642, -1.16653371,  1.4411484 ,
        0.44465297,  0.26355365, -1.56248176,  1.17136371, -1.24779546,
       -1.0210923 ,  0.10919451,  0.06296936,  0.55311108, -0.43199125,
        0.03015613,  1.35991728, -0.29136163,  0.54445976, -0.5158937 ,
       -0.74008805,  0.37944323,  0.60036016,  0.01161114,  0.37726063,
        0.32816255,  0.86852229,  0.90519941, -0.45392817,  0.18919027,
       -0.22344162,  0.89339739,  0.31152594,  0.98966211,  0.17099997,
        1.75864863,  1.61354125, -0.88389701, -0.69750214,  0.76361394,
        1.57315505, -1.92132604,  0.52577996,  0.65901613, -0.98585641,
       -0.75196356,  0.58675903,  0.10849851, -2.08392406,  1.95116341], dtype=float32), array([-0.55976474, -0.53140163, -1.19063914,  1.09376729, -0.45787784,
        0.04824262,  1.05767286, -1.79883552,  2.02957153, -0.27649805,
       -1.80852652, -0.69656056, -1.7831291 , -0.12598988, -1.92803741,
       -1.24540854,  1.49631083,  1.609586  ,  2.20291567, -0.45950851,
       -0.83193517, -0.10911481,  0.89854217, -1.0677048 ,  0.56459934,
       -0.54996747,  0.47264835, -0.06180719,  0.47342351,  0.29016939,
       -1.31042194,  1.15335667, -1.24302101, -0.39908013, -1.40969765,
        0.33342478,  0.965967  , -0.56449527, -0.48579407, -1.36313879,
        0.5791564 ,  0.16079073, -1.0829978 ,  0.76166546, -0.66311574,
        0.12206272,  0.45214936,  0.35701865, -1.15650082, -0.92163974,
        1.12440336, -0.3681573 ,  1.68952632, -1.15622854,  1.43070197,
        0.43842328,  0.26962993, -1.565166  ,  1.16668558, -1.25769615,
       -1.0182271 ,  0.1064634 ,  0.06942118,  0.57147431, -0.43696648,
        0.01956369,  1.35678935, -0.28722963,  0.54994202, -0.52028084,
       -0.72612727,  0.37716764,  0.58966619,  0.00596009,  0.39421907,
        0.33347532,  0.85847443,  0.88941145, -0.44771513,  0.18891707,
       -0.21974173,  0.89006817,  0.32343951,  1.0088501 ,  0.16337138,
        1.74510038,  1.61346126, -0.87568486, -0.70717442,  0.75522411,
        1.57412922, -1.9121412 ,  0.50929171,  0.64350283, -0.99333227,
       -0.74882358,  0.59465814,  0.10165683, -2.10192132,  1.94911468], dtype=float32), array([-0.56180805, -0.52293605, -1.19015431,  1.07928681, -0.45410892,
        0.05837909,  1.05781078, -1.79219866,  2.02088118, -0.27995497,
       -1.81445205, -0.69062495, -1.79317927, -0.13448405, -1.93598998,
       -1.23659706,  1.48317289,  1.61924148,  2.20619965, -0.46128139,
       -0.82321578, -0.12492242,  0.90503144, -1.06997132,  0.56578428,
       -0.55278391,  0.48416507, -0.06198868,  0.46287316,  0.28783336,
       -1.31725299,  1.15128136, -1.23486829, -0.40719554, -1.39661241,
        0.33349931,  0.97153956, -0.56510061, -0.50126028, -1.35858822,
        0.58258235,  0.15654193, -1.07780123,  0.75055283, -0.65938181,
        0.13588075,  0.4538928 ,  0.37038943, -1.15294158, -0.91694295,
        1.12639821, -0.37085328,  1.69586611, -1.16425717,  1.42488265,
        0.4486993 ,  0.27575701, -1.58385348,  1.16362453, -1.26401258,
       -1.02045369,  0.10991696,  0.07531649,  0.5672574 , -0.42750159,
        0.02033245,  1.34693718, -0.2790094 ,  0.54912913, -0.5312562 ,
       -0.72762227,  0.38195387,  0.59265065,  0.00273129,  0.40697995,
        0.33360547,  0.86072081,  0.89186078, -0.44471073,  0.18937367,
       -0.22589438,  0.88779211,  0.32208687,  1.00961018,  0.1580608 ,
        1.75449407,  1.60392559, -0.88227135, -0.70394498,  0.75180012,
        1.58162606, -1.90954876,  0.50951183,  0.6489374 , -0.98860103,
       -0.74087381,  0.59004599,  0.10888854, -2.10848618,  1.93415689], dtype=float32), array([ -5.63903928e-01,  -5.22128701e-01,  -1.19229019e+00,
         1.08208120e+00,  -4.54069376e-01,   6.82357699e-02,
         1.06644130e+00,  -1.79925096e+00,   2.02133703e+00,
        -2.80068904e-01,  -1.81495392e+00,  -6.91995203e-01,
        -1.79299116e+00,  -1.37730286e-01,  -1.93473375e+00,
        -1.22798157e+00,   1.48015440e+00,   1.62671244e+00,
         2.19989395e+00,  -4.62110937e-01,  -8.21250677e-01,
        -1.32952839e-01,   8.98632348e-01,  -1.06791866e+00,
         5.68517208e-01,  -5.56490004e-01,   4.87637371e-01,
        -5.58850951e-02,   4.70432609e-01,   2.88895071e-01,
        -1.31369185e+00,   1.15145636e+00,  -1.23820674e+00,
        -4.09992427e-01,  -1.39884901e+00,   3.31706524e-01,
         9.60946321e-01,  -5.62293231e-01,  -5.10790408e-01,
        -1.36175656e+00,   5.83268166e-01,   1.58970222e-01,
        -1.07435751e+00,   7.47841060e-01,  -6.62210226e-01,
         1.28333569e-01,   4.51499015e-01,   3.75647604e-01,
        -1.15305269e+00,  -9.11420584e-01,   1.12994516e+00,
        -3.75634789e-01,   1.69991529e+00,  -1.16455257e+00,
         1.42830670e+00,   4.45387214e-01,   2.72976458e-01,
        -1.57583702e+00,   1.16157281e+00,  -1.26138783e+00,
        -1.02076757e+00,   1.10926218e-01,   7.94117376e-02,
         5.67629457e-01,  -4.30556715e-01,   1.81159656e-02,
         1.34518540e+00,  -2.74216026e-01,   5.55772781e-01,
        -5.35500765e-01,  -7.30711281e-01,   3.84366214e-01,
         5.95133543e-01,  -7.06430059e-04,   4.03240323e-01,
         3.28361183e-01,   8.56265366e-01,   8.88972700e-01,
        -4.47156429e-01,   1.79411292e-01,  -2.25730851e-01,
         8.87937486e-01,   3.25012177e-01,   1.01194167e+00,
         1.55351445e-01,   1.75277686e+00,   1.60067129e+00,
        -8.82276058e-01,  -7.01942027e-01,   7.53550231e-01,
         1.58614576e+00,  -1.90688789e+00,   5.09832442e-01,
         6.45977557e-01,  -9.89256382e-01,  -7.40632832e-01,
         5.94807446e-01,   1.07488178e-01,  -2.10264874e+00,
         1.94070268e+00], dtype=float32), array([ -5.60703754e-01,  -5.22905052e-01,  -1.19288456e+00,
         1.08010125e+00,  -4.53933120e-01,   6.60368279e-02,
         1.06716597e+00,  -1.79893565e+00,   2.02187252e+00,
        -2.79468685e-01,  -1.81439209e+00,  -6.90324724e-01,
        -1.79290998e+00,  -1.35316640e-01,  -1.93645716e+00,
        -1.22839808e+00,   1.48119140e+00,   1.62822723e+00,
         2.19893336e+00,  -4.60792363e-01,  -8.22311997e-01,
        -1.33694142e-01,   8.97392035e-01,  -1.06691611e+00,
         5.69885373e-01,  -5.56250453e-01,   4.86626089e-01,
        -5.52713089e-02,   4.71130699e-01,   2.90895969e-01,
        -1.31378317e+00,   1.15427053e+00,  -1.23765016e+00,
        -4.10500646e-01,  -1.39872932e+00,   3.31998259e-01,
         9.61064994e-01,  -5.61526060e-01,  -5.11362016e-01,
        -1.36170292e+00,   5.82509220e-01,   1.59395903e-01,
        -1.07413459e+00,   7.48777688e-01,  -6.63038313e-01,
         1.28199160e-01,   4.52798933e-01,   3.71106386e-01,
        -1.15322137e+00,  -9.13340569e-01,   1.12969410e+00,
        -3.74996901e-01,   1.70060813e+00,  -1.16530919e+00,
         1.42723656e+00,   4.43470418e-01,   2.74560839e-01,
        -1.57390726e+00,   1.16280532e+00,  -1.25800884e+00,
        -1.02054453e+00,   1.11191764e-01,   8.00523236e-02,
         5.69370210e-01,  -4.31683928e-01,   1.71433520e-02,
         1.34675014e+00,  -2.74887532e-01,   5.55937290e-01,
        -5.34722269e-01,  -7.30887055e-01,   3.85553241e-01,
         5.93990862e-01,  -1.79496710e-03,   4.03275490e-01,
         3.28525007e-01,   8.54460418e-01,   8.89987111e-01,
        -4.45432276e-01,   1.78778380e-01,  -2.27738053e-01,
         8.87121916e-01,   3.27417433e-01,   1.01269484e+00,
         1.54449463e-01,   1.75080287e+00,   1.59990144e+00,
        -8.81305575e-01,  -7.04175591e-01,   7.52121925e-01,
         1.58662999e+00,  -1.90850353e+00,   5.10689318e-01,
         6.43658578e-01,  -9.88503277e-01,  -7.39415944e-01,
         5.93467474e-01,   1.04972892e-01,  -2.10468626e+00,
         1.94046128e+00], dtype=float32), array([-0.58197904, -0.5234772 , -1.20695591,  1.09451222, -0.47804457,
        0.06406477,  1.07359552, -1.80140626,  2.02794743, -0.294579  ,
       -1.8261205 , -0.71336299, -1.79022968, -0.1186283 , -1.94685495,
       -1.23684514,  1.48871481,  1.62421024,  2.19819331, -0.46807033,
       -0.81713718, -0.1572345 ,  0.91362566, -1.05074525,  0.57634771,
       -0.54348004,  0.49492958, -0.06080526,  0.46681976,  0.25557408,
       -1.27574646,  1.14062166, -1.22537911, -0.43119407, -1.4099257 ,
        0.31023812,  0.96865273, -0.55802828, -0.50909108, -1.34855032,
        0.56132853,  0.14658043, -1.04289412,  0.74868542, -0.67476308,
        0.11978263,  0.4852038 ,  0.37885079, -1.14791048, -0.91248834,
        1.1344322 , -0.39608485,  1.67904735, -1.13752687,  1.43457687,
        0.46058542,  0.27747056, -1.60635793,  1.16672337, -1.25544953,
       -1.01828337,  0.09881493,  0.06604892,  0.56069344, -0.42581925,
        0.01520919,  1.33397031, -0.25729275,  0.56557697, -0.53624326,
       -0.74870151,  0.36220485,  0.62516546, -0.02115286,  0.40298682,
        0.31275651,  0.83277512,  0.90277094, -0.43743604,  0.15740055,
       -0.22127591,  0.89426965,  0.35971153,  0.9853422 ,  0.14463152,
        1.7468338 ,  1.58676445, -0.87153035, -0.67082089,  0.74317861,
        1.59367418, -1.91394603,  0.53654331,  0.66721737, -0.96489716,
       -0.72709906,  0.60947418,  0.08874317, -2.09082627,  1.96859956], dtype=float32), array([-0.60515845, -0.52140063, -1.22020531,  1.10064721, -0.4944402 ,
        0.05522958,  1.08068192, -1.79887617,  2.04188943, -0.28811017,
       -1.82656741, -0.72718698, -1.80277145, -0.10917375, -1.95541406,
       -1.25092638,  1.48830605,  1.61816609,  2.19712973, -0.4763315 ,
       -0.81741798, -0.16871572,  0.9134472 , -1.03918993,  0.58609831,
       -0.53781134,  0.50662529, -0.07471076,  0.46965557,  0.24794467,
       -1.25699997,  1.1190933 , -1.20802343, -0.43633598, -1.41033232,
        0.2865186 ,  0.97904712, -0.55952638, -0.48954132, -1.34076595,
        0.55103016,  0.14246298, -1.02249277,  0.73586476, -0.68532068,
        0.12102308,  0.51390266,  0.3758375 , -1.1560142 , -0.90844685,
        1.13454008, -0.40664518,  1.67703867, -1.10801458,  1.43516254,
        0.47016999,  0.27853712, -1.6305325 ,  1.16670418, -1.23545051,
       -1.00886953,  0.09160301,  0.04967446,  0.54935431, -0.42655808,
        0.00773715,  1.32252407, -0.23969027,  0.57690871, -0.53053588,
       -0.76210278,  0.35351017,  0.64031887, -0.03490742,  0.39053339,
        0.31045139,  0.80999672,  0.89804995, -0.43383077,  0.14952493,
       -0.21694262,  0.91013479,  0.38549268,  0.97596037,  0.14800954,
        1.74492681,  1.57520592, -0.86146557, -0.64732152,  0.73931032,
        1.5991087 , -1.91811419,  0.5463326 ,  0.68584114, -0.95301199,
       -0.73214024,  0.61224699,  0.07483616, -2.0907712 ,  1.98476803], dtype=float32), array([-0.60305023, -0.51591384, -1.21189284,  1.08372831, -0.50602311,
        0.08116243,  1.07507122, -1.79130507,  2.05881286, -0.29131725,
       -1.82452142, -0.70818925, -1.79827726, -0.10753469, -1.96845567,
       -1.24718046,  1.47635913,  1.62003958,  2.21132278, -0.47085193,
       -0.80941463, -0.17509554,  0.91233796, -1.06304836,  0.59807408,
       -0.52878433,  0.5222826 , -0.07690389,  0.44225869,  0.24518308,
       -1.24408042,  1.11734605, -1.21713269, -0.43761665, -1.41280866,
        0.31211126,  0.96127576, -0.5620594 , -0.46992925, -1.35373008,
        0.54313534,  0.12987897, -1.02862489,  0.74513173, -0.67975265,
        0.12979381,  0.48537973,  0.38317639, -1.15356266, -0.88577545,
        1.1432842 , -0.41094461,  1.68638968, -1.12698913,  1.43559456,
        0.45909676,  0.28465357, -1.63643539,  1.17199731, -1.26079845,
       -1.02003002,  0.08697383,  0.06482907,  0.55076426, -0.41866857,
        0.00227182,  1.3127619 , -0.22793922,  0.57499319, -0.54759896,
       -0.74749219,  0.35289425,  0.63574576, -0.03962253,  0.40857178,
        0.31868565,  0.82213092,  0.89208513, -0.43586558,  0.15792273,
       -0.23671289,  0.89315939,  0.38349709,  0.96685076,  0.13643824,
        1.75193501,  1.57333338, -0.86807239, -0.63491178,  0.74550462,
        1.60275924, -1.91313469,  0.53917646,  0.67575562, -0.95226985,
       -0.71869457,  0.60057247,  0.08037046, -2.08126569,  1.97542024], dtype=float32), array([-0.59882206, -0.50763988, -1.20201218,  1.07341754, -0.49634045,
        0.09263253,  1.05825377, -1.7991339 ,  2.05489874, -0.28747585,
       -1.81522536, -0.69149303, -1.79023969, -0.12020084, -1.98352242,
       -1.25138021,  1.47719932,  1.616871  ,  2.22592306, -0.46409008,
       -0.7981047 , -0.19679241,  0.9030394 , -1.08338284,  0.61586428,
       -0.51626199,  0.51938438, -0.06921361,  0.4347828 ,  0.25653332,
       -1.23202336,  1.10893142, -1.22951722, -0.45863706, -1.41700172,
        0.3242977 ,  0.94429451, -0.558258  , -0.46895155, -1.3538779 ,
        0.54771328,  0.11701279, -1.03733742,  0.7547245 , -0.66763061,
        0.13685283,  0.4677369 ,  0.39679268, -1.15729415, -0.87580472,
        1.1299051 , -0.41342255,  1.7088623 , -1.14977241,  1.43892086,
        0.4519555 ,  0.2875782 , -1.64436305,  1.16281068, -1.27600181,
       -1.01627481,  0.0917971 ,  0.08068058,  0.54875869, -0.41641021,
        0.02577988,  1.30411386, -0.22251396,  0.57330829, -0.55110824,
       -0.75003493,  0.37359959,  0.63394409, -0.02192271,  0.42850497,
        0.3349461 ,  0.82258677,  0.89915174, -0.44414803,  0.17001417,
       -0.26399755,  0.88639665,  0.35908023,  0.94951761,  0.11603673,
        1.75986958,  1.57370424, -0.87902188, -0.63485008,  0.74753034,
        1.60665524, -1.91301262,  0.53422618,  0.67569214, -0.94190544,
       -0.71102959,  0.58797306,  0.09694697, -2.07165575,  1.96110845], dtype=float32), array([-0.58822644, -0.47776106, -1.19266284,  1.05572164, -0.48466682,
        0.09277631,  1.05413723, -1.7769829 ,  2.0698812 , -0.28173518,
       -1.80782044, -0.68300009, -1.82182908, -0.12955625, -2.01144409,
       -1.2402215 ,  1.45772946,  1.61009407,  2.24302673, -0.44388527,
       -0.81511104, -0.19100125,  0.89653772, -1.09652078,  0.61935943,
       -0.53026277,  0.49970868, -0.08926667,  0.4227457 ,  0.27939865,
       -1.25696826,  1.10861957, -1.19862735, -0.45533994, -1.3850497 ,
        0.32634008,  0.95569295, -0.55685848, -0.47412887, -1.35829329,
        0.5650298 ,  0.09578199, -1.05623639,  0.73819298, -0.6547389 ,
        0.16112746,  0.45875716,  0.41388464, -1.20674968, -0.87037253,
        1.11898422, -0.37527087,  1.7254864 , -1.14875555,  1.41508961,
        0.42781276,  0.29171911, -1.65150893,  1.16448116, -1.27854681,
       -1.01050889,  0.09843685,  0.09379044,  0.54753625, -0.40369555,
        0.01925422,  1.31625128, -0.22691016,  0.55120057, -0.53808981,
       -0.75801885,  0.3916505 ,  0.6049692 , -0.00465514,  0.39174733,
        0.34166899,  0.84550321,  0.90500265, -0.44425377,  0.20934092,
       -0.256872  ,  0.8690663 ,  0.35114741,  0.97061884,  0.10719166,
        1.76487911,  1.56961012, -0.86136144, -0.64503068,  0.764979  ,
        1.61371326, -1.90642941,  0.51434797,  0.66079193, -0.93366766,
       -0.72107482,  0.56771684,  0.13385093, -2.10008025,  1.9276675 ], dtype=float32), array([-0.59536934, -0.46082571, -1.1972394 ,  1.05557513, -0.46852195,
        0.09513871,  1.06027436, -1.77559376,  2.05787945, -0.28586793,
       -1.81168675, -0.68878812, -1.82580352, -0.13061057, -2.03014112,
       -1.24431646,  1.45596826,  1.60085845,  2.24577379, -0.42881009,
       -0.81595778, -0.19186758,  0.8725993 , -1.09777606,  0.63560939,
       -0.54579639,  0.48988637, -0.0840421 ,  0.40203789,  0.28390557,
       -1.27231169,  1.10982203, -1.18928242, -0.48320889, -1.38177025,
        0.34658369,  0.95534033, -0.55149508, -0.47318357, -1.34726858,
        0.55204672,  0.10433567, -1.06571496,  0.74213719, -0.64123911,
        0.13356434,  0.4513824 ,  0.42000303, -1.22375572, -0.86449724,
        1.12648368, -0.36725891,  1.73101926, -1.14719093,  1.41474795,
        0.43930128,  0.30110031, -1.63808548,  1.15961957, -1.27534842,
       -1.00096118,  0.11496244,  0.10207374,  0.54638481, -0.39398459,
        0.01760083,  1.32003736, -0.22162221,  0.55819547, -0.52678311,
       -0.7638647 ,  0.39088339,  0.61209893,  0.0153975 ,  0.36802572,
        0.35098758,  0.85833353,  0.91716141, -0.44412813,  0.22301336,
       -0.26613078,  0.86028314,  0.34490952,  0.96077985,  0.08652792,
        1.77256417,  1.56658161, -0.87326926, -0.65190673,  0.75865692,
        1.60924459, -1.90981758,  0.52183449,  0.65359807, -0.93434846,
       -0.72375286,  0.5742178 ,  0.13536526, -2.09190011,  1.92038405], dtype=float32), array([-0.59417021, -0.46127665, -1.19726169,  1.05295551, -0.46949047,
        0.09369411,  1.05675364, -1.77440643,  2.05711865, -0.28292158,
       -1.81447506, -0.6843999 , -1.8222059 , -0.13029726, -2.02979279,
       -1.24543679,  1.45683789,  1.60103548,  2.24441648, -0.42799014,
       -0.81463295, -0.19396499,  0.87120193, -1.09678543,  0.63501513,
       -0.54838079,  0.49325183, -0.08397589,  0.40352055,  0.28370851,
       -1.27544999,  1.11429811, -1.19130087, -0.48269382, -1.38341677,
        0.34850252,  0.95402718, -0.54961669, -0.47625378, -1.34749258,
        0.55072474,  0.10375436, -1.06691551,  0.74629819, -0.64010596,
        0.1274595 ,  0.45241025,  0.41536748, -1.22199404, -0.8656435 ,
        1.1257993 , -0.36996379,  1.72937489, -1.14764774,  1.41616273,
        0.4406569 ,  0.3038089 , -1.63879883,  1.16043973, -1.27630937,
       -0.9996441 ,  0.11774497,  0.10074152,  0.54910988, -0.39490369,
        0.01836461,  1.32080615, -0.21911271,  0.55955809, -0.52598101,
       -0.76098198,  0.39256796,  0.61179036,  0.01848536,  0.37226012,
        0.35062957,  0.8553459 ,  0.91966605, -0.44537249,  0.21899544,
       -0.26803783,  0.8607567 ,  0.34370229,  0.96077406,  0.08225712,
        1.77678812,  1.56227088, -0.87213141, -0.65408671,  0.75690252,
        1.61149192, -1.90955138,  0.52373916,  0.65228695, -0.93314707,
       -0.72295684,  0.57541347,  0.13212208, -2.09115529,  1.91936624], dtype=float32), array([-0.60204709, -0.46482396, -1.17659378,  1.06214762, -0.45513728,
        0.09434223,  1.06807697, -1.77922904,  2.03481483, -0.2664699 ,
       -1.81646836, -0.69516271, -1.80486548, -0.14485714, -2.02035832,
       -1.25041878,  1.4522984 ,  1.62043798,  2.23116541, -0.42486647,
       -0.80418044, -0.20802726,  0.87267697, -1.09584415,  0.63478047,
       -0.54493403,  0.47530723, -0.08398473,  0.39409024,  0.27209449,
       -1.28064322,  1.12509024, -1.21176052, -0.46823537, -1.38160026,
        0.35195729,  0.96077132, -0.56654805, -0.51099253, -1.34657848,
        0.54444528,  0.14000268, -1.07255197,  0.75694281, -0.64769489,
        0.1667307 ,  0.44512087,  0.42662254, -1.19150543, -0.86187065,
        1.12685478, -0.3723605 ,  1.75738227, -1.17395568,  1.42798913,
        0.4445942 ,  0.28917545, -1.63493657,  1.15984094, -1.26913023,
       -1.00064063,  0.12297382,  0.0788428 ,  0.52358663, -0.38590556,
        0.01422975,  1.30742729, -0.21558757,  0.56389773, -0.50504637,
       -0.76505315,  0.40090939,  0.61140436,  0.02276833,  0.36072537,
        0.32986936,  0.88187397,  0.93850136, -0.45578027,  0.21727762,
       -0.26139823,  0.88416344,  0.32493973,  0.9457674 ,  0.09692089,
        1.77603471,  1.56805348, -0.87463993, -0.67811084,  0.75036389,
        1.6243484 , -1.89008498,  0.52509952,  0.65317571, -0.95760024,
       -0.73657155,  0.56025445,  0.112141  , -2.08046079,  1.9042114 ], dtype=float32), array([-0.6041618 , -0.45527476, -1.17715955,  1.06449699, -0.46179509,
        0.09275541,  1.06926584, -1.78188622,  2.04154563, -0.26862857,
       -1.8157531 , -0.69791627, -1.80973935, -0.14341092, -2.02066135,
       -1.25437915,  1.44580245,  1.61550498,  2.23067355, -0.42768744,
       -0.7999602 , -0.20695825,  0.8701055 , -1.09984255,  0.63426507,
       -0.54900211,  0.48391676, -0.08293027,  0.39868662,  0.27629924,
       -1.27906573,  1.1206876 , -1.20467401, -0.46380985, -1.37853122,
        0.35256228,  0.95478725, -0.56149375, -0.50843078, -1.34512806,
        0.54289055,  0.136657  , -1.07273436,  0.75643456, -0.64723372,
        0.15284915,  0.44956779,  0.43192533, -1.19807708, -0.85993302,
        1.12303495, -0.37312612,  1.75183189, -1.16491354,  1.42942679,
        0.45075062,  0.28982535, -1.63503635,  1.15989983, -1.2728498 ,
       -0.99527776,  0.12277362,  0.07088713,  0.52597833, -0.39196709,
        0.01011372,  1.31328094, -0.21176679,  0.57196075, -0.50973195,
       -0.76649177,  0.39640862,  0.60976976,  0.02367899,  0.36139214,
        0.33153093,  0.87298435,  0.93648285, -0.45401359,  0.21600734,
       -0.25830424,  0.88456893,  0.32765892,  0.94534892,  0.09192314,
        1.77935302,  1.56789279, -0.8747139 , -0.67140287,  0.74610305,
        1.62622654, -1.89239132,  0.52689743,  0.65101933, -0.95821452,
       -0.7408998 ,  0.56243002,  0.11214072, -2.07553267,  1.91163266], dtype=float32), array([-0.57047439, -0.46337485, -1.18326104,  1.07465792, -0.46890593,
        0.08577576,  1.05964017, -1.78988993,  2.03649879, -0.27446461,
       -1.80162358, -0.69022751, -1.82458878, -0.13775676, -2.01956582,
       -1.26604116,  1.46187139,  1.61819386,  2.23132968, -0.44063306,
       -0.80163121, -0.18513928,  0.88520461, -1.0975101 ,  0.62246603,
       -0.55895215,  0.47068644, -0.0756302 ,  0.41614982,  0.27601075,
       -1.28617847,  1.13183379, -1.20821595, -0.45345232, -1.36580682,
        0.35309482,  0.94543129, -0.55619687, -0.51863569, -1.34061694,
        0.53553361,  0.11002605, -1.0699892 ,  0.75713956, -0.63275868,
        0.15618724,  0.45627367,  0.43066499, -1.21269488, -0.85979658,
        1.11376762, -0.35821268,  1.73490953, -1.15919483,  1.44764996,
        0.44921893,  0.28326032, -1.62059093,  1.16712904, -1.27815807,
       -1.00337684,  0.11819972,  0.0639512 ,  0.52926075, -0.40299037,
        0.00363704,  1.32146657, -0.21972334,  0.58084625, -0.51065344,
       -0.76132607,  0.38164881,  0.6064418 ,  0.04326956,  0.36462402,
        0.33383349,  0.86780047,  0.92610949, -0.44070211,  0.19759947,
       -0.23933487,  0.88721663,  0.33530542,  0.95965886,  0.08438344,
        1.76072073,  1.5811801 , -0.87766123, -0.6698696 ,  0.74130386,
        1.62660491, -1.89446688,  0.52469397,  0.63479674, -0.9537639 ,
       -0.74199283,  0.56011724,  0.12543768, -2.08751559,  1.90283346], dtype=float32), array([-0.59694195, -0.46816406, -1.20791566,  1.09895849, -0.49167371,
        0.06978944,  1.04765248, -1.79922128,  2.02928567, -0.28057504,
       -1.80657196, -0.70287502, -1.8215903 , -0.11773913, -2.01485705,
       -1.27624202,  1.47513795,  1.62564576,  2.21936703, -0.45386747,
       -0.78898531, -0.2120918 ,  0.91170198, -1.08086598,  0.63263673,
       -0.54881728,  0.47398311, -0.07908411,  0.44435525,  0.25870448,
       -1.2677151 ,  1.12679195, -1.22045326, -0.45933029, -1.37630403,
        0.31888384,  0.96102947, -0.56638688, -0.51948619, -1.32180309,
        0.51768482,  0.11118092, -1.03384936,  0.75761163, -0.6541729 ,
        0.14982989,  0.4942199 ,  0.42610082, -1.21074915, -0.87321281,
        1.10470426, -0.38143611,  1.72385669, -1.1282016 ,  1.46197653,
        0.47137624,  0.28182644, -1.64830124,  1.162467  , -1.25307703,
       -0.99380696,  0.11042537,  0.04246477,  0.51812202, -0.41195285,
        0.00400566,  1.31517804, -0.19947951,  0.59831202, -0.50976473,
       -0.78192496,  0.36178958,  0.63868737,  0.03330661,  0.35577273,
        0.32107571,  0.83224726,  0.93218327, -0.44283471,  0.1633977 ,
       -0.22183308,  0.91190821,  0.35732114,  0.93815261,  0.07756475,
        1.76402009,  1.55769324, -0.85624909, -0.64913636,  0.72454804,
        1.63824642, -1.89826012,  0.54825431,  0.64842254, -0.92666197,
       -0.73267329,  0.58375537,  0.10592918, -2.07181501,  1.91941011], dtype=float32), array([-0.61247396, -0.47439435, -1.21397257,  1.10114932, -0.49723718,
        0.05525138,  1.05312192, -1.80173469,  2.0458343 , -0.26896417,
       -1.80209982, -0.71123886, -1.83243513, -0.1124924 , -2.00671387,
       -1.28607666,  1.49078155,  1.62024128,  2.21105409, -0.45916116,
       -0.79663813, -0.21561888,  0.9075892 , -1.06857407,  0.63133276,
       -0.53852081,  0.47604674, -0.08943944,  0.45386019,  0.24220403,
       -1.25000584,  1.11458683, -1.21903729, -0.46014687, -1.39374423,
        0.29500997,  0.9693743 , -0.56708205, -0.5053494 , -1.30394757,
        0.50181347,  0.11998323, -1.01481235,  0.75612777, -0.66594994,
        0.14615679,  0.52263141,  0.41917384, -1.2040143 , -0.87656963,
        1.10740328, -0.38708889,  1.72805023, -1.10277605,  1.46249557,
        0.47158551,  0.28838727, -1.66018736,  1.16043389, -1.23395884,
       -0.98743635,  0.10577606,  0.01212931,  0.50715852, -0.41721115,
        0.00349269,  1.29525435, -0.20151809,  0.60312134, -0.51693898,
       -0.79318911,  0.35976347,  0.65518177,  0.0183311 ,  0.34368414,
        0.32280499,  0.81458914,  0.92659622, -0.43414411,  0.15488076,
       -0.21894763,  0.93037057,  0.37704211,  0.93978924,  0.09272363,
        1.75887597,  1.54082596, -0.84949607, -0.63796669,  0.716721  ,
        1.64396453, -1.89968729,  0.56624126,  0.65724635, -0.92421639,
       -0.73574519,  0.58972383,  0.0839221 , -2.07083201,  1.94789505], dtype=float32), array([ -6.13345146e-01,  -4.74185228e-01,  -1.21397579e+00,
         1.10696077e+00,  -4.95206118e-01,   5.32155037e-02,
         1.05420840e+00,  -1.80462408e+00,   2.04270458e+00,
        -2.65485585e-01,  -1.80489564e+00,  -7.11128652e-01,
        -1.82794070e+00,  -1.17298067e-01,  -2.00377131e+00,
        -1.28376341e+00,   1.48867714e+00,   1.62386870e+00,
         2.20475817e+00,  -4.58154976e-01,  -7.93859661e-01,
        -2.17174754e-01,   9.09002542e-01,  -1.06650329e+00,
         6.31637692e-01,  -5.37045002e-01,   4.74918723e-01,
        -8.93766582e-02,   4.55210090e-01,   2.39982352e-01,
        -1.25318301e+00,   1.12282670e+00,  -1.22447646e+00,
        -4.57212299e-01,  -1.39171374e+00,   2.93755978e-01,
         9.69402134e-01,  -5.70476174e-01,  -5.15895724e-01,
        -1.30556810e+00,   5.00755727e-01,   1.23375624e-01,
        -1.01232386e+00,   7.61868358e-01,  -6.69687986e-01,
         1.42336845e-01,   5.23176849e-01,   4.16704863e-01,
        -1.19679260e+00,  -8.78653347e-01,   1.10908198e+00,
        -3.87276798e-01,   1.73169863e+00,  -1.10756743e+00,
         1.46634853e+00,   4.71685201e-01,   2.84165293e-01,
        -1.65513086e+00,   1.15853584e+00,  -1.23075104e+00,
        -9.87808108e-01,   1.08245291e-01,   7.78734125e-03,
         5.04474521e-01,  -4.17145520e-01,   1.71902822e-03,
         1.29684365e+00,  -2.03737482e-01,   6.03461266e-01,
        -5.13930738e-01,  -7.95228899e-01,   3.58920068e-01,
         6.52673125e-01,   2.40706559e-02,   3.43381554e-01,
         3.22606146e-01,   8.17661524e-01,   9.28560138e-01,
        -4.37908560e-01,   1.52597159e-01,  -2.20537722e-01,
         9.35213149e-01,   3.74830544e-01,   9.40447211e-01,
         9.48122218e-02,   1.76267016e+00,   1.54046416e+00,
        -8.48273337e-01,  -6.41649127e-01,   7.12894797e-01,
         1.64533842e+00,  -1.89373612e+00,   5.69054365e-01,
         6.50238752e-01,  -9.27295208e-01,  -7.36677587e-01,
         5.91497242e-01,   7.76887611e-02,  -2.06741595e+00,
         1.94677365e+00], dtype=float32), array([ -6.06543720e-01,  -4.70149398e-01,  -1.21258008e+00,
         1.09795976e+00,  -4.88885581e-01,   5.10235243e-02,
         1.03789437e+00,  -1.79973209e+00,   2.03033376e+00,
        -2.77376294e-01,  -1.80368173e+00,  -7.17664063e-01,
        -1.82712471e+00,  -1.14713959e-01,  -2.00171447e+00,
        -1.26588130e+00,   1.48367918e+00,   1.61672413e+00,
         2.21959734e+00,  -4.56676751e-01,  -7.81009138e-01,
        -2.07555056e-01,   9.08423960e-01,  -1.08059204e+00,
         6.55098438e-01,  -5.32571852e-01,   4.60051090e-01,
        -9.50036272e-02,   4.54757094e-01,   2.42748260e-01,
        -1.25932574e+00,   1.11101377e+00,  -1.22001648e+00,
        -4.49414879e-01,  -1.39195454e+00,   2.95248628e-01,
         9.71973717e-01,  -5.81730902e-01,  -5.29314399e-01,
        -1.30380440e+00,   5.26018918e-01,   1.30164430e-01,
        -1.03170419e+00,   7.59430110e-01,  -6.87687039e-01,
         1.62777796e-01,   5.14246702e-01,   4.39961672e-01,
        -1.20498073e+00,  -8.79267931e-01,   1.10617089e+00,
        -3.80971730e-01,   1.74145889e+00,  -1.11647117e+00,
         1.46132410e+00,   4.69949394e-01,   2.72473335e-01,
        -1.65306354e+00,   1.14742541e+00,  -1.24484885e+00,
        -9.92422938e-01,   1.09038882e-01,   2.56995689e-02,
         5.01961708e-01,  -4.16841537e-01,  -2.15604389e-03,
         1.30661511e+00,  -1.96918920e-01,   5.93235373e-01,
        -5.32845616e-01,  -8.04529786e-01,   3.65974158e-01,
         6.21983826e-01,   3.10982317e-02,   3.49749506e-01,
         3.49729955e-01,   8.44958663e-01,   9.32120502e-01,
        -4.43215191e-01,   1.63893476e-01,  -2.07814172e-01,
         9.38985884e-01,   3.71349245e-01,   9.40049708e-01,
         1.01223297e-01,   1.76812160e+00,   1.53686845e+00,
        -8.56827915e-01,  -6.40412331e-01,   7.14368343e-01,
         1.64816272e+00,  -1.89907956e+00,   5.63559532e-01,
         6.62181497e-01,  -9.27321792e-01,  -7.52711594e-01,
         5.88791966e-01,   7.71036893e-02,  -2.04745388e+00,
         1.91980827e+00], dtype=float32), array([-0.59992468, -0.47779465, -1.21380842,  1.08057106, -0.48750722,
        0.03417205,  1.03223324, -1.82328165,  2.05084944, -0.26623395,
       -1.79953539, -0.7046476 , -1.83813155, -0.12143411, -1.98218966,
       -1.26504469,  1.50176883,  1.62019801,  2.21523333, -0.46427205,
       -0.78915513, -0.19331776,  0.90285516, -1.06888461,  0.64330208,
       -0.5337249 ,  0.44752166, -0.09631151,  0.46689901,  0.25698605,
       -1.27103961,  1.13432264, -1.22280586, -0.46023113, -1.39101791,
        0.3027994 ,  0.96513569, -0.58587867, -0.54237401, -1.29817998,
        0.51474714,  0.12682438, -1.03138852,  0.78605103, -0.69408017,
        0.15318884,  0.5272789 ,  0.41728565, -1.1922965 , -0.86956811,
        1.1069715 , -0.37546793,  1.71883762, -1.10851002,  1.46038747,
        0.48565412,  0.27233693, -1.64061201,  1.14362431, -1.24141729,
       -0.98898387,  0.11921453,  0.01459597,  0.50945944, -0.42854327,
       -0.02487902,  1.31434965, -0.20109311,  0.595581  , -0.54828238,
       -0.80023509,  0.36175168,  0.62677962,  0.0520577 ,  0.37576726,
        0.36010447,  0.84072912,  0.92043281, -0.43314561,  0.15978816,
       -0.19880669,  0.91901302,  0.36723298,  0.96458757,  0.08346069,
        1.76951218,  1.52728152, -0.87252933, -0.64900416,  0.70848989,
        1.64635444, -1.89218652,  0.57136899,  0.64584243, -0.93089908,
       -0.7376914 ,  0.58353335,  0.07401371, -2.04967165,  1.9266814 ], dtype=float32), array([-0.60065049, -0.4669674 , -1.22405005,  1.06973875, -0.48954195,
        0.03378427,  1.02209222, -1.82390368,  2.04509592, -0.27247629,
       -1.80524147, -0.69277745, -1.83137417, -0.11575128, -1.98409808,
       -1.24699807,  1.50052261,  1.62868118,  2.20961165, -0.4538675 ,
       -0.77904457, -0.19959572,  0.90097779, -1.06998789,  0.64828688,
       -0.54575044,  0.4643636 , -0.09063955,  0.47858196,  0.25558603,
       -1.2780422 ,  1.14230466, -1.22519481, -0.47260821, -1.4047246 ,
        0.31872851,  0.96688306, -0.56390333, -0.54142022, -1.29378045,
        0.51962095,  0.11817808, -1.0345639 ,  0.79640871, -0.6897369 ,
        0.13369478,  0.50486636,  0.42687702, -1.19478309, -0.87441629,
        1.10122716, -0.38781744,  1.72297788, -1.11494625,  1.46055329,
        0.47296   ,  0.27897105, -1.62695336,  1.13257539, -1.24687243,
       -0.98071337,  0.1275544 ,  0.02770731,  0.52369297, -0.42783716,
       -0.01802294,  1.31741524, -0.19541246,  0.60616159, -0.54845876,
       -0.80460268,  0.35188103,  0.62932134,  0.05628249,  0.38298404,
        0.36954269,  0.83405596,  0.91875184, -0.44166112,  0.14668179,
       -0.21461613,  0.9130491 ,  0.35131952,  0.95736164,  0.07812014,
        1.7690419 ,  1.53097117, -0.88473731, -0.65435541,  0.71323866,
        1.6424346 , -1.89150238,  0.5759691 ,  0.63410068, -0.9311083 ,
       -0.73056465,  0.58810955,  0.07334339, -2.04641247,  1.93924379], dtype=float32), array([-0.59817177, -0.46847641, -1.22867787,  1.06860304, -0.49559149,
        0.03188095,  1.02216637, -1.82315278,  2.04800367, -0.26702198,
       -1.81009328, -0.69167566, -1.82729328, -0.11549164, -1.98550999,
       -1.24832654,  1.49764836,  1.63110495,  2.20882082, -0.45517367,
       -0.78174758, -0.20037901,  0.89738256, -1.06837106,  0.64779919,
       -0.53867203,  0.470606  , -0.09222832,  0.47819918,  0.26018071,
       -1.27868295,  1.14277756, -1.22198403, -0.46760258, -1.40641034,
        0.31537008,  0.96978766, -0.56513447, -0.54078507, -1.2950747 ,
        0.52197671,  0.1165197 , -1.03240824,  0.79907072, -0.69170016,
        0.13232502,  0.51001024,  0.42055148, -1.1933403 , -0.87387276,
        1.10598767, -0.38592076,  1.72178185, -1.11262035,  1.45862734,
        0.47474578,  0.2786338 , -1.62687337,  1.13173151, -1.23965418,
       -0.97595805,  0.1236846 ,  0.02888366,  0.52558941, -0.43074799,
       -0.01935661,  1.32044125, -0.19551176,  0.60521436, -0.54197788,
       -0.80081826,  0.3508715 ,  0.63039911,  0.05076417,  0.386255  ,
        0.36695883,  0.83458912,  0.91775721, -0.4407779 ,  0.14767742,
       -0.21704493,  0.91073382,  0.35320383,  0.9603197 ,  0.08121259,
        1.76498246,  1.52742136, -0.8833794 , -0.65475875,  0.71298355,
        1.64294267, -1.89251375,  0.57146364,  0.62785918, -0.93421948,
       -0.73564398,  0.5861516 ,  0.06762905, -2.05090046,  1.94344592], dtype=float32), array([-0.5888496 , -0.45928633, -1.22928822,  1.05973113, -0.49283266,
        0.02898845,  1.01624978, -1.81908977,  2.04991031, -0.25581443,
       -1.82174742, -0.69464892, -1.82657003, -0.11643624, -1.98833156,
       -1.25010097,  1.49492562,  1.63040984,  2.21381378, -0.450082  ,
       -0.76581144, -0.20270588,  0.90086138, -1.07539904,  0.6436969 ,
       -0.53248227,  0.47681338, -0.08654077,  0.4733986 ,  0.25825396,
       -1.26882493,  1.14910936, -1.21919179, -0.47140643, -1.4092654 ,
        0.30960646,  0.97208458, -0.56768578, -0.53621864, -1.29981065,
        0.52349514,  0.11541941, -1.03562129,  0.79323334, -0.68374211,
        0.12549818,  0.51029557,  0.41697031, -1.18942499, -0.87844628,
        1.11077321, -0.37882826,  1.72550476, -1.10300946,  1.45362794,
        0.45611444,  0.27435383, -1.62957609,  1.14446628, -1.24473274,
       -0.97727972,  0.12695187,  0.0258861 ,  0.52893698, -0.44317356,
       -0.00898415,  1.32941949, -0.20310752,  0.60921496, -0.54595882,
       -0.80616874,  0.36547104,  0.6257714 ,  0.05004298,  0.39607444,
        0.36029693,  0.82016766,  0.92361188, -0.44061077,  0.14887674,
       -0.20903669,  0.89960504,  0.35061666,  0.96000677,  0.08228514,
        1.76306796,  1.5276655 , -0.89498287, -0.6435588 ,  0.71148926,
        1.63458061, -1.89753342,  0.55837965,  0.63024724, -0.92182368,
       -0.73749131,  0.57962054,  0.07051734, -2.05365729,  1.94876206], dtype=float32), array([-0.59424615, -0.46238664, -1.21550894,  1.06686389, -0.4757092 ,
        0.02239049,  1.01520169, -1.82020044,  2.03822303, -0.26649159,
       -1.82072997, -0.70396721, -1.81563401, -0.11769504, -1.97291529,
       -1.26868677,  1.49818134,  1.62039232,  2.22302294, -0.45993343,
       -0.768327  , -0.18414196,  0.90571582, -1.07402134,  0.62711489,
       -0.53481543,  0.45455495, -0.08557037,  0.46655232,  0.2586005 ,
       -1.26096416,  1.15159035, -1.22676766, -0.47028857, -1.40549123,
        0.32185787,  0.97969139, -0.57603019, -0.51721841, -1.3048799 ,
        0.52713215,  0.10899759, -1.04171848,  0.79657584, -0.67509323,
        0.13478155,  0.49735406,  0.41278487, -1.19028854, -0.88518924,
        1.12473154, -0.37712193,  1.70847404, -1.1069237 ,  1.44722188,
        0.4633581 ,  0.27547249, -1.6347301 ,  1.15966153, -1.25972462,
       -0.98589528,  0.12985578,  0.02515151,  0.52993983, -0.44002044,
       -0.00913009,  1.33310175, -0.21437667,  0.60478091, -0.53659326,
       -0.7934202 ,  0.37392369,  0.6296609 ,  0.04693321,  0.39295781,
        0.35413459,  0.82532918,  0.93179017, -0.43082511,  0.15122147,
       -0.19765596,  0.89561647,  0.33029023,  0.95099795,  0.09271929,
        1.76701128,  1.54488945, -0.90704316, -0.63627708,  0.71045375,
        1.61726892, -1.90148902,  0.55471814,  0.64294624, -0.91648865,
       -0.73945487,  0.57706738,  0.07448246, -2.06067634,  1.94901633], dtype=float32), array([-0.59264469, -0.46493885, -1.2171433 ,  1.06494665, -0.47042331,
        0.01961173,  1.01458001, -1.81869578,  2.03814435, -0.2604295 ,
       -1.82485712, -0.70260465, -1.8085537 , -0.1190607 , -1.97556317,
       -1.2663182 ,  1.49720466,  1.62018013,  2.21858478, -0.46036187,
       -0.77178925, -0.18763278,  0.90492868, -1.07183623,  0.63115424,
       -0.54054546,  0.4532221 , -0.08703333,  0.468833  ,  0.26316184,
       -1.26161742,  1.15574026, -1.22813773, -0.47189447, -1.4064703 ,
        0.32125852,  0.98101646, -0.57250369, -0.52009588, -1.30453861,
        0.53012788,  0.10737322, -1.03969026,  0.79938924, -0.67493951,
        0.1325018 ,  0.49805382,  0.40750563, -1.1907599 , -0.8856414 ,
        1.12623477, -0.37890339,  1.71083426, -1.1080054 ,  1.44626427,
        0.4610137 ,  0.27449501, -1.63155293,  1.16212368, -1.25762463,
       -0.98727238,  0.12905605,  0.03050725,  0.53343886, -0.43676633,
       -0.01015576,  1.33744693, -0.21297328,  0.60727251, -0.53420019,
       -0.7979477 ,  0.3773447 ,  0.62794715,  0.04859388,  0.38983712,
        0.352714  ,  0.8233332 ,  0.93498981, -0.43068731,  0.15275708,
       -0.1997447 ,  0.89199132,  0.32592958,  0.94920272,  0.09038767,
        1.76657748,  1.54235137, -0.9022215 , -0.63826442,  0.70991576,
        1.61927021, -1.9040451 ,  0.55563098,  0.64274746, -0.91499257,
       -0.74103099,  0.57763577,  0.06966214, -2.06088257,  1.94896722], dtype=float32), array([-0.59436846, -0.46240947, -1.22442842,  1.06687355, -0.46963188,
        0.01912298,  1.00980926, -1.81580591,  2.03927326, -0.26204431,
       -1.82948756, -0.70224053, -1.80211329, -0.11586848, -1.97737062,
       -1.26853299,  1.49451411,  1.61868668,  2.21673369, -0.46796262,
       -0.77713931, -0.1854853 ,  0.90732574, -1.06741595,  0.62989473,
       -0.54133582,  0.45816898, -0.09615468,  0.46897703,  0.26034358,
       -1.26196039,  1.15167212, -1.2240777 , -0.47045842, -1.40394545,
        0.31300357,  0.98045266, -0.57429981, -0.50983506, -1.31044805,
        0.53543347,  0.10473962, -1.03813899,  0.79774195, -0.67266369,
        0.13846643,  0.50765169,  0.40796229, -1.19175506, -0.88758993,
        1.13274693, -0.37610078,  1.70754004, -1.10931683,  1.44574308,
        0.46315253,  0.26996279, -1.63411129,  1.16177738, -1.25634575,
       -0.99392426,  0.12619255,  0.04078999,  0.53221041, -0.43215325,
       -0.01142721,  1.33666122, -0.2103578 ,  0.6059199 , -0.52489966,
       -0.79376197,  0.3779653 ,  0.62507993,  0.04521825,  0.39256859,
        0.34926072,  0.82328045,  0.93279439, -0.43019474,  0.15493004,
       -0.19621058,  0.89129496,  0.32778379,  0.94941068,  0.09001465,
        1.76778913,  1.54508853, -0.89932859, -0.63641506,  0.71072733,
        1.61842716, -1.90695477,  0.55281311,  0.64431518, -0.91324389,
       -0.73894262,  0.57723528,  0.06636085, -2.06866264,  1.94541669], dtype=float32), array([ -5.73136568e-01,  -4.74846363e-01,  -1.23178184e+00,
         1.04844272e+00,  -4.76296455e-01,   1.29983446e-03,
         1.00204289e+00,  -1.84391856e+00,   2.05659342e+00,
        -2.46905774e-01,  -1.82344151e+00,  -6.85637534e-01,
        -1.80532968e+00,  -1.31764904e-01,  -1.94819343e+00,
        -1.26565802e+00,   1.50476027e+00,   1.61387730e+00,
         2.20518398e+00,  -4.66367215e-01,  -7.88066626e-01,
        -1.68659016e-01,   9.09238994e-01,  -1.06500077e+00,
         6.30961180e-01,  -5.21546066e-01,   4.38764721e-01,
        -8.58587176e-02,   4.84757960e-01,   2.88942218e-01,
        -1.27578402e+00,   1.17589700e+00,  -1.23766255e+00,
        -4.69531357e-01,  -1.42389154e+00,   3.12056363e-01,
         9.68969166e-01,  -5.78640223e-01,  -5.17279446e-01,
        -1.31128633e+00,   5.30354500e-01,   1.11457102e-01,
        -1.03355110e+00,   8.29302967e-01,  -6.93514645e-01,
         1.17174588e-01,   5.22935390e-01,   3.72287601e-01,
        -1.17380571e+00,  -8.87166798e-01,   1.14072442e+00,
        -3.87181193e-01,   1.69225621e+00,  -1.10039794e+00,
         1.43532586e+00,   4.68584985e-01,   2.67712712e-01,
        -1.61552608e+00,   1.15861785e+00,  -1.24498689e+00,
        -9.81628239e-01,   1.33995175e-01,   3.47915217e-02,
         5.47822952e-01,  -4.44887012e-01,  -3.00593227e-02,
         1.34796679e+00,  -2.23064020e-01,   6.16471648e-01,
        -5.33156872e-01,  -7.79566705e-01,   3.70369881e-01,
         6.32307768e-01,   5.77178337e-02,   4.16592658e-01,
         3.58224630e-01,   8.11747730e-01,   9.31633472e-01,
        -4.19608444e-01,   1.62049755e-01,  -1.90803349e-01,
         8.81194174e-01,   3.28011423e-01,   9.69553828e-01,
         8.39351639e-02,   1.75893366e+00,   1.54026747e+00,
        -9.09137130e-01,  -6.59541368e-01,   7.13306010e-01,
         1.60090804e+00,  -1.90951538e+00,   5.58558106e-01,
         6.32503748e-01,  -9.19642985e-01,  -7.29535997e-01,
         5.79348028e-01,   3.85064781e-02,  -2.06908989e+00,
         1.95661235e+00], dtype=float32), array([-0.58052379, -0.47709617, -1.22425532,  1.04918528, -0.48037767,
       -0.01096854,  1.01527345, -1.85173965,  2.06380415, -0.23879766,
       -1.80875921, -0.68754113, -1.81037736, -0.13713866, -1.94208086,
       -1.27840936,  1.49593985,  1.61640489,  2.1987555 , -0.47645739,
       -0.80201566, -0.16677223,  0.90798473, -1.05220425,  0.62516838,
       -0.52662092,  0.43514308, -0.08647577,  0.5067122 ,  0.29645699,
       -1.28753793,  1.1951443 , -1.23221815, -0.47143477, -1.42313588,
        0.30792126,  0.97554457, -0.57712495, -0.51894015, -1.30943489,
        0.53351516,  0.09982521, -1.04552686,  0.85029626, -0.69051224,
        0.10279943,  0.53840894,  0.34999326, -1.17995656, -0.88123369,
        1.14787948, -0.37562129,  1.69145143, -1.09673262,  1.42757154,
        0.47443464,  0.24598028, -1.59721041,  1.17181361, -1.24508023,
       -0.98471504,  0.14008361,  0.03406855,  0.56291598, -0.44673029,
       -0.03667699,  1.34509361, -0.21831575,  0.6247772 , -0.53546774,
       -0.7830568 ,  0.37468362,  0.6297276 ,  0.07474321,  0.40907785,
        0.34770837,  0.80972219,  0.91587311, -0.40944529,  0.15546872,
       -0.18852855,  0.87655258,  0.32364962,  0.9832623 ,  0.07423299,
        1.75513351,  1.53243005, -0.89294535, -0.66744721,  0.7090041 ,
        1.60395753, -1.89846694,  0.55248755,  0.6342991 , -0.92389935,
       -0.72722113,  0.57986772,  0.02726442, -2.07108998,  1.95482814], dtype=float32), array([-0.57506526, -0.48175284, -1.21967328,  1.05552208, -0.47074774,
       -0.00374305,  1.01587439, -1.85353982,  2.04970908, -0.24430104,
       -1.8097477 , -0.68429589, -1.8043927 , -0.14671205, -1.93823135,
       -1.27512717,  1.4990555 ,  1.62066329,  2.1964767 , -0.47478899,
       -0.79610258, -0.16964497,  0.92318666, -1.05102646,  0.62902457,
       -0.52552712,  0.4285742 , -0.08709649,  0.51574773,  0.29639131,
       -1.29446244,  1.20623553, -1.24482596, -0.46252051, -1.41290903,
        0.30566406,  0.97725195, -0.5878756 , -0.53093785, -1.3125596 ,
        0.53582203,  0.10324884, -1.04193068,  0.85247535, -0.69858998,
        0.11187589,  0.52957106,  0.35232431, -1.16735721, -0.88785493,
        1.15685964, -0.37713945,  1.69969726, -1.10610485,  1.43420494,
        0.47712976,  0.2402072 , -1.59731328,  1.16765785, -1.24219668,
       -0.98083937,  0.14429122,  0.03739474,  0.55259907, -0.44983304,
       -0.03826126,  1.34145653, -0.22207691,  0.62234485, -0.5327993 ,
       -0.78972137,  0.3759762 ,  0.62653214,  0.08133636,  0.40236014,
        0.35307482,  0.81626129,  0.91938424, -0.41263193,  0.14697857,
       -0.186892  ,  0.88288343,  0.31282037,  0.97576302,  0.07378418,
        1.75485039,  1.53220785, -0.89767122, -0.66966695,  0.70972335,
        1.60703099, -1.89375103,  0.55224699,  0.63348716, -0.9220165 ,
       -0.72856116,  0.57666481,  0.02055294, -2.07240844,  1.94077122], dtype=float32), array([-0.57875246, -0.47911489, -1.21908438,  1.05590725, -0.46974587,
       -0.00678009,  1.02155256, -1.85268021,  2.04412079, -0.2436424 ,
       -1.8054471 , -0.68544561, -1.803671  , -0.1493903 , -1.93947923,
       -1.27706218,  1.49499512,  1.62399352,  2.19363427, -0.47814453,
       -0.80306262, -0.17565213,  0.92240679, -1.05069923,  0.62965423,
       -0.52197528,  0.42900732, -0.08521654,  0.51473922,  0.29816046,
       -1.29413521,  1.21473765, -1.24574673, -0.46888867, -1.41320121,
        0.30768049,  0.97984678, -0.58765155, -0.52915382, -1.30873406,
        0.53647012,  0.10480626, -1.04460704,  0.85672265, -0.70048928,
        0.11146339,  0.52689582,  0.35030523, -1.17023075, -0.88352543,
        1.15910614, -0.37681824,  1.70023346, -1.10790706,  1.43207157,
        0.47947529,  0.23376924, -1.59566057,  1.16971719, -1.24054611,
       -0.97919995,  0.14379811,  0.03924466,  0.5492937 , -0.44816351,
       -0.03977203,  1.34184361, -0.21939974,  0.62126344, -0.52592623,
       -0.79406273,  0.37558067,  0.63101757,  0.08256909,  0.39898035,
        0.3499988 ,  0.82298636,  0.91897285, -0.40966287,  0.14952904,
       -0.19065702,  0.88449675,  0.31114355,  0.97358936,  0.07494693,
        1.75081849,  1.53531778, -0.89938736, -0.673419  ,  0.7042926 ,
        1.60466933, -1.89306045,  0.55526549,  0.63573593, -0.92273235,
       -0.72632402,  0.5768435 ,  0.01989288, -2.07149911,  1.94204438], dtype=float32), array([-0.56319672, -0.48915085, -1.20849276,  1.06912768, -0.45475134,
       -0.00889649,  1.00616658, -1.82239723,  2.05640602, -0.23949482,
       -1.81320596, -0.68663478, -1.82654893, -0.14767092, -1.95019889,
       -1.29447508,  1.50315726,  1.6468035 ,  2.21096253, -0.47654432,
       -0.78801042, -0.17921531,  0.94867373, -1.0410527 ,  0.61254269,
       -0.52875447,  0.45176935, -0.09852865,  0.51910943,  0.30136988,
       -1.25992084,  1.21102083, -1.25402272, -0.44761866, -1.40136349,
        0.28851461,  0.98134714, -0.6018852 , -0.52547312, -1.32824814,
        0.54373217,  0.07748517, -1.049312  ,  0.83734411, -0.6724605 ,
        0.14935164,  0.52223432,  0.33347175, -1.18709755, -0.87464708,
        1.12641692, -0.34354809,  1.68746519, -1.11224961,  1.44079733,
        0.46362644,  0.22197549, -1.59474373,  1.18017805, -1.24659622,
       -1.01331937,  0.12722702,  0.05194417,  0.53814149, -0.44560808,
       -0.0045444 ,  1.35325587, -0.21060963,  0.60894907, -0.5421235 ,
       -0.78673464,  0.35805729,  0.62047666,  0.05056056,  0.39550057,
        0.35295278,  0.81142718,  0.89409691, -0.39460909,  0.14549406,
       -0.19268206,  0.87730581,  0.33099458,  0.98054695,  0.07211665,
        1.74376333,  1.53645492, -0.8846674 , -0.65958267,  0.68205333,
        1.62626958, -1.91164649,  0.52497256,  0.6372363 , -0.89845926,
       -0.7140969 ,  0.57534957,  0.0455066 , -2.08473992,  1.92812777], dtype=float32), array([-0.5634796 , -0.48924643, -1.21059763,  1.07141912, -0.45745894,
       -0.00257598,  1.00887179, -1.8166759 ,  2.06344509, -0.24134022,
       -1.8104074 , -0.68134004, -1.82028472, -0.14647599, -1.95600045,
       -1.28695965,  1.50468111,  1.64789963,  2.2211256 , -0.4774811 ,
       -0.78824389, -0.17056365,  0.95671439, -1.03535414,  0.610421  ,
       -0.52830017,  0.45634291, -0.10372087,  0.52808553,  0.30384398,
       -1.25503349,  1.20566738, -1.26073647, -0.44463095, -1.40316784,
        0.28463471,  0.979366  , -0.61185795, -0.52356708, -1.32984996,
        0.54239005,  0.07732522, -1.0554837 ,  0.83790827, -0.66255957,
        0.15645501,  0.51864231,  0.34113067, -1.18346965, -0.8652243 ,
        1.12773323, -0.33831066,  1.68411505, -1.12167764,  1.44130647,
        0.45758298,  0.21494476, -1.5967232 ,  1.17917633, -1.24734461,
       -1.02511442,  0.1183842 ,  0.05407959,  0.54063845, -0.44627818,
       -0.01111684,  1.35022318, -0.21314408,  0.60923958, -0.55358273,
       -0.78868771,  0.35848209,  0.61630982,  0.04287308,  0.40009737,
        0.35890335,  0.81626105,  0.88564104, -0.39668828,  0.14999515,
       -0.19631553,  0.87263155,  0.33172536,  0.98125249,  0.07086679,
        1.74445379,  1.52977514, -0.88367021, -0.65443289,  0.68492502,
        1.62716258, -1.90980136,  0.50480908,  0.64081991, -0.89269048,
       -0.71162933,  0.5747447 ,  0.04324777, -2.0841682 ,  1.92469358], dtype=float32), array([-0.56066251, -0.48415381, -1.21287799,  1.06601965, -0.46138814,
       -0.00307413,  1.00574076, -1.81521177,  2.06343341, -0.24083297,
       -1.8124429 , -0.67939395, -1.82094061, -0.14568491, -1.95590448,
       -1.28700197,  1.5032264 ,  1.64826322,  2.220186  , -0.4763169 ,
       -0.78548801, -0.17657353,  0.95591646, -1.03725636,  0.61029738,
       -0.52517784,  0.4634158 , -0.10220554,  0.53001696,  0.30653906,
       -1.25643075,  1.20809305, -1.2613889 , -0.44833007, -1.4027611 ,
        0.28745973,  0.97856337, -0.60562891, -0.52318829, -1.32802951,
        0.54210401,  0.07527442, -1.05561793,  0.84146076, -0.66054201,
        0.15403907,  0.51649022,  0.34197739, -1.18647468, -0.86467415,
        1.12721431, -0.33968845,  1.68366134, -1.12066388,  1.44163775,
        0.45534566,  0.21617924, -1.59678304,  1.18023336, -1.24860811,
       -1.02297187,  0.11732858,  0.05251914,  0.54433507, -0.45066482,
       -0.01453614,  1.3518765 , -0.21088265,  0.6081118 , -0.55758929,
       -0.79074842,  0.35892469,  0.61756569,  0.04454049,  0.40523565,
        0.36216667,  0.81097591,  0.88398057, -0.39587775,  0.14832073,
       -0.20083691,  0.86887693,  0.33181924,  0.98506385,  0.0699749 ,
        1.74304485,  1.53059256, -0.88898414, -0.65707862,  0.68231988,
        1.62656057, -1.9074856 ,  0.50527883,  0.64107424, -0.89072418,
       -0.70805854,  0.5759654 ,  0.04438326, -2.08337903,  1.92759192], dtype=float32), array([-0.55713284, -0.48865369, -1.21281958,  1.0642935 , -0.46181294,
       -0.00554714,  1.01020408, -1.81264794,  2.06546998, -0.24198551,
       -1.81246305, -0.67454422, -1.8201617 , -0.14470188, -1.96180761,
       -1.2885468 ,  1.51187408,  1.65157151,  2.21707129, -0.48245066,
       -0.79108191, -0.16661108,  0.95042926, -1.0326314 ,  0.61175197,
       -0.52582699,  0.45761192, -0.1020948 ,  0.53644001,  0.30676344,
       -1.25669217,  1.21011984, -1.25954032, -0.44544566, -1.40391922,
        0.28664532,  0.97400194, -0.60543424, -0.51697832, -1.33257258,
        0.54635787,  0.07710397, -1.05762839,  0.84075356, -0.66321015,
        0.15186553,  0.5140779 ,  0.33464006, -1.18355501, -0.86505997,
        1.12908709, -0.34061554,  1.68736577, -1.1206646 ,  1.43926167,
        0.45197752,  0.21506695, -1.5937959 ,  1.18639648, -1.24317384,
       -1.03037798,  0.11997496,  0.05708998,  0.55349928, -0.44957325,
       -0.01946934,  1.35044086, -0.21207547,  0.60745496, -0.5558548 ,
       -0.78528577,  0.35732898,  0.61339325,  0.04075981,  0.40274689,
        0.36399662,  0.81138599,  0.87777793, -0.39364672,  0.15025289,
       -0.20172931,  0.87024701,  0.33152494,  0.98708582,  0.06990582,
        1.73335767,  1.53132784, -0.8826794 , -0.66008872,  0.68449348,
        1.62393498, -1.90590954,  0.50395441,  0.63762021, -0.89317274,
       -0.70838058,  0.57904136,  0.043767  , -2.08742094,  1.92690635], dtype=float32), array([-0.56208962, -0.49425209, -1.2127583 ,  1.06875348, -0.46492293,
       -0.00630502,  1.01905525, -1.81162822,  2.06033015, -0.23699982,
       -1.80661309, -0.67345476, -1.82435715, -0.1459593 , -1.95154166,
       -1.28678143,  1.51374757,  1.65232611,  2.21987414, -0.49151579,
       -0.79568583, -0.16898154,  0.95775783, -1.03070176,  0.61039919,
       -0.54099125,  0.45245069, -0.10130069,  0.54011786,  0.31303194,
       -1.26329601,  1.21282494, -1.25678647, -0.43714279, -1.40261257,
        0.27819848,  0.97570801, -0.60558212, -0.52127302, -1.32922554,
        0.54342115,  0.07600953, -1.04686272,  0.84419984, -0.65949905,
        0.14833638,  0.51717412,  0.33740816, -1.19443023, -0.86182678,
        1.13138664, -0.33674014,  1.68716121, -1.1159153 ,  1.43877506,
        0.44078085,  0.21790408, -1.57993126,  1.18330681, -1.23965025,
       -1.0273186 ,  0.12265353,  0.06098338,  0.55183923, -0.44723901,
       -0.01679876,  1.34921861, -0.21289714,  0.61236757, -0.54796928,
       -0.79288149,  0.35389435,  0.6098969 ,  0.03805146,  0.40496281,
        0.36767814,  0.80705762,  0.87073255, -0.39769647,  0.14663783,
       -0.20212349,  0.87067205,  0.33547193,  0.99218452,  0.07424609,
        1.7273891 ,  1.53655601, -0.88384992, -0.66621232,  0.68191236,
        1.62761009, -1.90953791,  0.49496952,  0.63060379, -0.89237952,
       -0.70442343,  0.57970744,  0.03354688, -2.09553266,  1.93319249], dtype=float32), array([-0.57871652, -0.49244192, -1.22545481,  1.08393884, -0.47381258,
       -0.00876011,  1.01780009, -1.81862712,  2.06214643, -0.23784417,
       -1.81574905, -0.68300533, -1.82692575, -0.14283954, -1.95134938,
       -1.28555775,  1.52001178,  1.65283823,  2.21178317, -0.49487522,
       -0.78451759, -0.18246752,  0.9586941 , -1.01696563,  0.61289632,
       -0.52795225,  0.45438114, -0.10412815,  0.54687643,  0.29505718,
       -1.25961185,  1.20671034, -1.25690961, -0.44181478, -1.40134203,
        0.26468819,  0.98179865, -0.61321539, -0.52871603, -1.32309616,
        0.53352994,  0.08282004, -1.02502131,  0.84458071, -0.67198133,
        0.14026618,  0.53855127,  0.34020045, -1.18707561, -0.87168556,
        1.13720095, -0.34550697,  1.68627656, -1.0992353 ,  1.44357061,
        0.45696005,  0.22156371, -1.59467828,  1.17265236, -1.22200656,
       -1.01456869,  0.1209817 ,  0.04608068,  0.54218882, -0.44524983,
       -0.02306127,  1.33987713, -0.20674717,  0.62098104, -0.54633075,
       -0.79995763,  0.348782  ,  0.62274462,  0.03797629,  0.39988026,
        0.36360276,  0.79415405,  0.87945879, -0.40976346,  0.12997296,
       -0.19663486,  0.88595098,  0.35283175,  0.98681569,  0.07139826,
        1.73027289,  1.52137792, -0.87889606, -0.65852147,  0.67812204,
        1.63188839, -1.9054811 ,  0.51229042,  0.63205773, -0.89002085,
       -0.70753843,  0.58796644,  0.02106194, -2.08824253,  1.93839169], dtype=float32), array([-0.57170194, -0.48412961, -1.22607934,  1.08452523, -0.47501072,
       -0.00913548,  1.00501621, -1.81906962,  2.06585169, -0.23803073,
       -1.81639659, -0.67875111, -1.8335048 , -0.14792982, -1.95765603,
       -1.27729189,  1.51630843,  1.65661836,  2.20996308, -0.49131313,
       -0.78189719, -0.18733957,  0.95404303, -1.0116961 ,  0.61657059,
       -0.52835011,  0.46123159, -0.1019462 ,  0.5583576 ,  0.30113441,
       -1.27123165,  1.21170986, -1.25274599, -0.44894293, -1.40309477,
        0.27001271,  0.97773033, -0.60697842, -0.52866739, -1.32041037,
        0.53228968,  0.07632533, -1.03017998,  0.84746176, -0.66762286,
        0.1281672 ,  0.53682882,  0.34471631, -1.19603813, -0.87617892,
        1.1300832 , -0.34094292,  1.68140042, -1.09845221,  1.44343901,
        0.4485319 ,  0.21748672, -1.59264433,  1.17077565, -1.22090018,
       -1.01131535,  0.12293385,  0.04153493,  0.54471195, -0.45121059,
       -0.01284327,  1.34991515, -0.20887895,  0.61946553, -0.55933446,
       -0.80017966,  0.34834063,  0.61855251,  0.03612686,  0.40245786,
        0.36554623,  0.79360193,  0.87340266, -0.4083266 ,  0.13021319,
       -0.19507985,  0.88227242,  0.353569  ,  0.99279171,  0.06847959,
        1.7280941 ,  1.5229491 , -0.88464969, -0.65830773,  0.67588872,
        1.63816953, -1.9055872 ,  0.51049703,  0.62938011, -0.88385671,
       -0.69871509,  0.59430265,  0.02666683, -2.08239555,  1.93649828], dtype=float32), array([-0.5726366 , -0.48430175, -1.22588205,  1.08779311, -0.4733395 ,
       -0.00926451,  1.00580966, -1.82108152,  2.06304193, -0.23640819,
       -1.81795549, -0.67917055, -1.83001435, -0.15085562, -1.95676398,
       -1.27577364,  1.51519382,  1.65867579,  2.20628786, -0.4908064 ,
       -0.77991802, -0.18874453,  0.95468712, -1.01069605,  0.61704326,
       -0.52704704,  0.46035838, -0.10099212,  0.55827379,  0.29864937,
       -1.27278876,  1.21588349, -1.25581753, -0.44618401, -1.40169561,
        0.2696307 ,  0.97852224, -0.6095137 , -0.53499097, -1.32122695,
        0.53137022,  0.07893687, -1.02917719,  0.85013312, -0.66966939,
        0.12680283,  0.53687727,  0.3434456 , -1.19078064, -0.877343  ,
        1.13124287, -0.34178337,  1.68453574, -1.10163188,  1.44585097,
        0.4500747 ,  0.21604279, -1.58994627,  1.16922653, -1.21950376,
       -1.01039934,  0.12381863,  0.03946165,  0.54249763, -0.4504081 ,
       -0.014408  ,  1.35030186, -0.20963536,  0.61967868, -0.55702937,
       -0.80149817,  0.3480525 ,  0.61772847,  0.03930381,  0.40107903,
        0.36442381,  0.79554021,  0.87565464, -0.41202775,  0.12846752,
       -0.19529259,  0.88509011,  0.35198084,  0.99199712,  0.06902283,
        1.73009884,  1.52219319, -0.88403118, -0.66042513,  0.67428643,
        1.63932514, -1.90232754,  0.513125  ,  0.62596911, -0.88613236,
       -0.69927198,  0.5953024 ,  0.02331059, -2.08103347,  1.93552506], dtype=float32), array([-0.5728848 , -0.48209682, -1.22306764,  1.08838534, -0.47482973,
       -0.0036311 ,  1.00691867, -1.81490636,  2.06675982, -0.23324345,
       -1.81982267, -0.6851424 , -1.82725716, -0.14698499, -1.95580006,
       -1.27005911,  1.51080048,  1.6607641 ,  2.20984459, -0.49409315,
       -0.77801621, -0.18994206,  0.95908433, -1.01548314,  0.61920601,
       -0.52907425,  0.46556008, -0.09721178,  0.55535465,  0.30002636,
       -1.27188337,  1.21205533, -1.25734341, -0.44998139, -1.40188444,
        0.2735948 ,  0.97215104, -0.6091305 , -0.53349787, -1.32508588,
        0.5344438 ,  0.08070196, -1.03085327,  0.8473509 , -0.66628748,
        0.12616922,  0.52503192,  0.3459276 , -1.19195044, -0.87098026,
        1.12879407, -0.34455556,  1.68451464, -1.10379839,  1.44135404,
        0.44439259,  0.21949333, -1.59263146,  1.17574584, -1.22362065,
       -1.01463652,  0.12048116,  0.04467397,  0.538472  , -0.44675288,
       -0.01818242,  1.34556544, -0.20698167,  0.61977226, -0.56102508,
       -0.80184388,  0.35076028,  0.61760867,  0.03711223,  0.40629187,
        0.36243257,  0.80044347,  0.87952799, -0.41070318,  0.12703316,
       -0.1955864 ,  0.88336736,  0.34800434,  0.98461807,  0.06980227,
        1.73136878,  1.52271199, -0.88126498, -0.65957183,  0.67477852,
        1.64497626, -1.90632248,  0.5133087 ,  0.62818432, -0.88680071,
       -0.69785976,  0.59234846,  0.02412816, -2.07946897,  1.93183565], dtype=float32), array([-0.57978749, -0.47942823, -1.22949171,  1.09645486, -0.48291776,
       -0.01162317,  1.00475359, -1.81177402,  2.07505298, -0.23777011,
       -1.81981945, -0.68866748, -1.83948469, -0.14036576, -1.95790958,
       -1.26884651,  1.50840116,  1.65432358,  2.21098256, -0.49729222,
       -0.77624542, -0.18109311,  0.95300919, -1.01310396,  0.61760163,
       -0.52626598,  0.46587747, -0.10743946,  0.55730909,  0.30416036,
       -1.27495682,  1.2059381 , -1.25445676, -0.45287454, -1.39723706,
        0.26773259,  0.97560346, -0.6065945 , -0.52765948, -1.32706189,
        0.54159427,  0.08270089, -1.03007519,  0.84019732, -0.66025662,
        0.11782134,  0.53310913,  0.34417465, -1.19746649, -0.87015831,
        1.12445247, -0.34183994,  1.68589115, -1.09304368,  1.44423294,
        0.44196993,  0.21970503, -1.59103441,  1.17629731, -1.22396481,
       -1.0182606 ,  0.12210375,  0.0380183 ,  0.53294855, -0.44661024,
       -0.01178577,  1.34927619, -0.20654294,  0.62114108, -0.56889808,
       -0.79916972,  0.35026225,  0.62161976,  0.03879246,  0.40282774,
        0.35711849,  0.79509103,  0.86999398, -0.41009864,  0.12187258,
       -0.18354945,  0.88268238,  0.35035187,  0.99333549,  0.06649774,
        1.72804904,  1.52704573, -0.8761732 , -0.65597373,  0.67929208,
        1.64286077, -1.90288162,  0.50936586,  0.62911576, -0.88271457,
       -0.69873255,  0.59535027,  0.02585079, -2.07613492,  1.93532324], dtype=float32), array([-0.5813514 , -0.48029929, -1.22756958,  1.09926057, -0.48049083,
       -0.01209128,  1.00589168, -1.81250942,  2.07076287, -0.23847558,
       -1.82153893, -0.68783712, -1.83522666, -0.14095353, -1.95885968,
       -1.26568496,  1.50758529,  1.65552425,  2.20774436, -0.49544713,
       -0.77651036, -0.18466936,  0.95552963, -1.0128696 ,  0.62414718,
       -0.5274567 ,  0.46298552, -0.10411362,  0.55587107,  0.30187127,
       -1.27567685,  1.21078968, -1.25645649, -0.4488444 , -1.39590812,
        0.26737019,  0.97630805, -0.60467374, -0.53252208, -1.33002937,
        0.54109156,  0.0831581 , -1.02952456,  0.844998  , -0.66115761,
        0.11213873,  0.5285657 ,  0.34344837, -1.19202328, -0.86861563,
        1.12742889, -0.34385204,  1.69008017, -1.09670854,  1.44802606,
        0.44369632,  0.2195244 , -1.58842981,  1.1752286 , -1.22233188,
       -1.01486921,  0.12754422,  0.03611565,  0.53191203, -0.44399428,
       -0.01339214,  1.34847915, -0.20744136,  0.6228655 , -0.56951112,
       -0.80178261,  0.35191572,  0.61984247,  0.04367082,  0.40089157,
        0.35597542,  0.798738  ,  0.87016392, -0.41503021,  0.11955374,
       -0.18576442,  0.88578719,  0.34742004,  0.99066508,  0.0643837 ,
        1.73382747,  1.52395678, -0.877689  , -0.66080427,  0.67875707,
        1.64144635, -1.90164864,  0.51043177,  0.62408453, -0.8858639 ,
       -0.69769466,  0.59760368,  0.02317753, -2.07450175,  1.93246162], dtype=float32), array([-0.58414358, -0.47691092, -1.23239732,  1.09816456, -0.47943702,
       -0.01427194,  1.00049829, -1.81357849,  2.07013035, -0.23372124,
       -1.82919145, -0.68636054, -1.82907367, -0.1490199 , -1.96193194,
       -1.26645696,  1.50519812,  1.65613294,  2.20103908, -0.48799679,
       -0.76589119, -0.19110921,  0.95345426, -1.01588917,  0.63216853,
       -0.52931601,  0.47579628, -0.10082193,  0.55144614,  0.30254468,
       -1.27642882,  1.218714  , -1.26286423, -0.44369918, -1.39143252,
        0.25951716,  0.97248912, -0.60685587, -0.54417598, -1.32885623,
        0.54002446,  0.08595597, -1.02678955,  0.85259932, -0.66181034,
        0.0966084 ,  0.53563231,  0.33516106, -1.19001591, -0.86798435,
        1.12381482, -0.33522356,  1.68847978, -1.08834839,  1.45706868,
        0.43978485,  0.21352053, -1.58673298,  1.17809105, -1.2276777 ,
       -1.01240671,  0.13298662,  0.0304207 ,  0.53490406, -0.45159125,
       -0.00937095,  1.35394466, -0.21196866,  0.62908   , -0.574893  ,
       -0.8029868 ,  0.35424513,  0.6189574 ,  0.04881383,  0.41049135,
        0.35706177,  0.79157782,  0.87034655, -0.41971895,  0.11247778,
       -0.19245774,  0.88793975,  0.35263255,  0.98675907,  0.0619354 ,
        1.74280107,  1.52042329, -0.87284005, -0.66181761,  0.66874373,
        1.64454997, -1.89999521,  0.50850403,  0.62055027, -0.88445413,
       -0.69552064,  0.59792221,  0.02361601, -2.06423306,  1.93494976], dtype=float32), array([-0.56874007, -0.48779306, -1.21399486,  1.06804478, -0.49587309,
       -0.0162903 ,  0.9987092 , -1.83958137,  2.1021924 , -0.21882339,
       -1.81951082, -0.66138971, -1.82207465, -0.16179405, -1.95889354,
       -1.28257835,  1.50768948,  1.64268088,  2.19222021, -0.48542103,
       -0.77262938, -0.18105142,  0.94537169, -1.03002703,  0.63963914,
       -0.50024408,  0.46646771, -0.08606598,  0.55434144,  0.29481214,
       -1.27491021,  1.22366285, -1.27455282, -0.45197335, -1.39796031,
        0.28227869,  0.95772839, -0.61215329, -0.52460456, -1.32503271,
        0.52815598,  0.09699013, -1.02542686,  0.88131505, -0.671974  ,
        0.08469573,  0.53375375,  0.32549849, -1.1850425 , -0.85883683,
        1.14066744, -0.3245993 ,  1.69832063, -1.09175587,  1.4331553 ,
        0.43030483,  0.21682419, -1.58399355,  1.1760329 , -1.21595752,
       -1.02416968,  0.13234107,  0.0287408 ,  0.53911436, -0.45637107,
       -0.01573038,  1.35609877, -0.22737774,  0.62586248, -0.57399225,
       -0.79118598,  0.37108216,  0.61967534,  0.05451266,  0.43810827,
        0.3519907 ,  0.79071039,  0.87420124, -0.42095301,  0.13252199,
       -0.19469185,  0.88864601,  0.34772295,  0.97410566,  0.06702267,
        1.72863412,  1.51714456, -0.87840265, -0.66724169,  0.67185563,
        1.63015652, -1.90734065,  0.5208708 ,  0.61150891, -0.8865245 ,
       -0.70335644,  0.58859628,  0.01656558, -2.0721488 ,  1.94169545], dtype=float32), array([-0.57538056, -0.48752594, -1.21850014,  1.07280076, -0.50137633,
       -0.01807569,  0.99957949, -1.83938336,  2.10578394, -0.22160754,
       -1.82072604, -0.6672101 , -1.82647514, -0.15748918, -1.96139717,
       -1.28593528,  1.51041198,  1.64050865,  2.19238091, -0.48709041,
       -0.77245104, -0.1851193 ,  0.94675422, -1.02454555,  0.64048338,
       -0.49696922,  0.46854845, -0.09029093,  0.55596215,  0.28986651,
       -1.26830208,  1.21695888, -1.27030945, -0.45457903, -1.39867449,
        0.27422151,  0.95921773, -0.61243683, -0.52169776, -1.32243586,
        0.52426487,  0.09539737, -1.01742446,  0.87667   , -0.67490202,
        0.08474894,  0.54305947,  0.32723752, -1.18647492, -0.86027664,
        1.1411612 , -0.3283065 ,  1.69526017, -1.08199596,  1.43464446,
        0.43366852,  0.21985631, -1.59134209,  1.17482257, -1.2115072 ,
       -1.02204096,  0.12978311,  0.02409861,  0.53636062, -0.45747182,
       -0.01673296,  1.35226905, -0.22275166,  0.62838626, -0.57502115,
       -0.79419053,  0.36661941,  0.62604123,  0.04948041,  0.43554732,
        0.35244825,  0.7839123 ,  0.87294406, -0.41981623,  0.12699379,
       -0.19236098,  0.89261472,  0.35833731,  0.97211432,  0.06736244,
        1.72762167,  1.51337123, -0.87649649, -0.65982598,  0.67110693,
        1.63134038, -1.90809798,  0.52543956,  0.61736882, -0.88138533,
       -0.70248991,  0.59100598,  0.01326561, -2.06967115,  1.9464643 ], dtype=float32)]
