[array([-1.0657481 , -0.58914548,  0.30609235,  1.63193083,  0.23509769,
       -1.75180292, -1.07583034, -1.49038923, -0.58925676,  0.03878829,
        2.4437294 , -0.17044154, -0.40136412, -1.68742239, -0.94604999,
       -1.36992621,  0.38630545, -1.72302008,  0.66426003, -1.99627149,
        0.86906976,  2.0246911 ,  0.53932244,  1.85840571,  0.26269135,
       -0.26700914, -0.54190934,  0.48109478, -0.15141039, -0.21797693,
        0.3455345 ,  0.05059074,  0.01941121, -1.18477035, -0.56105322,
        0.52039301,  0.07027294,  0.81206024,  0.96743095, -0.80189389,
        1.62843764,  0.51801211, -0.0072448 ,  1.24876761,  0.35920781,
       -0.5303722 ,  0.65172255, -1.07946837, -1.7931453 , -0.76333028,
       -0.66066927, -0.32232118,  1.44824016,  0.11369866, -0.32343575,
        2.78991508,  0.86057544, -1.11260998, -0.53984034,  0.2353161 ,
        0.99183142, -1.63794422, -0.54046464, -0.17114863,  1.33639324,
        0.09218969, -0.56552553, -0.74115151,  0.9006086 , -0.35968125,
        0.43840405,  0.17736211, -0.2402771 , -1.32370007,  2.14981651,
       -0.94927698,  0.30345544, -0.73439592,  0.72052664,  0.950719  ,
       -0.14502461, -0.41623136, -0.46567529, -1.22391081,  0.03693108,
        2.79927182,  0.31140316, -0.2462832 , -1.07021773,  0.18784212,
       -0.71052444,  2.21856713, -0.64007044,  0.16151375, -0.04193018,
        0.15883784,  0.19655836, -0.10126845, -0.65964305,  0.18617654], dtype=float32), array([-1.00944138, -0.59043968,  0.25573829,  1.63820231,  0.27722713,
       -1.79408193, -1.07910454, -1.48404849, -0.62698376,  0.00448779,
        2.4884789 , -0.15890181, -0.38154078, -1.63774431, -0.9552713 ,
       -1.34722459,  0.42023489, -1.65849268,  0.64508611, -2.03215075,
        0.89047176,  2.05600786,  0.51821142,  1.80834341,  0.2579315 ,
       -0.33820492, -0.52958202,  0.57782757, -0.19687918, -0.17389978,
        0.28105474,  0.12614915,  0.06378089, -1.10754502, -0.52660567,
        0.54302859,  0.05705301,  0.82279795,  0.97920632, -0.77587909,
        1.6327126 ,  0.46354181, -0.04544711,  1.25177264,  0.41007653,
       -0.63097805,  0.60295719, -1.07653451, -1.77258742, -0.793091  ,
       -0.66727298, -0.34035668,  1.44167781,  0.03498484, -0.27145231,
        2.72688699,  0.82163107, -1.18724704, -0.54389364,  0.22642156,
        0.96016151, -1.59338474, -0.53719687, -0.09430339,  1.3094573 ,
        0.01386655, -0.59735698, -0.70714706,  0.95292264, -0.30866641,
        0.44498211,  0.19646503, -0.25562093, -1.22210252,  2.17158294,
       -0.83923978,  0.31388927, -0.68836874,  0.64024657,  0.8934238 ,
       -0.18051711, -0.46734092, -0.42261183, -1.20663106, -0.06179743,
        2.79482341,  0.27540204, -0.22342023, -1.08354604,  0.17128479,
       -0.68367273,  2.22170901, -0.68886054,  0.1698347 , -0.07476296,
        0.20172079,  0.23540768, -0.08331022, -0.63994426,  0.10152145], dtype=float32), array([-0.91587186, -0.60103828,  0.34683794,  1.47724843,  0.53926277,
       -1.39020526, -1.28808045, -1.25013304, -0.58539581, -0.04054391,
        2.18658829, -0.16620483, -0.38251618, -1.61812425, -0.89464229,
       -1.5728327 ,  0.15316872, -1.85724425,  0.72248811, -2.06529164,
        0.86371654,  2.17801714,  0.77569246,  1.70752001,  0.13760047,
       -0.57363915, -0.56548774,  0.56555235, -0.10875346, -0.31911266,
        0.6299662 ,  0.02323431,  0.23264794, -1.122293  , -0.43360981,
        0.97961253,  0.08749465,  0.65513581,  1.17130315, -0.63174975,
        1.67639208,  0.69503868,  0.08355622,  1.35153234,  0.31873012,
       -0.78084511,  0.47927952, -0.92306894, -1.69123876, -0.88163894,
       -0.68860078, -0.48178703,  1.43859732,  0.1316019 , -0.26316103,
        2.55503178,  0.77270931, -0.92462575, -0.22881109,  0.20720164,
        1.16611528, -1.69071257, -0.30684686, -0.01889394,  1.31763434,
       -0.25494847, -0.69308555, -0.80604172,  1.17512774, -0.0454032 ,
        0.27632254,  0.29588181, -0.51639611, -1.2262814 ,  2.07054305,
       -0.72331285,  0.29789636, -0.83154351,  0.97811645,  0.63735199,
       -0.11436918, -0.33348322, -0.53518021, -1.33910918, -0.34829617,
        2.53605032,  0.10217005, -0.35710856, -1.19987798,  0.13792545,
       -1.02894366,  2.28492117, -0.69354719,  0.1494101 , -0.1049547 ,
        0.146239  ,  0.25199479, -0.03423935, -0.52685744,  0.00952018], dtype=float32), array([-0.84809983, -0.46756876,  0.24932712,  1.39793766,  0.63318056,
       -1.23905492, -1.36633813, -1.33447075, -0.70020944,  0.0839904 ,
        2.07558966, -0.19347161, -0.39294907, -1.50847816, -0.83621114,
       -1.64513433,  0.19571832, -1.87424099,  0.95904893, -2.20101237,
        0.84020054,  2.24446344,  0.75714254,  1.56921792,  0.03192249,
       -0.51090574, -0.50229371,  0.66393626, -0.13447721, -0.34712797,
        0.77760214, -0.04543361,  0.37098515, -1.12030542, -0.56519073,
        0.92935634, -0.04584643,  0.6937598 ,  1.11722338, -0.66242063,
        1.91313589,  0.77626067, -0.01972476,  1.49594879,  0.46445301,
       -1.03698671,  0.27482229, -0.96056426, -1.5674448 , -0.81553459,
       -0.61626726, -0.5119161 ,  1.47805834,  0.01269324, -0.13399877,
        2.32249212,  0.78027207, -1.00110352,  0.07174091,  0.23853472,
        1.20790911, -1.72150373, -0.17766324,  0.06207955,  1.1748836 ,
       -0.35168493, -0.7403754 , -0.67991811,  1.35252845,  0.2074995 ,
        0.29467666,  0.29544905, -0.67298985, -0.95514244,  2.30834293,
       -0.84633464,  0.17538162, -0.80373347,  0.73935115,  0.43600291,
       -0.32506716, -0.3559247 , -0.35973448, -1.12910938, -0.49910662,
        2.38973308, -0.05187626, -0.42428264, -1.29723537,  0.0545137 ,
       -1.14069283,  2.17547989, -0.67614806,  0.09516865,  0.08123292,
        0.22454767,  0.5279876 , -0.03532808, -0.40926456, -0.36388513], dtype=float32), array([-0.82841963, -0.51423025,  0.21003892,  1.51833165,  0.48477384,
       -1.00969243, -1.4205246 , -1.30950296, -0.76280016,  0.03986179,
        1.85165763, -0.31122687, -0.54342955, -1.42191279, -0.75160623,
       -1.51062453,  0.27093202, -1.81636572,  1.12795544, -2.08916187,
        0.71092391,  2.37813234,  0.78211457,  1.62029171,  0.1366611 ,
       -0.50459421, -0.43728405,  0.79925287, -0.15142378, -0.38310614,
        0.76341093, -0.05270747,  0.5173108 , -1.08254886, -0.56973511,
        1.11374044, -0.06747627,  0.60581744,  1.2280134 , -0.52824706,
        1.91112387,  0.71432072,  0.0588574 ,  1.50619853,  0.29010028,
       -1.08673191,  0.29850161, -1.01600277, -1.64936221, -0.85844266,
       -0.68768907, -0.58311117,  1.45220959,  0.19113643, -0.18622203,
        2.18391347,  0.75787443, -0.91817212, -0.04911615,  0.28391597,
        1.22027683, -1.81369948, -0.10275143,  0.07197964,  1.27443027,
       -0.44507021, -0.67274171, -0.70783627,  1.41359079,  0.27921531,
        0.1678993 ,  0.28476661, -0.61258972, -1.0366708 ,  2.25820494,
       -0.76368123,  0.15987036, -0.89330965,  0.81761551,  0.2888442 ,
       -0.29093897, -0.5551402 , -0.52845955, -1.1033479 , -0.56706727,
        2.31714821,  0.04208038, -0.56896037, -1.13078117, -0.20830929,
       -1.29823506,  2.19149733, -0.7953102 ,  0.32173145,  0.08210954,
        0.29262012,  0.42071328,  0.24070913, -0.3751677 , -0.38113678], dtype=float32), array([-0.60508579, -0.54660684,  0.33213663,  1.61223972,  0.58573872,
       -1.22765803, -1.48094237, -1.27118134, -0.7240653 , -0.04867591,
        1.91468871, -0.18921499, -0.43972972, -1.29498959, -0.772843  ,
       -1.78424692,  0.22771321, -1.56606078,  0.89302742, -2.20474339,
        0.70434541,  2.29964733,  0.9495607 ,  1.40678227, -0.01129092,
       -0.60803217, -0.51478803,  0.9355166 , -0.27140921, -0.40917265,
        0.74675417,  0.02448015,  0.54854447, -1.02972281, -0.70534211,
        0.92967361, -0.00514884,  0.57600242,  1.28804684, -0.60674387,
        1.9308604 ,  0.59611547, -0.11947841,  1.53269088,  0.20754033,
       -1.16938412,  0.09104337, -0.99693197, -1.60895479, -0.84344578,
       -0.61289477, -0.60462856,  1.45379341,  0.16269788, -0.0567892 ,
        2.22567296,  0.63584238, -0.84543836, -0.05171108,  0.20296292,
        1.24130678, -1.68667412, -0.18861742,  0.19613419,  1.39436591,
       -0.57020456, -0.74540895, -0.63685679,  1.39978886,  0.43251553,
        0.20366727,  0.22843508, -0.60742587, -0.84683156,  2.27359796,
       -0.46442589,  0.3181195 , -0.89462149,  0.80958378,  0.16819051,
       -0.28491411, -0.66069102, -0.32446915, -1.04434955, -0.63218457,
        2.40697479, -0.02962179, -0.41702098, -1.37718153, -0.28117061,
       -1.22799873,  2.19017053, -0.71202546,  0.32113025,  0.07268258,
        0.42982769,  0.39855507,  0.20547909, -0.46593866, -0.37865952], dtype=float32), array([-0.59160793, -0.65775669,  0.35634103,  1.64240348,  0.61502641,
       -1.15696287, -1.42511439, -1.26205945, -0.83094412, -0.06084901,
        1.94268751, -0.1668929 , -0.48290271, -1.27769887, -0.70244378,
       -1.72517812,  0.2226807 , -1.56461048,  0.93945086, -2.16026592,
        0.74186587,  2.32023335,  0.97841001,  1.41290748,  0.04805655,
       -0.58761644, -0.42817843,  1.09178114, -0.26603302, -0.38388056,
        0.75896585,  0.05532055,  0.61451328, -0.9337377 , -0.67077744,
        0.98877507, -0.14464356,  0.53954822,  1.25048864, -0.68952048,
        1.90453064,  0.62266761, -0.02964255,  1.57796371,  0.19394551,
       -1.2865572 ,  0.18812379, -0.89211422, -1.63825321, -0.9124667 ,
       -0.75715566, -0.63386726,  1.27992654,  0.05647845, -0.07401302,
        2.16291261,  0.66914469, -0.84964734, -0.11218628,  0.25808918,
        1.19724476, -1.66595519, -0.1576439 ,  0.18056062,  1.34681201,
       -0.57479143, -0.52578199, -0.59833378,  1.36259735,  0.42413759,
        0.12997799,  0.28251332, -0.62443662, -0.89216489,  2.29373765,
       -0.49403316,  0.29139227, -0.86295229,  0.80598068,  0.1311526 ,
       -0.23508088, -0.67927825, -0.4357644 , -1.02287304, -0.72528344,
        2.31947899, -0.0153921 , -0.50420719, -1.40932262, -0.24328624,
       -1.28004718,  2.27596879, -0.6880427 ,  0.31081411, -0.06220511,
        0.49958214,  0.45965052,  0.23565832, -0.53267813, -0.39536625], dtype=float32), array([-0.51980287, -0.67888933,  0.26024985,  1.65018356,  0.72736686,
       -1.11800873, -1.52169228, -1.25826323, -0.87915874, -0.00899628,
        1.90574968, -0.14950663, -0.4398281 , -1.32716668, -0.73420608,
       -1.69103193,  0.20371383, -1.49377787,  0.92121148, -2.11878777,
        0.82952976,  2.37942839,  0.91542244,  1.4566741 ,  0.00573342,
       -0.62923658, -0.33300874,  1.16400695, -0.28226864, -0.43164605,
        0.73159981,  0.07937399,  0.5453766 , -0.79417026, -0.64137965,
        1.08930242, -0.17851914,  0.53778505,  1.23670876, -0.66067934,
        1.92071581,  0.52883393, -0.06064775,  1.62664914,  0.16215239,
       -1.32354712,  0.0988838 , -0.90381718, -1.63733637, -0.89911407,
       -0.77692074, -0.61161554,  1.32257843,  0.04773551, -0.09541664,
        2.09264112,  0.70929283, -0.8899551 , -0.11752867,  0.2136216 ,
        1.27101898, -1.7000885 , -0.13297155,  0.21810354,  1.26209283,
       -0.53161627, -0.53225648, -0.59274578,  1.33234942,  0.48985422,
        0.04010576,  0.36209673, -0.55623579, -0.97709888,  2.30413866,
       -0.442442  ,  0.22042935, -0.7826041 ,  0.78155053,  0.12387916,
       -0.19151434, -0.7196508 , -0.38312989, -1.02402687, -0.79351461,
        2.3714633 ,  0.05397692, -0.54358697, -1.3930105 , -0.27580097,
       -1.2987504 ,  2.16684508, -0.7081244 ,  0.38925582, -0.06275901,
        0.37410292,  0.44260195,  0.19481792, -0.45523381, -0.45811817], dtype=float32), array([-0.51692104, -0.74515373,  0.29815602,  1.71112013,  0.78377253,
       -1.07067919, -1.45239949, -1.3329432 , -0.81769413,  0.039875  ,
        1.74721575, -0.12483744, -0.47307563, -1.24566746, -0.70946753,
       -1.72748983,  0.29731852, -1.45240009,  1.00388479, -2.0833447 ,
        0.81815618,  2.3951211 ,  1.00071263,  1.45506895, -0.02561863,
       -0.5449627 , -0.362106  ,  1.08510363, -0.31096902, -0.4357672 ,
        0.71471149,  0.09728017,  0.49085218, -0.75269282, -0.70408243,
        0.99399346, -0.12082244,  0.53235209,  1.251858  , -0.68335295,
        1.87453377,  0.45283881, -0.11109601,  1.57903492,  0.08181976,
       -1.31127381,  0.04102832, -0.99776143, -1.75958824, -0.86669725,
       -0.68238884, -0.61886668,  1.32324576,  0.1487812 , -0.01042776,
        2.04062271,  0.70798361, -0.95882207, -0.03827789,  0.23530526,
        1.30877423, -1.78936398, -0.19489408,  0.15124287,  1.31423807,
       -0.61107403, -0.52600276, -0.60615128,  1.45822978,  0.42524055,
       -0.02421658,  0.49884897, -0.43680537, -1.00163531,  2.28324747,
       -0.38814723,  0.32160559, -0.74832255,  0.69694602,  0.10479763,
       -0.21881378, -0.75871789, -0.23415738, -1.01601577, -0.74329597,
        2.36763477,  0.0135837 , -0.54015565, -1.45832419, -0.33933052,
       -1.30215251,  2.12863612, -0.79097265,  0.45073479, -0.07689799,
        0.46011719,  0.43387508,  0.19591145, -0.49167347, -0.47064257], dtype=float32), array([-0.50706398, -0.74603021,  0.2908968 ,  1.74930406,  0.74245   ,
       -1.0432142 , -1.57642519, -1.26293182, -0.85426515,  0.06693805,
        1.65043676, -0.13055408, -0.41579992, -1.32878697, -0.6952973 ,
       -1.65821099,  0.18514457, -1.51948857,  0.88523412, -2.06480265,
        0.85563523,  2.33917689,  0.97263306,  1.41776609,  0.04106132,
       -0.60617888, -0.24323617,  1.10099411, -0.38938373, -0.58326924,
        0.68931758,  0.19061653,  0.4648779 , -0.66296101, -0.69669008,
        0.98020774, -0.23199907,  0.54178542,  1.35222077, -0.64243978,
        1.9241035 ,  0.51154131,  0.07594261,  1.62790298, -0.04924719,
       -1.29680574,  0.04672688, -0.85442919, -1.67146361, -0.86370814,
       -0.8121953 , -0.64800233,  1.25289619,  0.12671903, -0.07210182,
        2.00302553,  0.74899668, -0.97922057, -0.1205025 ,  0.09389963,
        1.3560847 , -1.92514372, -0.11158532,  0.07920665,  1.35297537,
       -0.46240658, -0.46530566, -0.45812646,  1.42101908,  0.51020288,
        0.0877626 ,  0.40039083, -0.49660167, -1.05724347,  2.2571547 ,
       -0.38470066,  0.21644107, -0.70189393,  0.80895746,  0.10431785,
       -0.14861402, -0.74245   , -0.27279437, -0.94293481, -0.80815399,
        2.40784526,  0.0940436 , -0.58883977, -1.48235679, -0.35769275,
       -1.2989676 ,  2.10047293, -0.77631706,  0.62941206, -0.1412206 ,
        0.35141751,  0.43287513,  0.31082422, -0.46601334, -0.53378785], dtype=float32), array([-0.47339234, -0.75306314,  0.26880711,  1.736709  ,  0.76682091,
       -1.03673947, -1.56911707, -1.26092374, -0.86892527,  0.13837458,
        1.67185247, -0.07713468, -0.41785514, -1.36210847, -0.72218764,
       -1.65537238,  0.20412849, -1.53395367,  0.88005823, -2.05545902,
        0.91855252,  2.34872961,  0.97343814,  1.39898133,  0.03624112,
       -0.64111602, -0.2064838 ,  1.11876786, -0.41604745, -0.62719792,
        0.69541389,  0.15182568,  0.42153272, -0.64935446, -0.67656267,
        0.98363304, -0.24694562,  0.58686852,  1.37165356, -0.55753499,
        1.92396188,  0.49028394,  0.07479483,  1.63035142, -0.06531994,
       -1.28574157,  0.00821393, -0.83027482, -1.68449211, -0.82817024,
       -0.82730412, -0.65270454,  1.26905477,  0.12169558, -0.08149184,
        1.98894989,  0.76524073, -1.00998366, -0.11928988,  0.07949241,
        1.34567702, -1.92824137, -0.09798639,  0.08827179,  1.33341992,
       -0.45354417, -0.4877286 , -0.40722856,  1.39845181,  0.54670691,
        0.09235027,  0.39344639, -0.50767148, -1.08581448,  2.23084259,
       -0.37781045,  0.21617302, -0.70284814,  0.81541872,  0.09912539,
       -0.13832511, -0.73662961, -0.23397304, -0.89294457, -0.8187775 ,
        2.42613482,  0.06590939, -0.61933899, -1.49844718, -0.35254213,
       -1.30907726,  2.04411125, -0.75654787,  0.63128603, -0.12036894,
        0.33774954,  0.43947122,  0.26111016, -0.49159917, -0.58039224], dtype=float32), array([ -4.31965828e-01,  -7.52098560e-01,   2.75795907e-01,
         1.74567986e+00,   7.51179397e-01,  -1.10157895e+00,
        -1.58382225e+00,  -1.28948617e+00,  -8.69768918e-01,
         3.90079804e-02,   1.67746353e+00,  -5.59756011e-02,
        -4.19326752e-01,  -1.28923118e+00,  -7.31059372e-01,
        -1.72670889e+00,   2.09559768e-01,  -1.48760223e+00,
         8.56824934e-01,  -2.10769916e+00,   9.06613529e-01,
         2.30425835e+00,   1.03768599e+00,   1.38137305e+00,
         1.54164294e-02,  -6.53207958e-01,  -2.37743050e-01,
         1.11410379e+00,  -4.50417966e-01,  -5.93269765e-01,
         6.98057413e-01,   1.55824751e-01,   4.30142909e-01,
        -6.36963069e-01,  -6.40166819e-01,   9.74741518e-01,
        -2.18854174e-01,   5.37225127e-01,   1.41123319e+00,
        -5.43150485e-01,   1.91895711e+00,   4.38896000e-01,
         5.86724952e-02,   1.62191677e+00,  -6.10861667e-02,
        -1.31153619e+00,  -2.25162879e-02,  -8.49850118e-01,
        -1.63136446e+00,  -8.46607566e-01,  -7.52506673e-01,
        -6.74515188e-01,   1.27228177e+00,   1.39158890e-01,
        -5.84153750e-04,   2.00218916e+00,   6.95413649e-01,
        -1.01620293e+00,  -1.67354301e-01,   6.20141253e-02,
         1.36353528e+00,  -1.89477229e+00,  -9.53036621e-02,
         9.85125303e-02,   1.40930843e+00,  -5.04960239e-01,
        -4.99048978e-01,  -4.41648275e-01,   1.38442910e+00,
         5.70053101e-01,   1.17607974e-01,   4.27348673e-01,
        -4.69667107e-01,  -1.04182160e+00,   2.20809054e+00,
        -3.38373393e-01,   2.14838699e-01,  -6.65945530e-01,
         8.25309277e-01,   1.08058356e-01,  -1.43740773e-01,
        -7.72994816e-01,  -1.50114208e-01,  -8.60658884e-01,
        -8.48315358e-01,   2.44372749e+00,  -1.07448436e-02,
        -6.12314820e-01,  -1.51609468e+00,  -3.50220293e-01,
        -1.26399362e+00,   2.05016541e+00,  -7.13175356e-01,
         6.32514656e-01,  -1.45461574e-01,   3.97508025e-01,
         4.38253224e-01,   2.49270901e-01,  -5.22528052e-01,
        -6.54100716e-01], dtype=float32), array([-0.51381022, -0.691625  ,  0.27907112,  1.75161648,  0.7543624 ,
       -1.07907689, -1.62343276, -1.30847633, -0.86157507,  0.00414186,
        1.68063247,  0.01870822, -0.41447151, -1.3013761 , -0.72262245,
       -1.7739594 ,  0.2526786 , -1.45955014,  0.85423529, -2.11759496,
        0.89601523,  2.30005908,  1.04115486,  1.35573387,  0.02126219,
       -0.62793344, -0.28907245,  1.09551835, -0.48928377, -0.53818733,
        0.67977965,  0.16678891,  0.48710951, -0.68348038, -0.60969061,
        1.01138091, -0.20144907,  0.61249316,  1.29524803, -0.53680462,
        1.97424352,  0.44095397,  0.00577416,  1.58146071, -0.02107067,
       -1.31893611, -0.08392017, -0.93378383, -1.63455474, -0.82387638,
       -0.74348921, -0.69267303,  1.29973662,  0.18419798, -0.02961281,
        2.02787709,  0.71383041, -0.98602849, -0.14493699,  0.11016449,
        1.30808091, -1.90905678, -0.0664269 ,  0.16622078,  1.41758406,
       -0.53936404, -0.54171801, -0.48450881,  1.29206777,  0.53999394,
        0.14228329,  0.42391789, -0.44349176, -1.03373456,  2.19217944,
       -0.40154129,  0.24048255, -0.66545415,  0.80116683,  0.07526577,
       -0.06732965, -0.76026803, -0.15531144, -0.91553235, -0.8172549 ,
        2.46121955,  0.01340638, -0.50496411, -1.47017384, -0.3411186 ,
       -1.25150418,  2.04938602, -0.77222073,  0.64043474, -0.15424193,
        0.42404217,  0.42125526,  0.22438703, -0.48182949, -0.69620287], dtype=float32), array([-0.51898295, -0.67920572,  0.27361214,  1.76248598,  0.76750761,
       -1.08792949, -1.62229109, -1.30198336, -0.8501873 ,  0.00982949,
        1.69697952,  0.03387541, -0.41123095, -1.31609273, -0.72672099,
       -1.77774596,  0.26892433, -1.44788456,  0.84906983, -2.10593724,
        0.90623868,  2.29793334,  1.02762353,  1.34441829,  0.00266214,
       -0.645832  , -0.30482808,  1.10776019, -0.49829447, -0.51444209,
        0.66362125,  0.17883508,  0.49768183, -0.67264539, -0.61376727,
        1.02031541, -0.20914789,  0.63026839,  1.28419077, -0.54574949,
        1.98258257,  0.43596965, -0.010862  ,  1.58343077, -0.01750725,
       -1.33621836, -0.10610595, -0.94990093, -1.63478708, -0.82492942,
       -0.74890953, -0.68749839,  1.30923557,  0.16642927, -0.01842658,
        2.02808285,  0.72318566, -1.00048709, -0.13248697,  0.11146494,
        1.28476226, -1.8999145 , -0.06786545,  0.20970468,  1.41836214,
       -0.5451473 , -0.5636403 , -0.47743604,  1.29661191,  0.53127074,
        0.1480106 ,  0.43377724, -0.44842714, -1.00523078,  2.19621229,
       -0.39427218,  0.25034934, -0.65260684,  0.77662528,  0.06249923,
       -0.05439188, -0.75240397, -0.14930239, -0.92852563, -0.82948989,
        2.44904709,  0.00429726, -0.48964104, -1.46834242, -0.34237298,
       -1.23662496,  2.04432225, -0.7931875 ,  0.63476801, -0.15396947,
        0.41701829,  0.41511115,  0.21269724, -0.46715644, -0.71069419], dtype=float32), array([ -5.30008912e-01,  -6.76120400e-01,   2.67045200e-01,
         1.76337373e+00,   7.62017667e-01,  -1.07962108e+00,
        -1.61000347e+00,  -1.30464375e+00,  -8.36798608e-01,
         7.99830421e-04,   1.70205820e+00,   2.72002183e-02,
        -4.10820693e-01,  -1.29754043e+00,  -7.37854600e-01,
        -1.77792823e+00,   2.65777111e-01,  -1.46233213e+00,
         8.66882682e-01,  -2.11522245e+00,   9.13170159e-01,
         2.28900003e+00,   1.02059698e+00,   1.34917927e+00,
         3.42502422e-03,  -6.59107745e-01,  -3.00779969e-01,
         1.10205758e+00,  -5.02401054e-01,  -5.13400078e-01,
         6.60677493e-01,   1.86975330e-01,   4.97324765e-01,
        -6.75843120e-01,  -6.14778340e-01,   1.01238370e+00,
        -1.98326230e-01,   6.17668211e-01,   1.28513861e+00,
        -5.43663025e-01,   1.97578228e+00,   4.29019868e-01,
        -2.56461333e-02,   1.58407760e+00,  -1.23584326e-02,
        -1.33597267e+00,  -9.56525356e-02,  -9.47496891e-01,
        -1.63410032e+00,  -8.30325484e-01,  -7.50107110e-01,
        -6.91337109e-01,   1.30714965e+00,   1.69004261e-01,
        -2.81799100e-02,   2.02631211e+00,   7.19140053e-01,
        -1.01130962e+00,  -1.22685663e-01,   1.22939073e-01,
         1.28154683e+00,  -1.89337921e+00,  -6.83371127e-02,
         2.19475389e-01,   1.42098677e+00,  -5.50691247e-01,
        -5.81425190e-01,  -4.82251644e-01,   1.29405379e+00,
         5.17664015e-01,   1.48186758e-01,   4.27507252e-01,
        -4.54565167e-01,  -9.97087955e-01,   2.19865704e+00,
        -3.91751468e-01,   2.65171856e-01,  -6.43518746e-01,
         7.80933678e-01,   6.75841048e-02,  -4.55955975e-02,
        -7.50715971e-01,  -1.43284649e-01,  -9.39875185e-01,
        -8.35589349e-01,   2.45511079e+00,   1.20475907e-02,
        -4.93329078e-01,  -1.45628226e+00,  -3.34257483e-01,
        -1.25239456e+00,   2.04808831e+00,  -7.96057701e-01,
         6.31170630e-01,  -1.42250866e-01,   4.17555094e-01,
         4.23330545e-01,   2.25817263e-01,  -4.69411463e-01,
        -7.06645966e-01], dtype=float32), array([-0.49461621, -0.7073077 ,  0.24247256,  1.7511791 ,  0.80007726,
       -1.01694918, -1.63686383, -1.30420911, -0.87176204,  0.07676067,
        1.6489929 ,  0.04726753, -0.39052016, -1.36567986, -0.68147331,
       -1.78440952,  0.22586058, -1.43658376,  0.84829032, -2.1399188 ,
        0.95679659,  2.31636095,  0.99596703,  1.3580941 , -0.00627475,
       -0.70348626, -0.22506455,  1.1145556 , -0.49930757, -0.57297087,
        0.66163379,  0.13961358,  0.44420207, -0.62847626, -0.58479524,
        1.07353711, -0.19611734,  0.59322751,  1.26123357, -0.51037669,
        2.06655884,  0.40404269, -0.02412787,  1.61346173, -0.05889295,
       -1.32418704, -0.09976839, -0.93415689, -1.6165874 , -0.80747128,
       -0.74163872, -0.70602602,  1.35278475,  0.19779547, -0.0713864 ,
        1.94927788,  0.70168775, -1.02438903, -0.13118008,  0.13782123,
        1.30629408, -1.99982977, -0.0211569 ,  0.22576985,  1.40158355,
       -0.52566713, -0.65618259, -0.46586657,  1.29562426,  0.56632912,
        0.12204071,  0.44391498, -0.42205727, -1.04751575,  2.12852287,
       -0.38296974,  0.22247946, -0.61388373,  0.782951  ,  0.08567815,
       -0.00378967, -0.77205753, -0.10768674, -0.92358023, -0.881908  ,
        2.44814944,  0.0444768 , -0.51003921, -1.43347788, -0.33871582,
       -1.24685991,  1.94413888, -0.82687062,  0.62542075, -0.11354752,
        0.43035907,  0.43323672,  0.19130744, -0.37820029, -0.70899284], dtype=float32), array([-0.48531812, -0.68444335,  0.22822766,  1.72401357,  0.8673628 ,
       -0.94695526, -1.654459  , -1.25641   , -0.82480049,  0.09456687,
        1.62288737,  0.01274611, -0.36543337, -1.40046155, -0.70441645,
       -1.78519559,  0.19531479, -1.43285692,  0.86625612, -2.12498546,
        0.90930122,  2.30435491,  0.97309327,  1.35875165, -0.01558783,
       -0.73525167, -0.25976765,  1.04851043, -0.44155818, -0.54712236,
        0.66967744,  0.14634278,  0.51275331, -0.63759869, -0.55366224,
        1.10835063, -0.17296259,  0.59185904,  1.24641001, -0.50019503,
        2.07266855,  0.36344713, -0.0512618 ,  1.58648562, -0.06137369,
       -1.32838726, -0.11306681, -0.93789512, -1.61994493, -0.81548983,
       -0.70622855, -0.71115065,  1.40885782,  0.27579078, -0.08762552,
        1.9059552 ,  0.74180061, -1.02385581, -0.10461575,  0.13668135,
        1.37343228, -2.04653692, -0.03393494,  0.28546533,  1.44034433,
       -0.56332457, -0.68164372, -0.48646188,  1.31485617,  0.56330365,
        0.12407205,  0.43621331, -0.43948632, -1.07153368,  2.10616231,
       -0.37675917,  0.2087231 , -0.63011199,  0.79519081,  0.06706484,
       -0.02022675, -0.80363077, -0.09814604, -0.91037983, -0.90345848,
        2.45773411,  0.04025896, -0.51625675, -1.37879479, -0.38395908,
       -1.24385273,  1.93954682, -0.89013475,  0.61850983, -0.10622016,
        0.40210786,  0.41082358,  0.15899773, -0.32109889, -0.71898532], dtype=float32), array([-0.42606735, -0.73175305,  0.21767031,  1.76499486,  0.89732939,
       -0.90831089, -1.66223478, -1.25528622, -0.89586943,  0.1137188 ,
        1.60876179, -0.00396392, -0.36870411, -1.42818296, -0.68629265,
       -1.76364195,  0.13339083, -1.43591809,  0.83515739, -2.09985161,
        0.93888652,  2.29957414,  0.97753388,  1.37348676,  0.02307368,
       -0.74796665, -0.19711606,  1.13180351, -0.4148545 , -0.57840484,
        0.67681158,  0.14961863,  0.54319972, -0.53473461, -0.54331321,
        1.1583612 , -0.22556183,  0.57804775,  1.29064953, -0.51642287,
        2.09317851,  0.38161036, -0.04642551,  1.59152436, -0.07400658,
       -1.35847414, -0.11514577, -0.88099229, -1.62472975, -0.83403158,
       -0.75674444, -0.71264255,  1.36829591,  0.23460408, -0.10429562,
        1.84685802,  0.76739174, -1.02028787, -0.14409803,  0.06000079,
        1.36813617, -2.04303575, -0.0143264 ,  0.2428295 ,  1.43683159,
       -0.54771751, -0.61912978, -0.48907581,  1.32373011,  0.56957132,
        0.08163686,  0.43912485, -0.45079419, -1.13591301,  2.07244062,
       -0.38020515,  0.19552186, -0.61187428,  0.78914356,  0.0616415 ,
        0.02560624, -0.78833699, -0.14266607, -0.90982133, -0.9401741 ,
        2.41652155,  0.07389341, -0.5448395 , -1.38286293, -0.37219578,
       -1.25413537,  1.92257845, -0.84209764,  0.64398664, -0.14621063,
        0.41231513,  0.43179429,  0.16306004, -0.32009825, -0.6940614 ], dtype=float32), array([-0.41423053, -0.67597222,  0.18353714,  1.79548812,  0.91946614,
       -0.88855064, -1.70057034, -1.27343059, -0.87328529,  0.08969056,
        1.5954951 , -0.02529705, -0.39477062, -1.39962459, -0.69430792,
       -1.75959992,  0.17537391, -1.40538216,  0.89278567, -2.07960939,
        0.9334088 ,  2.3096199 ,  0.97197109,  1.37389266,  0.05061418,
       -0.73538661, -0.20208989,  1.15321434, -0.43001464, -0.57515973,
        0.69690579,  0.12424456,  0.55736768, -0.51565242, -0.56093514,
        1.1321547 , -0.2118278 ,  0.56776202,  1.25070453, -0.53815055,
        2.10799265,  0.35377485, -0.04221748,  1.61952662, -0.03968907,
       -1.34366751, -0.16804306, -0.88516682, -1.63970351, -0.83254528,
       -0.75427049, -0.71092981,  1.33194709,  0.25829256, -0.10463446,
        1.83739841,  0.7857222 , -1.04128277, -0.14149305,  0.09671766,
        1.34928501, -2.06007814, -0.03193149,  0.24399705,  1.43069839,
       -0.57102239, -0.63973212, -0.48981115,  1.32186091,  0.55283362,
        0.07988272,  0.44721165, -0.46993262, -1.13037002,  2.08633971,
       -0.38247216,  0.15974839, -0.59972745,  0.77674258,  0.05245742,
        0.03472098, -0.81542617, -0.14456284, -0.92657632, -0.92835379,
        2.43564487,  0.0756879 , -0.53599548, -1.32805812, -0.39864829,
       -1.28593588,  1.88248551, -0.87256569,  0.64963347, -0.10577942,
        0.39030409,  0.41730198,  0.19246009, -0.31006765, -0.65982568], dtype=float32), array([-0.42377523, -0.66171575,  0.17835337,  1.78140295,  0.88941598,
       -0.89425284, -1.65433466, -1.27903724, -0.87556297,  0.11756893,
        1.60127616, -0.01962254, -0.37466922, -1.42674732, -0.72781044,
       -1.73479986,  0.20453514, -1.42390943,  0.9191274 , -2.08946681,
        0.94511247,  2.30975008,  0.97115368,  1.39722598,  0.04928538,
       -0.75652862, -0.20518754,  1.13973129, -0.44631627, -0.54505122,
        0.6622175 ,  0.10726827,  0.57243347, -0.52225506, -0.56760824,
        1.11400795, -0.19076543,  0.53476739,  1.23010826, -0.52414143,
        2.07991815,  0.33431169, -0.03067934,  1.63876557,  0.00357259,
       -1.35150421, -0.15240166, -0.90591455, -1.62146294, -0.82162297,
       -0.71877331, -0.71121627,  1.33073997,  0.27948898, -0.12032321,
        1.85561955,  0.74037421, -1.04973316, -0.12520424,  0.13061139,
        1.33540583, -2.0769062 , -0.03328189,  0.24488856,  1.46914589,
       -0.5916577 , -0.6571095 , -0.47325823,  1.31931615,  0.51523441,
        0.08279628,  0.46851781, -0.47372118, -1.10953438,  2.09141636,
       -0.40145263,  0.16142406, -0.58748055,  0.74053401,  0.0635917 ,
        0.02269045, -0.82888764, -0.18755965, -0.95262069, -0.93147707,
        2.46015406,  0.11398927, -0.56484967, -1.29391646, -0.37139201,
       -1.29469526,  1.88219869, -0.90850276,  0.65045822, -0.09983627,
        0.3833622 ,  0.41554731,  0.20729913, -0.33098793, -0.62459165], dtype=float32), array([-0.42919913, -0.66525501,  0.17504551,  1.78525949,  0.89306921,
       -0.89642507, -1.66743004, -1.27047241, -0.89115059,  0.10899282,
        1.60778785, -0.01015848, -0.3859269 , -1.41725421, -0.74263817,
       -1.73898184,  0.20321129, -1.41728306,  0.91679078, -2.10354996,
        0.96679056,  2.31988859,  0.97230512,  1.37817264,  0.03855443,
       -0.75842124, -0.2135067 ,  1.16728914, -0.44664642, -0.5333522 ,
        0.66372663,  0.11524333,  0.55097812, -0.50299668, -0.5578891 ,
        1.1282593 , -0.18904439,  0.55492449,  1.21591926, -0.52576232,
        2.07743907,  0.33861449, -0.05516978,  1.6378783 ,  0.00585621,
       -1.36690438, -0.17289366, -0.90147215, -1.60178983, -0.83009982,
       -0.72028369, -0.72150666,  1.34317803,  0.25961533, -0.10935109,
        1.89126647,  0.75355756, -1.03273487, -0.11147266,  0.11609881,
        1.29179549, -2.06538892, -0.01756224,  0.25818914,  1.46482539,
       -0.58778214, -0.65478486, -0.45635152,  1.30414939,  0.51853353,
        0.09253327,  0.46060595, -0.5299952 , -1.0967164 ,  2.08717012,
       -0.40109849,  0.15753327, -0.57225215,  0.73625296,  0.05566132,
        0.02772269, -0.81136131, -0.19808584, -0.94269317, -0.9401747 ,
        2.44863582,  0.10261663, -0.5528186 , -1.28177595, -0.33363184,
       -1.31432629,  1.87947631, -0.90003741,  0.65526658, -0.09924605,
        0.38532433,  0.42474741,  0.18788412, -0.34183568, -0.63969529], dtype=float32), array([-0.41826683, -0.67193538,  0.18395005,  1.78169346,  0.90203315,
       -0.89881384, -1.67298377, -1.26475561, -0.88044643,  0.11928788,
        1.59914184, -0.02099795, -0.39571801, -1.43551338, -0.74048656,
       -1.73470616,  0.2043055 , -1.41852283,  0.92964333, -2.09512234,
        0.96942806,  2.31890082,  0.9691177 ,  1.36939001,  0.05067513,
       -0.76103884, -0.21304138,  1.17002368, -0.45869303, -0.53042597,
        0.65913141,  0.11805181,  0.55398697, -0.49284381, -0.55965239,
        1.14329374, -0.1871729 ,  0.56643903,  1.22686481, -0.51145834,
        2.08185673,  0.35408717, -0.05384712,  1.64859653,  0.00344294,
       -1.37158191, -0.17405882, -0.89759243, -1.60387504, -0.81727302,
       -0.72775912, -0.72479081,  1.341151  ,  0.25876382, -0.10997932,
        1.89948463,  0.75478297, -1.02316999, -0.12040595,  0.11097004,
        1.28731608, -2.07397795, -0.01894499,  0.26303869,  1.46672392,
       -0.58259606, -0.6500209 , -0.45276389,  1.29977334,  0.52170432,
        0.09842756,  0.45892185, -0.54358965, -1.09766722,  2.07723856,
       -0.40254769,  0.14672761, -0.57551932,  0.75049639,  0.03677732,
        0.02488505, -0.81051826, -0.19997023, -0.94726604, -0.94619501,
        2.43843913,  0.10257898, -0.54277712, -1.27866006, -0.33755839,
       -1.31242859,  1.86087441, -0.90640104,  0.65215123, -0.09766994,
        0.37382305,  0.41749457,  0.18537852, -0.34773219, -0.63953054], dtype=float32), array([ -4.22982275e-01,  -6.74802721e-01,   1.81358948e-01,
         1.78379929e+00,   9.01982129e-01,  -8.94531190e-01,
        -1.66722846e+00,  -1.26797426e+00,  -8.79932404e-01,
         1.24883816e-01,   1.59682977e+00,  -1.97598245e-02,
        -3.96528721e-01,  -1.43485880e+00,  -7.41083384e-01,
        -1.73209691e+00,   2.13184193e-01,  -1.41792297e+00,
         9.34586942e-01,  -2.09666419e+00,   9.74758267e-01,
         2.32169628e+00,   9.67561960e-01,   1.36583841e+00,
         4.95683923e-02,  -7.62675762e-01,  -2.10987896e-01,
         1.16888130e+00,  -4.67153162e-01,  -5.30163348e-01,
         6.56224966e-01,   1.14875220e-01,   5.53112984e-01,
        -4.94465113e-01,  -5.60629964e-01,   1.14009845e+00,
        -1.83592886e-01,   5.69388092e-01,   1.22864103e+00,
        -5.08681595e-01,   2.08355761e+00,   3.47801059e-01,
        -5.13773412e-02,   1.64798927e+00,   4.27657302e-04,
        -1.37422633e+00,  -1.71759561e-01,  -8.95740986e-01,
        -1.60922146e+00,  -8.12786043e-01,  -7.33946502e-01,
        -7.23436058e-01,   1.33887315e+00,   2.61019230e-01,
        -1.05915450e-01,   1.89787996e+00,   7.55516529e-01,
        -1.02826488e+00,  -1.19306341e-01,   1.13386415e-01,
         1.28827250e+00,  -2.07668304e+00,  -2.67063454e-02,
         2.59069979e-01,   1.46736026e+00,  -5.85685194e-01,
        -6.52050316e-01,  -4.45810556e-01,   1.29787660e+00,
         5.18254578e-01,   9.45985168e-02,   4.56447721e-01,
        -5.41180015e-01,  -1.09652805e+00,   2.07822847e+00,
        -3.97358656e-01,   1.54825822e-01,  -5.76293707e-01,
         7.40305781e-01,   3.60831954e-02,   2.54353806e-02,
        -8.10380340e-01,  -1.97992578e-01,  -9.50325072e-01,
        -9.49284792e-01,   2.43715787e+00,   1.06863149e-01,
        -5.43239653e-01,  -1.27432644e+00,  -3.37340921e-01,
        -1.30989575e+00,   1.85707033e+00,  -9.13676918e-01,
         6.53587103e-01,  -8.94220173e-02,   3.72222394e-01,
         4.18782979e-01,   1.91454932e-01,  -3.42206836e-01,
        -6.40535951e-01], dtype=float32), array([-0.38084665, -0.73008692,  0.2174892 ,  1.81229901,  0.93305755,
       -0.90077055, -1.61283255, -1.25931227, -0.93302721,  0.11498923,
        1.58108699,  0.00948412, -0.45673656, -1.42802548, -0.71724361,
       -1.76630259,  0.14846687, -1.4546454 ,  0.95931149, -2.0515182 ,
        0.99429905,  2.27858591,  0.99815243,  1.36983001,  0.07208109,
       -0.75390685, -0.20971513,  1.19201362, -0.42413065, -0.53790581,
        0.70872229,  0.09196958,  0.58812439, -0.45723501, -0.55995786,
        1.16497099, -0.26871976,  0.56527084,  1.26035702, -0.4945012 ,
        2.14435935,  0.45831785, -0.02615012,  1.61239159, -0.05843758,
       -1.41485953, -0.17987633, -0.83988905, -1.57464206, -0.88746905,
       -0.82185322, -0.73806208,  1.27816224,  0.18374321, -0.10094991,
        1.86250281,  0.82462662, -1.00613141, -0.13111681,  0.09409768,
        1.23000157, -2.02783132, -0.01327999,  0.26155001,  1.46412778,
       -0.59825009, -0.55848759, -0.43560901,  1.3268373 ,  0.5423069 ,
        0.05242999,  0.43668428, -0.61169571, -1.12709165,  2.01966929,
       -0.39132187,  0.16438481, -0.58201265,  0.7096523 ,  0.00937892,
        0.06827795, -0.78640121, -0.25836802, -0.91111606, -0.95078385,
        2.36844707,  0.1711937 , -0.56155449, -1.28792334, -0.32161397,
       -1.34616816,  1.92108381, -0.85750371,  0.65156353, -0.16092384,
        0.42001769,  0.47994527,  0.19557828, -0.36697021, -0.68012983], dtype=float32), array([-0.37749416, -0.77050036,  0.24631539,  1.84528947,  0.92936277,
       -0.8774184 , -1.57152784, -1.25427365, -0.97477651,  0.10044979,
        1.57818997,  0.01285969, -0.50551122, -1.4074384 , -0.6735031 ,
       -1.76066768,  0.1286938 , -1.46105957,  0.97228104, -2.01263142,
        1.00065851,  2.28504658,  1.03074372,  1.37349725,  0.11091984,
       -0.73634136, -0.19641112,  1.24197137, -0.390587  , -0.54484648,
        0.72532856,  0.07735918,  0.6270501 , -0.41772041, -0.55915111,
        1.18185639, -0.29382968,  0.53459823,  1.27699995, -0.53756642,
        2.16307664,  0.5207026 ,  0.01412078,  1.62051225, -0.0740051 ,
       -1.43773305, -0.14231244, -0.799375  , -1.57974076, -0.91756117,
       -0.8812589 , -0.75975639,  1.19131041,  0.1481811 , -0.09477887,
        1.82978189,  0.85819733, -0.9864049 , -0.13798362,  0.10125473,
        1.18420792, -2.00767946,  0.00558794,  0.23827852,  1.44849622,
       -0.60908401, -0.48665243, -0.41674158,  1.33915627,  0.5408631 ,
        0.02402225,  0.44649968, -0.65919518, -1.13618255,  2.00353122,
       -0.39102918,  0.14763093, -0.58146954,  0.68061626, -0.0029613 ,
        0.07670639, -0.80101877, -0.32064471, -0.89927304, -0.96551359,
        2.31372952,  0.19508256, -0.5895462 , -1.29093492, -0.30817175,
       -1.36947155,  1.96110213, -0.84256941,  0.63078392, -0.22825797,
        0.46918926,  0.47936547,  0.19031528, -0.37925628, -0.68195403], dtype=float32), array([-0.37014762, -0.76325196,  0.21139364,  1.82447219,  0.91491503,
       -0.90846181, -1.5518564 , -1.25461948, -0.93605524,  0.08578912,
        1.57117176,  0.01375647, -0.50923198, -1.40592468, -0.66086197,
       -1.80898476,  0.14555272, -1.45136309,  0.99398041, -2.02880859,
        1.01269019,  2.29015827,  1.03881872,  1.37377274,  0.11368403,
       -0.74443775, -0.22459808,  1.23069215, -0.38278162, -0.54348105,
        0.7409116 ,  0.05593198,  0.60448635, -0.43374175, -0.56032133,
        1.15595114, -0.25997543,  0.53137082,  1.27639461, -0.53624314,
        2.18619394,  0.53961855, -0.02339489,  1.64478397, -0.0701894 ,
       -1.4343704 , -0.16864155, -0.82510942, -1.54017615, -0.92133868,
       -0.85181671, -0.74264872,  1.22060204,  0.13191789, -0.09574468,
        1.84036863,  0.85552156, -0.99077153, -0.12105467,  0.13571058,
        1.17649913, -1.9895947 , -0.00900711,  0.26220867,  1.46134603,
       -0.60971135, -0.49784309, -0.43943977,  1.33405805,  0.542979  ,
        0.01723306,  0.42251444, -0.68289936, -1.1188345 ,  1.98671389,
       -0.38460478,  0.13144763, -0.56868011,  0.69178891, -0.01218037,
        0.08714892, -0.81456107, -0.28897774, -0.90206122, -0.97678757,
        2.31952262,  0.17866883, -0.55866325, -1.27860272, -0.312442  ,
       -1.40060842,  1.93245399, -0.8542248 ,  0.63940555, -0.21789104,
        0.47474629,  0.49299619,  0.19068138, -0.3705779 , -0.6744253 ], dtype=float32), array([ -3.66783142e-01,  -7.64348686e-01,   2.01013654e-01,
         1.81688845e+00,   9.31507826e-01,  -9.26699817e-01,
        -1.54941511e+00,  -1.26731026e+00,  -9.16619897e-01,
         8.05867165e-02,   1.58763599e+00,   1.51023054e-02,
        -5.20716429e-01,  -1.39197111e+00,  -6.71440482e-01,
        -1.84107709e+00,   1.52357429e-01,  -1.45310807e+00,
         1.01157260e+00,  -2.02449489e+00,   1.03122485e+00,
         2.29587817e+00,   1.02791500e+00,   1.36648715e+00,
         9.91771147e-02,  -7.46201396e-01,  -2.54847944e-01,
         1.23456776e+00,  -3.78502280e-01,  -5.36027610e-01,
         7.38728106e-01,   4.42544520e-02,   5.83795130e-01,
        -4.36510503e-01,  -5.44591904e-01,   1.14085972e+00,
        -2.15915993e-01,   5.44817090e-01,   1.26491904e+00,
        -5.33170342e-01,   2.18010473e+00,   5.35686612e-01,
        -4.53323759e-02,   1.65970325e+00,  -6.21784665e-02,
        -1.41844642e+00,  -1.70233443e-01,  -8.27522993e-01,
        -1.52602124e+00,  -9.24721897e-01,  -8.48248303e-01,
        -7.38071442e-01,   1.25013053e+00,   1.06343456e-01,
        -1.03473954e-01,   1.86104012e+00,   8.53151500e-01,
        -1.00540209e+00,  -1.07549168e-01,   1.50161088e-01,
         1.14754295e+00,  -1.97486949e+00,  -1.64546643e-03,
         2.64687270e-01,   1.46983826e+00,  -6.08402371e-01,
        -5.27458191e-01,  -4.22370434e-01,   1.35212696e+00,
         5.33213854e-01,   1.87129676e-02,   4.02283669e-01,
        -6.93497241e-01,  -1.10512984e+00,   1.97322869e+00,
        -3.74753833e-01,   1.19323917e-01,  -5.53983092e-01,
         6.84483886e-01,  -1.01092122e-02,   9.64698344e-02,
        -8.14985812e-01,  -2.79951334e-01,  -9.01875675e-01,
        -9.90057528e-01,   2.31691527e+00,   1.68807492e-01,
        -5.32122672e-01,  -1.26823044e+00,  -2.80929297e-01,
        -1.43042982e+00,   1.90782440e+00,  -8.47082615e-01,
         6.45390749e-01,  -2.18469858e-01,   4.76187855e-01,
         5.08330941e-01,   1.72445819e-01,  -3.84206235e-01,
        -6.85908616e-01], dtype=float32), array([ -3.89477164e-01,  -7.24496424e-01,   2.07829580e-01,
         1.78941107e+00,   9.16090667e-01,  -9.66342866e-01,
        -1.58901131e+00,  -1.25720632e+00,  -9.15547669e-01,
         6.29500672e-02,   1.65748513e+00,  -3.89081836e-02,
        -5.12260914e-01,  -1.35594559e+00,  -7.01083958e-01,
        -1.84920239e+00,   2.00283393e-01,  -1.43316472e+00,
         9.95438039e-01,  -2.09966922e+00,   1.01506877e+00,
         2.28512859e+00,   9.92405534e-01,   1.34384561e+00,
         1.07001111e-01,  -7.49911666e-01,  -2.38406986e-01,
         1.19925177e+00,  -3.63475859e-01,  -4.87382263e-01,
         7.37677932e-01,   7.08395168e-02,   6.00425720e-01,
        -4.46450561e-01,  -5.37358701e-01,   1.12073696e+00,
        -1.98235229e-01,   5.60143232e-01,   1.21225774e+00,
        -5.93346357e-01,   2.20654941e+00,   5.18917680e-01,
        -6.38370067e-02,   1.66194093e+00,   4.51074028e-03,
        -1.42313004e+00,  -1.54315606e-01,  -8.45086455e-01,
        -1.48656905e+00,  -9.14935946e-01,  -8.01773965e-01,
        -7.20575452e-01,   1.29428983e+00,   1.07669160e-01,
        -1.67020589e-01,   1.89621460e+00,   8.63484979e-01,
        -1.00868022e+00,  -9.81057286e-02,   1.62016392e-01,
         1.12595332e+00,  -1.98225546e+00,   9.13195591e-03,
         2.98037529e-01,   1.43692994e+00,  -5.99424362e-01,
        -5.61409712e-01,  -3.87467206e-01,   1.32294977e+00,
         5.20621061e-01,   9.61451326e-03,   3.80892038e-01,
        -6.97993636e-01,  -1.05696833e+00,   2.01032996e+00,
        -4.10676271e-01,   9.99414101e-02,  -5.15567958e-01,
         6.33507311e-01,  -2.33062492e-05,   6.11907057e-02,
        -8.42931330e-01,  -2.86792904e-01,  -9.11321640e-01,
        -9.72360551e-01,   2.35886312e+00,   1.64791405e-01,
        -4.92475659e-01,  -1.23654020e+00,  -2.50912309e-01,
        -1.43880200e+00,   1.91285443e+00,  -8.65113020e-01,
         6.03320241e-01,  -2.07123816e-01,   4.79485214e-01,
         5.04614353e-01,   1.56620458e-01,  -3.59938145e-01,
        -6.72499835e-01], dtype=float32), array([ -3.89143050e-01,  -7.23171532e-01,   1.88880831e-01,
         1.77863419e+00,   9.33484137e-01,  -9.61264670e-01,
        -1.57785988e+00,  -1.25408900e+00,  -8.97609591e-01,
         5.67022599e-02,   1.65287995e+00,  -4.28141057e-02,
        -5.00415444e-01,  -1.36121285e+00,  -7.04701304e-01,
        -1.85914683e+00,   2.15774268e-01,  -1.44634521e+00,
         9.81534481e-01,  -2.10829258e+00,   1.00327182e+00,
         2.29547477e+00,   9.99762475e-01,   1.32872772e+00,
         1.03241950e-01,  -7.73849130e-01,  -2.48212501e-01,
         1.20216835e+00,  -3.53932023e-01,  -4.68923151e-01,
         7.42261589e-01,   5.04578985e-02,   5.95254362e-01,
        -4.58054692e-01,  -5.29241979e-01,   1.14639652e+00,
        -1.83746219e-01,   5.57039797e-01,   1.21846890e+00,
        -5.89055061e-01,   2.23479795e+00,   5.18900514e-01,
        -7.62414560e-02,   1.65370381e+00,  -5.23526641e-03,
        -1.42631388e+00,  -1.54376090e-01,  -8.24673295e-01,
        -1.49587297e+00,  -9.00156975e-01,  -7.94243276e-01,
        -7.13647902e-01,   1.31215513e+00,   1.25540748e-01,
        -1.63856849e-01,   1.88200140e+00,   8.74562323e-01,
        -1.00647604e+00,  -8.68172720e-02,   1.67435676e-01,
         1.11824286e+00,  -1.98329067e+00,   1.12993829e-03,
         2.93294430e-01,   1.42269647e+00,  -6.22781694e-01,
        -5.53212345e-01,  -3.97465825e-01,   1.30133867e+00,
         5.32555461e-01,  -3.98025804e-05,   3.81914496e-01,
        -7.11542428e-01,  -1.05518270e+00,   2.01566267e+00,
        -4.17391062e-01,   9.92788523e-02,  -5.08906066e-01,
         6.33980930e-01,  -2.51994026e-03,   6.75445646e-02,
        -8.44102919e-01,  -2.86488414e-01,  -8.95644963e-01,
        -9.93218958e-01,   2.35563684e+00,   1.76486939e-01,
        -4.85640049e-01,  -1.21551001e+00,  -2.73940235e-01,
        -1.44188452e+00,   1.90317810e+00,  -8.64677787e-01,
         5.76786876e-01,  -1.93851426e-01,   4.80918080e-01,
         5.21087825e-01,   1.51721746e-01,  -3.43277812e-01,
        -6.83408141e-01], dtype=float32), array([ -3.87083083e-01,  -7.25231349e-01,   1.91279873e-01,
         1.77613175e+00,   9.34826851e-01,  -9.60885465e-01,
        -1.57641053e+00,  -1.25445485e+00,  -8.97152245e-01,
         7.00753704e-02,   1.65297699e+00,  -3.43203768e-02,
        -4.97309119e-01,  -1.36849964e+00,  -6.99707508e-01,
        -1.86609590e+00,   2.18596086e-01,  -1.44681323e+00,
         9.82233882e-01,  -2.10376811e+00,   1.01429820e+00,
         2.30230236e+00,   9.97996151e-01,   1.32717109e+00,
         9.80368629e-02,  -7.75404334e-01,  -2.44569540e-01,
         1.19762540e+00,  -3.59092891e-01,  -4.76080537e-01,
         7.45253205e-01,   4.34850119e-02,   5.97807586e-01,
        -4.63049680e-01,  -5.28227329e-01,   1.14828146e+00,
        -1.88679188e-01,   5.64766645e-01,   1.22832811e+00,
        -5.84285975e-01,   2.23352456e+00,   5.14276862e-01,
        -7.74979293e-02,   1.65142322e+00,  -6.73473626e-03,
        -1.42326832e+00,  -1.55560896e-01,  -8.20243359e-01,
        -1.50433624e+00,  -8.97108674e-01,  -7.97086954e-01,
        -7.11523831e-01,   1.31355560e+00,   1.20300248e-01,
        -1.58679143e-01,   1.87915349e+00,   8.72283399e-01,
        -1.00927186e+00,  -8.68725628e-02,   1.62735611e-01,
         1.12201869e+00,  -1.97941339e+00,  -2.81008863e-04,
         2.91287154e-01,   1.41806459e+00,  -6.19962692e-01,
        -5.49893796e-01,  -3.95622224e-01,   1.29923916e+00,
         5.39506137e-01,   3.22475308e-03,   3.88623953e-01,
        -7.05847383e-01,  -1.05822945e+00,   2.01278758e+00,
        -4.15909529e-01,   1.04740590e-01,  -5.12117743e-01,
         6.27093911e-01,  -6.07528957e-03,   7.63357133e-02,
        -8.41661036e-01,  -2.71678418e-01,  -8.92751515e-01,
        -9.88918781e-01,   2.35792637e+00,   1.70547128e-01,
        -4.95001465e-01,  -1.22342706e+00,  -2.75518417e-01,
        -1.44039667e+00,   1.88783336e+00,  -8.68093908e-01,
         5.78184366e-01,  -1.94936872e-01,   4.75735277e-01,
         5.20564497e-01,   1.45694986e-01,  -3.49082232e-01,
        -6.88010514e-01], dtype=float32), array([-0.38149285, -0.74413395,  0.15858525,  1.7803905 ,  0.96085513,
       -0.93689764, -1.61386669, -1.25439453, -0.92527604,  0.06772309,
        1.62540722, -0.05804243, -0.49630317, -1.3579278 , -0.69696075,
       -1.84248149,  0.18677314, -1.43378985,  0.9392696 , -2.1084435 ,
        1.03436315,  2.30930972,  0.98874807,  1.32880998,  0.09718388,
       -0.75774181, -0.23840046,  1.24133921, -0.39457664, -0.50204825,
        0.76608771,  0.058147  ,  0.5581069 , -0.40490884, -0.50821447,
        1.17228556, -0.18542089,  0.58933151,  1.26043761, -0.55182683,
        2.23253393,  0.46379915, -0.10450596,  1.67982304, -0.01891711,
       -1.40392125, -0.19951741, -0.84233487, -1.51235592, -0.88357717,
       -0.81402743, -0.70247722,  1.35339355,  0.13462615, -0.15471116,
        1.88342178,  0.861422  , -1.0161072 , -0.09569039,  0.12023932,
        1.12739193, -2.00171876,  0.01574428,  0.31186792,  1.36856496,
       -0.59899372, -0.5457204 , -0.41516173,  1.29435253,  0.56267548,
        0.01192055,  0.39702639, -0.68982619, -1.07222176,  2.00026608,
       -0.40756577,  0.0892478 , -0.50023621,  0.63525009,  0.01208348,
        0.10487327, -0.82865423, -0.25270945, -0.87563771, -0.99574828,
        2.36599445,  0.18298084, -0.50503033, -1.20976412, -0.26199293,
       -1.44085205,  1.850196  , -0.86428452,  0.60173136, -0.16734654,
        0.45216593,  0.47999969,  0.11231889, -0.34349066, -0.71081781], dtype=float32), array([-0.38471621, -0.74041831,  0.16226652,  1.79196286,  0.96134883,
       -0.92613679, -1.60888469, -1.24648154, -0.90928543,  0.05926929,
        1.61661756, -0.07199311, -0.49239087, -1.35484302, -0.68689007,
       -1.85294712,  0.18468121, -1.43365419,  0.94943893, -2.09634781,
        1.02847612,  2.32154846,  0.9850387 ,  1.33476233,  0.11506201,
       -0.76310688, -0.23822895,  1.23577154, -0.38097003, -0.516357  ,
        0.76471943,  0.05144905,  0.57113916, -0.41403675, -0.51652342,
        1.18496299, -0.16960995,  0.57830757,  1.27141869, -0.5696643 ,
        2.22517991,  0.48400146, -0.09676447,  1.68286812, -0.01862027,
       -1.39232051, -0.176543  , -0.82742786, -1.50856209, -0.88464922,
       -0.81633681, -0.70915151,  1.31976283,  0.13319972, -0.16059811,
        1.87739706,  0.86380869, -1.00197566, -0.10118803,  0.12434423,
        1.13336086, -2.00468731,  0.02117842,  0.3153123 ,  1.36477721,
       -0.611404  , -0.55008024, -0.43335018,  1.30166054,  0.5672968 ,
        0.00647845,  0.40285221, -0.71068364, -1.06632137,  1.99092352,
       -0.41188481,  0.08917498, -0.51748145,  0.65510744,  0.01457303,
        0.10421417, -0.82832366, -0.26606387, -0.88304359, -1.00019312,
        2.3653419 ,  0.18147863, -0.51611125, -1.21043611, -0.27427432,
       -1.45035672,  1.85523748, -0.86897486,  0.59991717, -0.17614755,
        0.44691896,  0.45994592,  0.12165481, -0.34090194, -0.68786329], dtype=float32), array([ -4.04537320e-01,  -7.40808845e-01,   1.71397313e-01,
         1.78066587e+00,   9.58900034e-01,  -9.41182852e-01,
        -1.60264301e+00,  -1.26189327e+00,  -9.23528016e-01,
         6.08344115e-02,   1.62916756e+00,  -9.70394462e-02,
        -4.91401434e-01,  -1.33136964e+00,  -6.98299766e-01,
        -1.84072196e+00,   2.01342106e-01,  -1.43755090e+00,
         9.39054847e-01,  -2.12206578e+00,   1.00632846e+00,
         2.32041574e+00,   9.98999894e-01,   1.34014177e+00,
         1.57882586e-01,  -7.42538512e-01,  -2.15312064e-01,
         1.20922101e+00,  -3.93468916e-01,  -5.19311130e-01,
         7.31847823e-01,   3.96020152e-02,   5.75111091e-01,
        -4.29957747e-01,  -5.22479177e-01,   1.18166459e+00,
        -1.87670276e-01,   5.73039293e-01,   1.26555967e+00,
        -5.95290303e-01,   2.21946716e+00,   4.65038657e-01,
        -6.69822991e-02,   1.67313230e+00,  -6.82128733e-03,
        -1.38985586e+00,  -1.46040708e-01,  -8.37172687e-01,
        -1.50953209e+00,  -9.10961270e-01,  -8.06230009e-01,
        -7.12141275e-01,   1.32735896e+00,   1.52909055e-01,
        -1.60446331e-01,   1.88745439e+00,   8.33671689e-01,
        -9.92735565e-01,  -1.05886579e-01,   1.27216741e-01,
         1.15243566e+00,  -1.99994981e+00,  -3.42424633e-03,
         3.07210773e-01,   1.36869800e+00,  -6.02758706e-01,
        -5.81344247e-01,  -4.16037172e-01,   1.30561495e+00,
         5.37960589e-01,  -1.96647062e-03,   4.21940893e-01,
        -6.98017061e-01,  -1.05413604e+00,   2.00043130e+00,
        -3.73912334e-01,   1.08597532e-01,  -4.94445890e-01,
         6.55378759e-01,   4.88141179e-02,   9.04260576e-02,
        -8.31171393e-01,  -2.69335538e-01,  -9.03058171e-01,
        -9.78804052e-01,   2.38233638e+00,   1.74428478e-01,
        -5.44657111e-01,  -1.21873450e+00,  -2.50904739e-01,
        -1.42572904e+00,   1.86669469e+00,  -8.74642015e-01,
         5.83512247e-01,  -1.70850366e-01,   4.44638401e-01,
         4.64151055e-01,   1.21492676e-01,  -3.40483159e-01,
        -6.83948398e-01], dtype=float32), array([-0.37288728, -0.82654256,  0.20094107,  1.82055545,  0.97313946,
       -0.92128444, -1.55279338, -1.2639991 , -0.99085373,  0.08503712,
        1.61325049, -0.0770447 , -0.52366126, -1.3459264 , -0.67358178,
       -1.80853951,  0.13987742, -1.42786121,  0.93347067, -2.08598018,
        1.02210033,  2.30369449,  1.02620554,  1.35517097,  0.17830506,
       -0.73150182, -0.18082167,  1.24956071, -0.35621893, -0.55996233,
        0.7375738 ,  0.05381535,  0.61642796, -0.37807873, -0.51487964,
        1.2008512 , -0.28277257,  0.56372273,  1.29702878, -0.60991687,
        2.2188437 ,  0.52103257, -0.03393309,  1.66644037, -0.05971532,
       -1.39457238, -0.1065688 , -0.79423809, -1.52836299, -0.96775126,
       -0.87786853, -0.73622918,  1.24392653,  0.10830029, -0.15930066,
        1.8475157 ,  0.87956285, -0.97321016, -0.13897775,  0.07962088,
        1.13079047, -1.97695601,  0.02941717,  0.2690807 ,  1.34510732,
       -0.59907162, -0.4891673 , -0.40628159,  1.32504141,  0.55804044,
       -0.03428344,  0.42384735, -0.69636494, -1.12066507,  1.97327101,
       -0.39106381,  0.12558658, -0.49811542,  0.64234972,  0.03530681,
        0.11493903, -0.8178041 , -0.31549212, -0.8694616 , -0.99079645,
        2.3274684 ,  0.21507075, -0.57775789, -1.23225856, -0.25041884,
       -1.44559312,  1.9175092 , -0.81346673,  0.58664888, -0.23152725,
        0.47697833,  0.48862252,  0.1381523 , -0.34737191, -0.699444  ], dtype=float32), array([-0.3725245 , -0.84956831,  0.20106561,  1.85567081,  0.96442312,
       -0.87349546, -1.54691231, -1.27165425, -1.02123702,  0.08894106,
        1.5779053 , -0.0707728 , -0.55707788, -1.33532548, -0.64496434,
       -1.78734148,  0.12822622, -1.42778933,  0.95243704, -2.05526018,
        1.02029991,  2.30542231,  1.05795288,  1.36895251,  0.19474389,
       -0.70694757, -0.18574569,  1.2991097 , -0.33948824, -0.5548054 ,
        0.75578648,  0.04406087,  0.65983969, -0.36570168, -0.51735985,
        1.21839666, -0.32434365,  0.54736704,  1.29851806, -0.61686587,
        2.22623062,  0.54526091,  0.00768718,  1.67024267, -0.06797785,
       -1.40270674, -0.09750874, -0.76525193, -1.57217681, -0.97483712,
       -0.8893894 , -0.73825109,  1.18166935,  0.10273133, -0.14507905,
        1.79903519,  0.90214294, -0.97178829, -0.13525106,  0.09440711,
        1.116804  , -1.9709233 ,  0.03770753,  0.24979302,  1.33396983,
       -0.61240792, -0.41744712, -0.41523066,  1.32727396,  0.55590856,
       -0.05901536,  0.43532455, -0.68845654, -1.15420139,  1.96675622,
       -0.40014613,  0.13268819, -0.52795672,  0.62585562,  0.02060402,
        0.12010596, -0.82538617, -0.35654792, -0.86185515, -0.99396271,
        2.26420236,  0.23050183, -0.61007881, -1.23091507, -0.25316125,
       -1.43922389,  1.95445204, -0.81632125,  0.6075983 , -0.27681208,
        0.50870425,  0.46171528,  0.14053564, -0.34330219, -0.72027713], dtype=float32), array([-0.36757272, -0.85310906,  0.19095428,  1.85954511,  0.97650921,
       -0.86394739, -1.55643487, -1.26960111, -1.02408624,  0.09893466,
        1.56858695, -0.07244167, -0.54856706, -1.34318113, -0.64557439,
       -1.78221309,  0.1182633 , -1.4210217 ,  0.94599414, -2.0589745 ,
        1.02471292,  2.31017137,  1.0502094 ,  1.37397122,  0.18906909,
       -0.71297508, -0.17766656,  1.30172312, -0.34549835, -0.56727993,
        0.75729048,  0.0463594 ,  0.64764923, -0.35381278, -0.50988507,
        1.22793031, -0.32695377,  0.54332644,  1.30460095, -0.6118781 ,
        2.22514915,  0.53435218,  0.00446345,  1.67440224, -0.07121275,
       -1.40309846, -0.10511339, -0.76570177, -1.5744462 , -0.96572918,
       -0.89202523, -0.73739922,  1.18621922,  0.11080598, -0.14897795,
        1.78959024,  0.89984643, -0.97482568, -0.13689099,  0.08004978,
        1.13153768, -1.97718513,  0.04024475,  0.2505354 ,  1.32292831,
       -0.60468841, -0.42080569, -0.41783482,  1.32511663,  0.56088096,
       -0.05592728,  0.44279116, -0.67935282, -1.16109931,  1.96216381,
       -0.39922345,  0.12698753, -0.52709931,  0.62906337,  0.02356882,
        0.12748069, -0.82729685, -0.34610939, -0.8583529 , -1.00021994,
        2.26961088,  0.23651181, -0.6181578 , -1.22874844, -0.25708979,
       -1.43656909,  1.93903744, -0.81676954,  0.61756873, -0.27051932,
        0.50059897,  0.45415092,  0.14097209, -0.33452293, -0.71676219], dtype=float32), array([-0.34973776, -0.8166402 ,  0.17806417,  1.8378185 ,  0.98725331,
       -0.86224717, -1.56073391, -1.27594066, -1.03171372,  0.09577969,
        1.62590814, -0.08829036, -0.53693199, -1.3304373 , -0.67747283,
       -1.75931048,  0.1282872 , -1.42204404,  0.9489373 , -2.04113865,
        1.0360657 ,  2.32084966,  1.01858604,  1.37748253,  0.18944025,
       -0.73641378, -0.14903833,  1.32077682, -0.33652654, -0.56548995,
        0.73997688,  0.06057173,  0.62711698, -0.34718272, -0.51612878,
        1.22150517, -0.30520791,  0.55913502,  1.30327272, -0.60622096,
        2.19207835,  0.51439923, -0.02500233,  1.68371618, -0.05690224,
       -1.41065371, -0.13109063, -0.76903355, -1.55486453, -1.01626027,
       -0.87543148, -0.70808375,  1.18840253,  0.10840494, -0.16939743,
        1.8031131 ,  0.88162106, -0.98902363, -0.15905601,  0.08937684,
        1.14322257, -1.96309161,  0.01424998,  0.27751899,  1.30419004,
       -0.60522246, -0.41776806, -0.41006061,  1.3396064 ,  0.58161813,
       -0.04435388,  0.41114992, -0.68060952, -1.16614509,  1.98180389,
       -0.39353168,  0.09292626, -0.5156793 ,  0.6338675 ,  0.03249736,
        0.1091813 , -0.84012544, -0.36558211, -0.86340284, -1.01838183,
        2.30364895,  0.23655756, -0.6211198 , -1.20305669, -0.24713273,
       -1.44102108,  1.93046212, -0.81914431,  0.60914075, -0.2561712 ,
        0.46621639,  0.46186906,  0.11423639, -0.31608286, -0.71457338], dtype=float32), array([-0.36443195, -0.78579605,  0.17409816,  1.8172195 ,  1.00364053,
       -0.81267881, -1.58575737, -1.26421285, -1.01862776,  0.1411455 ,
        1.61189544, -0.08845104, -0.54898804, -1.35685194, -0.66209924,
       -1.73924863,  0.15571983, -1.39977932,  0.93661064, -2.04303336,
        1.03607047,  2.36306787,  1.03022897,  1.37824917,  0.16535734,
       -0.76496053, -0.14055458,  1.30009496, -0.34579131, -0.58065456,
        0.75021935,  0.03290035,  0.64960116, -0.34802961, -0.520042  ,
        1.23040104, -0.29424909,  0.58240247,  1.29558587, -0.61351579,
        2.19906974,  0.49466491, -0.01547494,  1.68129182, -0.05394822,
       -1.40777159, -0.12197091, -0.78072888, -1.56787157, -0.99622416,
       -0.86082327, -0.73076856,  1.17802525,  0.14836092, -0.1291039 ,
        1.76743555,  0.88798946, -1.00138259, -0.177634  ,  0.08060303,
        1.16864121, -1.96125948, -0.02068939,  0.2347405 ,  1.32338178,
       -0.64539289, -0.44903553, -0.42077348,  1.32140028,  0.571244  ,
       -0.0531012 ,  0.4445774 , -0.63909894, -1.16043997,  1.98164225,
       -0.3565433 ,  0.11192808, -0.51060373,  0.58358222,  0.03909956,
        0.09186347, -0.83120239, -0.33687353, -0.88426101, -1.020872  ,
        2.31983757,  0.21464261, -0.63960528, -1.2214725 , -0.28275216,
       -1.41137433,  1.92973208, -0.84672505,  0.62802887, -0.24508129,
        0.43312961,  0.46093053,  0.1047546 , -0.28806806, -0.7084232 ], dtype=float32), array([-0.36307263, -0.76280415,  0.17067902,  1.81496704,  1.02218723,
       -0.81911647, -1.60269225, -1.25572157, -0.97071093,  0.15562612,
        1.61121571, -0.08273311, -0.51765323, -1.38849866, -0.65732145,
       -1.76418459,  0.1537413 , -1.40787542,  0.93852937, -2.03292131,
        1.0302676 ,  2.34105134,  1.03517747,  1.37980998,  0.16248263,
       -0.77665246, -0.15881383,  1.28252864, -0.34036496, -0.57098818,
        0.74863237,  0.02421636,  0.64709902, -0.37799263, -0.52145284,
        1.23633802, -0.27850467,  0.5773313 ,  1.29605925, -0.58581209,
        2.21522856,  0.51495528, -0.01989844,  1.66299689, -0.07491665,
       -1.40803051, -0.13773668, -0.78384674, -1.56008089, -0.98833138,
       -0.84187686, -0.72259206,  1.19457686,  0.17026633, -0.14748295,
        1.76853168,  0.88956606, -0.99030817, -0.14419554,  0.0931917 ,
        1.17324853, -1.96143281, -0.02279465,  0.2519781 ,  1.3157109 ,
       -0.66116267, -0.4806926 , -0.44841579,  1.33599114,  0.59172297,
       -0.05890803,  0.43366063, -0.64238918, -1.15938997,  1.97841668,
       -0.36344978,  0.11576471, -0.51095587,  0.61372405,  0.02139856,
        0.09275751, -0.83293593, -0.32851988, -0.8821075 , -1.0190587 ,
        2.30645323,  0.20105027, -0.62024152, -1.22337687, -0.31288052,
       -1.41838098,  1.93329895, -0.85897571,  0.61674398, -0.2444049 ,
        0.41790524,  0.45769432,  0.10737196, -0.28235403, -0.71413302], dtype=float32), array([-0.36452645, -0.7591027 ,  0.17077513,  1.82856739,  1.01599729,
       -0.8128925 , -1.59670758, -1.25646961, -0.97131276,  0.1612542 ,
        1.61173964, -0.07339426, -0.52245641, -1.3857584 , -0.65548754,
       -1.76664352,  0.15811932, -1.39870095,  0.94893867, -2.02402687,
        1.04514039,  2.34170723,  1.03314364,  1.38499677,  0.16496196,
       -0.77405798, -0.15994841,  1.28060687, -0.35010946, -0.57264024,
        0.74754465,  0.01901014,  0.64595437, -0.37676728, -0.53449816,
        1.23659778, -0.2726278 ,  0.5605247 ,  1.30231214, -0.59020078,
        2.21032   ,  0.50496632, -0.01526431,  1.66240573, -0.07861391,
       -1.40806341, -0.13291401, -0.78339052, -1.56106007, -0.98433536,
       -0.83494186, -0.73049867,  1.18853021,  0.17210248, -0.14513944,
        1.76772618,  0.88730627, -0.99335134, -0.14704509,  0.09261677,
        1.17057908, -1.96812904, -0.01931322,  0.24582641,  1.3186692 ,
       -0.66518593, -0.4888894 , -0.44861272,  1.33259416,  0.58437532,
       -0.05659199,  0.43801227, -0.63839805, -1.15487671,  1.97373378,
       -0.36270013,  0.13157886, -0.51557136,  0.60552913,  0.02806089,
        0.09705537, -0.8364622 , -0.33364129, -0.88545871, -1.02341211,
        2.31132579,  0.20781772, -0.63711405, -1.220698  , -0.30930337,
       -1.42386281,  1.92088139, -0.86479473,  0.6293999 , -0.24748436,
        0.41601014,  0.45103088,  0.11656838, -0.28297618, -0.70649076], dtype=float32), array([-0.36371034, -0.73637778,  0.16257834,  1.83716559,  1.01754022,
       -0.81300294, -1.59203613, -1.26267028, -0.93546528,  0.15436615,
        1.64674723, -0.07835034, -0.53074056, -1.35862052, -0.65251285,
       -1.79942882,  0.15917566, -1.41099524,  0.94604295, -2.02148008,
        1.07155895,  2.3340652 ,  1.01169145,  1.35527754,  0.13772546,
       -0.80565369, -0.1794555 ,  1.2640301 , -0.36104572, -0.58698696,
        0.75577456,  0.04182407,  0.62765419, -0.39334795, -0.53667146,
        1.21935761, -0.23509796,  0.5402351 ,  1.30888498, -0.60878289,
        2.21129084,  0.5364508 , -0.03045576,  1.66290116, -0.0665727 ,
       -1.39158618, -0.1338747 , -0.79223365, -1.58438957, -0.97237766,
       -0.81578076, -0.74131978,  1.19096088,  0.14718962, -0.14240953,
        1.77674699,  0.87317055, -1.00324154, -0.13292229,  0.09204955,
        1.14657044, -1.9404074 , -0.01913357,  0.26146454,  1.32523346,
       -0.67032355, -0.51219761, -0.45715401,  1.35652089,  0.57197386,
       -0.02922555,  0.41324699, -0.6598922 , -1.1065762 ,  1.98581874,
       -0.37589502,  0.14488649, -0.52971083,  0.6042406 ,  0.04248048,
        0.11084983, -0.81357175, -0.32307494, -0.89578247, -1.03467143,
        2.31327939,  0.21803173, -0.64071214, -1.2410332 , -0.28101858,
       -1.43000376,  1.92233229, -0.8522954 ,  0.62491894, -0.21875349,
        0.40607253,  0.45268774,  0.10796509, -0.28446168, -0.70553875], dtype=float32), array([-0.35902762, -0.72950822,  0.16661465,  1.82759941,  1.02490222,
       -0.83796775, -1.60518229, -1.27822673, -0.94726545,  0.13552512,
        1.66272879, -0.05974681, -0.5233922 , -1.34361851, -0.66009343,
       -1.8018409 ,  0.15919541, -1.40196884,  0.91524649, -2.03841329,
        1.06080401,  2.3196876 ,  1.02034783,  1.33824289,  0.12204971,
       -0.80265158, -0.18676694,  1.25798225, -0.37164575, -0.5887723 ,
        0.75344974,  0.04562513,  0.64119691, -0.39345238, -0.53588086,
        1.21428776, -0.22781497,  0.54368436,  1.32013619, -0.59295714,
        2.21601653,  0.52602834, -0.03954296,  1.65547991, -0.06009198,
       -1.39046752, -0.14296548, -0.80062234, -1.57847452, -0.97806937,
       -0.79645234, -0.75035888,  1.19897139,  0.1469928 , -0.12611377,
        1.77648914,  0.85622877, -1.01565802, -0.14873515,  0.08934151,
        1.15129685, -1.92392981, -0.01375538,  0.27159595,  1.33279157,
       -0.68469614, -0.54289794, -0.45601574,  1.36440611,  0.57323825,
       -0.02678362,  0.42985332, -0.63647115, -1.08664048,  1.98859382,
       -0.34915522,  0.15865999, -0.52162576,  0.59704119,  0.05931237,
        0.09234612, -0.81177759, -0.28906342, -0.88999325, -1.04169106,
        2.32326221,  0.20188777, -0.62699199, -1.26508117, -0.29141498,
       -1.40016532,  1.93855834, -0.83941501,  0.61385608, -0.22895576,
        0.41591337,  0.45458016,  0.09469768, -0.29149207, -0.72498715], dtype=float32), array([-0.35413656, -0.73512632,  0.16246298,  1.82779682,  1.03100383,
       -0.84087193, -1.60214341, -1.28176785, -0.94604564,  0.14276433,
        1.66526246, -0.05124189, -0.52383137, -1.34645045, -0.65692902,
       -1.79687774,  0.16135916, -1.40220594,  0.91651845, -2.03753734,
        1.0622015 ,  2.31885576,  1.01776707,  1.34332871,  0.12510018,
       -0.80546218, -0.18627526,  1.26473594, -0.37764716, -0.58927667,
        0.75371945,  0.042039  ,  0.63527489, -0.39726812, -0.52103996,
        1.20884037, -0.22391061,  0.55434465,  1.32519865, -0.57982582,
        2.20912194,  0.52558178, -0.04165773,  1.65631008, -0.06185881,
       -1.39296973, -0.14908314, -0.80567735, -1.56994176, -0.97457683,
       -0.7996127 , -0.74853981,  1.19562268,  0.15187626, -0.13437173,
        1.78417218,  0.86088169, -1.01449108, -0.14814407,  0.08445983,
        1.15061033, -1.92824781, -0.01654409,  0.26824358,  1.33229804,
       -0.68569523, -0.54812431, -0.4531517 ,  1.36565685,  0.57559919,
       -0.01862478,  0.42407876, -0.63834   , -1.09035969,  1.99252748,
       -0.34245715,  0.14782061, -0.52401805,  0.58602756,  0.05947213,
        0.08589076, -0.81779015, -0.28538293, -0.88018513, -1.04574382,
        2.32543111,  0.20418496, -0.6280207 , -1.26316583, -0.28612715,
       -1.40477419,  1.92851996, -0.83725846,  0.61285132, -0.22259216,
        0.41150928,  0.44719109,  0.09411959, -0.2964699 , -0.72876549], dtype=float32), array([-0.35715497, -0.74093175,  0.16487411,  1.82840538,  1.02043366,
       -0.84955484, -1.59130609, -1.29046154, -0.9495433 ,  0.14395943,
        1.67450416, -0.03852772, -0.52247727, -1.35321259, -0.65612274,
       -1.79269242,  0.15518409, -1.4043895 ,  0.92062855, -2.03287768,
        1.07096827,  2.31926537,  1.02497005,  1.34436631,  0.11931383,
       -0.81167275, -0.18501218,  1.26226819, -0.38043267, -0.58116728,
        0.74503213,  0.039868  ,  0.63375711, -0.39540076, -0.52467757,
        1.20249093, -0.22643627,  0.54862785,  1.33043921, -0.58637244,
        2.20690656,  0.52293366, -0.02836736,  1.65295565, -0.05983125,
       -1.39797747, -0.14160846, -0.80102623, -1.56359136, -0.98154235,
       -0.7981981 , -0.75077742,  1.18646276,  0.14352025, -0.13223213,
        1.79444659,  0.86581188, -1.01158929, -0.15346852,  0.07846319,
        1.14464653, -1.92252862, -0.0204765 ,  0.26615426,  1.32965517,
       -0.68931937, -0.54794729, -0.45278206,  1.35726905,  0.56757224,
       -0.01347046,  0.4257215 , -0.64039844, -1.08427763,  1.99653125,
       -0.34378511,  0.1465058 , -0.52070457,  0.58573759,  0.07009002,
        0.091212  , -0.81608802, -0.28175512, -0.86960483, -1.04815185,
        2.33518243,  0.19995025, -0.62979501, -1.26554918, -0.2848368 ,
       -1.40072215,  1.92841005, -0.83609623,  0.6143012 , -0.22787273,
        0.41262743,  0.45018396,  0.09750976, -0.30705643, -0.72626615], dtype=float32), array([-0.35307351, -0.73269188,  0.15918124,  1.82715571,  1.04131949,
       -0.79481393, -1.57422662, -1.29934239, -0.92275488,  0.21664569,
        1.63000953, -0.03785029, -0.51338273, -1.39357114, -0.63496393,
       -1.740942  ,  0.17113589, -1.37752068,  0.9462828 , -2.01073837,
        1.0696106 ,  2.35596728,  1.02113628,  1.35720837,  0.1085759 ,
       -0.86089015, -0.1667935 ,  1.2245059 , -0.39037573, -0.59317672,
        0.73651814,  0.01696841,  0.64339817, -0.39025477, -0.52779537,
        1.19036222, -0.22175926,  0.53975159,  1.32893062, -0.58542937,
        2.18834281,  0.49915829, -0.03180048,  1.63720512, -0.0726326 ,
       -1.40395606, -0.14143947, -0.81238097, -1.56232524, -0.96418142,
       -0.77737612, -0.77075261,  1.17171931,  0.19975814, -0.1042923 ,
        1.75710416,  0.87590462, -1.04804218, -0.17337248,  0.06947291,
        1.18544078, -1.94237697, -0.06110217,  0.21260312,  1.37440002,
       -0.73696542, -0.60862094, -0.45601144,  1.36981165,  0.55333352,
       -0.02471834,  0.46977571, -0.59356296, -1.10678566,  1.99035168,
       -0.29479983,  0.18346116, -0.53331184,  0.52216274,  0.06175655,
        0.07776646, -0.81330299, -0.24871892, -0.89273173, -1.05736613,
        2.35279369,  0.22468665, -0.66278088, -1.27991009, -0.32004893,
       -1.39151776,  1.91672862, -0.88075781,  0.64437819, -0.20719014,
        0.37667403,  0.45966694,  0.11843489, -0.27447882, -0.70559818], dtype=float32), array([ -3.59256357e-01,  -7.47462571e-01,   1.40275910e-01,
         1.81230283e+00,   1.04004157e+00,  -7.84844995e-01,
        -1.57389545e+00,  -1.29832637e+00,  -9.01123106e-01,
         2.47774005e-01,   1.62827027e+00,  -5.27439415e-02,
        -4.94182140e-01,  -1.43546367e+00,  -6.30003631e-01,
        -1.73500049e+00,   1.75082013e-01,  -1.34736884e+00,
         9.26516712e-01,  -2.01115561e+00,   1.06619704e+00,
         2.36324477e+00,   1.01556540e+00,   1.34228539e+00,
         1.34923339e-01,  -8.64773154e-01,  -1.69461772e-01,
         1.21577024e+00,  -4.10577029e-01,  -6.04088068e-01,
         7.37999558e-01,   8.05109798e-04,   7.01364160e-01,
        -3.80963057e-01,  -5.12921631e-01,   1.17911363e+00,
        -2.32690409e-01,   5.54544270e-01,   1.35608017e+00,
        -6.16255522e-01,   2.22642684e+00,   4.71326590e-01,
        -3.19045186e-02,   1.65248775e+00,  -7.49511495e-02,
        -1.38074613e+00,  -1.36803374e-01,  -8.13638926e-01,
        -1.58021617e+00,  -9.22132730e-01,  -7.74781048e-01,
        -7.45462239e-01,   1.14287972e+00,   2.23467246e-01,
        -7.19001144e-02,   1.75618994e+00,   8.79183650e-01,
        -1.02205336e+00,  -1.94797009e-01,   3.90961803e-02,
         1.19353127e+00,  -1.94158959e+00,  -9.34116170e-02,
         1.91619590e-01,   1.38021958e+00,  -7.54945934e-01,
        -6.50664866e-01,  -4.60714042e-01,   1.35695052e+00,
         5.31424224e-01,  -1.72234830e-02,   5.03709733e-01,
        -5.53619146e-01,  -1.11929870e+00,   1.99246752e+00,
        -3.14251095e-01,   1.85199499e-01,  -5.26563942e-01,
         5.11247754e-01,   6.16113693e-02,   3.62180285e-02,
        -8.18283260e-01,  -2.53446490e-01,  -8.99439812e-01,
        -1.02620327e+00,   2.37513542e+00,   2.44024456e-01,
        -6.52220368e-01,  -1.26189005e+00,  -3.43311727e-01,
        -1.39274359e+00,   1.89271021e+00,  -9.12393451e-01,
         6.42334938e-01,  -1.94858506e-01,   3.46792251e-01,
         4.71592367e-01,   1.15323938e-01,  -2.78327376e-01,
        -6.83981597e-01], dtype=float32), array([-0.34475279, -0.74922371,  0.12432104,  1.80951083,  1.04910588,
       -0.79973501, -1.59059691, -1.29071403, -0.90803742,  0.26019856,
        1.63751924, -0.05496477, -0.48407057, -1.44446313, -0.6398285 ,
       -1.72622859,  0.16977543, -1.32570052,  0.91097325, -2.01869822,
        1.0651269 ,  2.3704071 ,  0.99825448,  1.33857894,  0.13203868,
       -0.87704033, -0.16758615,  1.23325038, -0.41226047, -0.61715913,
        0.73372978,  0.01308144,  0.68778509, -0.36262283, -0.50353962,
        1.19751143, -0.24221399,  0.56177229,  1.3616792 , -0.61681187,
        2.21476221,  0.45041734, -0.04126509,  1.65764749, -0.06522485,
       -1.38481724, -0.15717129, -0.8208347 , -1.56478214, -0.92138684,
       -0.78581625, -0.73748821,  1.16409564,  0.22397178, -0.08291943,
        1.76026642,  0.87301683, -1.02426302, -0.20565499,  0.02246572,
        1.19405472, -1.94775152, -0.08105382,  0.20807961,  1.36410308,
       -0.7359271 , -0.65827227, -0.4427762 ,  1.35847676,  0.53326261,
       -0.01431293,  0.51309061, -0.54739553, -1.12043798,  1.99757624,
       -0.3003979 ,  0.16811822, -0.51015109,  0.50806695,  0.06518768,
        0.0346349 , -0.81487197, -0.25337988, -0.90012997, -1.04813111,
        2.38094473,  0.24565607, -0.65310222, -1.26063275, -0.32670048,
       -1.38321733,  1.87043834, -0.90614092,  0.64985424, -0.18754232,
        0.33023781,  0.462989  ,  0.10978113, -0.26184699, -0.69376975], dtype=float32), array([-0.33887243, -0.75090277,  0.12492467,  1.80986273,  1.06087935,
       -0.79749328, -1.58682811, -1.28439319, -0.91486603,  0.25420645,
        1.62484479, -0.05164813, -0.49264407, -1.44616818, -0.64611095,
       -1.7248739 ,  0.17080772, -1.32312202,  0.9085058 , -2.02318573,
        1.0680877 ,  2.36580729,  1.00198591,  1.3335855 ,  0.13833453,
       -0.87436581, -0.1739407 ,  1.22806883, -0.41317815, -0.62417066,
        0.74159199,  0.00904272,  0.68467683, -0.35689858, -0.49659702,
        1.20145237, -0.23470955,  0.56737345,  1.3674922 , -0.61099887,
        2.22864437,  0.45559537, -0.04015664,  1.65376461, -0.0673305 ,
       -1.38293815, -0.16441001, -0.82515597, -1.56564569, -0.91734928,
       -0.78716987, -0.73832864,  1.16681957,  0.23372394, -0.07581314,
        1.7615329 ,  0.87725681, -1.02241457, -0.20520562,  0.0143679 ,
        1.19103336, -1.95310605, -0.08371744,  0.20737502,  1.36498344,
       -0.74409103, -0.66711342, -0.43773863,  1.3604573 ,  0.53526556,
       -0.01985859,  0.51519775, -0.54460704, -1.12005472,  1.98934245,
       -0.29798993,  0.16510215, -0.511778  ,  0.49977791,  0.06077952,
        0.03467489, -0.81819409, -0.25556469, -0.8906039 , -1.04865909,
        2.37897968,  0.25542241, -0.65270984, -1.25875401, -0.33074483,
       -1.37959695,  1.86167014, -0.90407288,  0.64989513, -0.18597221,
        0.3280645 ,  0.47152448,  0.10045838, -0.25834543, -0.70208079], dtype=float32), array([-0.36022779, -0.72978979,  0.10734858,  1.80395246,  1.01553035,
       -0.83507627, -1.58374345, -1.30621171, -0.92699397,  0.21038987,
        1.67721355, -0.02242746, -0.52016354, -1.41559756, -0.63308138,
       -1.71785462,  0.16273029, -1.32826221,  0.90224415, -2.08622909,
        1.08178568,  2.33640385,  1.0127176 ,  1.30563796,  0.16007787,
       -0.84407425, -0.18657869,  1.22868574, -0.42371541, -0.61116654,
        0.70790792, -0.00634881,  0.68313187, -0.40443259, -0.53663981,
        1.15334833, -0.20185377,  0.57153654,  1.35844839, -0.6225822 ,
        2.23246098,  0.46763507, -0.06619929,  1.66493845, -0.05340218,
       -1.38170874, -0.1428255 , -0.82810289, -1.59313047, -0.91595876,
       -0.75672942, -0.74315333,  1.15825498,  0.22914235, -0.10900416,
        1.81832004,  0.88329786, -0.99912786, -0.22156906,  0.03808703,
        1.14328563, -1.9433192 , -0.08231945,  0.18762705,  1.36762309,
       -0.73804158, -0.67223799, -0.41904402,  1.35346425,  0.51197016,
       -0.01530315,  0.44785434, -0.57846063, -1.12627685,  1.99074268,
       -0.29816708,  0.14973198, -0.50972641,  0.55541253,  0.11842214,
        0.02066821, -0.78709638, -0.27839935, -0.8715778 , -0.98887074,
        2.41169238,  0.24846922, -0.66252387, -1.24507415, -0.27839065,
       -1.37704468,  1.86637259, -0.85894108,  0.64584929, -0.20301674,
        0.38030174,  0.50465   ,  0.12809816, -0.26279399, -0.69287199], dtype=float32), array([-0.3625828 , -0.72846454,  0.08787536,  1.79579008,  0.99589396,
       -0.85274488, -1.57278872, -1.30194497, -0.91654867,  0.19835386,
        1.69126844, -0.00880336, -0.51482385, -1.43144584, -0.6209082 ,
       -1.71316302,  0.17001048, -1.31785548,  0.91011202, -2.09025598,
        1.08710504,  2.32223225,  1.00317454,  1.30011439,  0.16639602,
       -0.85367644, -0.19193913,  1.2411375 , -0.41063163, -0.59928298,
        0.70198935, -0.00844106,  0.67583829, -0.41606092, -0.54152143,
        1.14124918, -0.19294454,  0.57639343,  1.34528887, -0.63315797,
        2.24927068,  0.45781535, -0.07990617,  1.68186307, -0.04762885,
       -1.3965354 , -0.13116288, -0.84652746, -1.58380175, -0.91632068,
       -0.74280751, -0.74014932,  1.16329849,  0.22416806, -0.11535215,
        1.83118081,  0.89369118, -0.99250394, -0.22493523,  0.05816727,
        1.1307565 , -1.93954098, -0.10053057,  0.20021984,  1.36957657,
       -0.72034574, -0.67603701, -0.43194869,  1.34590769,  0.50307751,
       -0.01816271,  0.43126419, -0.57946968, -1.11988819,  1.9871434 ,
       -0.30197802,  0.13092817, -0.51770633,  0.57522297,  0.12565745,
        0.01477666, -0.78791636, -0.28861156, -0.87748957, -0.98823369,
        2.4270854 ,  0.24969669, -0.64854008, -1.23504972, -0.27289695,
       -1.37016523,  1.86139917, -0.86779571,  0.66026747, -0.21314864,
        0.36912611,  0.52493757,  0.11985476, -0.26045394, -0.68305081], dtype=float32), array([-0.35702068, -0.71962273,  0.08545563,  1.80143011,  0.99995232,
       -0.84626997, -1.57376719, -1.29998493, -0.91298115,  0.19743416,
        1.68599987, -0.00569205, -0.51760083, -1.42696095, -0.62512672,
       -1.71783745,  0.16595164, -1.32071233,  0.91585308, -2.09100866,
        1.08598888,  2.32000899,  0.99895149,  1.29989719,  0.16547777,
       -0.85472566, -0.19439828,  1.2360431 , -0.40720665, -0.6061402 ,
        0.71080655, -0.00991577,  0.67847723, -0.42258936, -0.53803086,
        1.14679539, -0.18106028,  0.58053738,  1.34614515, -0.63117594,
        2.25282383,  0.4668512 , -0.07654586,  1.67843163, -0.04708955,
       -1.39460623, -0.13261296, -0.85113794, -1.58124006, -0.92049414,
       -0.73697007, -0.74828643,  1.15785801,  0.2266982 , -0.11406074,
        1.83119774,  0.89268541, -0.9848401 , -0.22319369,  0.06150676,
        1.12788939, -1.93551862, -0.09806895,  0.20059575,  1.37466526,
       -0.72477818, -0.68453026, -0.4394756 ,  1.35225415,  0.50645429,
       -0.01760016,  0.43119738, -0.58253729, -1.11837471,  1.98680282,
       -0.30593649,  0.12859665, -0.52850008,  0.57479805,  0.12098216,
        0.00998307, -0.78910273, -0.2893815 , -0.87995601, -0.98620057,
        2.42257214,  0.24806732, -0.64792442, -1.23221636, -0.27163747,
       -1.37038088,  1.85834789, -0.87097698,  0.65945196, -0.21304126,
        0.36544102,  0.52149957,  0.11771777, -0.25722465, -0.68230581], dtype=float32), array([ -3.58403116e-01,  -7.23466098e-01,   8.97878408e-02,
         1.80240238e+00,   9.94628787e-01,  -8.46473336e-01,
        -1.56545496e+00,  -1.30468702e+00,  -9.14867699e-01,
         2.12211221e-01,   1.69170320e+00,   1.29449938e-03,
        -5.14848530e-01,  -1.43945575e+00,  -6.25642657e-01,
        -1.72197282e+00,   1.72365859e-01,  -1.31912434e+00,
         9.31168437e-01,  -2.09372759e+00,   1.08553457e+00,
         2.31682825e+00,   1.00037718e+00,   1.29571950e+00,
         1.75496668e-01,  -8.50312769e-01,  -1.92988634e-01,
         1.24282432e+00,  -4.28898990e-01,  -5.98603606e-01,
         6.93518341e-01,  -1.96492318e-02,   6.71726406e-01,
        -4.34364527e-01,  -5.47723114e-01,   1.14191651e+00,
        -1.86140671e-01,   5.86734295e-01,   1.34589720e+00,
        -6.22085452e-01,   2.26703715e+00,   4.59914237e-01,
        -6.83300495e-02,   1.67147946e+00,  -4.29758206e-02,
        -1.39355624e+00,  -1.34960815e-01,  -8.46604645e-01,
        -1.58644760e+00,  -9.09456074e-01,  -7.42182970e-01,
        -7.40053356e-01,   1.16473341e+00,   2.26786017e-01,
        -1.04162425e-01,   1.82599783e+00,   8.89352560e-01,
        -9.87921417e-01,  -2.22595274e-01,   7.62258321e-02,
         1.12363648e+00,  -1.93267739e+00,  -1.11781128e-01,
         1.94538951e-01,   1.37043118e+00,  -7.25761294e-01,
        -6.92048311e-01,  -4.23736334e-01,   1.34107280e+00,
         4.94527251e-01,  -9.36531182e-03,   4.26900357e-01,
        -5.65864027e-01,  -1.10834885e+00,   1.98991466e+00,
        -3.06934327e-01,   1.45280465e-01,  -5.24003267e-01,
         5.72503030e-01,   1.15997292e-01,   5.23360027e-03,
        -7.91496634e-01,  -2.83960283e-01,  -8.93080354e-01,
        -9.87249553e-01,   2.42907786e+00,   2.47554883e-01,
        -6.40418828e-01,  -1.23269618e+00,  -2.68464506e-01,
        -1.36829638e+00,   1.84723198e+00,  -8.91622424e-01,
         6.61128223e-01,  -2.06382498e-01,   3.62887084e-01,
         5.14093399e-01,   1.18648432e-01,  -2.58693188e-01,
        -6.83302581e-01], dtype=float32), array([-0.36405253, -0.71844596,  0.09780637,  1.81728292,  0.99212819,
       -0.84978294, -1.55880594, -1.30694795, -0.93100148,  0.20314763,
        1.68444502, -0.01441083, -0.51384521, -1.45295596, -0.63103318,
       -1.71741831,  0.18124582, -1.32520092,  0.9322601 , -2.09844089,
        1.08086169,  2.3055892 ,  1.00786257,  1.29186904,  0.17862549,
       -0.84914249, -0.18584567,  1.23905492, -0.4228017 , -0.58691978,
        0.67291951, -0.02151385,  0.66553581, -0.42510599, -0.53372675,
        1.13743424, -0.19277211,  0.59536374,  1.34944975, -0.62674451,
        2.25664163,  0.44998249, -0.04510529,  1.68381155, -0.02913367,
       -1.3979212 , -0.13522603, -0.8548317 , -1.57373774, -0.89854914,
       -0.7322517 , -0.73459429,  1.16200304,  0.24933855, -0.09722682,
        1.83843422,  0.88246381, -0.97223067, -0.2316757 ,  0.08025662,
        1.12873137, -1.94812727, -0.11919609,  0.19331056,  1.37212574,
       -0.72217274, -0.69419998, -0.41557327,  1.3355571 ,  0.47993636,
       -0.0032559 ,  0.44928354, -0.56835943, -1.09231818,  1.99597871,
       -0.32407546,  0.14397831, -0.52165306,  0.57432181,  0.12165885,
       -0.00514671, -0.8035593 , -0.30310479, -0.88019037, -0.99381894,
        2.42279482,  0.23947898, -0.64969754, -1.24477863, -0.25806069,
       -1.35979831,  1.84621131, -0.91520864,  0.66941011, -0.21579501,
        0.35518074,  0.50877666,  0.1234198 , -0.26136291, -0.66711468], dtype=float32), array([-0.35164011, -0.74997455,  0.11084672,  1.83806384,  0.99984378,
       -0.82555532, -1.54953384, -1.305933  , -0.95491463,  0.21082444,
        1.67410529, -0.01430989, -0.52221382, -1.46027374, -0.62088686,
       -1.70956528,  0.15109916, -1.33118558,  0.92280012, -2.07893586,
        1.08509862,  2.31520391,  1.00974667,  1.30155194,  0.17582065,
       -0.85202354, -0.16402502,  1.27047312, -0.40255809, -0.60398221,
        0.68113929, -0.01085055,  0.67947048, -0.38358802, -0.53032887,
        1.16605473, -0.22813708,  0.57319456,  1.35635936, -0.63526273,
        2.25330448,  0.4758004 , -0.03413925,  1.67543662, -0.04765363,
       -1.40549517, -0.1217707 , -0.81823581, -1.58327711, -0.91446573,
       -0.76472086, -0.74663836,  1.13879704,  0.2329932 , -0.10387632,
        1.80006504,  0.89465147, -0.97471321, -0.23265849,  0.05394753,
        1.12264919, -1.94167221, -0.0957607 ,  0.18504377,  1.36122704,
       -0.72017348, -0.64128959, -0.41003489,  1.34643185,  0.49036154,
       -0.02061389,  0.4664332 , -0.57667255, -1.11807346,  1.97789764,
       -0.3263146 ,  0.14878346, -0.51741809,  0.56834304,  0.10704865,
        0.02580801, -0.79903889, -0.3239482 , -0.87217093, -1.01722944,
        2.3934958 ,  0.25100172, -0.67660815, -1.24866629, -0.26100212,
       -1.36913848,  1.86210179, -0.89939982,  0.66811162, -0.23859316,
        0.37124023,  0.50818545,  0.12687732, -0.25562716, -0.66496295], dtype=float32), array([-0.35429528, -0.73575026,  0.11434251,  1.83909845,  1.00115287,
       -0.82056147, -1.55576003, -1.29873168, -0.93971604,  0.21750554,
        1.67892003, -0.01436884, -0.51083505, -1.45757735, -0.62595421,
       -1.70622599,  0.14075054, -1.33823097,  0.94616342, -2.09314966,
        1.08495224,  2.31516123,  0.99675798,  1.29098046,  0.17396054,
       -0.86415762, -0.1635588 ,  1.25173557, -0.40400359, -0.60063785,
        0.68599552, -0.01515867,  0.68381566, -0.40495172, -0.52644908,
        1.17545676, -0.2211445 ,  0.57712954,  1.35019732, -0.6331057 ,
        2.24934578,  0.48563749, -0.0390279 ,  1.67077506, -0.03870372,
       -1.39884877, -0.10471438, -0.82444984, -1.59124172, -0.91552079,
       -0.75491965, -0.75357586,  1.13585079,  0.23948671, -0.11637373,
        1.80019641,  0.89423889, -0.97493732, -0.23390776,  0.06956147,
        1.11814821, -1.94258785, -0.0928305 ,  0.18865563,  1.35136175,
       -0.72064102, -0.6449011 , -0.4147999 ,  1.35581172,  0.4900797 ,
       -0.02034573,  0.45326838, -0.59412855, -1.11065161,  1.97629178,
       -0.33433166,  0.14942916, -0.52911574,  0.57720083,  0.10592058,
        0.02068313, -0.78885406, -0.32596624, -0.87877053, -1.00599384,
        2.39023232,  0.24731165, -0.67799973, -1.24185085, -0.27288073,
       -1.3678453 ,  1.87345767, -0.90244639,  0.65980148, -0.23870799,
        0.3759982 ,  0.51685524,  0.13086964, -0.25409806, -0.660254  ], dtype=float32), array([-0.34997228, -0.73906428,  0.10872462,  1.83985734,  1.00787938,
       -0.81690282, -1.56261313, -1.2978822 , -0.94218343,  0.22337531,
        1.67364764, -0.01439105, -0.50779659, -1.46255779, -0.6271193 ,
       -1.70429623,  0.13368848, -1.33499002,  0.93989056, -2.09442139,
        1.08760965,  2.31748533,  0.99388808,  1.29318655,  0.17125742,
       -0.86567348, -0.15848573,  1.25561774, -0.40646043, -0.60859782,
        0.68692702, -0.01241689,  0.67670071, -0.39693895, -0.52278185,
        1.18158352, -0.22422032,  0.57666844,  1.35517275, -0.62811047,
        2.24760652,  0.47973981, -0.04085514,  1.67407084, -0.04091417,
       -1.3993969 , -0.11027084, -0.82476199, -1.59069991, -0.91133946,
       -0.75905669, -0.75222784,  1.14022779,  0.2431241 , -0.11867741,
        1.79535735,  0.89300156, -0.97777915, -0.23572278,  0.06022224,
        1.1257298 , -1.94524181, -0.08951427,  0.18949795,  1.34494174,
       -0.7150473 , -0.64357752, -0.41619772,  1.35369885,  0.49318829,
       -0.01943606,  0.45793197, -0.58838761, -1.11532152,  1.9737035 ,
       -0.33235344,  0.14599851, -0.52708673,  0.57843131,  0.1071122 ,
        0.02800164, -0.78797817, -0.32040375, -0.87738591, -1.01133382,
        2.3917892 ,  0.25005832, -0.68036532, -1.24014187, -0.27294978,
       -1.36781156,  1.86308634, -0.90144503,  0.66505253, -0.23597522,
        0.37012306,  0.51190048,  0.12965465, -0.25053918, -0.65834075], dtype=float32), array([-0.35408616, -0.73662537,  0.09618713,  1.82753623,  0.99725336,
       -0.8187654 , -1.56124496, -1.2926805 , -0.93160743,  0.21921577,
        1.67566299, -0.00927662, -0.50714928, -1.46077251, -0.62811303,
       -1.7159884 ,  0.14507656, -1.32579589,  0.94083327, -2.09296727,
        1.09151769,  2.31013417,  0.98303378,  1.28694189,  0.18050405,
       -0.86806083, -0.16428182,  1.25514841, -0.4026379 , -0.61447251,
        0.6940701 , -0.00907246,  0.66865313, -0.40908664, -0.51956344,
        1.17328107, -0.21392404,  0.58001339,  1.35621631, -0.62656754,
        2.25031209,  0.48161203, -0.05021948,  1.68028557, -0.03663623,
       -1.40472591, -0.11773165, -0.8421641 , -1.57873881, -0.91350478,
       -0.7493217 , -0.75514948,  1.1545459 ,  0.2382545 , -0.11902128,
        1.80154109,  0.89033431, -0.97322881, -0.2194905 ,  0.0618002 ,
        1.12529802, -1.94846272, -0.09134431,  0.2033425 ,  1.35448241,
       -0.71340632, -0.63856399, -0.42040411,  1.35341704,  0.50374436,
       -0.01568836,  0.4461247 , -0.60577077, -1.10421634,  1.97807395,
       -0.32794541,  0.13231722, -0.5242492 ,  0.58635467,  0.09025438,
        0.02469936, -0.78775245, -0.31960836, -0.87479842, -1.01083481,
        2.40244341,  0.23953669, -0.66339207, -1.24247146, -0.27440637,
       -1.38324928,  1.85488582, -0.89574671,  0.67398816, -0.23734605,
        0.37334186,  0.50855982,  0.1205287 , -0.24441575, -0.66461086], dtype=float32), array([ -3.53436500e-01,  -7.34150708e-01,   9.56129804e-02,
         1.82978284e+00,   9.92749989e-01,  -8.07358980e-01,
        -1.55440485e+00,  -1.29117465e+00,  -9.23964202e-01,
         2.06710547e-01,   1.68429708e+00,  -1.26422206e-02,
        -5.02313793e-01,  -1.46122515e+00,  -6.24934077e-01,
        -1.71032071e+00,   1.47114500e-01,  -1.32741177e+00,
         9.47969377e-01,  -2.09772849e+00,   1.08181787e+00,
         2.32087684e+00,   9.89862740e-01,   1.28288329e+00,
         1.78897232e-01,  -8.77928376e-01,  -1.56932876e-01,
         1.24343228e+00,  -3.99207175e-01,  -6.14884973e-01,
         6.94878757e-01,   1.23318506e-03,   6.79597557e-01,
        -4.17324990e-01,  -5.18342555e-01,   1.17246938e+00,
        -2.16553614e-01,   5.57586551e-01,   1.35499084e+00,
        -6.49279058e-01,   2.23770165e+00,   4.87447232e-01,
        -3.76567952e-02,   1.67737055e+00,  -3.50571424e-02,
        -1.40189540e+00,  -8.29535723e-02,  -8.29974890e-01,
        -1.58229423e+00,  -9.12886918e-01,  -7.46884942e-01,
        -7.54804611e-01,   1.13812888e+00,   2.29816660e-01,
        -1.23494171e-01,   1.81079686e+00,   8.87713253e-01,
        -9.57331121e-01,  -2.27181107e-01,   6.36650324e-02,
         1.12198782e+00,  -1.93611825e+00,  -8.74560401e-02,
         2.02204272e-01,   1.34003162e+00,  -7.17306197e-01,
        -6.30973935e-01,  -4.24705863e-01,   1.35342848e+00,
         4.91913646e-01,  -1.44120324e-02,   4.51912403e-01,
        -5.93868375e-01,  -1.09896958e+00,   1.98831189e+00,
        -3.44354004e-01,   1.32790580e-01,  -5.22609472e-01,
         6.01608574e-01,   9.49123800e-02,   2.47687642e-02,
        -7.87563086e-01,  -3.27028751e-01,  -8.76668751e-01,
        -1.02105820e+00,   2.40710855e+00,   2.38925636e-01,
        -6.74277067e-01,  -1.24902749e+00,  -2.89180040e-01,
        -1.39145565e+00,   1.87360120e+00,  -9.03409600e-01,
         6.59314096e-01,  -2.45545879e-01,   3.84705663e-01,
         5.05272388e-01,   1.21888772e-01,  -2.51505613e-01,
        -6.58661962e-01], dtype=float32), array([-0.34842047, -0.73776168,  0.09304728,  1.82748163,  1.0014776 ,
       -0.80954838, -1.55916345, -1.29338181, -0.92029464,  0.21644467,
        1.67919135, -0.01219263, -0.49741882, -1.47027051, -0.6314804 ,
       -1.71275878,  0.14454441, -1.32686555,  0.94559348, -2.09743881,
        1.08681715,  2.32361221,  0.98438764,  1.27878153,  0.17544287,
       -0.87625873, -0.15586215,  1.24740779, -0.40387625, -0.62075198,
        0.69549841,  0.00354808,  0.66981995, -0.41385993, -0.51643819,
        1.17899823, -0.220219  ,  0.56393528,  1.35810459, -0.63822764,
        2.23688769,  0.48410046, -0.0339877 ,  1.67977905, -0.03674309,
       -1.40470719, -0.08979566, -0.83156908, -1.58553779, -0.91208476,
       -0.75057435, -0.74862158,  1.1447984 ,  0.23169471, -0.12160311,
        1.80854964,  0.883645  , -0.95971096, -0.22545071,  0.0579333 ,
        1.1246841 , -1.93887401, -0.08626053,  0.20660974,  1.32865107,
       -0.70968157, -0.62994564, -0.41987106,  1.35249126,  0.49865416,
       -0.00812157,  0.46232146, -0.5912438 , -1.10256374,  1.98436666,
       -0.34320849,  0.1280199 , -0.51602411,  0.60538805,  0.09141218,
        0.03187196, -0.78954607, -0.32312608, -0.87614006, -1.02361882,
        2.40674162,  0.23917618, -0.67164409, -1.25049257, -0.28614882,
       -1.39203393,  1.85893726, -0.9038251 ,  0.66034293, -0.23975119,
        0.37867939,  0.50504148,  0.11332804, -0.25219074, -0.66105276], dtype=float32), array([ -3.49686086e-01,  -7.34924197e-01,   8.27339292e-02,
         1.82634521e+00,   1.00575411e+00,  -7.96125472e-01,
        -1.55388200e+00,  -1.29203439e+00,  -9.23903942e-01,
         2.20761195e-01,   1.68120575e+00,  -4.86216182e-03,
        -4.92417336e-01,  -1.46734107e+00,  -6.23114347e-01,
        -1.71903956e+00,   1.38941348e-01,  -1.33054662e+00,
         9.54553246e-01,  -2.09091997e+00,   1.10331893e+00,
         2.33167386e+00,   9.72137153e-01,   1.28348827e+00,
         1.63185820e-01,  -8.88988614e-01,  -1.48185655e-01,
         1.24462628e+00,  -4.10780609e-01,  -6.50651336e-01,
         7.02315450e-01,   4.51465417e-03,   6.62920535e-01,
        -4.24909979e-01,  -5.27777851e-01,   1.17255127e+00,
        -2.17055559e-01,   5.44123948e-01,   1.36146450e+00,
        -6.33495033e-01,   2.23555660e+00,   4.94674057e-01,
        -4.34801243e-02,   1.69530571e+00,  -4.44891341e-02,
        -1.38931847e+00,  -8.59872326e-02,  -8.29155564e-01,
        -1.60397315e+00,  -8.99982870e-01,  -7.43865430e-01,
        -7.47213066e-01,   1.13889956e+00,   2.35667884e-01,
        -1.16901487e-01,   1.79433012e+00,   8.85572016e-01,
        -9.62826073e-01,  -2.21253052e-01,   4.19316068e-02,
         1.14618766e+00,  -1.92465675e+00,  -8.33763704e-02,
         2.06577480e-01,   1.31267548e+00,  -6.98881507e-01,
        -6.30506277e-01,  -4.23033834e-01,   1.35917866e+00,
         5.11645734e-01,  -1.21494592e-03,   4.58846927e-01,
        -5.97479641e-01,  -1.12191260e+00,   1.97381496e+00,
        -3.52973074e-01,   1.20795548e-01,  -5.22435844e-01,
         6.12707913e-01,   9.52127278e-02,   3.44536826e-02,
        -7.82868266e-01,  -3.17595661e-01,  -8.61697316e-01,
        -1.02698529e+00,   2.40866041e+00,   2.47755289e-01,
        -6.84505224e-01,  -1.25238323e+00,  -2.87897378e-01,
        -1.39342082e+00,   1.84677494e+00,  -8.92216206e-01,
         6.75418794e-01,  -2.34173521e-01,   3.71029764e-01,
         4.99924988e-01,   1.17096849e-01,  -2.51929611e-01,
        -6.66079283e-01], dtype=float32), array([-0.36318469, -0.74315888,  0.07585105,  1.83007669,  1.02159107,
       -0.79669744, -1.53568721, -1.30123866, -0.89611179,  0.23693801,
        1.6605587 , -0.02380613, -0.49087071, -1.45814705, -0.61079556,
       -1.72095394,  0.17521891, -1.31826115,  0.97600687, -2.07850528,
        1.1056447 ,  2.3402338 ,  0.98025781,  1.28646016,  0.15751955,
       -0.89668417, -0.15971094,  1.23230743, -0.41467735, -0.64392978,
        0.68867302,  0.00328062,  0.66118062, -0.43181008, -0.54710448,
        1.15425956, -0.19748977,  0.54728729,  1.34842432, -0.64067358,
        2.22771716,  0.48867637, -0.06990738,  1.68334484, -0.05509364,
       -1.38454902, -0.09631442, -0.84393895, -1.62599802, -0.9005053 ,
       -0.71917129, -0.75962478,  1.14450407,  0.25558653, -0.10615382,
        1.75030768,  0.88262814, -0.98696852, -0.18687028,  0.04291339,
        1.17440724, -1.91991389, -0.09530456,  0.20214799,  1.36039245,
       -0.72672969, -0.63952219, -0.43923771,  1.39849484,  0.47714153,
       -0.02283108,  0.48365584, -0.59140038, -1.11285186,  1.96416926,
       -0.32849109,  0.15405218, -0.52697641,  0.56268251,  0.07714517,
        0.03668969, -0.79115546, -0.28140399, -0.88152212, -1.01853788,
        2.40818906,  0.24890959, -0.67258483, -1.26008081, -0.31738013,
       -1.40732884,  1.83124697, -0.91912675,  0.71354669, -0.21090528,
        0.38071966,  0.49449089,  0.12447206, -0.23242922, -0.64969349], dtype=float32), array([-0.35884601, -0.75325811,  0.08968455,  1.83906364,  1.02093363,
       -0.78905052, -1.51956558, -1.30033314, -0.91014391,  0.23284107,
        1.66066349, -0.02035236, -0.50538874, -1.4523952 , -0.60469776,
       -1.71665978,  0.16391575, -1.32751477,  0.98213398, -2.06783104,
        1.10551798,  2.33872342,  0.99026877,  1.2893368 ,  0.16361117,
       -0.89170432, -0.15629588,  1.24328279, -0.40248752, -0.64243436,
        0.69538707,  0.00400532,  0.67126304, -0.41846493, -0.54936486,
        1.16309655, -0.21192873,  0.53532881,  1.34922457, -0.64855337,
        2.23371148,  0.50852573, -0.05851627,  1.67859662, -0.06109186,
       -1.39203966, -0.08404222, -0.82552564, -1.62722623, -0.91469336,
       -0.73978484, -0.76468474,  1.12224257,  0.2390084 , -0.10438316,
        1.73998702,  0.89353961, -0.98414797, -0.19181225,  0.0438495 ,
        1.15859437, -1.91544509, -0.088891  ,  0.19657372,  1.35828125,
       -0.72695607, -0.61378545, -0.43235695,  1.40452707,  0.47750273,
       -0.03072344,  0.48563871, -0.60369122, -1.120875  ,  1.95744026,
       -0.3318806 ,  0.15299584, -0.528139  ,  0.55912453,  0.07054553,
        0.04241481, -0.79217947, -0.3002474 , -0.88002777, -1.02321267,
        2.38857079,  0.25556222, -0.68244857, -1.26018989, -0.31325522,
       -1.41202343,  1.84942245, -0.91315347,  0.70565075, -0.23110276,
        0.39901274,  0.50191629,  0.12540425, -0.23961698, -0.65150028], dtype=float32)]
