[array([ 2.32302856,  0.92296869, -1.0519824 , -0.99674159,  0.61029989,
        1.81140101, -0.41882598,  2.90323472,  1.07378602,  0.73726195,
       -1.18140411, -1.87378645, -0.73515129, -0.09473729,  1.12964809,
        1.08489931,  0.65689528, -0.71203601,  0.05448039,  0.26796603,
        0.69894189, -2.66082096, -0.76438403, -1.69456291, -1.22887647,
       -1.43044114,  0.34626347, -0.67054754,  0.38979411,  0.42028716,
        0.46435529,  0.18578759,  0.0825098 ,  2.28060579, -0.59086818,
        2.3622427 ,  2.03501511, -0.89137924, -1.11043692,  0.05649427,
       -1.61822915, -0.47315744,  0.54783708, -2.60057497,  2.82172489,
       -0.80941963, -1.52394783,  0.1537759 , -0.10582563,  0.18305799,
       -0.30443212,  1.69691575, -0.42742988, -1.31259167,  1.05505753,
        0.65700352, -1.16963029, -0.03959548,  1.13179111, -0.33921143,
       -1.93568563,  1.12589705,  1.95563555, -0.50562966,  1.58903074,
       -0.53578323,  1.92309487,  0.36214066, -2.58172441, -0.96411896,
        2.38128376, -2.27105427,  0.10321874,  0.93814844, -0.92700505,
        1.11102152, -3.78086925, -0.092995  , -0.15380853, -2.18015623,
       -0.42739415,  1.3107605 ,  1.69037461, -0.01345648, -1.76345944,
       -1.60901034,  1.37451601, -2.50358891,  0.69510907,  1.736269  ,
       -0.9835642 , -1.95977628,  0.68213189, -3.72455549,  0.86245435,
       -0.6552397 , -1.86994934,  0.29313168,  2.42708731,  0.25401819]), array([-2.7625621 , -1.09760093,  1.25102496,  1.18533219, -0.72577297,
       -2.15413097,  0.49807084, -3.45254739, -1.27695398, -0.87675716,
        1.40493418,  2.22832018,  0.87424715,  0.11266226, -1.34338555,
       -1.29016997, -0.78118454,  0.84675829, -0.06478846, -0.31866711,
       -0.83118666,  3.16426722,  0.90901093,  2.01518627,  1.46138864,
        1.70109078, -0.41177898,  0.79741991, -0.46354593, -0.49980848,
       -0.55221461, -0.22093992, -0.09812124, -2.71211264,  0.70266464,
       -2.80919582, -2.42005444,  1.06003453,  1.32053948, -0.06718338,
        1.92440962,  0.56268219, -0.65149175,  3.09262226, -3.35561532,
        0.96256759,  1.81228961, -0.1828714 ,  0.1258486 , -0.21769387,
        0.36203285, -2.01798428,  0.50830266,  1.56094336, -1.25468192,
       -0.78131326,  1.39093266,  0.04708722, -1.34593405,  0.40339265,
        2.30193113, -1.33892478, -2.32565571,  0.60129839, -1.88968667,
        0.63715723, -2.2869581 , -0.43066024,  3.07020503,  1.14653712,
       -2.83183959,  2.70075389, -0.12274846, -1.1156528 ,  1.102401  ,
       -1.32123469,  4.49623661,  0.11059032,  0.1829102 ,  2.5926573 ,
        0.50826017, -1.55876571, -2.01020552,  0.01600254,  2.09711852,
        1.91344654, -1.63458422,  2.97728575, -0.82662865, -2.06478345,
        1.16966154,  2.3305799 , -0.81119609,  4.42926789, -1.02563686,
        0.77921571,  2.22375706, -0.34859428, -2.88630949, -0.30208024]), array([-2.02410848, -1.11702354,  1.43387685,  0.29319425,  0.95371103,
       -0.18707667, -0.98299524, -0.65445878, -0.32662329,  0.12095933,
        0.97339886,  3.027374  ,  0.88940395,  0.05372504, -1.37909979,
       -2.04632809, -1.51607092, -0.01510293, -0.56784744, -0.76481115,
        0.13778732,  1.19535384,  1.15781927,  1.23612047,  0.85072613,
        1.07991406, -0.19197321,  0.85842864,  0.41828654, -0.68168524,
        0.55884171,  0.3654205 , -0.33178652, -0.13066344,  1.29351286,
       -0.21375094, -1.5605685 ,  0.48303299,  1.35910564,  0.93095455,
        1.63964598, -0.22396705, -0.17952479,  1.89987872, -2.65203487,
        0.63458441, -1.42435969,  0.18897601, -0.66858578,  0.1139767 ,
        0.45149386, -0.51834995,  0.54322477,  1.52185131, -1.39830009,
       -1.22181838,  0.08296298, -0.39805816,  0.17066233,  0.77650073,
        1.6460682 ,  0.36871119, -0.94749669,  0.36575428, -1.10124403,
       -1.30747528, -1.79204095,  1.58253176,  1.22889623,  1.78844696,
       -2.18817107,  1.04930861, -0.44491809, -0.05486351, -1.28327503,
       -0.92271391,  2.05984888,  0.15052596,  0.27301967,  1.94559172,
       -0.78623055, -0.56392547, -1.52485148, -0.19231561,  0.1143786 ,
       -0.85706881, -0.99555524,  0.84052212, -0.14856644, -0.99915528,
       -0.10932081,  1.45903843, -0.25552442,  2.87421059,  0.01318472,
        0.29096691,  1.22534899, -0.07397791, -2.6893727 , -1.23904345]), array([-2.76060711, -0.52352565,  1.61817312, -0.05992595,  1.2587872 ,
       -1.08999952, -0.11121015, -2.22424328, -0.99461303,  0.65819553,
        1.04282809,  3.52103   ,  1.75088242,  0.3993016 , -2.36637106,
       -0.82645376,  0.06035059,  0.75525998,  0.80464344, -0.6842575 ,
        1.01915488,  2.25457688,  0.24385926,  1.59619759,  1.53250746,
        1.82886741, -1.16166526,  0.75526841,  0.69699992, -0.32913928,
       -0.50218691, -0.13444008, -0.31947604,  1.07420516,  0.58860367,
       -1.97106447, -3.03807398,  0.91594121,  0.47810209,  0.63983999,
        2.42885393,  0.18197633, -0.51935467,  2.98213297, -1.91051327,
        0.18051489, -0.04186661, -0.35741092, -0.42214911,  0.14157392,
        1.73193691, -0.74318963,  1.13498209,  1.91835039, -1.42202793,
       -1.67456341,  0.74590818,  0.31768002, -0.47856023,  1.39352022,
        0.69944647,  0.42989002, -1.21432295,  0.79632534, -1.07452986,
       -1.0514022 , -2.11498904,  0.31797032,  2.53331253,  1.09866533,
       -2.23454195,  1.28192008, -1.25889703,  0.34749436,  1.42389975,
       -1.43531345,  3.2070788 ,  1.14498219, -0.67873841,  0.9186376 ,
       -1.12153118, -0.84440478, -0.90179437,  0.68536529,  1.19508957,
        0.46081872, -1.05011604,  1.42541063, -0.54940899, -0.81916598,
        0.16746749,  1.40677161, -0.80734944,  3.34850912, -0.3690808 ,
        0.06381302,  2.46184817, -0.13636633, -3.67180478, -2.12244786]), array([ 2.91898663,  0.55356097, -1.71100976,  0.06336398, -1.33100541,
        1.15253417,  0.11759042,  2.35185093,  1.05167523, -0.69595704,
       -1.10265646, -3.72303593, -1.85133276, -0.42221004,  2.50213275,
        0.87386846, -0.06381298, -0.7985902 , -0.85080685,  0.72351422,
       -1.07762509, -2.3839248 , -0.25784978, -1.68777346, -1.62042935,
       -1.93379184,  1.22831147, -0.79859911, -0.73698769,  0.34802242,
        0.530998  ,  0.14215308,  0.33780479, -1.13583366, -0.6223726 ,
        2.08414693,  3.21237212, -0.96848992, -0.50553141, -0.67654842,
       -2.56820035, -0.19241654,  0.5491507 , -3.15322171,  2.02012183,
       -0.19087126,  0.04426855,  0.37791604,  0.44636834, -0.14969619,
       -1.83130031,  0.78582735, -1.20009745, -2.02840858,  1.50361146,
        1.77063523, -0.78870188, -0.33590572,  0.50601583, -1.47346823,
       -0.73957459, -0.45455335,  1.28399019, -0.84201153,  1.13617699,
        1.11172247,  2.23632864, -0.33621268, -2.67865187, -1.16169715,
        2.36274045, -1.35546546,  1.33112154, -0.36743055, -1.50559068,
        1.5176592 , -3.39107296, -1.21067127,  0.71767849, -0.971341  ,
        1.18587484,  0.89284935,  0.95353145, -0.72468556, -1.26365337,
       -0.48725647,  1.11036253, -1.50718824,  0.58092928,  0.86616257,
       -0.17707531, -1.48747987,  0.85366809, -3.54061732,  0.39025543,
       -0.06747405, -2.60308751,  0.14418984,  3.88246086,  2.24421537]), array([-2.40708421, -1.32837234,  1.70517655,  0.34866869,  1.13415994,
       -0.2224729 , -1.16898494, -0.77828703, -0.38842274,  0.14384569,
        1.15757285,  3.6001747 ,  1.05768551,  0.0638902 , -1.64003528,
       -2.43350793, -1.80292232, -0.01796051, -0.67528822, -0.90951886,
        0.16385766,  1.42152329,  1.37688691,  1.47000325,  1.01168957,
        1.28424148, -0.2282959 ,  1.02084945,  0.49742933, -0.81066494,
        0.66457853,  0.43456066, -0.39456289, -0.15538589,  1.53825469,
       -0.25419414, -1.85583917,  0.57442627,  1.61625809,  1.10709777,
        1.94987867, -0.26634321, -0.21349216,  2.25934929, -3.15381873,
        0.7546523 , -1.69385868,  0.22473162, -0.79508697,  0.13554191,
        0.53691971, -0.61642544,  0.64600677,  1.8097964 , -1.66286841,
       -1.45299511,  0.09866016, -0.47337359,  0.20295286,  0.9234202 ,
        1.95751602,  0.43847397, -1.1267698 ,  0.43495759, -1.30960724,
       -1.55485891, -2.13110785,  1.88195803,  1.46141214,  2.12683385,
       -2.60218861,  1.24784526, -0.52909976, -0.06524407, -1.5260798 ,
       -1.09729795,  2.44958694,  0.17900654,  0.32467694,  2.31371151,
       -0.93499097, -0.67062418, -1.81336423, -0.2287031 ,  0.13601985,
       -1.01923233, -1.18392138,  0.99955489, -0.17667627, -1.18820257,
       -0.13000508,  1.73509888, -0.30387146,  3.41803168,  0.01567936,
        0.34601991,  1.45719374, -0.08797506, -3.19822115, -1.47347929]), array([ -2.08331361e+00,  -1.77285527e+00,   6.67493267e-01,
         2.28845158e+00,   4.65200724e-01,  -2.71966314e-01,
        -1.73127858e+00,  -2.59034834e+00,   3.19927891e-04,
        -1.32925815e+00,   1.55122962e-01,   2.96249829e+00,
         1.14688857e+00,  -4.96287889e-01,  -1.37947458e+00,
        -1.84318448e+00,   4.60000827e-01,   6.13941514e-01,
         3.25141629e-01,  -3.09629095e-02,  -4.80788977e-01,
         2.75094756e+00,  -8.26438373e-02,   4.07680988e-01,
         2.18729237e+00,   1.13665950e+00,  -2.94513287e-01,
         1.83405320e+00,   6.77804836e-01,  -5.76687020e-01,
        -3.08422897e-01,   4.23969765e-01,   3.95031748e-01,
         4.74066989e-02,   1.29454117e+00,  -6.12479582e-01,
        -2.88776302e+00,  -1.85211139e-01,   1.48106639e+00,
         1.15030708e+00,   2.62420555e+00,  -3.11758683e-01,
        -1.93333895e-01,   2.16219744e+00,  -3.87907096e+00,
        -4.15484713e-01,  -5.07347779e-01,   5.85561332e-01,
        -9.46258258e-01,  -1.49865853e+00,   5.35202435e-01,
        -7.55466783e-01,   1.09812777e+00,   1.05177612e+00,
        -1.11511329e+00,  -2.19406773e+00,   9.55837455e-01,
        -8.65377193e-02,  -2.02742649e+00,   1.82820566e+00,
         2.11722997e+00,  -1.02681411e+00,  -2.42008635e+00,
        -1.04981082e+00,   3.45058767e-01,  -8.21540503e-01,
        -2.17990428e+00,   1.95010785e+00,   2.61235439e+00,
         8.02229991e-01,  -3.71719101e+00,   1.53776073e+00,
        -1.01134986e+00,   4.21981240e-01,  -7.62642117e-01,
        -1.67457551e+00,   4.44929636e+00,  -5.61390398e-01,
         7.09359889e-01,   6.98794452e-01,  -1.32295165e+00,
        -1.45497683e+00,  -2.17747157e+00,  -1.70405139e-01,
         1.72943924e-01,   9.50736339e-02,  -4.56535064e-02,
         9.88694713e-01,   1.11421387e+00,  -2.20521037e+00,
         6.96093383e-01,   1.82278569e+00,  -9.85502875e-01,
         5.58498760e+00,   7.72400020e-02,   9.87695142e-01,
        -1.22753226e-01,  -1.32659368e-01,  -2.72095890e+00,
        -7.12456424e-01]), array([-1.61375934,  0.51099159,  1.378777  ,  1.57547626, -1.84980314,
       -4.10438293,  3.70646106, -3.60769148, -2.505245  , -0.6268759 ,
        2.40374255,  1.66454468,  0.41515068,  1.43566999, -1.64718596,
       -0.63373894,  1.20216707,  2.23649774, -1.56327903, -0.9718344 ,
       -0.48701723,  1.53122284,  1.54091022,  3.12953363,  1.22313483,
        1.27910562, -1.46622146,  0.55235101, -2.67106969,  1.08431914,
       -1.66889621, -0.82154048, -0.8606339 , -3.16566271, -1.48200925,
       -4.65076367, -0.86610845,  1.9653484 ,  0.74772036, -1.5499418 ,
        0.30161815,  1.40773149, -0.29945905,  4.08289594, -1.03907295,
        1.24952952,  4.30349747, -0.30379452,  1.01842723,  1.68383936,
        1.50196556, -3.57130796, -0.45880772,  2.20848232,  1.80231328,
        1.93598607,  0.78684116,  2.26813783, -0.23533644, -0.6684048 ,
        0.71641928, -1.86436565, -2.33276398,  2.31371427, -3.68616803,
        2.45670662, -3.34317906, -4.94063072,  3.91492031,  1.13375496,
       -0.13960074,  3.48025439,  0.19620671, -2.84040832,  6.5513722 ,
       -0.32984347,  4.53540516,  0.25492504, -1.3821638 ,  2.52772273,
        2.36219082, -2.70049357, -0.17425593,  1.2579374 ,  3.48766235,
        5.56415817, -2.82788625,  6.06047972, -4.51664653, -1.55897983,
        2.30089621,  1.64082686, -0.35950019,  1.09657816, -2.89830048,
        0.35787177,  3.60544695,  1.31221585, -1.82924157, -0.36629426]), array([-2.1517531 , -3.16422545,  3.60872381,  2.9283387 , -0.94396652,
        1.56803041, -1.86921906, -1.93181439,  1.73866709, -2.3932896 ,
       -0.60785394,  6.3190586 , -1.40575406,  0.91798392, -2.42535817,
       -4.79516514,  0.46545488, -1.0767462 ,  1.36895282, -2.27368205,
       -0.38971439,  1.97826864,  1.69952915,  0.23707538,  1.67161337,
        2.87130115,  0.07222408,  0.06314404,  2.04555547, -1.73828188,
        3.56802702,  0.72792406,  2.7727333 , -1.14454941,  1.69100562,
        1.65556064, -2.59050719,  0.42111175,  2.67875186,  0.94675066,
        2.16186467, -0.26799094,  0.66794452,  0.98806579, -7.77685766,
        2.62887082, -3.11095074,  1.63549257, -1.93863937, -0.56857697,
        1.49899629, -0.96779124, -0.45551947,  0.2647289 ,  0.01533785,
       -4.41910231,  1.31268884, -1.67376915,  0.65360269,  3.05509021,
        1.27104447, -2.65741254, -4.29583054, -3.6113961 , -1.56956393,
       -1.94649301,  0.46061211,  3.02136062,  2.75731343,  2.65382253,
       -4.53539826,  3.16749331,  0.74257926, -1.56137875, -6.35700473,
       -2.31978085,  4.82032505, -1.23135184,  0.16099038,  4.18672103,
       -0.25713244, -0.87490322, -2.20180677, -2.19043549, -1.58110302,
       -2.36697589, -1.47098952,  0.93645552, -1.43571642, -0.77171509,
       -1.14572732,  2.46858891, -1.36972884,  6.00989156, -1.52476505,
        2.52653071, -1.29184773, -1.34983035, -3.74683253,  1.55900725]), array([-0.01845828,  2.32113331, -1.05030358, -6.27049762, -5.16681818,
       -1.72318997,  4.80605354, -0.41023531,  1.30578239, -3.07696043,
        0.68179128, -8.66943392, -6.33594471,  1.67949332,  5.16672372,
        2.94931824, -1.82355253, -3.95588849,  4.92392112,  0.61868257,
       -4.20958524, -2.46414342, -1.73443528, -1.9807864 , -1.92976382,
        0.57391303,  0.07624107, -2.15279675,  0.06257818,  1.95479069,
        2.90645243, -0.7487647 ,  3.89856812, -5.98079619, -0.9296372 ,
        0.08351141,  3.82783086,  0.26805094, -6.31415845, -3.09628261,
       -0.88412853,  2.80835138, -2.85233659, -5.17023376,  4.27013139,
       -0.56553163,  3.14932774, -2.73100962,  3.24239954, -2.65771407,
       -0.61349002,  0.47445889, -1.62120205, -4.90316617,  0.74177159,
        3.68358497,  0.26517401, -1.10068025, -2.47771568, -2.73028319,
       -2.47130685,  0.95914108,  0.01333433,  0.08976266,  0.57286061,
        1.49268794,  4.71981284, -2.05001263, -5.29914397, -3.50675852,
        4.00669991, -0.62575561,  0.86952322,  1.19169452, -3.35458968,
       -0.14815639, -3.62658399, -0.43186489, -1.70809838,  0.96866098,
        2.73323954,  2.8384776 ,  1.7305798 , -2.0583596 , -2.0741067 ,
       -2.8044144 ,  1.79328351, -5.85432588,  0.5019045 ,  2.14522028,
       -1.13948284, -1.38839998,  0.03253223, -5.19842475,  1.02913231,
        1.34835492, -1.90578243, -1.65753121,  1.69952937,  7.79457099]), array([ 4.63530583,  1.65494   , -2.5337785 , -1.04295395, -2.1779132 ,
        2.21285402,  0.30888677,  4.84106108,  2.72236229, -1.44573451,
       -1.79517221, -8.6495583 , -3.39424531, -0.25139537,  5.01724057,
        2.30231252, -1.0513651 , -1.3946395 , -1.20427021,  1.08634684,
       -2.7546089 , -4.84346436, -1.80597718, -3.28239785, -2.03619647,
       -2.68894485,  1.38476636, -2.35272676, -1.02689421,  2.04413926,
        0.67100529,  0.78531012,  1.47390191, -2.46851555, -0.14738345,
        3.68586981,  6.63622351, -2.39697419, -2.44113841, -2.90629418,
       -3.00745456, -0.34027877,  0.02127589, -6.00970273,  5.83010783,
       -0.9414202 , -0.58487578,  0.22461949,  2.23938702, -0.78106303,
       -2.57759024,  2.1305155 , -1.46281204, -4.8960953 ,  3.36392425,
        4.84748374, -2.53946867,  0.4490406 ,  0.90632709, -3.0315651 ,
       -0.57517346,  0.18964193,  2.4191366 , -1.52178898,  2.81275719,
        1.98084013,  4.05859618, -2.35887338, -4.9201297 , -3.61579756,
        5.83462653, -2.92873464,  2.50208999, -0.18467771, -2.8884217 ,
        2.30687985, -7.19073444, -0.69794122,  0.44630477, -2.22208198,
        2.29862748,  2.56177909,  2.98705824, -0.88435007, -2.8909077 ,
       -1.41979685,  2.88767358, -3.92548418,  1.25833049,  1.65129767,
       -0.73946159, -3.63510919,  2.54329896, -7.62007725,  0.90934013,
       -0.55508134, -4.88920858,  0.69565168,  7.23130595,  5.72155083]), array([  3.46941787e+00,   4.23130825e-01,  -2.51029528e+00,
        -2.14536598e+00,  -5.83058982e-02,  -8.55155670e-01,
         3.35206655e+00,   3.32781433e+00,   1.72732116e-01,
         1.30832389e+00,  -5.01966885e-01,  -6.85606030e+00,
         1.71885513e+00,   2.27450556e+00,   2.77661469e+00,
         2.56462988e+00,   3.17700307e+00,  -1.24306125e+00,
        -4.94712703e-01,   2.23703090e+00,  -2.41103580e+00,
        -3.56771709e+00,   4.66691261e-01,   5.28814340e-01,
        -1.61178331e+00,  -3.76023012e+00,  -2.02299088e-01,
        -2.05599301e+00,  -2.42052488e+00,   2.97129448e+00,
        -8.44294020e-01,  -3.63655994e+00,  -1.24091401e-01,
        -2.56649387e+00,   2.20359754e+00,   5.57433066e-01,
         7.04278015e+00,   3.36929598e-01,  -3.84722594e+00,
        -1.13578980e-01,  -3.89304348e+00,  -2.52704952e-01,
        -7.95349463e-01,  -3.53319386e-01,   5.64473933e+00,
        -5.96473023e-01,   8.49814288e-03,  -2.84526656e+00,
         1.80019651e+00,   2.51723557e+00,  -9.42098599e-01,
         4.17192603e-01,   1.64006636e-01,   1.21435409e-01,
         2.69992015e+00,   7.04562967e+00,  -4.63843079e+00,
         1.89620141e-01,   1.33963185e+00,  -5.20216673e-01,
        -9.42056471e-01,   2.69167349e+00,   2.97189553e+00,
         1.81078206e+00,   3.30051746e+00,   6.50738079e-01,
        -2.67251420e+00,  -5.22057802e+00,  -7.32401750e-01,
        -3.78170248e+00,   6.41709736e+00,   1.19632188e+00,
         2.41289787e+00,   5.37821668e-01,   2.86055531e+00,
         3.26839872e+00,  -4.29123295e+00,  -2.59196991e-01,
         3.67356156e-01,  -1.21980902e+00,  -1.55497025e+00,
        -3.72830996e-01,   4.82386766e+00,   6.30443019e-01,
        -1.46230828e+00,   1.24605161e+00,  -2.66932333e+00,
        -9.85799037e-01,  -3.51671587e-01,   1.14706379e+00,
         1.02161010e-01,  -3.08820172e+00,   1.20660283e+00,
        -9.18942900e+00,   1.92831713e+00,  -2.15009499e+00,
        -2.09040015e+00,   4.02775308e+00,   4.42365481e+00,
        -4.12794349e-01]), array([-6.53329082, -2.44740708,  2.86406021,  2.8292971 ,  0.91563624,
       -1.14381304, -2.43618199, -3.22123561, -2.39483011, -1.48768894,
        1.72931224,  8.19329932,  1.69215019, -0.31176052, -4.29890714,
       -5.10549216, -0.53048887,  1.45119683, -1.56541371, -2.25461918,
       -0.06176052,  5.14830145,  3.72307242,  4.22684741,  4.21247696,
        2.87818603, -1.06351154,  1.947647  ,  0.65628716, -1.85292572,
        2.54760951,  1.29510383, -0.76492558, -1.51897092,  5.20709275,
       -0.78033541, -5.63566006,  3.25910061,  2.48831326,  2.45599488,
        6.21300006, -0.16275124,  0.59409452,  5.61261024, -6.71915816,
        1.1483981 , -1.68232141, -1.42388237, -0.91346906, -0.22165832,
        2.85602614, -1.94580088,  1.53464101,  5.49298024, -4.18830362,
       -2.96344469,  1.79260735, -0.40225484,  0.08763414,  3.83133573,
        4.44734596, -0.46846614, -2.01798442,  1.13563079, -2.49440116,
       -2.73208809, -5.9339187 ,  2.26471333,  4.72454561,  3.54310826,
       -5.66842765,  3.95963129, -0.41454385, -0.05181542,  0.94817436,
       -3.32732702,  7.82985703,  0.70705935, -0.44919504,  4.16322756,
       -2.00658146, -2.56642705, -4.19025437, -0.41074327,  1.17374356,
       -0.66030238, -2.11580709,  5.59496643,  0.45306251, -3.3268348 ,
        1.27845805,  4.65854956, -2.41616512,  8.86017457, -0.83689444,
        0.98994698,  3.8924953 ,  0.09940929, -7.02212437, -4.58851981]), array([ 10.74859542,   6.786131  ,  -7.276888  ,  -7.72638356,
        -3.43855017,   3.51703185,   0.54289041,  10.66508031,
         4.04874189,   0.12433921,  -2.84242235, -20.41711474,
        -8.55391511,  -2.19936653,  11.90535061,   7.00397148,
        -6.61284117,  -4.4280639 ,  -3.28445954,   2.03266839,
        -2.62945354,  -9.56607339,  -4.29191939,  -8.00435573,
        -7.63624824,  -6.08597292,   3.95724771,  -5.46596692,
        -2.02541349,   2.43906703,   0.4617266 ,   1.57699122,
         1.27302996,  -3.90112784,  -3.6198439 ,   7.1571621 ,
        11.92439453,  -4.77835071,  -6.74122944,  -5.58952875,
        -8.4825887 ,  -0.16161203,  -2.60660694, -14.54090464,
        16.70653131,  -2.09603739,   0.35187429,   1.54388261,
         4.62738992,  -1.28137767,  -7.39715765,   6.46929717,
        -3.6449977 , -10.19392724,   2.45692607,   9.60285326,
        -5.03570044,   1.3740899 ,   1.1308057 ,  -9.08260371,
        -2.26395143,   1.84345752,   8.513654  ,  -1.30502946,
         5.8727822 ,   6.20255614,  11.09593745,  -1.18987542,
       -16.63044532,  -6.85153105,  11.02196298, -11.24352783,
         2.97469269,   1.55814936,  -6.4519101 ,   4.90168852,
       -17.78433979,  -1.78336953,   2.46215316,  -5.66959369,
         3.26136555,   8.01062376,   5.39132193,  -2.66824146,
        -3.8720121 ,  -4.88759389,   9.28188928, -11.99453693,
         4.93318297,   4.01403796,  -3.89328592,  -7.46407763,
         5.3429618 , -15.64653679,   4.7716713 ,  -2.01884978,
        -8.01942656,  -0.98663681,  14.46113749,  11.33667121]), array([ -6.47635819,  -2.54650023,   5.30773336,   4.5863095 ,
         3.87354103,  -1.59002694,  -3.16937392,  -5.53663927,
        -3.22567205,   1.54687844,   1.54542282,  13.35243367,
         4.34723978,  -2.38965483,  -6.26789192,  -4.46297707,
        -0.54684579,   4.5957983 ,  -0.3243492 ,  -1.35393685,
         3.78048056,   7.51174296,   1.34851002,   4.38566013,
         4.57610863,   5.89038383,  -2.89531146,   3.72395215,
         2.33176947,  -2.33273808,  -0.75116338,   2.26653874,
        -2.20274241,   4.02177444,   0.21396967,  -5.06733942,
        -9.81371943,   1.87282759,   5.47648498,   1.82384881,
         7.45842342,   0.75152262,   2.21518868,   7.05000155,
        -9.33249238,   0.13120479,  -1.16656526,  -0.09007041,
        -2.3939482 ,  -0.98529829,   2.83805545,  -2.48570913,
         2.94478122,   6.37083801,  -3.02078695,  -7.10056224,
         4.30130013,   0.50146488,  -0.7854283 ,   2.58691357,
         3.12202375,  -1.07558441,  -4.35645011,   1.05053659,
        -4.22440981,  -2.58217566,  -4.06349104,   3.80611519,
         8.5159493 ,   5.50074201,  -8.6093198 ,   2.86836063,
        -2.34654287,  -0.26122725,   4.13378232,  -3.70183915,
         9.70773006,   2.38719704,  -1.07122776,   1.79135761,
        -0.68965775,  -2.93018746,  -5.43093048,   2.56675484,
         4.11951414,   1.9433571 ,  -2.7127864 ,   7.13737708,
        -0.96337306,  -3.59415533,   3.04393492,   5.39523188,
        -2.77809799,  12.04684083,  -3.24549918,   0.53392228,
         5.8650367 ,  -1.73676297,  -9.34940418,  -7.32107817]), array([-3.54665446, -0.22472489, -0.72929876,  3.3784039 , -0.26857525,
       -1.19586921, -2.91023076, -2.00432563, -2.50899541, -1.597767  ,
        0.38571295,  4.31805229,  1.57023677, -1.25024831, -2.43786526,
       -1.38232416,  0.66291142,  3.33740044, -1.08636549,  0.01398966,
        1.21980035,  5.75947124,  2.81436741,  1.41450012,  1.14453709,
        0.16539443,  1.42789406,  0.26360619,  2.15787607, -3.40952975,
        0.63590246,  1.80339411, -1.27989912, -0.03385696,  2.58435556,
        1.09952429, -5.85237527,  4.32446015,  1.7728436 ,  1.73383939,
        3.2599709 , -1.74272308, -1.2058658 ,  2.68483257, -2.44951701,
        1.12232418,  1.88762283, -1.97100186, -0.63276924,  1.00049558,
        1.44248131,  1.71069983,  1.00945055,  2.4786036 , -5.74083251,
       -4.08247209,  3.20692551,  0.1180538 ,  1.24205612,  3.68865597,
        2.34046519, -2.11469842,  0.68027097,  0.29296684, -1.27227962,
        0.25002289, -0.18382436,  1.67698557,  2.69954228, -0.02503872,
       -3.83218002,  0.37191284,  1.24960972, -0.19828096,  1.16451916,
       -0.74869564,  4.59866309,  0.22620207, -0.59364873, -0.16297027,
       -0.94336593, -0.19383121, -4.55644929,  0.02328496,  1.98979095,
       -0.1568954 ,  1.26510382,  4.45526338,  0.49738193, -2.99573636,
        0.81895298,  2.89557087, -2.36441922,  6.46706557,  0.38030829,
       -0.19531667,  2.51151323, -3.27974728, -0.89217746, -3.30299544]), array([ 1.75829475,  1.67022342,  0.68272417, -4.29010538, -1.0180085 ,
        1.05872498,  1.1532417 ,  4.66515012,  3.44251381, -0.86668021,
        1.33562481, -6.1886485 , -2.86828705,  1.8644087 ,  2.75848857,
        0.02652102, -4.44782501, -3.79593881, -0.33001702, -0.68251005,
       -4.18858174, -4.91454184, -2.08910104, -1.41134599,  0.58917509,
        0.43384998, -0.25850546, -1.78708253, -0.60066997,  3.77008957,
        1.15056416,  2.32450068,  1.2501174 , -3.49388273,  1.29969418,
        1.73578653,  5.84613633, -1.83062597, -3.1795682 , -2.36769676,
       -0.27497931,  0.33782899, -2.13897875, -4.23765119,  4.5559862 ,
       -1.25430267, -3.33842085,  0.66686987,  2.70300064, -1.23418531,
       -0.0563286 ,  1.52427182, -0.12466108, -3.79161036,  2.49018727,
        5.9883265 , -3.35486027,  1.04184326,  0.43302178, -3.58943903,
        0.4091982 ,  3.97173702,  1.26084149, -0.29716678,  1.80035745,
       -0.57724488,  1.86019373, -1.95771931, -2.71125354, -2.33192144,
        5.13484779, -1.48781262, -0.09202519,  0.2883374 , -4.33951556,
        0.74690059, -4.95897115,  0.74804683, -1.48906903,  0.01452285,
        1.14224711,  3.22657957,  2.36904176, -0.64894571, -1.85212381,
       -2.98111739,  1.82287056, -5.50893023,  0.43278755,  0.79837123,
       -1.8068756 , -1.58365733,  3.76463648, -3.83362731,  1.67531748,
       -1.92729798, -2.93483154,  1.47325835,  1.3099966 ,  4.44239271]), array([ -5.40500445,  -2.78645879,   2.81944226,   3.92722889,
         0.44674345,  -0.92888219,  -3.57134556,  -6.33230639,
        -0.21323412,  -4.10971881,   1.6974003 ,   8.36283914,
        -1.07842553,   0.09387068,  -3.6220871 ,  -4.39105444,
         0.16087569,   1.37732064,   2.10865308,  -2.15420078,
         0.50253227,   4.2677838 ,   0.13905597,   0.42059517,
         4.57037477,   4.30789687,  -1.30273263,   4.87193371,
         2.99604479,  -0.02575578,   1.53566923,   1.99438545,
         1.43407913,   1.61894573,   0.19998796,  -0.09071183,
        -7.71443986,  -0.35375926,   3.1565425 ,   1.91796136,
         6.90758014,   0.21742188,  -0.25191001,   3.19806333,
        -9.1465473 ,  -0.83034741,  -0.37490465,   2.15161258,
        -1.24784809,  -4.02915665,   2.46411312,  -2.19357809,
         1.09216623,   1.61096695,  -1.78598269,  -7.11493981,
         3.94695707,   0.17146787,  -4.07246706,   3.52516155,
         2.36185223,  -2.20374439,  -6.30652163,  -2.4496818 ,
        -2.64511509,  -2.76122   ,  -1.47993008,   5.02433659,
         3.53374222,   3.71430398,  -7.99807929,   2.58769817,
        -2.68323849,   0.25224825,  -2.58031168,  -4.80359702,
         8.95619815,  -0.42345809,  -0.11636405,   1.64510263,
        -0.99283059,  -2.27248788,  -5.67624738,  -0.2944278 ,
        -0.89796458,  -1.00369837,   0.8515448 ,   1.06056647,
         0.539386  ,  -2.80245488,   1.16923542,   4.23957345,
        -2.33761703,  11.36235137,  -1.00040881,   3.67128356,
         0.9898325 ,  -2.0400854 ,  -7.32891834,  -0.56343955]), array([ -5.32869891,  -4.3145152 ,   5.42408584,   4.56934444,
         2.88251092,   0.4945413 ,  -5.00404017,  -4.93655043,
        -2.13845175,  -1.32014282,   1.59816907,  11.63305414,
         2.42062309,  -2.3061463 ,  -7.55301574,  -6.48760568,
        -4.97424952,  -0.36755977,  -1.08061573,  -2.11155246,
        -0.29930413,   4.20760185,   2.89865292,   1.85460352,
         2.78598503,   3.23540291,  -1.85441987,   4.74495761,
         2.55789467,  -1.59904424,  -0.22019364,   1.46233028,
        -0.06639802,   2.63085524,   1.32159301,   1.422875  ,
        -8.27230472,   1.22075578,   7.92937895,   3.49204366,
         8.50149894,   2.28204481,  -1.5295644 ,   4.19327256,
       -11.98817054,   1.01231413,  -3.29663789,   1.50548425,
        -3.73477386,  -2.409625  ,  -0.29177782,  -2.05826184,
         3.30028813,   6.04613113,  -3.04310762,  -6.75274709,
         1.80511369,   0.67037154,  -1.81635517,   1.97365592,
         5.19791103,  -2.09179603,  -5.85334921,  -1.94181844,
        -4.30259069,  -2.20235137,  -4.53169862,   7.02826675,
         4.12711846,   7.10762301, -10.9879555 ,   2.79024059,
        -0.61583766,   0.16757667,  -5.4979367 ,  -5.75421003,
         9.34865837,  -2.00498838,   1.9498736 ,   4.2700966 ,
        -2.8996013 ,  -1.74175383,  -7.23896696,  -0.21005454,
        -0.08241813,  -1.4636118 ,  -0.72813859,   2.190465  ,
        -0.14566272,  -1.80121392,   1.14035365,   5.6392847 ,
        -2.05048801,   9.8632826 ,  -1.54584097,   4.51614847,
         3.04615061,  -1.4869777 ,  -9.25996152,  -1.20990845]), array([ 0.49756036,  0.64437002,  1.27711038, -7.25199247, -1.49117012,
        0.69285722,  3.80192692,  2.67341963, -0.66145382,  1.98089259,
        0.55264143, -3.67591392,  0.50201245, -0.35867192,  0.41297527,
        3.38338213, -1.09151186, -3.45130209,  1.61435482,  0.88063633,
       -2.08844919, -2.87370083, -2.65275745,  1.32276041, -3.6304374 ,
        0.38839116, -2.62492166, -2.26565079, -1.81970256,  2.87669996,
       -0.6090572 , -2.26802186,  0.04633811, -3.00058891, -0.86325185,
       -2.26291566,  3.8182761 ,  0.25647745, -3.36308335, -1.82396205,
       -2.54113894,  0.38142707, -1.52109986, -3.20995732,  5.26583395,
       -0.72094572,  1.14326785, -2.58084162,  0.64673816,  0.91678199,
        0.57380796,  0.21492381,  1.74737531,  0.05472916,  1.19571703,
        4.93616828, -3.59982602, -1.05646887,  0.36399703, -2.39236795,
       -2.6493825 ,  4.20661873,  2.53759143,  2.78588512,  1.91563758,
        2.14701157, -1.5575257 , -3.96481186, -2.96909406, -1.76059881,
        5.88828831, -2.4770235 ,  0.02546997,  2.71500964,  2.34641748,
        1.80569687, -3.82670017,  1.02989367, -1.55114481, -1.94577694,
       -1.41452324,  3.39885912,  3.94312951,  0.88579007, -1.17503046,
        0.1950516 ,  0.65155441, -3.60432141, -1.97850163,  2.52203553,
        0.86093549, -0.78926691,  1.73543417, -5.76057725, -1.16164871,
       -1.09007462, -0.2306885 ,  2.46127502,  0.44185588,  2.03167746]), array([ -7.58046883,  -7.00529543,   5.41940921,   6.39607422,
         1.60533867,  -1.26818662,  -0.62090936,  -8.4653689 ,
        -0.55768495,  -1.28429024,   1.36391205,  14.17083355,
         6.1561939 ,   1.77035653,  -9.2078372 ,  -5.14069154,
         6.28343615,   2.0891587 ,   3.64360755,  -2.43326228,
         0.35782585,   5.97326047,   1.55604708,   5.15210941,
         6.17017682,   3.39488685,  -3.30224521,   4.82848901,
         0.83993251,  -0.73620317,  -0.97761677,  -2.61980556,
         1.48689163,  -1.37968338,   4.87931816,  -6.10487733,
        -6.4574268 ,   1.48720163,   5.79550934,   2.50313446,
         6.33750526,  -1.42944335,   3.23018668,  11.54767809,
       -12.50396459,   2.8185674 ,   0.06943995,  -0.07610745,
        -3.24206684,  -0.84734394,   6.48061228,  -5.60513251,
         2.90439983,   4.72344841,  -0.89614046,  -5.4977335 ,
         2.4235737 ,  -1.95798197,  -1.5082318 ,   7.53094371,
         4.02445965,  -3.60710384,  -7.02645444,  -1.42864026,
        -2.68068776,  -3.89970046,  -8.53709103,  -1.57703341,
        13.95822035,   3.79515338,  -6.88538193,  11.99534008,
        -1.51875531,  -1.11681302,   2.90862487,  -5.30956172,
        12.49790457,   1.25469137,  -1.48079981,   6.99613408,
        -1.59515226,  -7.69584312,  -4.11773919,  -1.13929903,
         1.42913055,   5.35605007,  -7.31653104,   7.95022313,
        -2.69531384,  -4.326102  ,   2.69898425,   4.48673756,
        -4.82092158,  10.70180957,  -4.86709898,   3.30619843,
         4.09188409,   2.20957633,  -8.59286705,  -5.2669011 ]), array([ -6.3471622 ,   1.64439996,  -0.96953655,   1.11287424,
        -1.45372793,  -6.99889286,  -0.88593749,  -6.1105109 ,
        -5.24035641,  -0.92758156,   7.297735  ,   6.09915258,
        -0.51444893,  -0.32402281,  -2.73299811,  -2.04083235,
        -5.87129046,   3.2625363 ,  -0.2440321 ,   0.01813507,
         0.87465614,   4.93543762,   2.55476654,   1.07824203,
         0.2129117 ,  -0.46069041,   1.68939743,   6.54393048,
         0.19254584,  -3.16488851,  -3.39326004,   2.2796437 ,
        -5.44593421,  -5.34414766,  -2.41389634,  -4.66573692,
        -6.4612983 ,   3.22244764,   3.32444525,   2.07736005,
         3.35161279,  -0.40711352,  -4.63223091,   6.54813965,
        -6.22293142,   0.45642407,   7.2735838 ,   0.66476361,
        -0.18265722,  -0.74580072,   1.24364465,  -1.46243178,
         1.18371858,   3.88778837,  -9.7000392 ,  -2.46617521,
         4.8785603 ,   0.71652202,  -2.79949466,  -1.62020397,
         4.57688481,  -0.43337067,  -1.09634362,   3.77822954,
        -6.24501624,   3.57535611,  -0.47424332,   3.55650179,
         2.78858236,   4.45323735,  -6.88714351,   3.08790909,
        -2.57576286,  -0.29642265,   2.83120921,  -2.17341315,
         6.55090755,   1.19758254,  -0.33883934,   4.34787639,
         3.13619787,  -2.73936537, -11.41146913,  -0.17540659,
         6.17446768,   3.94073581,  -0.8405125 ,   2.60192928,
         0.49329509,  -5.37771273,   1.44574017,   7.70973311,
        -2.87337327,  12.56521629,   0.67668569,   0.73500761,
         7.76524276,  -4.5038376 ,  -6.16729747,  -5.53748423]), array([  5.25809065,   1.45586824,  -3.845583  ,  -8.29485967,
        -3.36601425,  -2.65547368,   7.23862796,   8.93036019,
         3.18922602,   2.38004763,   1.35469519, -10.77586629,
         1.39838137,   1.34575718,   7.61254822,   4.03503   ,
         0.1681739 ,  -3.816698  ,   3.38686152,   5.65583664,
        -3.97180776,  -8.96535696,   0.24561892,  -2.88001626,
        -5.32551547,  -3.8660378 ,   2.16046098,  -0.64386332,
        -0.53311462,   3.32446468,  -0.99496982,  -0.38526549,
         1.28405925,  -1.34502817,  -2.10378817,   0.71324732,
        10.59174868,   0.58085859,  -6.5265705 ,   0.98234853,
        -9.26684106,  -2.91121508,  -3.03569773,  -4.66120513,
         7.63753591,  -3.87512604,   1.99945317,  -2.68143988,
        -0.68271517,   3.72185926,  -0.41826176,   3.77865584,
        -0.64864675,  -4.22666408,   1.20113289,   9.43845098,
        -3.49551134,  -1.16935026,   1.80949178,  -2.98519726,
        -4.4418424 ,   5.44441347,   3.79924973,   6.0654052 ,
         6.4681623 ,  -0.3242988 ,   2.15239773,  -3.57952421,
        -3.5466921 ,  -4.68262624,  12.55636965,  -1.77740085,
        -0.9022381 ,   2.42439102,  -1.24502329,   8.99629977,
        -9.72049807,  -1.72927611,  -3.51872045,  -3.25599759,
         1.31501511,   1.24114043,   4.13947831,   1.60352051,
        -2.63457755,  -3.56044591,  -1.44337828,  -6.82489049,
        -3.40527932,   0.497325  ,   0.38719415,  -4.03450997,
         2.07162871, -10.14450309,   2.73730695,  -6.32475102,
        -4.05305404,   1.10796927,   6.40247285,   0.42873858]), array([ -1.08355679e+01,  -9.33413726e-01,   6.71665619e+00,
        -3.93194532e-03,   5.13296100e+00,  -3.73217594e+00,
        -2.00091066e+00,  -6.63241335e+00,  -5.19180888e+00,
         2.47399105e+00,   3.10546600e+00,   1.49820841e+01,
        -7.08673908e-01,   1.58604927e+00,  -6.66102859e+00,
        -7.75174817e+00,  -1.65383652e+00,   1.81340872e+00,
         3.30164216e+00,  -4.37409226e+00,   1.71703234e+00,
         4.02067261e+00,   1.80834681e+00,   5.13604170e+00,
         3.76685256e+00,   4.98118636e+00,  -6.88119151e+00,
         1.03019133e+00,   1.82767314e+00,  -2.99856658e+00,
         2.66871916e-01,  -1.78799506e+00,  -6.38545861e-01,
        -2.90910909e+00,   2.28937979e+00,  -5.37732081e+00,
        -7.06068275e+00,   2.88640664e+00,  -8.25593336e-01,
         1.08255608e+00,   9.70790854e+00,  -4.32343544e-01,
        -1.30587925e+00,   9.21355118e+00,  -1.06826785e+01,
         6.65817202e-01,  -4.08176349e+00,  -8.45444892e-01,
        -1.94813959e+00,  -1.22532138e+00,   7.95672517e+00,
        -2.65744511e+00,   4.74128661e+00,   6.83964287e+00,
        -5.33875499e+00,  -4.78595311e+00,  -6.85339757e-02,
        -1.22320106e+00,   7.96689938e-01,   3.29366238e+00,
         4.70670119e+00,   1.95424859e+00,  -4.63300942e+00,
         5.71762026e-02,  -3.11731578e+00,  -1.83652226e+00,
        -6.67520343e+00,   3.87254456e+00,   6.50240127e+00,
         7.28655483e+00,  -8.11760790e+00,   4.58549084e+00,
        -1.96972787e+00,   1.93422989e+00,  -1.14000045e-01,
        -5.68395717e+00,   1.03953109e+01,   3.21621775e+00,
        -3.38851730e+00,   7.84813023e+00,  -2.89990754e+00,
        -3.63250487e+00,  -4.55012122e+00,   2.38841474e+00,
         2.04089196e+00,  -1.31744700e+00,  -3.14799315e+00,
         1.82772146e+00,   8.37758468e-01,  -2.43742611e+00,
        -1.64842838e+00,   7.73027814e+00,  -4.54437021e+00,
         1.40297738e+01,   5.06535413e-01,   3.81252663e+00,
         7.86906723e+00,   2.62032043e-01,  -1.53953348e+01,
        -6.51989172e+00]), array([-0.11856952,  1.56280377,  3.78484504, -0.65621626,  1.08451839,
        0.55827822, -0.25906034,  0.21441999, -2.49953462,  1.55142124,
       -1.75297594,  2.98470088, -4.68590354, -1.69123163, -2.29555712,
       -2.82321529, -4.1780117 , -2.81487206,  0.7305804 , -1.52442838,
       -1.33104796, -3.80118935,  1.80315994, -0.56903772, -1.5040391 ,
        1.60554878, -3.07264048, -3.50749354, -0.11633473, -0.76116533,
        0.26567596, -0.58013948,  1.70394984,  0.87661253, -3.28733457,
        3.25622204, -1.37846558,  0.95450818,  1.2296293 , -0.47883459,
        2.80529022,  2.77331518, -1.27858979, -3.58868989, -3.93669607,
        0.28241079, -2.04808558,  0.86574181, -1.46683556, -0.07019623,
       -0.82200796,  0.20572267,  1.4603598 ,  1.28112462,  1.65577639,
       -1.02743528, -0.78706913,  0.27346501,  1.10011179, -2.62533252,
       -0.58043571, -1.2766458 , -2.53678573, -3.09324814, -0.60586283,
        2.61581666,  1.78307139,  3.53764437, -3.86631874,  4.73723275,
       -1.60442442, -3.51407088,  2.08141389,  0.33154541, -5.56063655,
       -1.54576911, -0.15841026, -2.30909144, -1.21963809,  1.38965547,
        0.27582021,  1.14645336, -0.31074081,  1.36240342, -0.55137545,
       -2.90664086,  2.79667599, -2.22633853,  0.24043925,  4.63742563,
       -1.53485744,  1.8428851 , -0.19728698, -0.68696077,  0.51116386,
        4.45388572,  0.64281462, -0.02059133, -4.65619449,  2.50486869]), array([ -8.79128777,  -2.62207406,   0.20364703,   1.58627888,
         4.50364889,  -5.04314355,  -4.18609837,  -5.1727818 ,
        -6.46763119,   1.50948967,   4.71058305,  10.49027663,
         7.1373234 ,  -2.15701097,  -3.50765022,  -1.44536659,
        -1.11620271,   7.41202789,  -2.12641182,   0.95139481,
         6.16721231,   8.11583853,   4.1106512 ,   4.56862094,
         1.9416202 ,   2.96739504,   0.25028408,   6.97287428,
         1.89340169,  -2.24537678,  -2.29470869,   0.33077615,
        -5.63324822,   5.05931618,   1.12990816,  -3.04960178,
       -10.64084346,   2.43832324,   5.53757416,   4.1176135 ,
         5.40888217,  -3.59032893,   0.3877817 ,   9.71303653,
        -5.7235821 ,  -0.60165739,   4.78453332,  -1.87492558,
        -0.62393068,   1.99841312,   1.11929163,  -1.17793494,
         3.14204923,   7.59989305,  -8.896152  ,  -6.95283253,
         3.95220607,  -0.25894239,  -2.08705147,   4.43088425,
         4.83904329,   0.48090405,  -1.316279  ,   6.15945432,
        -4.46930138,  -1.59200296,  -6.72272045,   4.70691377,
         3.55303929,   5.54624839,  -6.87233887,   0.24523956,
        -2.56147376,   2.09439577,   7.05789249,  -0.66549943,
         6.4534965 ,   3.81759043,   0.72121349,  -0.74524505,
        -2.58555699,  -4.44299556,  -8.64085467,   2.46189906,
         1.83666367,   2.22645186,  -1.72594337,   7.362064  ,
         0.15883153,  -4.86238919,   4.44936752,   4.55661899,
        -3.08585006,   9.52394088,  -0.62746815,   0.38813854,
         7.69230585,  -1.24761716,  -6.22905329, -11.59536696]), array([-1.51291233,  1.89300449, -2.21699428, -0.89770396,  0.08858581,
       -0.61565409, -1.84418419, -1.70943532, -2.99601808,  0.84455142,
        0.15580489,  0.04700232, -2.51059694,  1.84714447,  2.09643104,
        0.64715129, -0.20763808,  0.99859629,  2.64496878,  1.56171212,
        1.50102371,  0.48674573,  0.51013195, -2.9914578 ,  0.4519215 ,
       -1.84599919,  1.029458  ,  0.6447426 ,  1.04165175, -4.17627422,
       -0.27461229, -0.39684797, -3.64613893,  0.77723424,  0.79635159,
        0.81204408,  0.85415537, -0.51350451, -2.74635312,  2.49978107,
        0.8066366 ,  0.86442241, -1.03387755,  0.26216534, -1.83740523,
        0.19088129,  2.26923429, -3.0757994 ,  0.83200785, -0.14279579,
        2.0278213 ,  1.41431952,  1.16980447,  1.14753163, -4.00985944,
        0.96026799,  1.90643324, -1.61128381,  0.40451222,  0.37475866,
       -1.58262652,  2.42673683,  2.28788958,  1.25292001, -1.05120824,
        0.31446004,  1.30816844,  3.08799882, -1.52863376,  1.32720806,
       -2.87364164, -1.11015931,  1.25125799, -0.91025752, -0.85873688,
        0.01251247, -3.00510012,  3.81155072, -1.44449933,  0.1368707 ,
        1.48555948, -2.34231382, -2.25392846,  1.16974543, -0.49818206,
       -1.58646115, -0.92611836,  0.05834523,  2.12150586,  2.54685   ,
       -4.30358527,  1.60478981, -0.81024202,  1.29553301,  1.22412668,
        1.13963981,  1.9142875 , -0.49768527, -1.12576525, -3.33537657]), array([  2.90996622e+00,  -3.97907529e+00,  -1.43184850e+00,
         5.00247205e+00,   5.80532952e-04,  -2.68936147e-01,
        -4.89703520e+00,  -3.53910335e-01,   1.90056135e+00,
        -2.34954138e+00,  -1.60234175e+00,   3.90857990e-01,
         1.99063929e+00,  -3.86277942e+00,   1.05352736e+00,
        -1.88165451e+00,  -4.09488261e-01,   7.45058142e-01,
        -2.44436533e+00,   2.15773855e+00,  -1.84334145e-01,
         3.39462181e+00,   2.49948946e+00,  -3.80054619e-01,
         7.16143736e-01,   1.17673016e+00,   3.22879864e+00,
         1.83597020e+00,   1.82198116e+00,   3.23993140e-01,
        -1.60493054e-01,   1.74710814e+00,   1.49393048e+00,
         4.67359936e-01,   6.18740222e-01,   4.58720749e+00,
        -3.49512369e+00,  -9.29743083e-01,   6.41728496e+00,
         2.22083414e+00,  -2.14333469e-01,  -2.73767349e+00,
         2.54527790e-01,  -1.83477377e-01,  -4.34841830e+00,
         1.03326138e+00,  -7.71194902e-02,   1.97089516e+00,
        -9.42835337e-01,  -6.06286249e-01,  -4.26589607e+00,
         1.02148441e+00,   4.60017825e-01,  -1.59201451e+00,
        -1.66664910e+00,  -2.97644517e+00,   1.43744357e+00,
        -9.42375161e-01,  -2.33612870e+00,   2.36238097e+00,
         4.05547033e+00,  -4.69174788e+00,  -2.49732712e+00,
        -3.03217898e+00,   2.09903982e+00,   6.17275080e-01,
         1.34393691e+00,   4.32778919e+00,   1.25882366e+00,
         9.59885721e-02,  -3.32696844e+00,  -6.03334713e-02,
         1.28948019e+00,  -1.29241689e+00,  -6.02109809e+00,
         4.18154668e-01,   1.90192580e+00,  -3.14959576e+00,
         4.19725799e+00,  -1.79083748e+00,  -1.05212339e+00,
        -1.45473227e+00,  -5.55196450e+00,  -2.25048235e+00,
        -4.79201695e-03,  -7.20001510e-01,   1.25164575e+00,
         1.39522852e+00,   1.55248531e+00,  -4.54662501e+00,
         1.56007804e+00,   2.25947247e-01,  -3.88814398e-01,
         3.84356871e+00,   1.53284222e-01,   1.22029051e+00,
        -4.44438494e+00,  -1.97236555e+00,   2.20240447e+00,
        -3.21252719e-01]), array([-3.70370618, -0.22491985,  2.23998076,  0.88031443, -1.08203077,
       -2.37918987,  0.69758525, -3.12640701, -2.4771951 ,  1.11009475,
        0.16097721,  0.29722664,  0.98181806, -0.95613388, -0.05096406,
       -0.06528634, -2.74301334,  3.15627318, -1.87644175, -0.42962691,
        0.73491107,  4.79300907,  2.3864697 ,  3.24642157, -0.82654036,
        2.1846065 , -0.21284143, -3.49956762, -0.99366239, -2.09986598,
       -0.09052731, -2.09547565,  0.91820126, -5.97144257,  2.02519976,
       -3.40594585, -2.14215053,  1.77821672,  0.80782023, -3.42185639,
        2.33057163,  0.45183111, -1.2918838 ,  4.22772349, -1.32479112,
        4.1596821 ,  2.95181371, -1.69925095,  1.69645189,  2.70975906,
       -1.13444427, -1.43509733,  0.08518817,  1.78022822, -2.5138042 ,
        0.73694158,  0.10027509,  0.33026217,  1.58810133, -0.09709003,
        4.90548793, -3.54105415, -1.29674176,  1.30990807, -2.7537143 ,
        3.97159869, -1.88403616, -3.24206676,  1.43056546,  0.43408836,
       -1.76704088,  2.43027043,  3.80580007, -2.3977789 ,  1.56307874,
       -1.18408535,  2.62353165,  2.20603705,  1.64477907,  5.26310542,
        2.13410404, -0.83482535, -0.07699031, -0.11788269,  2.99930839,
        2.28868836, -2.8582145 ,  5.49565473, -1.56285218, -1.62109811,
        0.3453448 ,  1.37376343, -0.6700124 ,  1.08697122, -1.86667872,
        1.08671464,  4.59968468, -1.2817205 , -1.13589869,  1.66701311]), array([-4.93080824, -3.08846867,  0.93479127, -0.72798637, -0.1949774 ,
       -5.02254974,  3.49650432, -5.36331161, -3.15554383, -1.4763634 ,
       -0.36568467,  2.42209033, -2.76098994,  5.24835127, -2.81424621,
       -4.98633442,  7.3314312 , -1.34685376,  4.02478553, -3.8499858 ,
       -2.81092098,  0.1209308 ,  1.92403534,  2.4382016 ,  4.49365661,
        4.66868105, -5.76851346, -2.46437519,  0.08952979,  3.78973219,
        0.34786059, -4.27929418,  2.28252623, -3.7731722 ,  2.68351695,
       -1.60753015,  1.24352029,  0.9106645 , -5.25451511, -1.63555983,
        3.91264256, -0.298504  , -0.69887719,  7.13591447, -3.61584795,
        0.47685745, -1.18720691, -0.13836384,  1.72555247,  0.61442407,
        9.23135004, -4.3203672 ,  3.53431027,  2.30440843,  1.17022179,
        0.3028248 , -2.355018  ,  0.60499602, -0.23216914,  3.75210799,
        1.56530923,  2.47867237, -3.84378887,  0.37406368,  0.04500644,
       -2.71941216, -8.86188814, -5.22595442,  4.74998055,  0.70082817,
       -1.35876909,  5.68570169,  0.86101388, -1.70739815, -0.14389551,
       -2.38573517,  7.54081571,  3.04935574, -4.32436666,  2.35359175,
       -4.48103684, -5.15850631,  2.47984563,  1.74395329,  0.6585505 ,
        1.11092815, -5.24246407,  2.36523584, -3.17112289, -0.2909569 ,
       -2.35989527,  0.68842571, -3.04520299,  0.7770637 , -3.02796632,
        4.32333672,  2.98276182,  5.60897761, -6.81126588, -0.16155428]), array([ 3.68825442, -3.05515308, -5.61342812, -2.40045711, -1.14291925,
        0.09019187, -0.95005523,  3.84240162, -1.19147838,  5.8760613 ,
       -1.95532987, -8.38979495,  8.17959797, -0.92521095,  3.61225306,
        5.90116576,  4.93202377,  3.57952152, -5.29599596,  2.23382762,
        6.07318168,  4.97043438,  1.66192337,  2.43420219, -4.35844692,
       -3.00923404,  3.52184389, -1.76370733, -1.68789361, -0.34818242,
       -0.66061339, -5.19690128, -3.79498297, -3.74506575,  5.61418248,
       -2.72556741,  4.5638971 ,  1.07853814,  0.12801917,  2.65400739,
       -7.70658783, -8.34514392, -2.73400548,  6.02929319,  6.21697275,
        5.02385198,  2.72464538,  0.37099802,  1.65551717,  8.76004508,
       -2.39574073,  2.20825768,  2.15185154,  3.78708958, -6.28696979,
        3.24540225, -3.21618414, -1.54275106,  7.22343415,  4.99592083,
        3.78408591,  1.06720858,  7.15047048,  4.34255412,  3.50673561,
        3.08215628, -3.42326368, -6.0891618 ,  1.93648228, -2.75971512,
        4.55575087,  1.60696426,  5.58415136, -2.90472257,  4.71172377,
        6.98358064, -5.53000482,  5.46118079,  7.90224028, -2.04331042,
       -2.7681705 , -0.68121426,  4.00102741,  1.90725519,  1.28904732,
        2.9311702 , -6.83935924,  2.82956156, -0.19862592, -1.83677565,
       -1.86998773, -2.27166478, -0.15433292, -2.70392968,  0.5435019 ,
       -5.62147612,  0.90272885, -0.56499574,  7.33005842, -5.1329957 ]), array([-13.55550077,  -4.45563893,   4.32616545,   7.6714613 ,
         3.93778627,  -6.5644935 ,  -4.27321976, -10.867548  ,
        -3.72849817,  -3.47659977,   1.29969799,  18.19057646,
         2.49843166,  -0.22145738,  -6.08420651, -10.77904277,
         2.72508845,   7.15548426,   0.2793618 ,  -4.41579528,
         1.52016782,  10.05411011,   5.36280432,   5.48803859,
        10.51837507,   6.3212341 ,  -3.25596226,   9.20350631,
         2.94096249,  -5.01795909,   0.93887037,  -1.13609432,
        -0.55539337,   4.1134147 ,   3.48066099,  -4.68198029,
       -13.26208064,   2.48834178,   7.02666197,   3.92124823,
        15.95453068,   1.1283717 ,  -0.6647077 ,  15.66261538,
       -20.0725568 ,   1.04915751,  -1.76738116,   3.04061231,
        -4.1713982 ,  -1.45630851,   6.72809154,  -4.08755394,
         3.71589207,   7.81178969,  -5.61106646, -13.09602241,
         8.08308718,   1.67289033,  -2.42258551,  11.02524991,
         6.85528213,  -1.21962192, -13.00288609,  -4.05344703,
        -3.24842177,  -6.64457114, -11.30554441,   6.72195913,
        10.5494456 ,  10.04606412, -18.48354676,   5.41591312,
        -2.11137989,  -1.15292681,  -2.19222303, -10.87532527,
        17.59115631,  -0.33612605,  -0.3105512 ,   4.96897101,
        -2.14017592, -11.23208522, -10.57949678,   2.80560931,
         0.35732957,  -1.39087005,  -2.41252754,   9.32482188,
         1.78079102,  -7.70599167,   0.32789744,   8.73157969,
        -6.77823635,  22.29750298,   1.04996689,   6.81624688,
         5.65007496,  -0.65699618, -16.76238297,  -8.00891611]), array([  7.94220566,   1.37353836,  -5.36320501,  -5.78422   ,
        -2.45115252,   1.34930961,   2.10416694,   6.02753236,
        -1.56655441,   2.17930596,   1.35765735,  -9.23704299,
        -0.03472567,  -1.89152235,   4.63617941,   8.70923694,
        -0.35950134,  -0.12320184,  -1.76138185,   3.09979948,
         2.85259006,  -1.85162891,  -1.86170563,  -1.09762561,
        -8.99945045,  -6.20786083,   3.78567435,   1.53410136,
        -3.0840054 ,   2.14139811,   0.79714831,  -2.16769737,
        -4.81067089,  -1.53281493,  -2.45300067,  -1.51357557,
         3.59512388,  -0.37210682,  -2.6093544 ,   1.48107975,
       -10.615453  ,  -0.97185031,   0.03643122,  -5.66305473,
        11.01508013,  -0.25273093,   4.6483841 ,  -1.07015376,
         0.3299827 ,   2.30776923,  -6.44219194,   2.1897985 ,
        -2.15790317,   0.76670813,  -1.93342708,   4.41587926,
        -2.65181569,  -1.92573554,   0.90738049,  -5.18724571,
        -4.22859047,   3.72557765,   9.31995354,   4.07864079,
         1.6592254 ,   3.66671954,   4.36791539,  -1.10395185,
        -7.88377634,  -3.03617517,   7.03166133,  -3.9340981 ,
         1.15842756,   2.50425908,   7.32445148,   6.00213133,
        -8.53619201,  -0.27702316,   3.738721  ,  -6.44148773,
         0.3009884 ,   3.58490358,   3.06204429,  -1.51947088,
         0.34961527,   1.65129252,  -0.85074999,  -2.97409968,
         0.93016348,   2.1260497 ,   1.74221007,  -2.85292155,
         1.09185395, -10.58447763,   1.44353627,  -4.88233284,
         0.11128061,  -1.03508494,   8.34479852,  -1.62437308]), array([ 10.76280734,  -2.23099261,  -5.57708767,  -5.13534186,
        -4.50245038,   6.49900937,   4.08138463,  10.49053442,
         9.29512268,   0.85465064,   0.43437788, -16.99877208,
         7.48248735,  -4.1139897 ,   7.52994587,  10.26627703,
        -2.75881181,  -5.0318174 ,  -0.2089825 ,   7.94406837,
        -2.92411901,  -1.85536834,  -7.31550107,  -7.29457946,
        -9.98927304,  -5.55647454,   8.46320555,  -0.85070788,
        -0.90655161,   2.04226714,  -5.24258068,   3.7810126 ,
         3.38106172,  -4.36619467,  -1.90878058,  -0.08172265,
         9.15676823,  -3.25670593,  -1.77114279,  -5.76142218,
       -14.75414647,  -5.35572788,   1.06975636,  -9.36753701,
        16.47534509,  -0.56230896,   2.82470931,  -1.48993262,
         1.76309929,  -1.77909751,  -9.709677  ,   7.12057378,
        -0.52640879, -10.85817078,   0.2027309 ,   6.27028214,
        -8.05578976,  -2.29784591,  -2.32138396,  -7.51766757,
         2.03685908,   1.64705436,   7.95583713,   2.45215869,
         6.34405767,   6.58503881,   5.18351384,  -4.5917394 ,
        -3.56932925, -14.33998147,  13.72054241,  -3.36941209,
        -0.77252383,   6.09164682,  -0.51619389,  12.66710772,
       -10.06278892,   1.44963815,   8.44270196,  -7.08313593,
         1.76464849,  11.35055427,   5.20683596,  -8.07345621,
         0.260025  ,   1.13997723,   1.08633817, -10.10914286,
         0.18286393,  -0.46393546,   4.53969906,  -8.2359939 ,
         6.21485337, -11.24477256,  -1.31099481,  -8.25120732,
       -10.22284089,  -1.5250495 ,  17.95072039,  10.00081564]), array([ -4.71721402,  -4.45404863,   1.19344334,   4.16372207,
         2.46272119,  -2.48984481,  -2.69469543,  -4.21564897,
        -2.98007619,   1.69878129,   0.26892813,   9.46854213,
         6.25070613,  -2.648557  ,  -5.1554898 ,  -3.55613437,
         0.91935525,   2.70899625,   0.04986863,  -0.34196211,
         2.52755899,   5.13868821,   4.59945221,   3.67760308,
         1.84309132,   1.42440191,  -0.66663408,   3.20488338,
         2.65684669,  -2.9870152 ,  -0.92404168,  -0.58393767,
        -0.18000073,   2.19163023,   2.07822329,  -2.73422881,
        -7.30865049,   3.11985839,   4.03352679,   5.1249559 ,
         3.56808544,  -2.07448918,   0.82548746,   7.41485841,
        -9.58960027,  -0.07000168,   0.8923558 ,   0.70453243,
        -5.02258913,   1.25104776,   2.16116167,  -2.56658941,
         1.68174065,   6.83297937,  -6.2617123 ,  -6.01936623,
         4.20050314,  -0.86153941,   0.87081228,   4.48247385,
         4.29200923,  -3.28552952,  -2.53053967,   3.08830842,
        -1.24127049,  -3.18794334,  -6.05532486,   3.23936847,
         6.85918558,   4.9362218 ,  -6.56029367,   5.46902113,
        -1.68670531,  -1.16048442,   1.23955234,  -1.33909943,
         8.77116682,  -1.15884245,   0.67866416,   3.70974564,
        -2.7441196 ,  -4.83110076,  -4.03545889,   2.26498878,
         3.08450185,   0.05754937,  -4.26571364,   6.44379301,
        -1.22981156,  -4.27320957,   2.36855362,   4.28444575,
        -4.46451186,  10.56419411,  -1.55472041,  -0.39735483,
         6.46638568,  -2.40861979,  -6.30511995,  -7.1002905 ]), array([-4.63048006, -2.68382272, -0.93321095,  0.98893119,  2.14132621,
        1.27760529,  2.45938259, -2.39728721,  2.5920897 ,  0.38007176,
        1.95949692, -2.25250042,  4.91672765,  1.79964455, -3.88002272,
        2.64137407, -0.10956489,  0.31019329,  0.25461765,  0.36472021,
       -4.60588497, -0.65798385, -2.88304481,  1.88983451,  1.52969862,
       -3.91421494, -0.526257  ,  0.41436417, -2.97561236,  1.02790279,
       -7.4572905 , -3.806438  ,  2.78774964, -9.30228697,  5.13345915,
       -6.51857643,  2.50946869, -1.09299461, -2.08009613, -5.3474581 ,
        2.01967398, -4.26603135,  1.08866261,  5.9647193 ,  2.66513974,
        2.16830334,  3.17563402, -0.4476429 ,  0.17169679, -2.4140368 ,
        3.06754193, -1.34663686,  2.90610488, -3.05332315, -3.09969501,
        2.37714137, -4.17259183, -1.13812304, -0.85043829,  0.37253658,
        7.28008208,  0.8121426 ,  2.27233976,  0.59266435,  0.56684784,
       -0.03275966, -9.30954501, -8.8710181 ,  5.90149932, -6.0583306 ,
        4.4843044 ,  7.15463375,  0.22870066,  0.96960074,  4.0628181 ,
       -0.76903479,  2.88327088,  4.1983422 ,  2.51073835,  5.4290787 ,
        1.29473266, -0.79630387,  2.73883059, -1.91315044,  3.06584027,
        4.4381251 , -1.67289075,  1.60273606,  0.38393397, -3.11377368,
        1.51266891, -1.77938896,  1.85391132,  0.26369351, -0.53615327,
       -0.52560284,  3.81373911,  3.5926645 ,  1.9583441 ,  3.39691166]), array([ 0.7932686 ,  5.09893076, -5.92325587, -4.44442622,  0.21231689,
       -0.92556196, -0.03786368,  3.56440929, -0.5429703 , -1.4795931 ,
        3.87040567, -8.09191769, -0.45686673,  0.84228195,  6.10824282,
        3.07386045, -3.25714345,  1.15033911, -3.9972046 ,  1.39060916,
        0.54595107, -4.13772569, -2.38507339, -0.10011541, -2.13793493,
       -5.97822302,  0.13091826,  2.60280407, -1.97906046,  3.17616777,
       -0.79155048, -0.08025216, -5.91344359, -3.67898277, -1.5150055 ,
        0.18309634,  8.43462788, -3.44709234, -4.79892079, -1.32431739,
       -1.3951548 , -0.18051172, -1.7389352 , -0.89506655,  8.71630814,
       -4.54078823,  2.06696746, -0.55494121,  4.63864031, -0.40930597,
       -0.95389761,  0.7258463 , -0.84622383,  0.04081292, -1.816293  ,
        6.9865983 , -2.54884094,  1.226542  ,  0.58437484, -4.29862586,
       -0.13789025,  7.81483922,  6.89802656,  7.0927267 , -0.66365457,
       -0.01911863, -2.47170747, -3.49386335, -7.73417747, -2.49117201,
        5.69394479, -1.85900299, -2.26368882,  1.75685739,  5.05720181,
        1.42592048, -7.62932344,  3.18727613,  1.86964972, -3.31975732,
        2.31649543,  1.55826802,  1.7462282 ,  2.8181579 , -2.3423723 ,
        1.592943  ,  1.75544226, -4.40065255,  1.19750218, -1.25443624,
        0.25876008, -1.38576235,  2.52560394, -5.46782355,  1.53422338,
       -3.86002802, -1.05275588,  1.79377092,  3.81148584, -0.27302221]), array([ -9.92065745,  -6.50010085,   3.85512521,   2.89402152,
         0.21625821,  -6.05518091,   3.1927148 ,  -6.98683896,
        -1.23140045,  -1.31496576,   2.45745681,  13.48994789,
         5.29537495,   3.93030255,  -8.44083235,  -7.65603723,
         4.81738598,   5.40111203,   0.23203567,  -3.87671666,
        -0.77931126,   5.39943026,   2.22455684,   3.28136713,
         6.2333368 ,   4.55220356,  -4.61066252,   5.91790577,
         0.7175783 ,   0.08320714,  -3.35686797,  -2.26484331,
        -0.71645156,   0.78626127,   0.44672369,  -9.19276329,
        -4.96297671,   1.22033521,   2.95275923,  -1.04127841,
         6.8905862 ,   0.32584492,   0.08588035,  15.62829568,
       -11.27724184,   1.49967785,  -0.64806587,   4.54763103,
        -5.46774442,   2.47337344,  10.95383708,  -4.59058853,
         2.8491786 ,   6.61847565,  -0.9532332 ,  -6.16527439,
         2.76292502,   3.57001189,  -0.32759417,   5.61232296,
         4.75472927,   2.25557494,  -7.80408822,   1.4193981 ,
        -3.82950173,  -7.39682619, -12.74646502,  -3.69501786,
        11.79279651,   4.27759974, -10.42587259,   8.99833817,
        -2.32942268,  -2.0435654 ,   3.4957579 ,  -7.0547959 ,
        16.39948749,   1.88231005,  -4.42148047,   5.69616935,
        -2.84775313,  -8.29878719,  -3.76105808,   3.44883983,
         3.62616954,   4.07841194,  -6.60131625,  10.11447023,
        -8.88843638,  -7.2627804 ,   0.89879064,   4.03400397,
        -3.47874727,  11.76917263,  -5.73931191,   1.54865008,
         8.05559152,   3.76305312, -10.0919786 ,  -2.99887542]), array([ 17.81251781,  13.27767414,  -9.02487087, -11.94721145,
        -3.83710491,   2.67317028,   5.35979926,  20.29429203,
         6.19366757,   2.457458  ,  -2.62491189, -29.0818262 ,
       -12.2281275 ,  -2.68148824,  16.19388198,  10.16092489,
       -11.01166994,  -7.78598845,  -2.71983876,   1.8954192 ,
        -7.96512714, -21.53716884,  -5.57846912, -10.30302036,
       -12.60156476, -10.37536323,   5.49871677,  -9.52328779,
        -2.5243215 ,   4.59725994,  -1.57177233,   4.64242695,
         1.72374401,  -4.68444201,  -7.82967211,  10.43010445,
        20.6211153 ,  -4.59578471, -11.17076794, -10.86097816,
       -14.1683674 ,   2.02929765,  -3.37073001, -24.32762506,
        26.83834303,  -5.35092238,   1.62128732,  -0.27003823,
         7.01974143,  -1.75710914,  -8.08336342,   7.83962892,
        -6.90255973, -18.13678804,   8.45898453,  18.54858088,
        -5.81206027,   3.87105401,   4.35623549, -18.30315637,
        -8.61722574,   5.10416739,  12.17366064,   0.71012759,
         7.15044561,   8.56038133,  16.71893589,  -6.67228574,
       -22.94044529, -10.6487092 ,  22.00930224, -18.5664791 ,
         3.0584383 ,  -0.22790732,  -7.40250957,   9.66231077,
       -30.3742184 ,  -5.22290909,  -3.99320671,  -9.94288617,
         8.71208012,  12.74365935,  11.22193658,  -1.67570477,
        -3.71474232,  -6.86247824,  12.25843478, -17.70482447,
         3.00688533,   8.65312767,  -3.48646415, -12.73679166,
        11.13413589, -31.9158868 ,   7.14980082,  -5.35814849,
        -8.39741501,   0.10239508,  22.75157073,  14.1689807 ]), array([ 10.5582279 ,   3.13553275,  -4.14735713,  -7.24244989,
        -5.20412254,   6.90072971,   9.7147106 ,   8.24186864,
         0.31050383,   1.04422425,   2.80635545, -13.07799102,
         0.21511885,   5.55175429,   6.18687165,  10.43120373,
         5.05765956,  -0.54981062,  -7.73693074,   4.94243839,
         5.11754893,  -0.4205463 ,  -4.16849766,  -3.58592249,
        -5.5525925 ,  -6.25909497,   6.28445398,   1.08178499,
        -9.9699694 ,   2.83768372,   0.1620437 ,  -1.8601723 ,
        -8.68923599,  -0.37435853,  -0.31237943,  -1.48778536,
        14.30760223,  -1.41622701,  -2.49137174,  -1.26883758,
       -16.63536581,  -0.93914206,   1.06767871,  -3.46479885,
        20.00780638,   5.09657301,   6.26273944,  -1.54826084,
         5.04976943,   9.15921545,  -6.48277897,   3.24550452,
        -1.63712446,  -0.15877619,   5.60986102,  10.54201271,
        -9.28597678,   1.18572069,   1.54404879,  -4.72518845,
        -8.03145092,   5.97467112,  12.63934424,   6.23228822,
        -1.19586664,   5.7734829 ,   4.6422401 ,  -7.2920507 ,
        -5.04040419,  -8.01591896,  13.75591287,   0.47737075,
         3.03265636,   2.36567547,  13.20717474,  10.97133451,
       -13.63680202,   5.12466074,   3.84176508,  -5.6388997 ,
         4.48894578,   3.28071228,   5.79738248,  -4.89015051,
        -2.43694621,  12.16723901,  -3.95637381,  -1.17704357,
        -4.65834566,   3.35008102,  -1.16036823,  -6.5848161 ,
         3.4809262 , -20.51619725,  -2.94187437,  -6.8950665 ,
       -11.15964219,   3.74607278,  14.21777541,   0.63674621]), array([ -7.97628917,  -6.47304767,  11.66063483,  13.35502978,
         7.44000658,  -0.08980394,  -8.41795661, -10.53492192,
        -4.40320063,  -3.07140512,   1.43138196,  27.29654099,
         4.3649925 ,  -1.42892437, -14.58480522,  -9.91164179,
        -0.49707456,   3.472665  ,  -0.17948751,  -6.4924877 ,
         4.08342594,   7.93127505,   3.7888737 ,   6.5477531 ,
         9.12602255,   7.93908354,  -4.02578371,   7.34972103,
         3.34129055,  -3.76837185,   0.88669166,   4.02704908,
        -0.4811623 ,  10.2591323 ,  -2.70455376,   0.54666588,
       -18.15552225,   2.06105283,  14.57707331,   5.00062018,
        10.12727997,   3.39513646,   6.68482169,   6.24487107,
       -25.79754175,  -0.27932932,  -4.90056817,   5.96158261,
        -4.89943346,  -5.77023628,  -1.05630173, -10.63278941,
         1.3316422 ,  11.94829636,   4.26024759, -17.91465668,
         9.07443579,   0.22979717,  -3.53271579,   3.30719879,
         2.50596567,  -9.15493222, -13.08667324,  -7.34050425,
       -11.21761499,  -2.51560837,  -3.03270541,  10.25765486,
        13.63856439,  16.51729988, -16.37751854,   6.83916528,
        -5.36111366,  -2.82249101,   0.69730743,  -7.34467968,
        16.51554902,  -3.37364837,   0.9146115 ,   4.10922206,
        -0.28506693,  -4.34884522,  -9.36692441,   1.59160961,
         1.65105602,   3.58883492,  -4.11435595,   7.09320203,
         1.13576934,   1.77380031,   7.6119821 ,   9.56977736,
        -5.79463179,  18.31815237,  -3.33477161,   6.4651679 ,
         4.52002871,  -3.2121391 , -17.74140532, -11.08978676]), array([ -8.23258965,   4.09079696,  -2.10203998,  -5.61245233,
        -8.67418862,  -4.88360363,   8.12231535,  -5.47583673,
        -2.42840335,  -8.35415688,   6.9454962 ,  -7.68489347,
       -11.34263696,   9.70796491,   3.8280988 ,   1.37032944,
         2.68833942,   1.45471538,   4.64305551,  -2.30360788,
        -6.4434553 ,  -0.83667795,  -5.71429112,  -2.2112404 ,
         0.66424266,   0.9211978 ,  -2.42673363,   1.20014681,
        -2.42669653,   5.65333546,   1.73256258,  -1.60172909,
        -1.56285797, -13.65414125,  -0.25577942,  -5.68854712,
         6.12463317,  -0.38617427, -11.71559789,  -8.79724931,
         3.0568975 ,   1.58876399,  -6.09795912,   1.1744356 ,
         6.72534577,  -1.32174828,   8.01987513,  -2.42557472,
         8.78710778,  -3.11469248,   7.95469444,  -2.02413599,
         0.17463924,  -4.24609555,   1.21393772,   4.94517894,
        -1.267138  ,   2.49755788,  -4.21185456,  -3.28028627,
        -1.83794659,   7.8382361 ,  -0.82739617,   2.64438374,
        -4.86534968,   1.94877541,  -1.64853227,  -9.6375814 ,
        -3.78151081,  -6.25423561,   3.35455319,   1.0193121 ,
         1.33340382,   0.94691129,   6.52187645,  -1.36295367,
         3.24042237,   6.28931476,  -6.47924975,   0.02166551,
         3.70837935,   2.09573844,   1.69591757,   0.52441417,
        -1.92503626,   4.02980622,   0.776564  ,  -3.29237156,
        -3.28138143,  -0.07683916,  -0.21917975,   1.40677117,
         1.66074899,  -2.84056993,  -1.13578863,   2.63726559,
         2.08072246,   2.83129628,   0.50826952,   9.43891225]), array([ -1.71803702e+01,  -1.05607669e+01,   9.95139987e+00,
         1.25793465e+01,   5.21021503e+00,  -6.55698411e+00,
        -5.91770602e+00,  -1.56700166e+01,  -4.47413986e+00,
        -3.59006397e+00,   7.14696562e+00,   2.91341811e+01,
         7.83761548e+00,   2.14451585e-01,  -1.63312473e+01,
        -1.33952798e+01,   3.06468271e+00,   8.01866259e+00,
         7.16571531e-01,  -7.24534536e+00,   3.73209900e+00,
         9.00904383e+00,   6.87620828e+00,   9.85915777e+00,
         1.25820806e+01,   8.86541528e+00,  -7.13176983e+00,
         1.47052107e+01,   4.03608059e+00,   1.71264749e+00,
        -4.48394731e-01,   5.47476469e-01,   1.19640021e+00,
         1.56550690e+00,   5.20557800e+00,  -7.86773363e+00,
        -1.80238720e+01,   2.63559568e+00,   1.17460151e+01,
         6.50735067e+00,   1.83363579e+01,  -2.92867901e+00,
         2.84751660e+00,   2.16773692e+01,  -2.55843334e+01,
         1.68962920e-02,   6.87217617e-01,   4.21967050e+00,
        -6.03401383e+00,  -3.13170306e+00,   1.15739028e+01,
        -1.11517592e+01,   4.68662959e+00,   1.31797710e+01,
        -5.91459517e+00,  -1.25225463e+01,   7.31314028e+00,
         2.02439831e+00,  -3.45223897e+00,   1.13143985e+01,
         1.19112731e+01,  -6.40179454e+00,  -1.46236213e+01,
         2.76236971e+00,  -9.21905754e+00,  -8.87945992e+00,
        -1.74568937e+01,   3.07975130e+00,   1.96616717e+01,
         1.39606892e+01,  -1.61851984e+01,   1.78489561e+01,
        -6.27603978e+00,  -2.53007282e+00,   5.65488460e+00,
        -1.12934565e+01,   2.60150213e+01,   1.46580262e+00,
        -2.17767177e+00,   1.22677341e+01,  -2.38271035e+00,
        -1.45414541e+01,  -1.26394339e+01,   2.81337660e+00,
         2.27414963e+00,   5.12897156e+00,  -9.26703263e+00,
         1.50626633e+01,  -5.61991287e+00,  -1.10639914e+01,
         7.11244116e+00,   1.16055046e+01,  -8.44959165e+00,
         2.64302866e+01,  -7.55157892e+00,   6.00299794e+00,
         1.37046654e+01,   3.45040425e-01,  -2.16604675e+01,
        -1.20660604e+01]), array([-13.05623332,  -7.41200408,   1.54797899,   8.87385266,
         2.52158238,  -2.07215046,  -4.79029315,  -9.58192899,
        -5.67572907,   1.49333302,   1.76713447,  14.16922368,
         4.75398188,  -0.92458911, -10.06394997,  -7.26787149,
        -0.48064547,   6.29527637,  -4.80090026,  -2.82072786,
         5.29810489,  12.87678907,   4.11520228,   3.70357021,
         6.14174462,   6.68978725,   0.49650049,   7.6350145 ,
         2.40919032,  -1.7892464 ,  -0.94433135,   2.23091376,
        -4.6247111 ,   3.86578696,   5.04298746,  -1.77551098,
       -12.85079207,   3.7109126 ,   9.52064267,   2.91140838,
         8.97128429,  -3.60841084,  -1.86177171,  15.79961493,
       -13.96575015,   1.09567507,  -1.9922113 ,   4.19607371,
        -2.40432091,   1.29711973,   2.44485845,  -3.33321076,
         5.58854984,  13.16377393, -11.49667758, -14.07454004,
         3.56217656,   2.50502011,  -0.88288351,   5.58450782,
         9.60504378,  -2.10225301,  -3.09976053,   2.45491794,
        -7.92309183,  -5.6982712 ,  -8.76999973,   5.65489138,
        12.14898725,   9.05657386, -13.99164185,   6.25640152,
        -1.3657252 ,   0.04989558,   3.59034431,  -3.03148488,
        16.70690491,   3.61797192,   2.27240776,   5.48048203,
        -4.54166977,  -4.30006544, -10.16745021,   1.47931316,
         6.49953345,   2.60177974,  -5.55005635,   7.76138831,
         0.29271509,  -6.65954141,   4.78647718,   6.64988994,
        -7.50414506,  17.26444988,  -4.81780762,   3.33912252,
         8.45481534,  -3.12045416,  -9.62544912,  -7.85056547]), array([-11.32703073,  -7.60108398,   5.50613348,  14.07032793,
         3.81285951,  -4.75577269,  -3.47365377, -15.69446102,
        -4.50148619,  -3.04918332,   3.35581918,  18.02927778,
         1.18217062,   0.09876611, -10.71303491,  -9.41266147,
        -1.49236663,   4.58770845,  -1.87425479,  -4.15467833,
        -0.37918067,  11.99217512,   6.30302175,   3.85991732,
         8.31064416,   7.71678199,   0.63757308,   6.67289909,
         2.40515264,  -4.98124734,  -4.16651092,   1.9325889 ,
         2.1930557 ,  -3.05691376,   0.5222377 ,  -3.6456579 ,
       -16.15991932,   3.58722435,  10.3429626 ,  -0.62404207,
        10.22768365,   0.24105444,   1.21234033,  10.41169721,
       -21.95718955,   5.36693904,   5.29792628,   3.77185793,
        -2.7216478 ,  -5.40295189,   0.57630987,  -8.62731369,
         2.71579289,   6.71555182,  -5.69596945, -15.26556574,
         8.5602347 ,   1.36233848,  -5.34207778,   2.81555029,
        10.40145683, -10.75829569, -11.80582684,  -3.50597795,
       -13.29587443,   0.20369106,  -7.91915841,   5.57032568,
        13.72754959,   8.92010723, -17.37951762,   9.23261027,
         0.70288397,  -6.20734195,  -1.01134789,  -5.97702772,
        21.24349993,  -0.89537791,   4.14091328,  10.45705258,
         1.6656266 ,  -6.05330617, -11.48642159,  -1.52950237,
         7.6611168 ,   4.33559446,  -4.4268639 ,  12.2089033 ,
        -1.90711365,  -5.71349688,   5.72138548,   8.76121524,
        -3.96469191,  19.72383182,  -4.0129762 ,   8.06014405,
         8.4284691 ,  -3.81126787, -11.86586121,  -2.72978282]), array([ -1.89064722e+01,  -1.36856358e+01,   7.66162275e+00,
         1.73828720e+01,   7.43835697e+00,  -6.52597038e+00,
        -1.14639931e+01,  -1.86367133e+01,  -7.27789113e+00,
         2.08541744e+00,   4.04108996e+00,   3.09926129e+01,
         1.90005626e+01,  -5.99926773e+00,  -1.75433833e+01,
        -9.59653170e+00,  -1.93299311e+00,   1.15013088e+01,
        -3.84924031e+00,  -3.12856000e+00,   7.62667140e+00,
         2.37863065e+01,   8.92567233e+00,   1.10697182e+01,
         1.03832553e+01,   8.17522774e+00,  -3.77784740e-02,
         1.10129028e+01,   6.86324718e+00,  -1.13401752e+01,
        -5.25836802e+00,   9.87172450e-01,  -2.70523961e+00,
         4.94902540e+00,   7.66205793e+00,  -9.49312721e+00,
        -2.82681061e+01,   5.52474141e+00,   2.07625576e+01,
         6.01508172e+00,   1.71622318e+01,  -1.15775213e+00,
         4.67803897e+00,   2.35923796e+01,  -3.13460745e+01,
         7.73779571e+00,   6.16101202e+00,   2.09671385e+00,
        -6.30293359e+00,   6.05120754e-01,   4.32424077e+00,
        -8.02737574e+00,   3.77405095e+00,   1.43605895e+01,
        -1.34849666e+01,  -2.31125286e+01,   1.37410545e+01,
        -1.57544801e+00,  -5.02461004e+00,   1.12790868e+01,
         1.78325574e+01,  -1.47360379e+01,  -1.47090722e+01,
        -6.29077976e-01,  -8.55175055e+00,  -4.59084850e+00,
        -1.47861515e+01,   9.34549160e+00,   2.71698121e+01,
         1.62275670e+01,  -2.61768536e+01,   1.47893165e+01,
        -1.79169037e+00,  -5.99910782e+00,   5.28596392e+00,
        -7.08241662e+00,   3.07280799e+01,   1.06540825e+00,
         1.52471643e+00,   1.38325184e+01,  -3.58199653e+00,
        -1.36609495e+01,  -2.03972341e+01,   4.79658076e-01,
         9.79423769e+00,   7.78076206e+00,  -8.33823434e+00,
         2.41959625e+01,  -3.88753014e+00,  -1.42550556e+01,
         9.97392542e+00,   1.65114632e+01,  -8.69511016e+00,
         3.89082416e+01,  -7.79633699e+00,   6.84264067e+00,
         1.69178872e+01,  -7.54355176e+00,  -1.55250843e+01,
        -1.40845253e+01]), array([ 18.86087197,   5.4065627 ,  -9.11648272, -20.01825482,
        -9.86536767,   6.27908112,  12.3971126 ,  17.96796581,
        14.24208131,   0.94947556,  -0.61422815, -34.58751549,
        -0.44467125,   2.09652845,  17.53886884,  17.5045588 ,
        -0.65683788, -13.06070877,   3.10108543,   7.14619847,
        -6.76539664, -16.04449643, -13.57327896,  -6.80965496,
       -14.08351426, -12.03523973,   5.00427272,  -6.72468214,
        -7.46789763,  11.50539116,  -1.2240344 ,  -4.91858483,
         1.3464182 , -14.12557072,  -2.22874754,  -3.68015698,
        28.41562984,  -8.66335903, -13.53779516,  -7.61938255,
       -22.47493557,  -1.69413798,  -1.64168754, -15.46465434,
        31.91859195,  -1.5462054 ,   1.87468427,  -0.49498339,
         5.55638212,   2.17426474,  -5.83009526,   8.00481833,
        -4.72857393, -18.40696157,   8.19573108,  25.53678716,
       -13.13163166,  -4.14095761,   2.35286951, -11.44856272,
        -8.14386047,  10.80837159,  14.58046198,   3.31786045,
        14.44935089,   5.80663925,  10.50958885, -16.51735019,
       -15.1707334 , -19.31451073,  29.02019905,  -3.52935254,
        -1.02420767,   6.99619933,  -0.61388315,   9.84550645,
       -28.97602401,   0.73135641,   2.13919225,  -6.69768418,
         4.11887318,   9.92048666,  16.31320567,  -6.9296893 ,
        -5.60419397,   1.52342283,   2.7351804 , -18.99705165,
        -0.14764   ,   2.31532324,  -3.96734448, -13.01689175,
         8.57753552, -28.46361442,   2.6986301 , -13.02851068,
       -15.32193227,   5.241131  ,  24.35681723,  15.82925291]), array([-11.47535824,  -3.71307774,   2.65732363,   6.50197975,
         3.45576811,  -7.0037654 ,  -3.89252334, -11.03114391,
        -3.06236607,   0.25190106,   4.33015283,  17.74328928,
         8.21766304,  -1.08252028,  -5.94161469, -10.1211354 ,
         1.17339792,   6.6313491 ,  -1.90014755,  -2.16718609,
         4.38859417,   8.44354003,   7.40058785,   7.65318132,
         7.06961226,   3.90184889,  -1.4219669 ,   8.46693791,
         1.84972174,  -6.019932  ,  -1.91399093,  -2.71606488,
        -1.35478513,  -4.37986075,   3.93919991,  -6.47301563,
       -10.8058309 ,   2.44481801,  10.11409814,   4.22976106,
        11.31535294,  -4.01647015,  -1.66795362,  21.11123864,
       -16.96882911,   3.52637472,   2.53178803,   3.52369081,
        -1.77471437,  -0.63562481,   8.53105343,  -4.9578529 ,
         3.59216714,   3.84453161, -10.11446843,  -9.09682815,
         5.72875171,  -1.99306239,  -2.31337825,   9.70987619,
        11.06628239,  -1.96062624, -10.53656093,   1.85449962,
        -2.55052987,  -3.97161474, -15.00497027,   4.61344244,
        13.22551207,   8.92115834, -15.54390478,   6.61445361,
        -4.29799474,  -3.25213776,  -0.08971592,  -8.89835255,
        16.98934963,   3.33157356,   1.82932478,   8.34569644,
         2.24145654, -11.80372009, -13.22780413,  -1.03160738,
         3.95689141,   4.11822129,  -7.18057659,   9.28581738,
        -1.12180261,  -9.84541105,  -0.56412672,   6.70967661,
        -6.8782839 ,  21.29957843,  -1.56729348,   4.15882533,
         8.56702603,  -0.87319261, -16.18068343,  -9.10618261]), array([ 2.22829381, -3.48750797, -5.56544916,  0.55958284, -4.14952357,
       -1.44419388, -1.77952985,  3.31993264,  3.32205025,  0.22769922,
        0.02380276, -9.07032394,  5.8428676 , -2.03530987,  3.33492423,
        4.70030964,  2.74454307,  0.33382212,  0.13428974,  3.19796667,
       -3.58313548,  0.26422834, -2.13811776,  0.58451325, -2.46485439,
       -2.716094  ,  1.03071311,  1.64378287, -0.7832506 ,  4.516175  ,
       -0.21776037, -0.15656068, -0.42501688, -4.5700476 ,  4.24240092,
       -2.59490791,  2.97246167, -1.55471457, -0.71447171,  1.32297524,
       -2.77597583, -2.28909662, -0.93706106, -0.06077848,  4.42266182,
       -1.61954636, -3.16552996, -3.41754994, -0.39522168, -0.62246471,
       -1.91887113,  2.30081277, -0.44119007,  0.08089702, -2.72246726,
        5.90846222, -4.09893371, -2.00776705,  0.41843228,  2.90282362,
        3.7699129 ,  2.17594237,  2.58247227,  0.71416739,  5.2203123 ,
        0.44651482, -2.33400848, -5.59828603,  2.28374869, -5.10501654,
        3.62568133, -0.32183255,  1.79722609,  2.27269071,  3.18425475,
        0.04116151, -0.97830603,  1.01396542,  4.42633179, -2.97094794,
       -5.60186438,  1.41487224,  1.36695578, -0.7417173 , -0.0830753 ,
       -1.88005975, -0.4752282 ,  0.78391512,  1.73867109, -3.8594491 ,
        3.51931047, -1.78411294,  1.95493289,  1.69971279, -0.80323789,
       -3.42460662,  0.37914479,  3.08788919,  7.05314439,  1.62172808]), array([ -1.13818642,  -4.56718059,   0.62914201,   7.13369614,
         0.81465674,   4.06617021,  -6.83110087,  -3.35168596,
         2.54133517,   2.08844288,   0.08196052,   7.45057066,
         7.6285628 ,  -4.42164841,  -7.33576074,   1.24926349,
        -2.49385959,   2.65690196,   2.0810835 ,   0.59939533,
         5.28061999,   8.04964408,  -2.59394843,  -1.60729187,
        -1.98693995,  -2.11703321,   4.3095588 ,   2.64391776,
         1.40849289,  -5.47784137,  -3.59133987,   1.83988193,
        -2.70864464,  -3.87269128,   1.00256084,  -3.14139297,
        -7.41517451,  -2.84421863,   7.88236813,   1.15967655,
        -3.08422321,  -8.34194953,   1.3160739 ,   2.2791532 ,
        -5.86764308,   1.62645422,   4.31981768,   3.48599692,
        -4.20158103,  -0.34951527,  -1.84491955,   0.91839265,
         2.50132193,   0.42052416,  -8.62060578,  -6.00622218,
         3.88221972,  -3.46918709,  -1.76767342,   0.06470647,
         5.47870556,  -7.4239428 ,   1.68078715,  -1.31661775,
        -0.63905494,   3.40555211,   4.07093699,   3.90373144,
         4.29429303,  -0.92735037,  -4.89128569,   6.01416037,
        -1.71191352,   1.60570977,   1.13455127,  -3.66911193,
         3.82487316,  -0.92516212,   3.30188769,   2.1779546 ,
         1.42681627,   1.35386721,  -5.95846686,  -4.14066576,
         6.07023704,   7.52908133,  -1.26797532,   2.71038514,
         1.51960994,  -5.98134211,   3.41448123,   2.73786275,
        -2.47714101,  10.17251186,  -2.92498099,  -3.93671624,
         2.0784759 ,  -5.01484699,   2.20773942,  -4.77435308]), array([  5.41460166,   6.92608   ,  -4.23488075, -12.7546125 ,
        -7.97784698,  -3.9542713 ,   7.61718479,   7.4870303 ,
         3.29135278,  -0.79182106,   1.50541825, -15.8232291 ,
        -8.07122662,   0.02250529,  11.06522097,   3.38928617,
        -3.74055549,  -4.03512132,   3.97867001,  -4.19929411,
        -3.82400599, -10.43267808,  -4.9949816 ,  -4.5917068 ,
        -5.24863518,  -3.57076867,  -0.3768704 ,  -2.7922869 ,
        -1.30402971,   2.03997284,   3.78614358,  -0.42180558,
         1.0126227 , -11.50498178,  -4.48823512,  -4.18765695,
        11.5363053 ,  -4.19643323, -10.46546315, -10.00530891,
        -2.45294963,  -0.35192601,  -3.01618517,  -6.09096625,
        15.13307496,  -4.57519405,   6.19770127,  -0.34865714,
         6.23574381,   0.40982918,   6.36588394,   4.50657566,
        -2.64098274, -11.14307805,   0.77363264,  11.93382955,
        -1.24535796,   5.20343026,   3.74871301, -10.5041794 ,
        -2.09165536,   9.72200596,   1.33989013,   4.67486718,
         4.74802017,   5.76871898,   1.54884203,  -8.46935655,
       -11.45505412,  -7.37590601,  10.49760487,  -7.1206246 ,
        -1.67678615,  -0.45983868,  -0.55074983,   1.6034675 ,
       -12.55599388,   2.35790671,  -4.17427318,  -5.85709016,
         7.06284275,   4.48934947,   5.58901975,  -3.69956805,
         0.98705777,  -1.86349681,   2.83712676,  -6.60429807,
        -1.80796096,   1.24313929,  -3.32801444,  -4.72033607,
         2.63703474, -12.04400355,  -0.73700271,  -4.21313262,
         4.04498762,   0.26966007,   6.72328845,   6.76081525]), array([-11.83050779, -14.73684687,   6.02487875,  10.73476696,
         8.11517955,  -1.01107029,  -1.8392118 , -15.27239413,
        -3.26091892,   0.709246  ,   5.97482499,  23.79947776,
        10.43618688,  -1.34721094, -16.44339781,  -4.61074451,
         6.10764758,   6.76399351,   3.52875686,  -3.26339797,
         2.63980922,  15.70414796,   6.18430911,   4.31083878,
         8.01644649,   3.12185128,  -0.41678245,  12.33752762,
         5.24209796,  -2.94919024,  -9.76967159,   0.9193683 ,
         0.78824028,   2.31729183,   4.99483299, -12.49441244,
       -18.74592885,   3.76459881,  10.24398558,  -2.54901966,
        14.16116485,  -2.39489437,   8.93619308,  18.75338361,
       -15.66900678,   6.45961615,  10.41688217,   3.07410663,
        -2.91642796,  -3.73666936,   8.43173293,  -6.63177192,
         4.26090642,   6.54679047,  -5.41483474, -19.37547077,
         9.22048494,  -0.76508599,  -3.94739416,   4.09107987,
        10.98890889,  -9.49549871,  -2.65084123,  -4.11302792,
        -7.10552423,  -6.71545329, -19.43748094,  -1.71251744,
        25.03714598,   2.85745971,  -9.73888362,  19.76617842,
         0.36920471,  -4.24950477,  16.68398265,   2.52863951,
        29.15631745,   3.31555282,  -3.78024697,  10.82618836,
        -3.91185624,  -9.21610062,  -7.64495211,  -2.75624158,
         7.52647823,   7.46171934,  -8.86052623,  16.86920143,
        -6.45720059,  -7.62288786,  10.04542276,   9.86501928,
        -6.32861336,  17.45440852, -11.76233328,   3.60214635,
        16.71917192,  -4.61407525,  -6.23200014,  -7.9186318 ]), array([  5.37098517,   3.81447226,  -5.85502739,  -2.88279741,
        -3.72880938,   1.29895735,   0.85997385,   4.29224317,
         0.65209121,   0.69758027,  -3.51514738, -11.78895922,
        -4.56618932,   0.50316313,   4.46574872,   4.46322118,
         1.62145499,  -1.8379967 ,  -0.69457268,   2.9464426 ,
         0.43585171,  -5.62154343,  -4.50802097,  -3.18249263,
        -3.39167236,  -2.65638087,   0.52379393,  -5.40229394,
        -0.09321216,   3.85488073,  -0.64438751,  -0.61905888,
         0.37488688,   0.94648378,  -2.37394519,   4.34203512,
         9.20354812,  -4.11458943,  -5.50811312,  -2.91253155,
        -4.91750244,   2.10056488,  -2.8048309 ,  -5.99447264,
         9.14875497,  -3.24232506,   0.62975798,   1.1534561 ,
         2.71258963,  -0.44276599,  -1.42589642,   0.66745183,
        -0.85697608,  -3.84688901,   4.54731526,   5.23221682,
        -3.73595702,   1.06208372,   1.12068215,  -5.45109465,
        -3.80121977,   0.07366489,   5.37307346,  -1.59180182,
         4.94603282,   2.3792275 ,   7.40354707,  -5.25387426,
        -6.55745613,  -5.13870545,   6.01758521,  -4.82825127,
        -0.53183031,  -2.66318784,  -2.61435077,   3.05495735,
       -10.13449492,   1.67426053,   0.74545404,  -5.93054826,
         2.30457511,   4.89337604,   4.22299248,   2.81293953,
        -1.22115559,   0.81391767,   3.87934083,  -6.77778523,
        -0.33677448,   4.28687618,  -1.55410253,  -4.7825419 ,
         3.47292156, -11.02351829,   0.63816239,  -1.05092077,
        -3.00178027,  -0.41329775,   8.59365102,   4.62808781]), array([-13.1316719 ,  -9.12714839,  10.56659393,  10.28314128,
         6.9358785 ,   1.02481666,   0.18783828, -15.81853467,
         4.65625639,  -4.60009235,   0.16218963,  24.93505835,
         9.72615044,  -0.28532506, -12.93656892,  -9.24581326,
         5.2341677 ,   1.82254479,   6.58112228,  -3.0557641 ,
         1.50858607,  12.15075383,   3.4510411 ,   6.1749083 ,
         9.68704211,   5.09258137,  -2.13943579,   9.31397089,
         4.95909961,  -9.68840501,  -3.22459954,  -4.38001454,
         8.84580305,  -0.35521568,   4.29333367,  -8.72958136,
       -17.77411948,   1.79348459,   6.77735796,  -1.45203464,
        12.82736211,  -3.82583163,   8.65043984,  10.84928301,
       -23.483483  ,   4.56119485,   6.28860277,   1.67252156,
        -5.03623417,  -6.99541244,   8.69293936,  -4.79917015,
         1.78934524,  -0.42070666,  -1.53405817, -21.20922327,
         9.58718824,  -2.57874872,  -7.68490922,   7.96183755,
         6.67872643,  -9.42540948, -10.85080772,  -9.52943835,
        -0.43718283, -10.89399009, -10.95571599,   5.63635457,
        18.51504075,   2.61860176, -12.06703331,  16.39470312,
        -3.47710975,   0.19814013,   2.16508032,  -5.51459036,
        24.69239789,  -7.55068982,  -6.16222145,  14.1722331 ,
        -0.66706011,  -6.68695197,  -7.54354215,  -5.09053741,
         4.80105638,   1.08364517,  -3.74358959,   9.96290108,
        -3.66621034, -10.24296145,   8.72917768,   8.02469683,
        -6.18297778,  23.31921273,  -1.50445584,   2.92283668,
         3.87136263,  -6.9190113 , -10.15966683,  -1.37986922]), array([ -3.67995061,  -4.83402193,  -1.07470426,   7.29129898,
         2.26109807,  -3.01471319,  -3.8107207 ,  -9.3251549 ,
        -5.43946157,  -3.24135871,  -1.13796111,   8.45333865,
         0.66721565,  -3.59255676,   2.6335205 ,  -3.47012656,
         0.44718051,   1.68216883,  -3.25160731,  -2.83909738,
        -0.78068931,   6.93018605,   4.38233067,   1.6689169 ,
         5.87576944,   0.40535508,  -2.39264855,   4.74893639,
         1.21711311,  -3.78559968,   0.58100032,  -0.85649111,
         2.44376244,  -5.79334143,   0.1196958 ,  -2.91889877,
        -5.04375524,  -2.30965441,   4.10422732,   0.54613696,
         9.89300072,  -1.45490566,   0.83855684,   6.8039156 ,
       -11.75042553,  -4.8392553 ,   3.50437891,   0.51022663,
        -4.31970942,  -4.94127032,   2.19403876,  -2.54955416,
        -3.32227939,   8.37288585,  -3.58788224,  -4.71791729,
         3.36079746,   6.1431231 ,  -0.26855644,   0.38081639,
         7.26267434,  -5.00310739,  -6.15667548,   1.61435063,
        -3.76451887,   1.3476654 ,  -6.88862205,   2.58452561,
         8.08191926,  -0.09877314,  -9.41960953,   5.40805042,
        -1.21967426,  -2.80798746,   3.66522711,  -3.2434333 ,
        10.08885741,  -3.22122949,   5.43964393,   7.0452789 ,
        -0.84281868,  -0.44215045,  -9.70840316,  -1.22213382,
         5.03576843,   1.37490429,  -0.6681248 ,   8.32146377,
         0.80262429,  -5.72290442,   6.88130852,   4.06822379,
        -5.6180533 ,  10.30364446,  -4.90159379,   2.85693445,
         9.07952552,  -5.70371076,  -3.01661318,  -1.86760184]), array([ -1.67506675e+01,  -7.03984649e+00,   4.58820090e+00,
         1.80435434e+01,   1.17601154e+01,  -5.93026762e+00,
        -1.24718426e+01,  -1.90113293e+01,  -1.39636596e+01,
         1.81174448e+00,   1.06777421e+01,   3.58874294e+01,
         1.13854553e+01,  -1.02566531e+00,  -2.18631388e+01,
        -1.25106594e+01,  -6.80008332e+00,   1.15829735e+01,
        -3.34175378e+00,  -5.39954712e+00,   9.07560452e+00,
         1.57592943e+01,   1.30387473e+01,   7.61920875e+00,
         6.76662722e+00,   4.90668041e+00,   1.10712156e+00,
         1.38852264e+01,   7.34567666e+00,  -1.10709797e+01,
        -4.16630633e+00,   5.79265562e+00,  -5.29537211e+00,
         1.04454597e+01,   1.83027204e+00,  -6.86609079e-01,
        -2.72454140e+01,   5.24567505e+00,   1.97343250e+01,
         1.31272628e+01,   1.61250517e+01,  -4.41585904e+00,
        -4.29200248e+00,   2.08420535e+01,  -3.12041342e+01,
         4.22163122e+00,   3.10441616e+00,   7.30197247e+00,
        -9.20318397e+00,   1.14528391e-02,   8.19315853e+00,
        -7.75709512e+00,   4.48216398e+00,   1.73831880e+01,
        -1.70228146e+01,  -2.88546677e+01,   1.06112414e+01,
        -2.41510180e+00,  -6.51228643e+00,   8.34054715e+00,
         1.14093371e+01,  -6.47067323e+00,  -1.27784548e+01,
         7.51962688e+00,  -1.70713236e+01,  -9.29800952e+00,
        -1.01944974e+01,   2.02699990e+01,   1.88205567e+01,
         2.03052449e+01,  -3.09343201e+01,   7.12399164e+00,
        -6.85655492e+00,  -5.46243410e+00,   7.88637188e-01,
        -1.22150043e+01,   2.94613118e+01,   1.25815740e+00,
         2.24444206e+00,   8.22796796e+00,   4.96707448e-02,
        -1.05538074e+01,  -2.42701402e+01,   3.58520133e+00,
         7.88732549e+00,   8.10334805e+00,  -1.12200186e+01,
         1.34141241e+01,  -4.21467552e+00,  -6.91228760e+00,
         2.02872180e+00,   1.35538287e+01,  -5.28757213e+00,
         3.16438950e+01,  -6.36066441e+00,   1.16898937e+01,
         1.83337567e+01,  -9.10500783e+00,  -2.70528343e+01,
        -1.51255453e+01]), array([-22.81407009,  -6.48710474,   8.93263705,  20.52188027,
         7.06551164,  -5.32211949, -10.14380994, -26.62452439,
        -7.35121553,  -5.76965229,   4.15158552,  32.67663298,
         3.41058441,   1.33059597, -10.42354116, -18.54017084,
         4.20383009,   9.98014728,   0.80737018,  -3.40951804,
         8.69078539,  18.01206923,   9.82074901,   5.45340685,
        19.84853779,  10.85274455,  -2.58634045,  12.13663489,
         5.79666301, -13.85760572,   0.39018806,   1.93964501,
        -0.4627018 ,  10.12390766,   6.25615381,  -4.43011925,
       -26.18244743,   3.98885947,  11.85720348,  10.8039248 ,
        25.7810794 ,  -3.32862853,   0.40466003,  24.47748254,
       -33.46021501,   2.49832179,   1.28301664,   2.28073907,
        -5.95845965,  -2.22939076,  12.51628167,  -6.44136606,
         6.71465022,   9.93868969,  -9.20258653, -20.29181342,
        14.60862002,   2.83441242,  -2.43998354,  15.74317139,
        10.60904739, -12.63511282, -19.03037437,  -1.86522809,
       -10.57636688,  -8.22304553, -14.39181653,  15.36380904,
        23.98767404,  16.01658139, -28.23270594,  12.59544601,
        -6.91503152,  -7.26805144,  -0.5595185 ,  -8.53642102,
        27.01116172,   3.12398653,  -1.50386178,  14.3673927 ,
        -0.23146015, -18.58995027, -18.97119922,   3.95139612,
         6.04224968,   0.13751979,  -7.11868364,  19.60135297,
         1.67615743, -10.58117262,  -1.81374748,  15.14176744,
       -11.91092957,  38.27183032,  -1.38406408,   6.94784966,
        14.25600766,  -9.32507389, -25.15039166, -15.09732934]), array([ 14.44934786,   8.7249417 ,  -5.64938306, -16.87575178,
       -11.60493561,   0.85261337,   7.87970926,   9.98653374,
         8.30016067,  -5.6114654 ,  -4.97651493, -34.73215282,
       -16.03884008,   0.76620461,  17.78844554,  12.44931739,
        -4.71381991, -13.53963609,   8.90838307,   0.70747887,
        -7.78170065, -10.78869019, -10.08203785,  -7.30778986,
       -14.32816118,  -2.82606208,   0.93617437, -15.04161584,
         1.95249894,   9.84152587,   9.00723634,  -2.33589111,
        10.38728448, -14.72093592,  -7.84227384,   7.5206761 ,
        16.20530214,  -1.50248143, -19.08677795, -12.67476461,
       -12.11987292,   4.74466985,  -7.50824893, -24.84973102,
        23.69565951,  -2.83694147,  -0.62305478,  -1.40460507,
         9.88011442,  -4.74992037,  -7.79213705,   7.66274819,
        -4.0760178 , -18.47043927,   7.43891637,  11.62232672,
        -5.11278302,  -2.11935407,   1.55588422, -11.82019534,
        -8.33759425,   2.60707578,   5.23268627,  -5.55591647,
         7.97365368,  10.33690595,  23.30479691,  -8.48597036,
       -22.63232187, -14.76465961,  19.72124924, -10.55994382,
         4.12705368,   5.28616209, -13.70744681,   2.56011632,
       -22.48431628,  -3.82331067,   1.44179438,  -9.72752753,
         3.75525156,  18.85190103,  12.74139783,  -5.00583449,
        -5.96646971,  -8.48928683,  10.05199882, -24.62652361,
         4.12738976,   8.53905899,  -4.91118287,  -9.22709719,
         1.71366304, -25.01538872,   6.62489288,  -3.59631569,
       -13.85178825,  -7.32035816,  17.50530811,  24.0263798 ]), array([ 22.64665659,   9.24599312,  -6.64425709, -15.98604805,
        -6.28217157,   7.84098218,   6.73597006,  20.13672133,
         8.10352182,   7.32093792,  -6.64872713, -29.72563484,
        -8.86083237,   1.70317142,  16.99449826,  11.84320655,
        -0.57891913,  -8.35461058,  -0.20453164,   5.21195232,
         1.19178318,  -9.65546244,  -9.21709524, -13.43485608,
       -12.00108385,  -6.6316789 ,   8.48368426,  -7.42539277,
        -5.90790877,  -1.19975614,   2.31009789,   0.81241541,
        -3.42667782,   3.68226645,  -9.35989848,   4.9881593 ,
        21.99194943,  -6.25098804,  -9.45177589,  -3.81633709,
       -26.46769408,   1.02076688,  -3.00714938, -22.74749223,
        26.48937543,   1.10397971,  -0.97431801,  -3.54109326,
         5.83469994,   8.68306502, -14.21046651,  11.00720723,
        -3.78689817,  -9.67866   ,  10.36938303,  15.03209655,
       -11.12631763,   0.28482987,   3.83545422, -11.94101179,
       -13.99686651,   9.17121999,  12.78936686,   0.34016294,
         9.63498955,  11.94525454,  18.86543635,   0.94351545,
       -23.16440046, -11.43144822,  16.77069927, -16.87663968,
         4.7396197 ,   2.33696311,  -4.32696962,  16.72692711,
       -28.56457126,  -1.64759578,   4.74602327, -14.67719925,
         0.85917378,  13.3184696 ,  15.44048327,  -5.69059391,
        -6.14383842,  -5.69040077,   6.62440266, -16.07280754,
         3.4862645 ,  12.60095824,  -7.82595661, -12.30664848,
         9.71353514, -27.12364452,   7.27512858,  -5.11752237,
       -18.5387474 ,   4.59919831,  22.10368139,   7.87948228]), array([ 2.12268589,  2.11656044,  0.41420509,  2.83643712, -0.47240263,
       -0.14307182, -2.33201109, -0.23088565, -3.19785922,  0.84069183,
        1.4593346 ,  2.88133319, -2.69538757,  1.66245384, -1.11233005,
       -0.45583362,  2.48611894,  3.71755904, -1.15540784, -0.62811049,
        3.16572768, -0.77320332, -0.82854543,  0.38102907,  0.5420102 ,
       -0.18989295, -1.20081178,  3.53801856, -1.82531383,  1.323184  ,
        2.65088392,  0.16050146, -5.96683857,  4.15820207, -1.50752597,
        2.1695533 ,  1.13017474, -2.7323193 ,  4.72526157,  3.24845644,
       -0.53588259,  1.61005105, -1.33760504,  0.57635356, -1.34961719,
       -0.48244091, -1.28622954, -0.19716837,  2.63528625,  2.05573607,
       -1.74654292, -2.68757303, -1.56870928,  3.16655582,  4.70553221,
        0.70326356, -0.55041937,  1.08069788, -1.68539055,  0.6448593 ,
       -5.8029295 ,  1.75814174, -1.10933824, -0.71115162, -2.40696353,
        0.69153154,  3.03765731,  2.0245427 , -0.24498141,  4.00762015,
       -2.53845596, -1.84628939,  1.33045861, -2.80662192,  3.70377328,
       -0.92480247, -1.74946738, -0.19116001, -1.21702425, -3.64277257,
        0.58114417, -1.99857943, -2.11622551,  2.08780314, -2.59090915,
        4.87270216, -2.22729176, -0.40316399,  0.09247274,  2.77807982,
        0.0605847 ,  0.07240596,  1.52723401, -3.82364911, -0.97136319,
        3.55104094, -1.55218871,  2.50712146, -1.20262317, -5.19247033]), array([  5.83941459,   2.91815625,  -1.31515191,  -5.96130812,
        -2.96340881,  -0.8385924 ,   2.58331479,   8.56904975,
        -0.64020685,   2.13564767,  -0.51111831,  -8.04896513,
        -3.92525804,  -1.38987243,   4.78926499,   4.25462241,
        -2.19042493,  -2.40526906,  -0.3500153 ,   1.15510451,
         0.38254544,  -5.63416292,   1.28766496,  -2.94352182,
        -4.53399373,  -0.27530257,   2.39587576,  -2.59137503,
        -1.86265507,   3.35274681,   1.05737888,   1.68460012,
        -0.45276354,   1.91760834,  -5.04128302,   3.94316565,
         6.2047267 ,  -1.10612974,  -2.04272603,  -1.45330492,
        -6.34218076,   1.5989922 ,   0.4293252 ,  -5.42098155,
         9.74481827,   1.68473169,   0.02073455,   0.283403  ,
         1.51128084,   3.61372997,  -2.61869223,   3.61147236,
        -1.31543596,  -1.54377689,   1.41030506,   6.19047179,
        -2.28814155,  -0.24933837,   4.34958796,  -2.93594863,
        -3.74453135,   0.95187931,   5.51102124,   1.91099969,
        -1.9949954 ,   4.10800242,   5.85584915,  -2.97729747,
        -7.76539372,  -0.40429172,   8.72933776,  -4.7721271 ,
         2.72406002,  -0.31703662,  -0.44541402,   3.53296877,
       -10.8360265 ,   2.10949929,   0.11745644,  -4.3121081 ,
         4.0356823 ,   2.93849766,   1.71570643,  -0.85890019,
        -1.04453087,  -1.25107785,  -0.42137849,  -2.79891492,
        -2.60503727,   5.60242889,  -2.42459746,  -3.22028175,
         2.74769425, -12.65002504,  -2.15343137,  -1.58966066,
        -1.29048302,   0.49353497,   6.88727856,   1.06816984]), array([ 1.30052748, -1.73705797, -1.80652417,  6.33843915,  3.80044742,
       -4.13027177, -4.17760582, -2.38535735, -4.72155328, -0.49296992,
        4.2365318 ,  4.39876241,  1.68861644,  1.74016727, -3.79157283,
        0.89178718, -4.96482547,  6.23452973, -2.83751937,  0.1535321 ,
        4.33045468,  4.71795399,  3.87447779,  0.15400691, -3.08680467,
       -1.54383904,  2.43835267, -0.19278783,  4.70096203, -0.20420902,
       -2.02196323,  3.01768685, -1.9079664 ,  4.18081581, -3.77315996,
        4.3075204 , -5.97489501, -2.38294595,  3.98179072,  2.65381935,
        2.15499811, -1.3658917 , -1.76362316,  0.37777776, -4.50601341,
        1.36103367,  2.95734494,  0.72548634, -2.03615677,  0.35289086,
       -3.14688377,  1.64055026, -1.34921073,  1.83366859, -4.21376906,
       -4.63264119,  2.17810755,  0.795422  , -0.73664793,  1.9543126 ,
       -1.75850958, -3.3808215 ,  2.54643564, -1.5981936 , -7.36921759,
       -0.61612052,  4.94053287, -1.00138267, -0.29556093,  3.01106395,
       -0.23712092, -1.67154759,  2.72011844, -4.90729102, -2.87106641,
        0.32733026,  2.68949099, -1.92171184,  0.64463186, -1.73052701,
        0.64718345,  0.78682978, -4.49557154,  3.91769033,  3.47832785,
        5.8003186 , -2.38470788,  0.54809979, -2.27342107,  1.39883475,
        0.87166181,  0.46704722,  3.46897951, -1.96798533,  0.71905475,
        1.98098759,  2.83991462, -4.76267666, -0.54937545, -2.48160007])]
