[array([ 0.1572347 ,  0.44103342, -0.86896384, -0.07265484, -1.51979125,
        0.90259945, -0.54618025,  0.89179099, -0.55247867, -0.21254741,
        0.7137084 ,  0.20320618, -0.02287416, -1.27612972, -0.64228737,
       -1.14471209,  0.70817935,  1.79187536,  0.46935862,  0.00901356,
       -1.0180645 ,  0.98260093,  0.63280863, -0.3089518 ,  0.0308852 ,
        0.90143001,  0.73158234,  0.01108092,  0.33047172, -0.14927642,
       -0.75106537,  0.50801539, -1.47064757, -0.90103269, -1.14443994,
        1.17181742, -0.47267547, -1.30587244, -0.33047146,  1.18253958,
        1.20021105,  0.96213037, -0.72656786,  1.16059959,  2.54361653,
       -0.0706833 ,  1.85940397,  0.81356591,  0.03271663, -0.59660923,
       -0.15884252, -0.36627924, -0.50065398, -0.61755615,  0.25374979,
        0.83681667, -0.39694962, -0.0473765 ,  0.98058522, -2.17919779,
       -0.176287  , -0.71093327,  0.49288124,  0.9703325 , -1.25688958,
        1.71781445,  0.1669466 , -0.55882645, -1.22628999, -0.12545222,
        0.28214103,  1.27207506, -1.5922941 ,  1.14699554, -0.4256556 ,
        0.40582475, -1.03183401,  0.79234082, -0.13552566, -2.42773795,
       -0.1735637 ,  0.11815083, -0.60919034,  3.2868607 ,  0.37900385,
       -0.01455518,  0.51546198,  0.41851747, -1.51125777, -0.50043988,
       -1.04028368, -1.1643914 , -1.10548747,  1.88526547, -0.12041599,
       -2.12423086,  0.14844257,  0.18123513, -0.60381061,  1.41227508], dtype=float32), array([ 0.1495076 ,  0.44043064, -0.84714949, -0.06738371, -1.5214591 ,
        0.90778071, -0.55847102,  0.88766813, -0.55967593, -0.23599957,
        0.71668118,  0.2081386 , -0.01519984, -1.27955937, -0.6255185 ,
       -1.15273941,  0.701621  ,  1.78965449,  0.4835369 ,  0.00466158,
       -0.98442262,  0.98273468,  0.60418475, -0.31431568,  0.04500275,
        0.93030441,  0.74242204,  0.0260251 ,  0.31473094, -0.13638079,
       -0.76311636,  0.48603988, -1.46696877, -0.91228724, -1.14323723,
        1.17287028, -0.48109654, -1.30109847, -0.32296163,  1.19814861,
        1.22283936,  0.98212671, -0.70951062,  1.15086782,  2.54768276,
       -0.08219896,  1.86211419,  0.81479478,  0.02397843, -0.58641452,
       -0.14924246, -0.38130885, -0.49687862, -0.62404978,  0.24692765,
        0.85179871, -0.39660725, -0.0587531 ,  0.99645424, -2.17492795,
       -0.19457947, -0.70999789,  0.51520735,  0.95890772, -1.25158274,
        1.68553269,  0.16495639, -0.55842888, -1.23339283, -0.11719479,
        0.28976899,  1.28486431, -1.60293806,  1.14358962, -0.43767962,
        0.39529368, -1.03641081,  0.78865916, -0.11940323, -2.42683434,
       -0.16202848,  0.11231137, -0.60512573,  3.27089453,  0.39559618,
       -0.02705355,  0.51597106,  0.40148789, -1.52094162, -0.4822956 ,
       -1.0445981 , -1.16233611, -1.1112572 ,  1.90875244, -0.12728217,
       -2.11996388,  0.12200564,  0.17886274, -0.61406738,  1.38992834], dtype=float32), array([  2.01522931e-01,   6.55099392e-01,  -8.91910851e-01,
         2.41829548e-03,  -1.64457273e+00,   7.20806360e-01,
        -5.32909751e-01,   6.72719181e-01,  -4.68559295e-01,
        -5.42064071e-01,   6.15686357e-01,  -2.08263379e-02,
        -4.73880060e-02,  -1.31548595e+00,  -4.25747901e-01,
        -9.05601501e-01,   6.16076827e-01,   1.80713689e+00,
         3.54566634e-01,  -5.15572056e-02,  -7.92058647e-01,
         8.57874215e-01,   3.47005248e-01,  -3.45311671e-01,
         1.52637944e-01,   8.89571309e-01,   9.86888468e-01,
         8.93376917e-02,   2.68059671e-01,  -9.83533189e-02,
        -1.00059903e+00,   2.51445323e-01,  -1.58771038e+00,
        -8.98705304e-01,  -1.12282801e+00,   1.22494912e+00,
        -7.56188452e-01,  -1.36892545e+00,  -3.37873220e-01,
         1.20712984e+00,   1.37922239e+00,   1.18443906e+00,
        -5.26599109e-01,   1.19271398e+00,   2.51014209e+00,
        -1.69216171e-01,   1.91011906e+00,   9.60732937e-01,
         2.74267290e-02,  -4.91124719e-01,  -1.92471407e-02,
        -4.79460269e-01,  -4.18157727e-01,  -6.12925470e-01,
         4.15531784e-01,   9.67020214e-01,  -2.23326191e-01,
        -1.66174531e-01,   1.13936281e+00,  -2.19098687e+00,
        -9.33018252e-02,  -7.03293443e-01,   5.34920216e-01,
         8.72952640e-01,  -1.14909470e+00,   1.40208578e+00,
         4.17265594e-02,  -5.21772981e-01,  -1.34251904e+00,
        -3.13121617e-01,   2.75598526e-01,   1.40986979e+00,
        -1.39373469e+00,   1.06366539e+00,  -5.49987197e-01,
         3.99419576e-01,  -1.11284149e+00,   7.57284701e-01,
        -9.65616032e-02,  -2.45141912e+00,  -1.18692361e-01,
        -8.03127885e-03,  -5.22761285e-01,   3.29937983e+00,
         3.39062154e-01,   3.14275213e-02,   4.97273773e-01,
         2.10149050e-01,  -1.64550173e+00,  -3.46167207e-01,
        -1.08248198e+00,  -9.80966151e-01,  -7.66624033e-01,
         1.95575166e+00,  -4.53294069e-02,  -2.13095498e+00,
         2.36067057e-01,   4.56024334e-02,  -6.13184392e-01,
         1.46086133e+00], dtype=float32), array([ 0.2879231 ,  0.77717489, -0.93976355,  0.01090319, -1.60103536,
        0.72195762, -0.62365693,  0.65916562, -0.55796367, -0.53661162,
        0.56482702, -0.12892309, -0.05980572, -1.33028567, -0.44805127,
       -0.90018439,  0.57529032,  1.84607923,  0.21230899, -0.01779445,
       -0.75181806,  0.87239861,  0.21418731, -0.30901   ,  0.17297377,
        0.89111114,  0.97181171,  0.09651446,  0.24156675, -0.13831948,
       -1.05364192,  0.23171248, -1.62011075, -0.99616033, -1.13241386,
        1.14641857, -0.8339268 , -1.32386208, -0.30457416,  1.24026072,
        1.4128567 ,  1.21799302, -0.49954504,  1.19918132,  2.44808578,
       -0.20481221,  1.86473703,  0.91241604, -0.04862433, -0.5035221 ,
       -0.06676619, -0.38168854, -0.38674718, -0.55270487,  0.45516273,
        0.98073739, -0.23132282, -0.19035275,  1.25597823, -2.16316533,
       -0.0574731 , -0.63103729,  0.66652834,  0.88793212, -1.10399497,
        1.30427897,  0.0135742 , -0.52455556, -1.41398489, -0.2971184 ,
        0.30432203,  1.43168473, -1.28590429,  1.23504198, -0.57545179,
        0.46256363, -1.0807749 ,  0.81590986, -0.14351839, -2.3619585 ,
       -0.0885292 ,  0.01779232, -0.61571991,  3.31616497,  0.3084504 ,
        0.25139949,  0.43056002,  0.15946232, -1.66190779, -0.35409465,
       -1.08477247, -0.95276898, -0.60453737,  1.88937628, -0.12007242,
       -2.24414372,  0.17499319,  0.04613623, -0.58802778,  1.42962086], dtype=float32), array([ 0.29551658,  0.7716912 , -0.94484115,  0.01019183, -1.61314547,
        0.71572918, -0.6240052 ,  0.64640391, -0.56812203, -0.54151332,
        0.5637219 , -0.13632925, -0.06839718, -1.33737671, -0.4446553 ,
       -0.89047676,  0.56642258,  1.86575735,  0.21860474, -0.01657268,
       -0.75483853,  0.8631779 ,  0.20868728, -0.29997301,  0.1731921 ,
        0.89655185,  0.9746418 ,  0.08950424,  0.24346137, -0.13275371,
       -1.04485238,  0.22972982, -1.62597728, -0.99774539, -1.13314462,
        1.14539146, -0.84774303, -1.3290472 , -0.3153891 ,  1.24627602,
        1.4098177 ,  1.22503054, -0.49458244,  1.20043218,  2.4477694 ,
       -0.19700535,  1.857463  ,  0.8993032 , -0.05709873, -0.49379545,
       -0.06328337, -0.38414082, -0.3719655 , -0.53656304,  0.45766351,
        0.98135108, -0.23316185, -0.17413485,  1.26117659, -2.15513635,
       -0.0464804 , -0.63260818,  0.65584916,  0.89058745, -1.10463667,
        1.29302382,  0.00421225, -0.51842648, -1.41059911, -0.31013307,
        0.31870863,  1.43744636, -1.28108287,  1.22651589, -0.57972842,
        0.46357197, -1.07718968,  0.80981517, -0.14953578, -2.3521719 ,
       -0.09397087,  0.01999361, -0.61811805,  3.32512927,  0.30937412,
        0.24385865,  0.4231554 ,  0.1680904 , -1.66633666, -0.35171887,
       -1.07799017, -0.93580967, -0.60184461,  1.88913143, -0.12473866,
       -2.24731565,  0.18413864,  0.04325539, -0.59634417,  1.43404496], dtype=float32), array([  4.09010291e-01,   6.44518614e-01,  -9.58977580e-01,
         2.31292169e-03,  -1.81187892e+00,   6.23148799e-01,
        -6.44125998e-01,   4.09734756e-01,  -7.09852576e-01,
        -6.74586952e-01,   5.83097279e-01,  -2.46102676e-01,
        -1.26276791e-01,  -1.44375730e+00,  -3.57744724e-01,
        -8.03079724e-01,   3.57281208e-01,   2.14011765e+00,
         3.58951569e-01,  -2.09689178e-02,  -7.14289546e-01,
         7.05402970e-01,   4.00026366e-02,  -1.71921372e-01,
         1.85934559e-01,   1.05030394e+00,   1.03199100e+00,
        -5.59238484e-03,   2.33420432e-01,  -2.90816631e-02,
        -9.27285731e-01,   1.39428720e-01,  -1.68259442e+00,
        -1.02361739e+00,  -1.14269185e+00,   1.14963222e+00,
        -1.07208705e+00,  -1.41934133e+00,  -4.32153851e-01,
         1.35013008e+00,   1.37372923e+00,   1.32058156e+00,
        -3.95024657e-01,   1.23744774e+00,   2.42900324e+00,
        -1.12075143e-01,   1.69838321e+00,   6.77911401e-01,
        -2.43644118e-01,  -2.74161160e-01,   5.14172688e-02,
        -4.66335297e-01,  -1.51985392e-01,  -2.67535895e-01,
         4.74217653e-01,   1.07797468e+00,  -2.87552238e-01,
         8.62552747e-02,   1.35088265e+00,  -2.00890470e+00,
         4.47040088e-02,  -6.73839688e-01,   5.24669468e-01,
         9.06818509e-01,  -1.02914524e+00,   1.08101213e+00,
        -1.37915954e-01,  -4.28393573e-01,  -1.35544491e+00,
        -5.08899689e-01,   5.58614731e-01,   1.55753887e+00,
        -1.24608195e+00,   1.09020400e+00,  -6.46294475e-01,
         4.03484046e-01,  -1.01554191e+00,   7.34993219e-01,
        -2.10986391e-01,  -2.13685727e+00,  -2.11168408e-01,
         2.71947007e-03,  -6.48407102e-01,   3.37506509e+00,
         3.79432231e-01,   1.26471668e-01,   3.09665143e-01,
         3.22484404e-01,  -1.70804191e+00,  -2.91072875e-01,
        -1.00256288e+00,  -6.58962488e-01,  -5.90915561e-01,
         1.92498422e+00,  -2.26791158e-01,  -2.23908854e+00,
         2.86728472e-01,   3.92278768e-02,  -7.54030764e-01,
         1.48461139e+00], dtype=float32), array([ 0.40487352,  0.64302629, -0.96343726,  0.00652288, -1.81558263,
        0.62176871, -0.64526105,  0.41016397, -0.71225357, -0.67424977,
        0.57996875, -0.24819547, -0.130768  , -1.44184196, -0.3564842 ,
       -0.80012012,  0.35388184,  2.14546776,  0.36284804, -0.02139802,
       -0.71729499,  0.70466769,  0.03935832, -0.16843595,  0.18634519,
        1.04876995,  1.03389466, -0.01018101,  0.23255792, -0.03164707,
       -0.92467171,  0.14026056, -1.68186378, -1.02303886, -1.14312196,
        1.14351642, -1.06995821, -1.42056286, -0.43104807,  1.35490096,
        1.37373805,  1.32257581, -0.38900372,  1.23388076,  2.42684579,
       -0.11030814,  1.70164931,  0.67396343, -0.24608873, -0.27307674,
        0.05374627, -0.46540186, -0.15002845, -0.26148906,  0.47469845,
        1.07649934, -0.28667706,  0.08799934,  1.35192525, -2.00695157,
        0.0478112 , -0.67268574,  0.52289015,  0.90433139, -1.02886093,
        1.08014989, -0.1386383 , -0.42589378, -1.35182214, -0.51201528,
        0.5620808 ,  1.55894923, -1.24359143,  1.08731484, -0.64665425,
        0.40609053, -1.01641011,  0.73254538, -0.21179721, -2.13539171,
       -0.20943542,  0.00357247, -0.64583051,  3.37745786,  0.37584388,
        0.12376209,  0.30794361,  0.32268816, -1.70901012, -0.29295501,
       -1.00282049, -0.6594193 , -0.59276152,  1.92507088, -0.22339125,
       -2.24062562,  0.28709513,  0.03769745, -0.75848591,  1.48533678], dtype=float32), array([ 0.4025608 ,  0.64243126, -0.97185916,  0.00892502, -1.81780374,
        0.6138764 , -0.64290583,  0.40432248, -0.72122508, -0.6792528 ,
        0.57999378, -0.25379831, -0.13391417, -1.43885219, -0.35126987,
       -0.78637582,  0.3489536 ,  2.15808511,  0.36224341, -0.01912667,
       -0.7215994 ,  0.696316  ,  0.03613077, -0.15529037,  0.18804985,
        1.05459702,  1.03538752, -0.00721779,  0.23690774, -0.02704377,
       -0.9214704 ,  0.14440969, -1.69053936, -1.01756167, -1.14280164,
        1.14122808, -1.081972  , -1.42197454, -0.4457761 ,  1.36514568,
        1.3671577 ,  1.32275879, -0.38502887,  1.23792946,  2.41739392,
       -0.10612251,  1.70570159,  0.66176093, -0.24363169, -0.27320409,
        0.05332689, -0.46602774, -0.13945167, -0.25826839,  0.47088042,
        1.07655966, -0.28799489,  0.0994635 ,  1.34647775, -2.00482726,
        0.05951032, -0.67097884,  0.50552422,  0.90456182, -1.03064609,
        1.0725944 , -0.14615236, -0.4233821 , -1.35078061, -0.519584  ,
        0.57459944,  1.56503248, -1.24267435,  1.09180343, -0.64441365,
        0.41216326, -1.01475227,  0.71863604, -0.22203162, -2.13616705,
       -0.21431363,  0.01116977, -0.65029806,  3.38217402,  0.37406287,
        0.12397331,  0.2965433 ,  0.33092088, -1.7147857 , -0.29289836,
       -0.9935981 , -0.64406419, -0.58711439,  1.92563117, -0.21835302,
       -2.23134708,  0.28468603,  0.03208525, -0.76224101,  1.48013508], dtype=float32), array([ 0.45928878,  0.61791819, -1.03539002,  0.02049745, -1.87054372,
        0.54309583, -0.6428197 ,  0.33180782, -0.74218696, -0.66980797,
        0.59938419, -0.27707997, -0.14297366, -1.46100652, -0.32160094,
       -0.74495798,  0.3166956 ,  2.21558785,  0.37893131, -0.00410308,
       -0.7933268 ,  0.65266323, -0.01186099, -0.0876398 ,  0.17659824,
        1.0924381 ,  1.04098094, -0.00945686,  0.27431986, -0.02031874,
       -0.87995565,  0.18921071, -1.73593068, -1.0131501 , -1.13554978,
        1.13585818, -1.18434548, -1.41850245, -0.50068688,  1.41023564,
        1.27062523,  1.37354064, -0.38669962,  1.25072372,  2.39053297,
       -0.0694523 ,  1.68006289,  0.54343265, -0.25055113, -0.24471833,
        0.06822027, -0.49664891, -0.07051891, -0.20285217,  0.44358051,
        1.02910542, -0.28506675,  0.1888694 ,  1.33172548, -1.95650959,
        0.15807872, -0.65239638,  0.38111195,  0.94627136, -1.00944412,
        1.01826763, -0.19769044, -0.39151278, -1.33690846, -0.5453319 ,
        0.64728087,  1.57826972, -1.20374012,  1.08140111, -0.64292431,
        0.43233535, -1.00896728,  0.6665386 , -0.28629577, -2.10794306,
       -0.2022102 ,  0.04496679, -0.68585002,  3.42194796,  0.38198385,
        0.11828093,  0.26935714,  0.37921017, -1.70448637, -0.2855083 ,
       -0.95559299, -0.582946  , -0.57497734,  1.91910505, -0.22780368,
       -2.18978047,  0.28782031,  0.00370494, -0.807634  ,  1.50428581], dtype=float32), array([  4.53038126e-01,   6.15066707e-01,  -1.03813326e+00,
         1.96982045e-02,  -1.87003243e+00,   5.46656847e-01,
        -6.45321012e-01,   3.35865200e-01,  -7.48178184e-01,
        -6.67243659e-01,   5.94226003e-01,  -2.83204049e-01,
        -1.29818439e-01,  -1.46118283e+00,  -3.13474476e-01,
        -7.33108640e-01,   3.11263353e-01,   2.22120857e+00,
         3.81286591e-01,  -7.87678920e-03,  -7.94719636e-01,
         6.48213983e-01,  -3.29291425e-03,  -8.53109136e-02,
         1.76490396e-01,   1.08486497e+00,   1.03900325e+00,
        -7.77388550e-03,   2.81260043e-01,  -2.41401810e-02,
        -8.79290164e-01,   1.96276471e-01,  -1.73767805e+00,
        -1.01074767e+00,  -1.14160323e+00,   1.12132871e+00,
        -1.17728555e+00,  -1.41910219e+00,  -5.01245439e-01,
         1.42383122e+00,   1.26855159e+00,   1.36698747e+00,
        -3.80944520e-01,   1.24777722e+00,   2.38560057e+00,
        -7.13825896e-02,   1.68557811e+00,   5.38905442e-01,
        -2.41481602e-01,  -2.55176365e-01,   6.88043460e-02,
        -4.91442233e-01,  -7.02890307e-02,  -2.03568116e-01,
         4.41169620e-01,   1.02942741e+00,  -2.85472125e-01,
         1.92014664e-01,   1.33148134e+00,  -1.95273888e+00,
         1.43878087e-01,  -6.55959368e-01,   3.77977997e-01,
         9.47568893e-01,  -1.01206100e+00,   1.02493322e+00,
        -1.92854509e-01,  -3.92587006e-01,  -1.33472085e+00,
        -5.40568590e-01,   6.43167615e-01,   1.57294309e+00,
        -1.21092403e+00,   1.08409846e+00,  -6.40681207e-01,
         4.29958940e-01,  -1.01275837e+00,   6.65573061e-01,
        -2.91517735e-01,  -2.11788058e+00,  -2.06866473e-01,
         4.84994948e-02,  -6.79582953e-01,   3.42899561e+00,
         3.90950292e-01,   1.10041931e-01,   2.73319602e-01,
         3.86093974e-01,  -1.70528519e+00,  -2.89007485e-01,
        -9.49978292e-01,  -5.88605464e-01,  -5.74726164e-01,
         1.91729939e+00,  -2.17378497e-01,  -2.18501949e+00,
         2.79550374e-01,  -2.48161261e-03,  -8.03448081e-01,
         1.50641716e+00], dtype=float32), array([ 0.45538217,  0.64169449, -1.04966974,  0.02519987, -1.80563855,
        0.54591012, -0.62486905,  0.37121084, -0.72675902, -0.66434604,
        0.56383228, -0.29364443, -0.10655096, -1.44121861, -0.32830006,
       -0.74483979,  0.32472479,  2.21342993,  0.34309399, -0.00694391,
       -0.81566596,  0.66570789,  0.03112599, -0.10669942,  0.17852417,
        1.036219  ,  1.04071558,  0.02562061,  0.29039279, -0.02950238,
       -0.90755248,  0.21718021, -1.75663459, -0.99505478, -1.16631794,
        1.11633813, -1.14735496, -1.41769266, -0.5239352 ,  1.40541041,
        1.27751791,  1.34284914, -0.40033603,  1.24246883,  2.38312197,
       -0.0885926 ,  1.70073152,  0.56037605, -0.18716618, -0.31070563,
        0.02693921, -0.46875188, -0.10268752, -0.24729396,  0.45372167,
        1.01368153, -0.28095374,  0.14073317,  1.316522  , -1.96891463,
        0.10063532, -0.6459735 ,  0.41362044,  0.96075088, -1.02856898,
        1.05547833, -0.18182319, -0.37963641, -1.34722531, -0.51292652,
        0.62216049,  1.57006061, -1.22291982,  1.13164854, -0.60599053,
        0.46791849, -1.03491032,  0.66984928, -0.29817256, -2.14071393,
       -0.18860732,  0.04020601, -0.68996084,  3.4268229 ,  0.37902233,
        0.13822122,  0.29733777,  0.37640592, -1.69812059, -0.30867338,
       -0.95788866, -0.6252982 , -0.54348087,  1.89521968, -0.17960301,
       -2.19371963,  0.29850984, -0.01420593, -0.79184544,  1.51058471], dtype=float32), array([ 0.45665237,  0.63069141, -1.05000496,  0.02682007, -1.82456112,
        0.548253  , -0.63026065,  0.3575801 , -0.7373836 , -0.67412204,
        0.56610894, -0.30091068, -0.10882425, -1.44535053, -0.32089058,
       -0.74115181,  0.31745964,  2.21918988,  0.3618466 , -0.01302173,
       -0.80478853,  0.66685033,  0.02047645, -0.10173336,  0.17785913,
        1.05167198,  1.04167807,  0.01807102,  0.28133446, -0.02039787,
       -0.8976267 ,  0.20635317, -1.75072205, -0.99864823, -1.16153419,
        1.11723256, -1.14579058, -1.41892302, -0.51733261,  1.40485549,
        1.28318548,  1.35000491, -0.38740069,  1.23474085,  2.39313293,
       -0.08329604,  1.69484448,  0.55872929, -0.20373186, -0.29191512,
        0.03623849, -0.47292113, -0.09430933, -0.23460779,  0.45785657,
        1.02755964, -0.27999622,  0.145142  ,  1.3220011 , -1.96335745,
        0.10037372, -0.65082252,  0.41546237,  0.95427948, -1.02317059,
        1.03414273, -0.19090253, -0.37733161, -1.34851956, -0.51672977,
        0.63794541,  1.56549346, -1.22599638,  1.11431658, -0.61843443,
        0.45516613, -1.02737904,  0.66820824, -0.29068795, -2.12844038,
       -0.18764465,  0.0362482 , -0.68980575,  3.42333412,  0.38981241,
        0.12893707,  0.29396114,  0.37549236, -1.70096445, -0.29705822,
       -0.95656824, -0.60637969, -0.54937899,  1.90147984, -0.19404264,
       -2.19948602,  0.29592049, -0.01656308, -0.80006802,  1.50688434], dtype=float32), array([ 0.45374581,  0.63001591, -1.04799151,  0.02640272, -1.82257569,
        0.55059314, -0.63154757,  0.36033294, -0.73683691, -0.67606199,
        0.56901598, -0.29747114, -0.10788884, -1.44474864, -0.32167771,
       -0.74442172,  0.31903514,  2.21787882,  0.3630797 , -0.01383196,
       -0.80061972,  0.66999131,  0.01834921, -0.10392066,  0.17853168,
        1.05441964,  1.04359388,  0.0201621 ,  0.27836692, -0.01926621,
       -0.89817154,  0.20367843, -1.74743605, -1.00127769, -1.16201353,
        1.1176852 , -1.14354014, -1.41717672, -0.51436955,  1.4065944 ,
        1.28713751,  1.3505013 , -0.38714689,  1.23568201,  2.39431238,
       -0.08398671,  1.69458103,  0.56156451, -0.20375283, -0.29285455,
        0.03620469, -0.47544515, -0.09381468, -0.23951872,  0.45529804,
        1.0299741 , -0.27945489,  0.14169997,  1.32308054, -1.96533275,
        0.09809828, -0.64863598,  0.41930231,  0.95186961, -1.02278292,
        1.03085196, -0.19135913, -0.37752008, -1.34932077, -0.51540548,
        0.63716543,  1.5650816 , -1.22892368,  1.11484623, -0.61937737,
        0.45324552, -1.02819276,  0.66909063, -0.28707886, -2.12864828,
       -0.18660621,  0.03643062, -0.68978113,  3.42023516,  0.3898131 ,
        0.12783366,  0.29514247,  0.3738561 , -1.701087  , -0.29731348,
       -0.95625758, -0.6080907 , -0.55159873,  1.90437639, -0.19534153,
       -2.19876194,  0.29186198, -0.01687416, -0.80063909,  1.50314963], dtype=float32), array([ 0.45867962,  0.61969161, -1.05878127,  0.01685958, -1.84399438,
        0.54477024, -0.62767035,  0.34318879, -0.73887032, -0.68868876,
        0.58288461, -0.29242182, -0.1194503 , -1.44276845, -0.30913535,
       -0.73538327,  0.31593665,  2.23872089,  0.36870667, -0.01209186,
       -0.79284376,  0.66115117, -0.00528484, -0.0847679 ,  0.18812791,
        1.07267237,  1.05436492,  0.02322956,  0.28028774, -0.02001491,
       -0.89078128,  0.20617111, -1.74040198, -1.01192558, -1.16312397,
        1.11316442, -1.1657002 , -1.40864468, -0.52559692,  1.42173612,
        1.28245842,  1.36761296, -0.38328153,  1.25319088,  2.38112378,
       -0.07506968,  1.67855823,  0.54902411, -0.21678053, -0.28689489,
        0.0501503 , -0.49160275, -0.06421448, -0.23242643,  0.44600138,
        1.02730584, -0.28479734,  0.16442493,  1.32373905, -1.94137669,
        0.12149102, -0.64697742,  0.4008674 ,  0.95165032, -1.02702904,
        1.00416422, -0.20582108, -0.37914628, -1.33891261, -0.53617036,
        0.6565063 ,  1.56439602, -1.21823049,  1.108971  , -0.62933236,
        0.45319974, -1.03406179,  0.65522236, -0.29946357, -2.12014031,
       -0.19181244,  0.04257626, -0.69597083,  3.42166448,  0.38284728,
        0.11577204,  0.28063422,  0.36893934, -1.70464098, -0.28798437,
       -0.94292396, -0.58808392, -0.54874635,  1.91367841, -0.19785455,
       -2.19182396,  0.28291944, -0.01430381, -0.80856186,  1.50334263], dtype=float32), array([ 0.45867959,  0.61980361, -1.05868018,  0.01696639, -1.84394836,
        0.54497004, -0.62783158,  0.34327909, -0.73886502, -0.68872088,
        0.58293808, -0.29222843, -0.11939919, -1.44260693, -0.3092849 ,
       -0.73551744,  0.31599033,  2.23852277,  0.36879992, -0.01209002,
       -0.79254502,  0.66121548, -0.00541808, -0.08498384,  0.18819092,
        1.07294261,  1.05439234,  0.0234433 ,  0.28012118, -0.01995015,
       -0.89079922,  0.20607258, -1.74031448, -1.01194119, -1.16299307,
        1.1132201 , -1.16563523, -1.40862989, -0.52558798,  1.42172396,
        1.28260756,  1.3675611 , -0.38328514,  1.25305223,  2.38121152,
       -0.07505223,  1.67868161,  0.54916602, -0.21681987, -0.28692007,
        0.05004047, -0.49169049, -0.06422427, -0.23246953,  0.4459464 ,
        1.02731955, -0.28473204,  0.16420396,  1.3238461 , -1.94153643,
        0.12124993, -0.64700747,  0.40114912,  0.95159465, -1.0271374 ,
        1.00397325, -0.2058699 , -0.37911361, -1.33899784, -0.53605324,
        0.65654373,  1.56438673, -1.2184689 ,  1.10886633, -0.62935364,
        0.45312145, -1.03406715,  0.65527403, -0.29924217, -2.12015867,
       -0.19163489,  0.04254537, -0.69585603,  3.42150712,  0.38294369,
        0.11573322,  0.28080481,  0.36885813, -1.70460582, -0.28783628,
       -0.94293296, -0.58820629, -0.54895753,  1.91391194, -0.19793925,
       -2.1918757 ,  0.28261414, -0.01434199, -0.80864632,  1.50302291], dtype=float32), array([  4.41133052e-01,   6.43331707e-01,  -1.04827893e+00,
         3.60765457e-02,  -1.80325437e+00,   5.73190153e-01,
        -6.39985502e-01,   3.81016165e-01,  -7.22884536e-01,
        -6.93155110e-01,   5.91663897e-01,  -2.59631813e-01,
        -9.26266089e-02,  -1.41655254e+00,  -3.31963062e-01,
        -7.68990517e-01,   3.42817694e-01,   2.20392370e+00,
         3.64126414e-01,  -1.46848690e-02,  -7.58339942e-01,
         6.95662677e-01,  -1.31711038e-03,  -1.24247991e-01,
         1.99325010e-01,   1.08258164e+00,   1.06767559e+00,
         7.01190829e-02,   2.56659746e-01,  -1.47463791e-02,
        -9.11702573e-01,   1.97854429e-01,  -1.72649097e+00,
        -1.01672864e+00,  -1.16547799e+00,   1.11432123e+00,
        -1.13528585e+00,  -1.40045536e+00,  -5.10522366e-01,
         1.41742432e+00,   1.30986524e+00,   1.35155189e+00,
        -3.92910123e-01,   1.24735463e+00,   2.38969350e+00,
        -8.90627429e-02,   1.69779670e+00,   5.91953933e-01,
        -1.96032405e-01,  -3.22150409e-01,   2.70033218e-02,
        -4.97616261e-01,  -8.72438401e-02,  -2.89375097e-01,
         4.34764713e-01,   1.03344762e+00,  -2.71209627e-01,
         1.04295224e-01,   1.32384658e+00,  -1.97432828e+00,
         7.63663054e-02,  -6.33665740e-01,   4.47591931e-01,
         9.40923512e-01,  -1.03200662e+00,   9.91420627e-01,
        -2.02573344e-01,  -3.82031977e-01,  -1.35373938e+00,
        -5.04095078e-01,   6.41295254e-01,   1.54862356e+00,
        -1.25516415e+00,   1.12667239e+00,  -6.18158400e-01,
         4.52192843e-01,  -1.04478621e+00,   6.69042885e-01,
        -2.62654215e-01,  -2.13833499e+00,  -1.69233069e-01,
         3.79187204e-02,  -6.92268252e-01,   3.40180802e+00,
         3.85825992e-01,   1.18699662e-01,   3.09501290e-01,
         3.50573093e-01,  -1.70571995e+00,  -2.93221384e-01,
        -9.52010393e-01,  -6.32088780e-01,  -5.67517996e-01,
         1.93167186e+00,  -1.93861395e-01,  -2.19027019e+00,
         2.39806652e-01,  -1.58028100e-02,  -8.05426359e-01,
         1.46146858e+00], dtype=float32), array([ 0.38792413,  0.63092834, -1.05473173,  0.00437364, -1.81671572,
        0.60713851, -0.65799147,  0.38131821, -0.78185171, -0.71312457,
        0.5776825 , -0.29099792, -0.03397276, -1.43912053, -0.30104685,
       -0.71643656,  0.32783183,  2.21955681,  0.37836123, -0.05492669,
       -0.75590593,  0.68282771,  0.02232443, -0.11670066,  0.18893045,
        1.05765307,  1.06853545,  0.06446122,  0.28031686, -0.02020446,
       -0.89326751,  0.19959947, -1.72220147, -1.0167582 , -1.18960559,
        1.05200088, -1.07113302, -1.39087212, -0.48545927,  1.48216629,
        1.32678008,  1.32390821, -0.35294646,  1.24329591,  2.39751148,
       -0.10889817,  1.70609283,  0.6010465 , -0.17628716, -0.34542072,
        0.04353278, -0.47570843, -0.07793958, -0.29671636,  0.4315263 ,
        1.08213079, -0.26382583,  0.10903611,  1.33967924, -1.96275115,
        0.0160458 , -0.6386584 ,  0.45549792,  0.92842126, -1.0403316 ,
        0.97078514, -0.18436575, -0.38646129, -1.36393821, -0.47828448,
        0.62368226,  1.49014366, -1.27978194,  1.14633298, -0.6312483 ,
        0.42840263, -1.04680932,  0.68868726, -0.26586899, -2.15912437,
       -0.20622736,  0.04613515, -0.65943837,  3.40032744,  0.43890002,
        0.0677275 ,  0.33152661,  0.37592211, -1.71361637, -0.3029637 ,
       -0.91551137, -0.62013489, -0.56495672,  1.93417239, -0.174477  ,
       -2.19432473,  0.19934747, -0.04133909, -0.76602572,  1.45687306], dtype=float32), array([ 0.37016696,  0.62659514, -1.04511321,  0.02589911, -1.82374156,
        0.61748368, -0.66870272,  0.3833147 , -0.78147036, -0.73033327,
        0.5921458 , -0.27625197, -0.03945762, -1.43266165, -0.30788958,
       -0.73669434,  0.32016703,  2.21766329,  0.41153947, -0.05800012,
       -0.72136337,  0.69644725, -0.01382118, -0.12325005,  0.19451539,
        1.10408676,  1.08609438,  0.07017462,  0.24223074, -0.00747349,
       -0.89131683,  0.17027567, -1.69595492, -1.02717376, -1.18107069,
        1.06706333, -1.06102169, -1.39872634, -0.4731991 ,  1.49032831,
        1.34597826,  1.33946931, -0.33427843,  1.22983909,  2.40843439,
       -0.09914906,  1.70532656,  0.60480928, -0.20235227, -0.32140505,
        0.05810477, -0.49970621, -0.0651247 , -0.29834411,  0.42400768,
        1.10723603, -0.25955388,  0.09922265,  1.34782314, -1.9694972 ,
        0.01595579, -0.6378898 ,  0.48174843,  0.90233845, -1.03099942,
        0.93339783, -0.20014308, -0.37975365, -1.36345959, -0.48204342,
        0.64653081,  1.49191511, -1.29167509,  1.12293386, -0.64016247,
        0.40666524, -1.04916453,  0.6819225 , -0.24103637, -2.13922596,
       -0.19414738,  0.04942663, -0.66092288,  3.37647271,  0.43774879,
        0.05069818,  0.32935187,  0.36071897, -1.71818018, -0.28783315,
       -0.92881966, -0.60850358, -0.58773583,  1.95845318, -0.19772017,
       -2.19240546,  0.17507866, -0.03999582, -0.78723717,  1.42532408], dtype=float32), array([ 0.36185414,  0.61584544, -1.0417707 ,  0.02131254, -1.81834292,
        0.62108105, -0.67683887,  0.3917076 , -0.78534806, -0.72636878,
        0.6087541 , -0.26846692, -0.033129  , -1.43417692, -0.2999821 ,
       -0.73840159,  0.31929916,  2.22459435,  0.41287783, -0.05753723,
       -0.71346009,  0.69723588, -0.02005946, -0.12107128,  0.19967158,
        1.11260283,  1.08943105,  0.07362923,  0.24008991, -0.00704177,
       -0.88937694,  0.17178945, -1.68492341, -1.03781223, -1.18696415,
        1.05523992, -1.0629133 , -1.38890851, -0.46862626,  1.51651335,
        1.34684777,  1.338817  , -0.33463752,  1.24163532,  2.39528036,
       -0.09619761,  1.70204902,  0.59407926, -0.19751   , -0.33007523,
        0.06054989, -0.51129705, -0.04996885, -0.31793436,  0.40071091,
        1.10520601, -0.26028594,  0.10356165,  1.34615088, -1.97110009,
        0.00997626, -0.62794757,  0.47976339,  0.89913672, -1.02637112,
        0.93351322, -0.20542331, -0.37970793, -1.35649931, -0.4797886 ,
        0.6457299 ,  1.49465621, -1.30491281,  1.12980616, -0.64326519,
        0.39962983, -1.06032825,  0.68317032, -0.2390939 , -2.14252949,
       -0.19928327,  0.06140187, -0.6568675 ,  3.37896085,  0.44378754,
        0.04458765,  0.32380399,  0.36620826, -1.71873629, -0.29588038,
       -0.90873516, -0.6240989 , -0.59319472,  1.96850848, -0.19317289,
       -2.17496729,  0.1507265 , -0.04866305, -0.78779763,  1.4160037 ], dtype=float32), array([  3.46209139e-01,   6.08148694e-01,  -1.02887344e+00,
         4.44352776e-02,  -1.82919598e+00,   6.35925710e-01,
        -6.92726195e-01,   3.94812793e-01,  -7.82562673e-01,
        -7.32362688e-01,   6.28406882e-01,  -2.44508743e-01,
        -3.17080244e-02,  -1.41752672e+00,  -3.03836823e-01,
        -7.54008472e-01,   3.06645900e-01,   2.22024155e+00,
         4.44788218e-01,  -5.75680584e-02,  -6.77630484e-01,
         7.13317573e-01,  -5.81623502e-02,  -1.28074452e-01,
         2.09529057e-01,   1.17181194e+00,   1.10002053e+00,
         8.37801024e-02,   2.09169582e-01,   1.95546751e-03,
        -8.86243880e-01,   1.50791183e-01,  -1.65216732e+00,
        -1.04111207e+00,  -1.17588353e+00,   1.05592024e+00,
        -1.05494022e+00,  -1.39661038e+00,  -4.62888747e-01,
         1.53122580e+00,   1.35824859e+00,   1.34927726e+00,
        -3.16299438e-01,   1.22760940e+00,   2.39842939e+00,
        -7.99238309e-02,   1.70755720e+00,   5.85452855e-01,
        -2.12282494e-01,  -3.17542017e-01,   7.53783584e-02,
        -5.30867755e-01,  -3.58389840e-02,  -3.20830375e-01,
         3.75143915e-01,   1.11762202e+00,  -2.58710533e-01,
         9.54169035e-02,   1.35464382e+00,  -1.97434735e+00,
        -2.52992194e-03,  -6.31786764e-01,   5.06720066e-01,
         8.79369438e-01,  -1.02539480e+00,   8.91878426e-01,
        -2.21940041e-01,  -3.68176222e-01,  -1.35077667e+00,
        -4.75546867e-01,   6.77335560e-01,   1.49212384e+00,
        -1.32927334e+00,   1.10201657e+00,  -6.47361934e-01,
         3.76687258e-01,  -1.06583619e+00,   6.74983859e-01,
        -2.11610407e-01,  -2.13072944e+00,  -1.81549773e-01,
         7.04897642e-02,  -6.52706504e-01,   3.36456013e+00,
         4.55239654e-01,   1.89034790e-02,   3.24990571e-01,
         3.57963890e-01,  -1.72655237e+00,  -2.85523146e-01,
        -9.10192907e-01,  -6.29388571e-01,  -6.23315752e-01,
         2.00236487e+00,  -2.13501975e-01,  -2.16758943e+00,
         1.04354195e-01,  -5.47283515e-02,  -8.13400328e-01,
         1.37275577e+00], dtype=float32), array([ 0.33583978,  0.60565382, -1.03510034,  0.03821128, -1.83074021,
        0.63791895, -0.69434077,  0.40364441, -0.79205209, -0.72468477,
        0.61740506, -0.2558769 , -0.0145439 , -1.4188298 , -0.29138708,
       -0.7268585 ,  0.29084998,  2.232692  ,  0.44346786, -0.06433265,
       -0.68289846,  0.69728702, -0.03759842, -0.12231182,  0.20989664,
        1.15688956,  1.09925699,  0.0840552 ,  0.22324459, -0.00905527,
       -0.88575226,  0.16357307, -1.65914369, -1.03013539, -1.18478322,
        1.03005707, -1.05181742, -1.4024899 , -0.46861136,  1.55547321,
        1.35043764,  1.34041035, -0.30772558,  1.2242465 ,  2.38804698,
       -0.08050506,  1.72021091,  0.57750499, -0.1941504 , -0.33383012,
        0.07608907, -0.51975179, -0.03604826, -0.31853259,  0.36867434,
        1.1146121 , -0.26230854,  0.10537107,  1.35312212, -1.96516991,
       -0.02094487, -0.64198589,  0.4951241 ,  0.88248479, -1.02779531,
        0.91524446, -0.21522884, -0.37337956, -1.34330404, -0.47151002,
        0.66818637,  1.48436403, -1.33961022,  1.10458994, -0.64072788,
        0.37207049, -1.07284379,  0.6711871 , -0.22113897, -2.14599848,
       -0.19285026,  0.07919993, -0.64260006,  3.3781569 ,  0.46728376,
        0.01127567,  0.33058131,  0.36582932, -1.72400177, -0.29521272,
       -0.90110588, -0.63786709, -0.61932957,  1.99611473, -0.18839848,
       -2.1568327 ,  0.09341584, -0.05959647, -0.80389124,  1.37831748], dtype=float32), array([ 0.34427455,  0.60068673, -1.03621137,  0.0386099 , -1.8407613 ,
        0.63238192, -0.68816251,  0.39061329, -0.7949062 , -0.72877884,
        0.61410266, -0.26623654, -0.01789043, -1.42203641, -0.28633866,
       -0.72363478,  0.28291625,  2.24118638,  0.44488066, -0.06165645,
       -0.6880967 ,  0.69010442, -0.03842496, -0.11626162,  0.20955281,
        1.1589396 ,  1.09735191,  0.07465199,  0.22571085, -0.00455252,
       -0.88005507,  0.160519  , -1.66151702, -1.03063321, -1.18322754,
        1.036327  , -1.0585438 , -1.40505862, -0.46953529,  1.54558206,
        1.34301972,  1.34588242, -0.30653459,  1.21847939,  2.39158607,
       -0.07533666,  1.71109343,  0.57513642, -0.20479234, -0.3198624 ,
        0.08167846, -0.51522362, -0.03507027, -0.30626485,  0.37713322,
        1.1177479 , -0.26252449,  0.11424219,  1.35225713, -1.95929003,
       -0.00951446, -0.64701265,  0.48963723,  0.88620347, -1.02691269,
        0.91160393, -0.22204469, -0.3741475 , -1.34451771, -0.478618  ,
        0.67553788,  1.48940313, -1.32995486,  1.09136784, -0.65050966,
        0.36644909, -1.06814051,  0.66983145, -0.22323638, -2.13863397,
       -0.1942222 ,  0.07346303, -0.64508677,  3.3814187 ,  0.47111875,
        0.01031542,  0.32439992,  0.3685478 , -1.72297335, -0.28899676,
       -0.90543181, -0.62359947, -0.6151582 ,  1.99403119, -0.19332527,
       -2.16332626,  0.11060465, -0.0610491 , -0.80554688,  1.38879502], dtype=float32), array([ 0.34428173,  0.60068792, -1.03621292,  0.03861015, -1.84076571,
        0.63238335, -0.68816894,  0.39061037, -0.79490256, -0.72877783,
        0.61410528, -0.26623142, -0.01788897, -1.42202842, -0.28634825,
       -0.72364289,  0.28291613,  2.24119496,  0.44488534, -0.06165596,
       -0.68809116,  0.69010258, -0.03843086, -0.11626721,  0.20955704,
        1.15894127,  1.09735179,  0.07466137,  0.22570653, -0.00454871,
       -0.88005435,  0.1605197 , -1.66152215, -1.03062999, -1.1832279 ,
        1.0363338 , -1.05854869, -1.40505683, -0.46953613,  1.54556823,
        1.34302175,  1.34589088, -0.30654094,  1.21847856,  2.39157224,
       -0.07533678,  1.71108603,  0.57513583, -0.20479032, -0.31986681,
        0.08167355, -0.51522648, -0.03507056, -0.30626565,  0.37713128,
        1.11774421, -0.26252273,  0.11423881,  1.35226417, -1.95927989,
       -0.00952164, -0.64701235,  0.48964494,  0.88620502, -1.02691913,
        0.91159236, -0.22204937, -0.37414348, -1.3445071 , -0.47861636,
        0.67553663,  1.48940587, -1.3299607 ,  1.09136474, -0.65050858,
        0.36645028, -1.06814504,  0.66983491, -0.22322863, -2.13862348,
       -0.19421741,  0.07346088, -0.64508498,  3.38141298,  0.47111684,
        0.01031399,  0.32440615,  0.36854765, -1.7229805 , -0.28899655,
       -0.90542954, -0.62360495, -0.61515963,  1.99404764, -0.1933298 ,
       -2.16331744,  0.11059596, -0.06104752, -0.80554789,  1.38878369], dtype=float32), array([ 0.34330997,  0.60371691, -1.03597915,  0.04027486, -1.83916759,
        0.63213307, -0.68804199,  0.39089552, -0.79316801, -0.73140174,
        0.61311144, -0.26537043, -0.01915518, -1.42085302, -0.28899321,
       -0.72798365,  0.2857655 ,  2.23763824,  0.44599116, -0.06233628,
       -0.68758214,  0.69188303, -0.03939414, -0.11779223,  0.20877752,
        1.1579783 ,  1.09893572,  0.07505742,  0.22326395, -0.00535763,
       -0.88086104,  0.15894152, -1.66171908, -1.0312233 , -1.18237221,
        1.03870237, -1.05605495, -1.40557599, -0.468077  ,  1.54328418,
        1.34589887,  1.34591436, -0.3063812 ,  1.21726692,  2.39328837,
       -0.07720231,  1.7127043 ,  0.57864887, -0.20616437, -0.31796953,
        0.08119164, -0.51575595, -0.03809603, -0.30597711,  0.38057408,
        1.11905396, -0.26181635,  0.10962173,  1.3536104 , -1.96123552,
       -0.01019593, -0.64631766,  0.49350989,  0.88536936, -1.02675772,
        0.91049671, -0.22103323, -0.37429765, -1.34615326, -0.47848538,
        0.67373377,  1.48925698, -1.32856238,  1.09225059, -0.64948022,
        0.36825943, -1.067379  ,  0.67078787, -0.22200952, -2.13710904,
       -0.19215947,  0.07128228, -0.64487934,  3.37813568,  0.46717766,
        0.01147622,  0.32631442,  0.36570281, -1.72200894, -0.28776854,
       -0.90921664, -0.62395591, -0.61609799,  1.99484169, -0.19396798,
       -2.16526198,  0.11199413, -0.05901508, -0.80559903,  1.38874853], dtype=float32), array([  3.15829068e-01,   6.02127910e-01,  -1.02685702e+00,
         5.39047308e-02,  -1.83142900e+00,   6.42479062e-01,
        -6.95953429e-01,   4.07159239e-01,  -7.81938553e-01,
        -7.49499679e-01,   6.32328749e-01,  -2.42441580e-01,
        -2.80252174e-02,  -1.41348672e+00,  -2.99133897e-01,
        -7.62603104e-01,   2.93729544e-01,   2.22442412e+00,
         4.68207359e-01,  -6.67297244e-02,  -6.53702617e-01,
         7.18289793e-01,  -6.89858422e-02,  -1.31153464e-01,
         2.09867090e-01,   1.18818104e+00,   1.12242270e+00,
         8.18665847e-02,   1.86289072e-01,   2.43067509e-03,
        -8.81223679e-01,   1.29206657e-01,  -1.62877679e+00,
        -1.04946423e+00,  -1.17978323e+00,   1.05038941e+00,
        -1.03551614e+00,  -1.40331078e+00,  -4.42795515e-01,
         1.55092120e+00,   1.37557602e+00,   1.35696733e+00,
        -2.94529229e-01,   1.21204686e+00,   2.40365028e+00,
        -7.59217367e-02,   1.71345139e+00,   5.96056402e-01,
        -2.26296738e-01,  -3.03004891e-01,   9.02084932e-02,
        -5.41595280e-01,  -3.48076038e-02,  -3.24179739e-01,
         3.72508228e-01,   1.14214110e+00,  -2.55595922e-01,
         8.17651674e-02,   1.36163759e+00,  -1.97526205e+00,
        -1.38993384e-02,  -6.31352007e-01,   5.26419222e-01,
         8.56690824e-01,  -1.01632893e+00,   8.77409577e-01,
        -2.29280666e-01,  -3.70448858e-01,  -1.34629250e+00,
        -4.80387777e-01,   6.79000080e-01,   1.49122977e+00,
        -1.33768177e+00,   1.08211172e+00,  -6.57868505e-01,
         3.54857892e-01,  -1.07284820e+00,   6.71919942e-01,
        -1.90377921e-01,  -2.12013340e+00,  -1.78048804e-01,
         6.98430017e-02,  -6.44542754e-01,   3.34817028e+00,
         4.50362116e-01,   3.09478049e-03,   3.32599491e-01,
         3.44830722e-01,  -1.72199404e+00,  -2.85272956e-01,
        -9.22300875e-01,  -6.29092038e-01,  -6.37690485e-01,
         2.01721525e+00,  -2.09464714e-01,  -2.16494942e+00,
         8.80299658e-02,  -5.42145744e-02,  -8.20808113e-01,
         1.35941100e+00], dtype=float32), array([  3.11159372e-01,   6.07341111e-01,  -1.01591194e+00,
         6.33616894e-02,  -1.83522034e+00,   6.48222625e-01,
        -7.00340509e-01,   4.04970556e-01,  -7.76590705e-01,
        -7.63682961e-01,   6.38245940e-01,  -2.29962885e-01,
        -3.38484831e-02,  -1.41052032e+00,  -3.10156524e-01,
        -7.80005097e-01,   2.98069090e-01,   2.21443343e+00,
         4.83104885e-01,  -6.61931261e-02,  -6.32960975e-01,
         7.26053238e-01,  -8.84859115e-02,  -1.38678774e-01,
         2.15825021e-01,   1.21544635e+00,   1.13145757e+00,
         8.67803171e-02,   1.60048589e-01,   1.40705043e-02,
        -8.83104682e-01,   1.09503292e-01,  -1.62097871e+00,
        -1.05314767e+00,  -1.17040026e+00,   1.07450128e+00,
        -1.03305876e+00,  -1.41132820e+00,  -4.34825659e-01,
         1.53971303e+00,   1.38627338e+00,   1.36465251e+00,
        -2.89354980e-01,   1.20331585e+00,   2.41534543e+00,
        -7.51255676e-02,   1.71059537e+00,   6.04744077e-01,
        -2.45034054e-01,  -2.83595145e-01,   9.52411219e-02,
        -5.53367853e-01,  -3.52523513e-02,  -3.24237406e-01,
         3.77299964e-01,   1.15706801e+00,  -2.54929155e-01,
         7.18116835e-02,   1.36348796e+00,  -1.98304725e+00,
        -1.10700764e-02,  -6.33436978e-01,   5.46568811e-01,
         8.44603717e-01,  -1.00851536e+00,   8.57141197e-01,
        -2.35284761e-01,  -3.72972876e-01,  -1.35086298e+00,
        -4.82934326e-01,   6.93646908e-01,   1.49439824e+00,
        -1.34000921e+00,   1.07082343e+00,  -6.62605882e-01,
         3.45106304e-01,  -1.06673479e+00,   6.68662310e-01,
        -1.76525265e-01,  -2.10378075e+00,  -1.69972837e-01,
         6.36251271e-02,  -6.47899568e-01,   3.32416534e+00,
         4.48327690e-01,   1.09946370e-04,   3.27787727e-01,
         3.30305278e-01,  -1.72321403e+00,  -2.66987711e-01,
        -9.36793387e-01,  -6.12868488e-01,  -6.47708833e-01,
         2.02676082e+00,  -2.29791328e-01,  -2.16733408e+00,
         8.25701430e-02,  -5.05237952e-02,  -8.28851342e-01,
         1.34325612e+00], dtype=float32), array([  3.10683280e-01,   6.07575834e-01,  -1.01512611e+00,
         6.38206154e-02,  -1.83490610e+00,   6.48774624e-01,
        -7.00807512e-01,   4.05014813e-01,  -7.76867330e-01,
        -7.64468968e-01,   6.38781846e-01,  -2.28967831e-01,
        -3.38537730e-02,  -1.41023374e+00,  -3.10839772e-01,
        -7.80939937e-01,   2.98213512e-01,   2.21388078e+00,
         4.84124303e-01,  -6.61672577e-02,  -6.31585419e-01,
         7.26434827e-01,  -8.96984637e-02,  -1.39296249e-01,
         2.16615453e-01,   1.21700656e+00,   1.13188589e+00,
         8.74449164e-02,   1.58382788e-01,   1.45573234e-02,
        -8.83108616e-01,   1.08525433e-01,  -1.62033212e+00,
        -1.05360496e+00,  -1.16997921e+00,   1.07587433e+00,
        -1.03318000e+00,  -1.41161346e+00,  -4.34518576e-01,
         1.53942168e+00,   1.38714921e+00,   1.36504877e+00,
        -2.89071798e-01,   1.20295191e+00,   2.41596293e+00,
        -7.52564147e-02,   1.71035957e+00,   6.05322659e-01,
        -2.46099666e-01,  -2.82637239e-01,   9.51447859e-02,
        -5.54323256e-01,  -3.52578871e-02,  -3.24591815e-01,
         3.76973033e-01,   1.15786266e+00,  -2.54609048e-01,
         7.14337230e-02,   1.36311889e+00,  -1.98326218e+00,
        -1.08289812e-02,  -6.33527637e-01,   5.48230350e-01,
         8.43534231e-01,  -1.00794232e+00,   8.56273770e-01,
        -2.35723168e-01,  -3.73307586e-01,  -1.35116911e+00,
        -4.82800633e-01,   6.94132268e-01,   1.49491847e+00,
        -1.34023893e+00,   1.07093263e+00,  -6.62551641e-01,
         3.44850630e-01,  -1.06694853e+00,   6.68595552e-01,
        -1.75905392e-01,  -2.10303903e+00,  -1.69898182e-01,
         6.34410530e-02,  -6.48003697e-01,   3.32253528e+00,
         4.48289424e-01,  -9.27993315e-05,   3.27823758e-01,
         3.29225838e-01,  -1.72314107e+00,  -2.66457021e-01,
        -9.37672257e-01,  -6.12321436e-01,  -6.48162067e-01,
         2.02705264e+00,  -2.30498791e-01,  -2.16745520e+00,
         8.18222314e-02,  -5.03695048e-02,  -8.28956425e-01,
         1.34223580e+00], dtype=float32), array([  3.10407013e-01,   6.07494414e-01,  -1.01494336e+00,
         6.36644438e-02,  -1.83460200e+00,   6.49030983e-01,
        -7.00927973e-01,   4.05411184e-01,  -7.76824713e-01,
        -7.64472485e-01,   6.39006138e-01,  -2.28701308e-01,
        -3.36955562e-02,  -1.41016614e+00,  -3.10870379e-01,
        -7.81101525e-01,   2.98343837e-01,   2.21376586e+00,
         4.84118879e-01,  -6.62199631e-02,  -6.31249726e-01,
         7.26736486e-01,  -8.96321982e-02,  -1.39514044e-01,
         2.16683939e-01,   1.21705413e+00,   1.13191688e+00,
         8.76434371e-02,   1.58311322e-01,   1.45990485e-02,
        -8.83168817e-01,   1.08451918e-01,  -1.62006569e+00,
        -1.05383182e+00,  -1.17010272e+00,   1.07572699e+00,
        -1.03298306e+00,  -1.41137755e+00,  -4.34237450e-01,
         1.53962946e+00,   1.38742578e+00,   1.36491776e+00,
        -2.89109349e-01,   1.20313299e+00,   2.41599512e+00,
        -7.53667951e-02,   1.71033072e+00,   6.05578303e-01,
        -2.45944753e-01,  -2.82916844e-01,   9.50045213e-02,
        -5.54433346e-01,  -3.52927558e-02,  -3.25128287e-01,
         3.76623333e-01,   1.15793395e+00,  -2.54577547e-01,
         7.11794272e-02,   1.36319017e+00,  -1.98340249e+00,
        -1.12028942e-02,  -6.33279979e-01,   5.48492730e-01,
         8.43379617e-01,  -1.00794697e+00,   8.56201470e-01,
        -2.35631436e-01,  -3.73373181e-01,  -1.35120821e+00,
        -4.82610196e-01,   6.93877339e-01,   1.49480999e+00,
        -1.34057319e+00,   1.07114208e+00,  -6.62566721e-01,
         3.44734639e-01,  -1.06703210e+00,   6.68739021e-01,
        -1.75653815e-01,  -2.10319948e+00,  -1.69871405e-01,
         6.34606853e-02,  -6.47992492e-01,   3.32233953e+00,
         4.48320150e-01,  -1.12706948e-04,   3.27945918e-01,
         3.29166025e-01,  -1.72313714e+00,  -2.66590357e-01,
        -9.37555373e-01,  -6.12690389e-01,  -6.48291051e-01,
         2.02719975e+00,  -2.30478704e-01,  -2.16738701e+00,
         8.14241171e-02,  -5.03360294e-02,  -8.28865409e-01,
         1.34191573e+00], dtype=float32), array([  3.10904533e-01,   6.06956303e-01,  -1.01453674e+00,
         6.29054755e-02,  -1.83472276e+00,   6.48850739e-01,
        -7.00975358e-01,   4.04967070e-01,  -7.77243674e-01,
        -7.65078366e-01,   6.39407754e-01,  -2.28516415e-01,
        -3.40711176e-02,  -1.41039848e+00,  -3.10858607e-01,
        -7.81940699e-01,   2.98788846e-01,   2.21346474e+00,
         4.84382093e-01,  -6.63388669e-02,  -6.30649030e-01,
         7.27116406e-01,  -9.01581347e-02,  -1.39637038e-01,
         2.16862351e-01,   1.21770680e+00,   1.13185298e+00,
         8.76319110e-02,   1.57645687e-01,   1.54620325e-02,
        -8.82721901e-01,   1.07841849e-01,  -1.61999989e+00,
        -1.05464840e+00,  -1.16990745e+00,   1.07655656e+00,
        -1.03314793e+00,  -1.41071796e+00,  -4.33417410e-01,
         1.53882039e+00,   1.38814235e+00,   1.36547208e+00,
        -2.89405137e-01,   1.20331740e+00,   2.41672468e+00,
        -7.61257857e-02,   1.70963752e+00,   6.06135428e-01,
        -2.46589333e-01,  -2.82226920e-01,   9.50283259e-02,
        -5.54743707e-01,  -3.53257321e-02,  -3.25284690e-01,
         3.77116382e-01,   1.15842736e+00,  -2.54496127e-01,
         7.09325522e-02,   1.36358631e+00,  -1.98360324e+00,
        -1.09167686e-02,  -6.32682502e-01,   5.48748255e-01,
         8.43203485e-01,  -1.00739288e+00,   8.55445564e-01,
        -2.36121476e-01,  -3.73304069e-01,  -1.35171175e+00,
        -4.82529670e-01,   6.93972468e-01,   1.49498272e+00,
        -1.34059799e+00,   1.07098329e+00,  -6.63309932e-01,
         3.44634116e-01,  -1.06647241e+00,   6.69078648e-01,
        -1.75297379e-01,  -2.10225296e+00,  -1.69768885e-01,
         6.29607588e-02,  -6.48464501e-01,   3.32132721e+00,
         4.48097020e-01,   6.08192291e-04,   3.27737987e-01,
         3.29008013e-01,  -1.72308183e+00,  -2.66387582e-01,
        -9.37757730e-01,  -6.12207055e-01,  -6.48401201e-01,
         2.02739239e+00,  -2.31648952e-01,  -2.16771007e+00,
         8.18870738e-02,  -5.00136539e-02,  -8.28928888e-01,
         1.34173346e+00], dtype=float32), array([  3.14237237e-01,   6.08581901e-01,  -1.01579237e+00,
         6.18806332e-02,  -1.83417213e+00,   6.47646606e-01,
        -7.03458071e-01,   4.05586571e-01,  -7.78739929e-01,
        -7.63343215e-01,   6.36631370e-01,  -2.28700280e-01,
        -2.76551172e-02,  -1.40698934e+00,  -3.09781849e-01,
        -7.80328751e-01,   2.97058284e-01,   2.21507907e+00,
         4.83890235e-01,  -6.60300404e-02,  -6.33051872e-01,
         7.25264251e-01,  -8.74283910e-02,  -1.39472082e-01,
         2.15735689e-01,   1.21359706e+00,   1.12988484e+00,
         9.14098918e-02,   1.61800921e-01,   1.56625025e-02,
        -8.83231580e-01,   1.14418216e-01,  -1.62292612e+00,
        -1.05319667e+00,  -1.16995072e+00,   1.07204843e+00,
        -1.03427446e+00,  -1.41159630e+00,  -4.37019825e-01,
         1.54164100e+00,   1.38539493e+00,   1.36312866e+00,
        -2.90835172e-01,   1.20029891e+00,   2.41202974e+00,
        -7.78501779e-02,   1.71302927e+00,   6.02581441e-01,
        -2.39869416e-01,  -2.88092047e-01,   9.26594511e-02,
        -5.51559865e-01,  -3.70916165e-02,  -3.24410290e-01,
         3.76228958e-01,   1.15468609e+00,  -2.53241748e-01,
         7.01858252e-02,   1.36419511e+00,  -1.98373044e+00,
        -1.58438217e-02,  -6.34470224e-01,   5.47666907e-01,
         8.47561955e-01,  -1.00902796e+00,   8.57881069e-01,
        -2.34941483e-01,  -3.71840090e-01,  -1.35120273e+00,
        -4.80622172e-01,   6.92749023e-01,   1.49390316e+00,
        -1.34380782e+00,   1.07404947e+00,  -6.59437239e-01,
         3.46686959e-01,  -1.06888092e+00,   6.70291722e-01,
        -1.77916005e-01,  -2.10588384e+00,  -1.70036837e-01,
         6.40319213e-02,  -6.46300375e-01,   3.32488251e+00,
         4.50218201e-01,   1.58947485e-04,   3.29948694e-01,
         3.32688063e-01,  -1.72173214e+00,  -2.67745018e-01,
        -9.35552061e-01,  -6.17205620e-01,  -6.47141635e-01,
         2.02721453e+00,  -2.28316531e-01,  -2.16527605e+00,
         7.95369893e-02,  -5.27952164e-02,  -8.27876091e-01,
         1.34171093e+00], dtype=float32), array([ 0.31915939,  0.60143799, -1.00739264,  0.05403148, -1.83461082,
        0.64621723, -0.70382208,  0.39920112, -0.78457057, -0.7748962 ,
        0.64491379, -0.22402886, -0.03557429, -1.41060531, -0.31242818,
       -0.7959705 ,  0.30469683,  2.2081964 ,  0.49082384, -0.06803454,
       -0.61952269,  0.73333871, -0.09994546, -0.14337443,  0.21953189,
        1.22845399,  1.13140368,  0.09202895,  0.14602152,  0.02967133,
       -0.87693924,  0.10005054, -1.61889577, -1.06654191, -1.16575313,
        1.09028327, -1.03622842, -1.40186882, -0.42372394,  1.52792871,
        1.39955282,  1.37406456, -0.2941618 ,  1.20285296,  2.42627239,
       -0.08743707,  1.70105326,  0.61404276, -0.25419313, -0.27318889,
        0.09366857, -0.56053531, -0.03638582, -0.32856417,  0.38393983,
        1.16613507, -0.25186354,  0.06474474,  1.3695122 , -1.98755395,
       -0.00883651, -0.62456143,  0.55512345,  0.84003973, -0.99902093,
        0.84239101, -0.24400042, -0.37075385, -1.35958719, -0.47952208,
        0.69601738,  1.49739408, -1.34383976,  1.07017744, -0.67180753,
        0.34285787, -1.059618  ,  0.67417496, -0.16914935, -2.08897448,
       -0.16700068,  0.05618305, -0.6553793 ,  3.30373764,  0.44574946,
        0.01010192,  0.3269619 ,  0.32609993, -1.72182906, -0.26210847,
       -0.94218469, -0.60629344, -0.65081882,  2.03145456, -0.24979982,
       -2.17093897,  0.08489811, -0.04616468, -0.830504  ,  1.33471215], dtype=float32), array([ 0.31852326,  0.60251749, -1.00691926,  0.05380753, -1.83469152,
        0.64700603, -0.70403033,  0.40033624, -0.78235924, -0.77634209,
        0.64784706, -0.22167592, -0.0365237 , -1.41029751, -0.31221318,
       -0.79943144,  0.30599779,  2.20564318,  0.4908216 , -0.06814773,
       -0.6171872 ,  0.73702085, -0.10015471, -0.14566274,  0.21760358,
        1.22831166,  1.1328752 ,  0.09188406,  0.14523672,  0.03063429,
       -0.8772046 ,  0.09818897, -1.61543691, -1.06842184, -1.16498768,
        1.08992887, -1.03504825, -1.40072012, -0.42077646,  1.52719629,
        1.40147483,  1.37357271, -0.29466319,  1.20334566,  2.42714858,
       -0.08703539,  1.70079768,  0.61742377, -0.25563055, -0.27327499,
        0.0938923 , -0.56233197, -0.03628856, -0.33138514,  0.38242805,
        1.16812384, -0.2501424 ,  0.06028517,  1.36928058, -1.9897244 ,
       -0.00923014, -0.62229228,  0.55691499,  0.83930534, -0.99966902,
        0.83934188, -0.24375583, -0.37087792, -1.35975778, -0.48076093,
        0.6944086 ,  1.49710524, -1.34424996,  1.06938672, -0.67247182,
        0.3422364 , -1.06018567,  0.67618901, -0.16576792, -2.08826804,
       -0.16624525,  0.05568118, -0.65452594,  3.30257034,  0.44537553,
        0.01048844,  0.32817727,  0.3248302 , -1.72151148, -0.26382479,
       -0.94112766, -0.6086942 , -0.65130806,  2.03233099, -0.2504811 ,
       -2.17158651,  0.08481969, -0.04642083, -0.83054638,  1.33392894], dtype=float32), array([  3.35346371e-01,   5.89839697e-01,  -1.00190270e+00,
         4.05824147e-02,  -1.84433603e+00,   6.38868868e-01,
        -7.02188253e-01,   3.84154499e-01,  -7.91764855e-01,
        -7.86271274e-01,   6.53225422e-01,  -2.24070683e-01,
        -4.97669056e-02,  -1.41701233e+00,  -3.11528474e-01,
        -8.12498987e-01,   3.12424541e-01,   2.20222545e+00,
         4.98254597e-01,  -7.06718266e-02,  -6.10978067e-01,
         7.43224800e-01,  -1.10302970e-01,  -1.43883720e-01,
         2.17799187e-01,   1.24019444e+00,   1.12715924e+00,
         8.61488953e-02,   1.34933591e-01,   4.72373255e-02,
        -8.66594911e-01,   8.71214047e-02,  -1.61771595e+00,
        -1.08126807e+00,  -1.15843225e+00,   1.10815978e+00,
        -1.04117763e+00,  -1.38832164e+00,  -4.07409310e-01,
         1.50371170e+00,   1.41047585e+00,   1.38453341e+00,
        -2.98823774e-01,   1.20550966e+00,   2.44549632e+00,
        -9.97957066e-02,   1.68520343e+00,   6.25744879e-01,
        -2.74940640e-01,  -2.52581209e-01,   9.59986076e-02,
        -5.65465689e-01,  -3.63740996e-02,  -3.23267043e-01,
         3.99918586e-01,   1.17722583e+00,  -2.49461457e-01,
         6.06577359e-02,   1.37806940e+00,  -1.99071681e+00,
         3.27183283e-03,  -6.13337815e-01,   5.56083202e-01,
         8.37121785e-01,  -9.88654852e-01,   8.22837949e-01,
        -2.54374564e-01,  -3.67068738e-01,  -1.36897886e+00,
        -4.84344423e-01,   7.01976359e-01,   1.49975193e+00,
        -1.33932674e+00,   1.06124568e+00,  -6.88651562e-01,
         3.41614246e-01,  -1.04462492e+00,   6.81336462e-01,
        -1.61757261e-01,  -2.06553197e+00,  -1.64146438e-01,
         4.28798608e-02,  -6.67441905e-01,   3.28611922e+00,
         4.40511018e-01,   2.65177470e-02,   3.21345210e-01,
         3.23230386e-01,  -1.72033441e+00,  -2.56894827e-01,
        -9.46956456e-01,  -5.91580987e-01,  -6.50975585e-01,
         2.03131413e+00,  -2.76975095e-01,  -2.18178272e+00,
         1.04009338e-01,  -3.70484181e-02,  -8.35874259e-01,
         1.33556497e+00], dtype=float32), array([ 0.3360022 ,  0.58899915, -1.00134301,  0.03969892, -1.8444525 ,
        0.63849646, -0.702259  ,  0.38325664, -0.79245579, -0.78758812,
        0.65369451, -0.22387335, -0.05073804, -1.41725171, -0.31169614,
       -0.81416011,  0.31308854,  2.20179772,  0.49897453, -0.07089452,
       -0.60985446,  0.74375588, -0.11156356, -0.14405172,  0.21815498,
        1.24150968,  1.12730694,  0.08600546,  0.13335364,  0.04870911,
       -0.86572421,  0.08575606, -1.61765754, -1.0825392 , -1.15802932,
        1.10975695, -1.04138517, -1.38744283, -0.40603817,  1.50233388,
        1.41187489,  1.385777  , -0.29906407,  1.20558536,  2.44667125,
       -0.1011231 ,  1.68401027,  0.62664717, -0.27635226, -0.25087988,
        0.09613044, -0.56624609, -0.0363708 , -0.32310173,  0.40104985,
        1.17824256, -0.24934913,  0.06029644,  1.37883008, -1.99095583,
        0.00402828, -0.61237371,  0.55666411,  0.836568  , -0.98758131,
        0.82132006, -0.2552844 , -0.3667897 , -1.36979985, -0.4842228 ,
        0.70224047,  1.50012004, -1.33902144,  1.06077743, -0.68990391,
        0.34150565, -1.04359841,  0.68174469, -0.16119142, -2.06350064,
       -0.16379681,  0.04202373, -0.66828746,  3.28407049,  0.43969417,
        0.02778538,  0.32095945,  0.32276067, -1.72022748, -0.25632498,
       -0.94781882, -0.59033573, -0.65127653,  2.03172994, -0.2791903 ,
       -2.18241525,  0.10498859, -0.03637333, -0.83616418,  1.33516252], dtype=float32), array([ 0.33495873,  0.58266461, -0.99564022,  0.03339265, -1.84092069,
        0.63942367, -0.70414281,  0.38328046, -0.79505134, -0.79571593,
        0.66002637, -0.21891546, -0.05520796, -1.4184165 , -0.3133612 ,
       -0.82711935,  0.31975934,  2.19692779,  0.50396812, -0.07309155,
       -0.59856981,  0.75194955, -0.11996302, -0.14811532,  0.22086459,
        1.25071025,  1.12984705,  0.08760957,  0.12182646,  0.05799365,
       -0.86138028,  0.07539316, -1.61247337, -1.0939852 , -1.15754628,
        1.11757648, -1.03884721, -1.37856579, -0.39314553,  1.49734998,
        1.42413342,  1.39251268, -0.30062544,  1.20807111,  2.45444894,
       -0.11048237,  1.67610073,  0.63552725, -0.28304595, -0.24384356,
        0.09607557, -0.57340235, -0.03655491, -0.3296541 ,  0.40323126,
        1.18591189, -0.2475263 ,  0.05374441,  1.38460243, -1.99407589,
        0.00415658, -0.60249197,  0.56392312,  0.83012098, -0.98072928,
        0.8103776 , -0.26040599, -0.36583316, -1.37519753, -0.48134798,
        0.70028067,  1.50103712, -1.3409481 ,  1.06034589, -0.6978091 ,
        0.33934531, -1.03851485,  0.6856879 , -0.1532608 , -2.05301356,
       -0.16089509,  0.0374513 , -0.67340642,  3.26850247,  0.43430376,
        0.03474456,  0.32012317,  0.31842282, -1.71928596, -0.2546359 ,
       -0.95154202, -0.58779156, -0.65538216,  2.03684378, -0.29243746,
       -2.18525195,  0.10526903, -0.03180125, -0.83773327,  1.32827318], dtype=float32), array([ 0.33505195,  0.58262539, -0.99558622,  0.03330397, -1.84091818,
        0.63938951, -0.70414978,  0.3832055 , -0.79512089, -0.7957918 ,
        0.6600616 , -0.21888861, -0.05522627, -1.41842508, -0.31337032,
       -0.82723153,  0.31981507,  2.19687533,  0.50398874, -0.07309132,
       -0.5984813 ,  0.75196844, -0.12004743, -0.14813276,  0.22091347,
        1.25081539,  1.12983775,  0.08764961,  0.12173496,  0.05812734,
       -0.86133021,  0.07533029, -1.61248517, -1.09407687, -1.15750122,
        1.11771202, -1.03890061, -1.37848806, -0.39307168,  1.497226  ,
        1.42421234,  1.39259636, -0.30068532,  1.20808768,  2.45451975,
       -0.11059348,  1.67602098,  0.6355834 , -0.28311023, -0.24376985,
        0.09607156, -0.57343823, -0.03655985, -0.3296892 ,  0.40329236,
        1.185956  , -0.24752431,  0.05372383,  1.3846395 , -1.99411237,
        0.00418747, -0.60242742,  0.56393951,  0.83011627, -0.98065811,
        0.81027693, -0.26048103, -0.36581567, -1.37528491, -0.48130885,
        0.7003122 ,  1.5010587 , -1.34097171,  1.06034112, -0.69789344,
        0.33934224, -1.03844583,  0.68571854, -0.15322398, -2.05288935,
       -0.16088611,  0.03739489, -0.67347705,  3.26838422,  0.43429402,
        0.03484578,  0.32010245,  0.31840998, -1.71927416, -0.25458992,
       -0.95157075, -0.58771771, -0.65539098,  2.03687859, -0.29260105,
       -2.1852591 ,  0.10531497, -0.03175402, -0.8377316 ,  1.32820737], dtype=float32), array([ 0.33392718,  0.5835678 , -0.99519759,  0.03420083, -1.8399123 ,
        0.64019561, -0.70441872,  0.38419154, -0.79493833, -0.79558474,
        0.65991795, -0.21815316, -0.05413426, -1.41775417, -0.31388009,
       -0.82670134,  0.31951213,  2.19676495,  0.50351334, -0.07290164,
       -0.59804702,  0.75114065, -0.12007313, -0.1485558 ,  0.22178073,
        1.25107336,  1.13032889,  0.08861445,  0.12148764,  0.05737523,
       -0.86207896,  0.07555734, -1.61257565, -1.09315419, -1.15770042,
        1.11778224, -1.03891134, -1.37947452, -0.39419517,  1.49842894,
        1.42423272,  1.3923831 , -0.30066577,  1.20797217,  2.45337152,
       -0.10989064,  1.67687523,  0.63529575, -0.28206426, -0.24478208,
        0.09577586, -0.57371199, -0.03655439, -0.33079389,  0.40206444,
        1.18559074, -0.24784905,  0.05386904,  1.38376904, -1.99422383,
        0.00351627, -0.60321569,  0.56471169,  0.82989931, -0.98108095,
        0.81117249, -0.26010811, -0.36620605, -1.37500274, -0.48065835,
        0.70020074,  1.50135028, -1.34164512,  1.06108725, -0.69691312,
        0.33913246, -1.03930581,  0.6851216 , -0.15339552, -2.05406928,
       -0.16096863,  0.03831981, -0.67278188,  3.26841688,  0.43491653,
        0.03371902,  0.32052556,  0.31805927, -1.71958911, -0.25441843,
       -0.95157903, -0.58822262, -0.65570831,  2.037359  , -0.29127964,
       -2.18424964,  0.10349613, -0.03233762, -0.83714932,  1.32722104], dtype=float32), array([ 0.33433363,  0.58343184, -0.99516702,  0.03402188, -1.84012794,
        0.6399408 , -0.70433205,  0.38366422, -0.79513937, -0.79573405,
        0.65983707, -0.21832116, -0.05435505, -1.41791058, -0.31380966,
       -0.82673442,  0.31956714,  2.19680023,  0.50349385, -0.07292139,
       -0.59812379,  0.75090015, -0.12025312, -0.14839414,  0.22187887,
        1.25131285,  1.13025272,  0.08851503,  0.12131599,  0.05765551,
       -0.86194545,  0.07547046, -1.61287236, -1.09310901, -1.15754902,
        1.11825025, -1.03926337, -1.3794651 , -0.39421335,  1.49804008,
        1.4242301 ,  1.39271748, -0.30080083,  1.20797265,  2.45351887,
       -0.10999984,  1.67663157,  0.63519174, -0.28227818, -0.24432877,
        0.09587273, -0.57371634, -0.03656828, -0.33048195,  0.40244004,
        1.18570375, -0.24792314,  0.0540891 ,  1.38371634, -1.99412203,
        0.00394501, -0.60328746,  0.56453156,  0.82998496, -0.98079789,
        0.81111711, -0.26032272, -0.36621371, -1.3751545 , -0.48068136,
        0.70045024,  1.50153553, -1.34144056,  1.06099522, -0.69710797,
        0.33912742, -1.03908443,  0.68505782, -0.15356016, -2.05371833,
       -0.16101353,  0.03812376, -0.67299247,  3.26820517,  0.43485364,
        0.03396094,  0.3203373 ,  0.31797817, -1.71962881, -0.25419101,
       -0.9517588 , -0.58773673, -0.65556276,  2.03723979, -0.29162562,
       -2.18431449,  0.10387343, -0.03226912, -0.83710647,  1.32740796], dtype=float32), array([ 0.33516026,  0.5839445 , -0.99413705,  0.03219046, -1.83888972,
        0.6399402 , -0.70432758,  0.38333857, -0.796202  , -0.79649705,
        0.6595329 , -0.21777949, -0.05321839, -1.41795683, -0.31432155,
       -0.8269012 ,  0.32050285,  2.19615793,  0.50146836, -0.07258915,
       -0.59760517,  0.74951899, -0.12014901, -0.14888419,  0.22361235,
        1.25120497,  1.13004863,  0.0896939 ,  0.12119488,  0.05855782,
       -0.86193871,  0.07579225, -1.61462462, -1.09310687, -1.15777755,
        1.12018895, -1.04050207, -1.37899327, -0.3946121 ,  1.49688017,
        1.42519522,  1.39310479, -0.30249983,  1.20899105,  2.45321846,
       -0.11171724,  1.67582226,  0.63611937, -0.28109565, -0.24535052,
        0.09471175, -0.57363212, -0.03699916, -0.33228472,  0.40247914,
        1.18513131, -0.24843252,  0.05453027,  1.38295913, -1.9945215 ,
        0.00395343, -0.60311532,  0.56497914,  0.83082682, -0.98047107,
        0.81232536, -0.26050007, -0.36689091, -1.37637234, -0.47928822,
        0.69954866,  1.50222933, -1.34162533,  1.06295919, -0.69722146,
        0.33984026, -1.0387795 ,  0.68538547, -0.1546915 , -2.05382681,
       -0.16184907,  0.03810433, -0.67315602,  3.2667253 ,  0.43558159,
        0.03529464,  0.32030243,  0.31798866, -1.71969604, -0.25372991,
       -0.95170379, -0.58701366, -0.65497351,  2.03736019, -0.2919316 ,
       -2.18377399,  0.10396701, -0.03251596, -0.83513111,  1.32731521], dtype=float32), array([ 0.33552277,  0.58335787, -0.9938947 ,  0.03161155, -1.83898389,
        0.63995522, -0.70455402,  0.38326025, -0.79626071, -0.79687947,
        0.65998459, -0.21733262, -0.0533529 , -1.41801918, -0.31419519,
       -0.82796764,  0.32100624,  2.19578433,  0.5016523 , -0.07282515,
       -0.59697956,  0.75022614, -0.12061539, -0.14907283,  0.22377257,
        1.25185847,  1.13013899,  0.08975846,  0.12049901,  0.05935103,
       -0.86162585,  0.07523643, -1.61403453, -1.09391606, -1.15773284,
        1.12057471, -1.04021227, -1.37829578, -0.39372313,  1.49643457,
        1.42597008,  1.39338446, -0.30271187,  1.20930648,  2.45379305,
       -0.11224006,  1.6753087 ,  0.63655919, -0.28137508, -0.24497029,
        0.09488562, -0.57397711, -0.03704458, -0.332863  ,  0.40234435,
        1.18562353, -0.24825118,  0.05401043,  1.38320804, -1.99485481,
        0.00402942, -0.60240936,  0.5653578 ,  0.83060706, -0.97998464,
        0.8114953 , -0.26080301, -0.36678082, -1.37671292, -0.4789775 ,
        0.69956625,  1.50208783, -1.34189475,  1.06275332, -0.69786662,
        0.33961889, -1.0385021 ,  0.68579513, -0.15408276, -2.05312181,
       -0.16166575,  0.03775914, -0.67352802,  3.26586556,  0.43527588,
        0.03565513,  0.32022101,  0.31780833, -1.71957672, -0.2538209 ,
       -0.95155507, -0.58706778, -0.65527022,  2.03764486, -0.29283139,
       -2.18396854,  0.10387109, -0.03236013, -0.83519953,  1.3270185 ], dtype=float32), array([ 0.3348476 ,  0.58382654, -0.99375153,  0.03230834, -1.83857322,
        0.64040637, -0.70474082,  0.38385269, -0.79607457, -0.79667979,
        0.6599803 , -0.21698782, -0.05285697, -1.41760325, -0.3144297 ,
       -0.82773226,  0.32074711,  2.19568944,  0.50176108, -0.07272312,
       -0.59660804,  0.74997324, -0.1207231 , -0.14932588,  0.22404988,
        1.25211716,  1.13046801,  0.09022183,  0.1202817 ,  0.05887238,
       -0.8619858 ,  0.07525485, -1.61384821, -1.09347665, -1.15774632,
        1.12046516, -1.04009879, -1.37888956, -0.39423347,  1.49713445,
        1.42586637,  1.39331996, -0.30253601,  1.20901704,  2.45322156,
       -0.11173546,  1.67584777,  0.63633209, -0.2810325 , -0.24531853,
        0.09484892, -0.57418853, -0.03699471, -0.33324909,  0.40169531,
        1.18553698, -0.24834584,  0.05394281,  1.38290298, -1.99485385,
        0.00360105, -0.60284889,  0.56576943,  0.83031291, -0.98026997,
        0.81176025, -0.26061547, -0.36689702, -1.37646163, -0.47878802,
        0.69963962,  1.50221622, -1.34232402,  1.0629071 , -0.69734043,
        0.33941042, -1.03896737,  0.68546999, -0.15398885, -2.05372262,
       -0.16156133,  0.03820393, -0.67312402,  3.2659626 ,  0.43554527,
        0.03493765,  0.32047209,  0.31754062, -1.71971726, -0.2537131 ,
       -0.95168197, -0.58743972, -0.65560091,  2.03798103, -0.29217172,
       -2.18346357,  0.10285232, -0.03255865, -0.83515704,  1.32634628], dtype=float32), array([ 0.33637479,  0.58283836, -0.99301749,  0.03114205, -1.83895421,
        0.63961953, -0.7047382 ,  0.38228405, -0.79703999, -0.79820764,
        0.66066968, -0.21683581, -0.05367305, -1.41786075, -0.31446692,
       -0.82979321,  0.3215602 ,  2.19486856,  0.50268644, -0.07289499,
       -0.595258  ,  0.75073576, -0.12236448, -0.1495015 ,  0.22426759,
        1.25391185,  1.13031399,  0.0904587 ,  0.11862089,  0.06101286,
       -0.86095756,  0.07394413, -1.61400592, -1.09504807, -1.15697837,
        1.12261975, -1.04065585, -1.37756526, -0.39266521,  1.49496222,
        1.4271487 ,  1.39479184, -0.30317008,  1.20900869,  2.45481181,
       -0.1135129 ,  1.67438745,  0.63728607, -0.28278676, -0.24339764,
        0.09508867, -0.57491457, -0.03707134, -0.33305621,  0.40324244,
        1.18670261, -0.24817802,  0.05338304,  1.38397861, -1.99518168,
        0.00435691, -0.60171461,  0.56602061,  0.82999665, -0.97895855,
        0.80963528, -0.26180926, -0.36640635, -1.37769508, -0.47853696,
        0.7003668 ,  1.50251484, -1.34219372,  1.06225502, -0.69900733,
        0.33926621, -1.03760874,  0.68601239, -0.15320043, -2.05117989,
       -0.16110161,  0.03695884, -0.67445046,  3.26348543,  0.43494871,
        0.03669109,  0.32003611,  0.31713846, -1.71958554, -0.25286666,
       -0.95254397, -0.58597678, -0.65587193,  2.03857851, -0.2951844 ,
       -2.18398309,  0.10417315, -0.03154997, -0.83566248,  1.32571542], dtype=float32), array([  3.33754033e-01,   5.84713578e-01,  -9.93489981e-01,
         3.36912163e-02,  -1.83780408e+00,   6.40887439e-01,
        -7.04886496e-01,   3.84366304e-01,  -7.96111107e-01,
        -7.96725094e-01,   6.59592569e-01,  -2.16781497e-01,
        -5.20493984e-02,  -1.41686165e+00,  -3.15013140e-01,
        -8.27142060e-01,   3.19962591e-01,   2.19585919e+00,
         5.01937449e-01,  -7.25666210e-02,  -5.96354902e-01,
         7.48907685e-01,  -1.21108547e-01,  -1.49483740e-01,
         2.24729687e-01,   1.25252295e+00,   1.13094842e+00,
         9.08846185e-02,   1.19925573e-01,   5.81234284e-02,
        -8.62477720e-01,   7.53089562e-02,  -1.61426866e+00,
        -1.09242475e+00,  -1.15769768e+00,   1.12062359e+00,
        -1.04020548e+00,  -1.38026106e+00,  -3.95539880e-01,
         1.49825752e+00,   1.42573047e+00,   1.39341450e+00,
        -3.02033246e-01,   1.20835674e+00,   2.45212770e+00,
        -1.10981613e-01,   1.67686665e+00,   6.35696590e-01,
        -2.80624390e-01,  -2.45529264e-01,   9.47057754e-02,
        -5.74548244e-01,  -3.68901901e-02,  -3.33348393e-01,
         4.01200503e-01,   1.18539953e+00,  -2.48760715e-01,
         5.44393696e-02,   1.38231838e+00,  -1.99465752e+00,
         3.14703258e-03,  -6.03979468e-01,   5.66415191e-01,
         8.29967320e-01,  -9.80558097e-01,   8.12320411e-01,
        -2.60391474e-01,  -3.66993457e-01,  -1.37606144e+00,
        -4.78439569e-01,   6.99950695e-01,   1.50269747e+00,
        -1.34264481e+00,   1.06324494e+00,  -6.96446240e-01,
         3.39268923e-01,  -1.03968358e+00,   6.84565783e-01,
        -1.54299617e-01,  -2.05430961e+00,  -1.61458194e-01,
         3.90186645e-02,  -6.72548950e-01,   3.26592040e+00,
         4.35931653e-01,   3.38131860e-02,   3.20832282e-01,
         3.17327499e-01,  -1.72007036e+00,  -2.53176570e-01,
        -9.52391624e-01,  -5.87311089e-01,  -6.55970573e-01,
         2.03847623e+00,  -2.91197896e-01,  -2.18261051e+00,
         1.01630971e-01,  -3.30011211e-02,  -8.35055411e-01,
         1.32540011e+00], dtype=float32), array([ 0.33626255,  0.58313233, -0.99258929,  0.03195538, -1.83870804,
        0.63951916, -0.70479012,  0.38175753, -0.79752791, -0.79886317,
        0.66053462, -0.21678688, -0.0534384 , -1.41743326, -0.31483895,
       -0.83003783,  0.32116905,  2.1947484 ,  0.50336111, -0.07286543,
       -0.59463191,  0.75005084, -0.12344433, -0.14951308,  0.22484115,
        1.2551769 ,  1.13063586,  0.09103022,  0.117585  ,  0.06131062,
       -0.8609457 ,  0.07346162, -1.614483  , -1.09465802, -1.15653539,
        1.12379396, -1.04114103, -1.37827826, -0.39320648,  1.49486697,
        1.427369  ,  1.39563251, -0.30297571,  1.20831954,  2.45458245,
       -0.11346388,  1.67462158,  0.63693905, -0.28331941, -0.24250212,
        0.09525402, -0.57545996, -0.03699277, -0.33273083,  0.40370077,
        1.18715918, -0.24850062,  0.05371468,  1.3838706 , -1.99498248,
        0.00451303, -0.60233653,  0.56641471,  0.82958853, -0.97852683,
        0.80922526, -0.26220009, -0.3662765 , -1.37789881, -0.47820798,
        0.70126057,  1.50308526, -1.34230328,  1.06204736, -0.6989882 ,
        0.33895808, -1.0375824 ,  0.68537319, -0.15320148, -2.05051303,
       -0.16081712,  0.03705844, -0.6746217 ,  3.26249528,  0.43503466,
        0.03643634,  0.32005939,  0.31671551, -1.71986508, -0.2519477 ,
       -0.95361286, -0.58503783, -0.65623486,  2.0391345 , -0.29569981,
       -2.18346739,  0.10378234, -0.03145773, -0.8358978 ,  1.32480025], dtype=float32), array([ 0.3406601 ,  0.58022892, -0.99119854,  0.02879978, -1.84041154,
        0.63724232, -0.70467854,  0.37745118, -0.79967254, -0.80218583,
        0.6622268 , -0.21674202, -0.0559255 , -1.41856492, -0.31433594,
       -0.83492714,  0.32329172,  2.1928134 ,  0.50557274, -0.07342296,
       -0.59202003,  0.75234061, -0.12706746, -0.14956309,  0.22481379,
        1.25925863,  1.12987196,  0.09101767,  0.1140423 ,  0.06664941,
       -0.85835063,  0.07050625, -1.61464643, -1.09855568, -1.15465021,
        1.12853241, -1.0425123 , -1.37466908, -0.38901228,  1.48918557,
        1.43001103,  1.39911199, -0.30457434,  1.20848799,  2.45869851,
       -0.11768071,  1.67077482,  0.63903272, -0.28767994, -0.23759015,
        0.09617975, -0.57691419, -0.03718972, -0.33176136,  0.40765369,
        1.18994749, -0.24797854,  0.05241445,  1.38659036, -1.995597  ,
        0.00675808, -0.59935117,  0.56631821,  0.82911485, -0.97523797,
        0.8039248 , -0.26509893, -0.36500922, -1.38080585, -0.47797835,
        0.70312577,  1.50352812, -1.341694  ,  1.06012464, -0.70331317,
        0.33858985, -1.03408408,  0.68695408, -0.15126744, -2.04427147,
       -0.15975983,  0.03367104, -0.67811209,  3.25721478,  0.43350354,
        0.04087626,  0.31880629,  0.31588227, -1.71940148, -0.2501727 ,
       -0.95528686, -0.5816372 , -0.65661168,  2.04007363, -0.30315483,
       -2.18503571,  0.10762791, -0.02893159, -0.83729762,  1.3240695 ], dtype=float32), array([ 0.34085205,  0.58009362, -0.99108434,  0.02861038, -1.84045208,
        0.63713646, -0.70467359,  0.37724298, -0.7998178 , -0.80238622,
        0.66231883, -0.21673259, -0.05601946, -1.4185915 , -0.31433529,
       -0.8351931 ,  0.32340312,  2.19271183,  0.5056777 , -0.07344653,
       -0.59183222,  0.75244308, -0.12726994, -0.14959125,  0.22485317,
        1.25948381,  1.12985396,  0.09105093,  0.1138299 ,  0.06693964,
       -0.85820544,  0.07033707, -1.61469424, -1.0987767 , -1.15455198,
        1.12883389, -1.04259539, -1.37447608, -0.3887946 ,  1.4888674 ,
        1.43018365,  1.39930725, -0.30467761,  1.20850289,  2.45893192,
       -0.11793825,  1.67056262,  0.63916487, -0.28791291, -0.23735066,
        0.09620254, -0.57699937, -0.03720118, -0.33174977,  0.40787125,
        1.19010198, -0.24795878,  0.05233812,  1.3867352 , -1.99564433,
        0.00685318, -0.59918725,  0.56634867,  0.82906902, -0.97506016,
        0.8036598 , -0.26526543, -0.36495388, -1.38097095, -0.47793138,
        0.7032162 ,  1.50357354, -1.34167886,  1.06005478, -0.70353782,
        0.33857054, -1.03389549,  0.68703169, -0.15117577, -2.04391932,
       -0.15970816,  0.0335013 , -0.67828512,  3.25686002,  0.43342111,
        0.04113122,  0.31874153,  0.3158316 , -1.7193954 , -0.2500751 ,
       -0.95540237, -0.58143592, -0.656636  ,  2.04014206, -0.30355099,
       -2.18510222,  0.10780878, -0.02879822, -0.8373366 ,  1.32399237], dtype=float32), array([ 0.339091  ,  0.58125663, -0.99139106,  0.02963885, -1.83961844,
        0.63802975, -0.70467782,  0.37890974, -0.79926646, -0.80130565,
        0.66167665, -0.21670546, -0.0549065 , -1.41818786, -0.31460702,
       -0.83330119,  0.3226324 ,  2.19342446,  0.50478214, -0.07317911,
       -0.59259653,  0.75134301, -0.1259913 , -0.14958075,  0.22515273,
        1.2581538 ,  1.13023102,  0.09124671,  0.11500183,  0.06503954,
       -0.85915029,  0.07137419, -1.61480606, -1.09727812, -1.15527332,
        1.12741423, -1.042256  , -1.375898  , -0.39047506,  1.49103248,
        1.4293257 ,  1.39811122, -0.3041755 ,  1.20847666,  2.45733142,
       -0.11650649,  1.67193794,  0.63845181, -0.28625044, -0.23920526,
        0.09578106, -0.5764811 , -0.03713597, -0.3323563 ,  0.40643629,
        1.18913531, -0.24827124,  0.05294517,  1.38557971, -1.99542606,
        0.00601298, -0.60033607,  0.56644881,  0.82915813, -0.97613943,
        0.80581349, -0.26429611, -0.36558619, -1.38001907, -0.47786006,
        0.7026031 ,  1.5035429 , -1.34203565,  1.06091595, -0.70198369,
        0.33865374, -1.03518069,  0.6863479 , -0.15198667, -2.04623556,
       -0.16021644,  0.03484438, -0.6770249 ,  3.25848055,  0.43412152,
        0.03954296,  0.31912971,  0.31609076, -1.71964037, -0.25063476,
       -0.95486736, -0.58249187, -0.6564585 ,  2.03986526, -0.30079907,
       -2.18438411,  0.10615582, -0.02973655, -0.83663833,  1.32406843], dtype=float32), array([ 0.3390896 ,  0.58123785, -0.9913376 ,  0.02956447, -1.8395741 ,
        0.63804018, -0.70468062,  0.37892735, -0.7992869 , -0.80135435,
        0.66172391, -0.21666852, -0.05490748, -1.41816711, -0.31463191,
       -0.83336818,  0.32267416,  2.19340539,  0.50475198, -0.07318244,
       -0.59255195,  0.7513631 , -0.12600857, -0.14962158,  0.2251835 ,
        1.25816023,  1.13024378,  0.09126225,  0.11497834,  0.06507423,
       -0.85913396,  0.07134449, -1.61478615, -1.09735775, -1.15526986,
        1.12744558, -1.04224503, -1.37583339, -0.39041299,  1.49098766,
        1.42940152,  1.39810562, -0.30420685,  1.20851159,  2.45737767,
       -0.11658603,  1.67190337,  0.63851935, -0.28626242, -0.23922244,
        0.09574562, -0.57650816, -0.03714379, -0.3324174 ,  0.40643066,
        1.18914795, -0.24826591,  0.05290592,  1.38560939, -1.99544001,
        0.00598538, -0.60028392,  0.566508  ,  0.82917517, -0.97614825,
        0.8057853 , -0.26430818, -0.36557999, -1.38004613, -0.47783172,
        0.70253968,  1.50351858, -1.34205186,  1.06095886, -0.70201397,
        0.33867395, -1.03516304,  0.68639058, -0.15197299, -2.04620934,
       -0.16021451,  0.03482758, -0.67703116,  3.25840616,  0.43410265,
        0.03960108,  0.31914139,  0.31609336, -1.71962261, -0.25064719,
       -0.95485318, -0.58250111, -0.65647519,  2.03988886, -0.30084869,
       -2.18440008,  0.10617887, -0.02972695, -0.83660769,  1.32402813], dtype=float32), array([ 0.33916169,  0.58119428, -0.99132442,  0.02950383, -1.83957577,
        0.63800597, -0.70468503,  0.37886295, -0.79933685, -0.80140656,
        0.66174972, -0.21667247, -0.05493242, -1.41819286, -0.31462052,
       -0.83342791,  0.3227078 ,  2.19335961,  0.50479186, -0.07318754,
       -0.59250522,  0.7514044 , -0.12605743, -0.14961797,  0.22518301,
        1.25821996,  1.13022614,  0.09126598,  0.11492825,  0.06515721,
       -0.85907835,  0.07130698, -1.61480057, -1.09742928, -1.15524471,
        1.12751579, -1.0422523 , -1.37577844, -0.39034304,  1.49089384,
        1.42943299,  1.39815187, -0.30423397,  1.20850849,  2.45742822,
       -0.11666811,  1.67185557,  0.63854837, -0.28632715, -0.23915271,
        0.09575587, -0.57651949, -0.03715557, -0.33240122,  0.40649593,
        1.18918622, -0.24825989,  0.05288791,  1.38566732, -1.99543929,
        0.00600181, -0.60024017,  0.56650209,  0.8291564 , -0.97609371,
        0.80571944, -0.26434746, -0.36556256, -1.38009405, -0.4778237 ,
        0.7025705 ,  1.5035454 , -1.34203947,  1.0609206 , -0.70208806,
        0.33867392, -1.03510046,  0.68642414, -0.15194939, -2.04608893,
       -0.16020678,  0.03477153, -0.67707777,  3.25832367,  0.43408185,
        0.03967993,  0.31912529,  0.316091  , -1.71962214, -0.25062248,
       -0.95487875, -0.58245361, -0.65648025,  2.03987384, -0.30096164,
       -2.18441963,  0.10624499, -0.02968395, -0.83661169,  1.32404542], dtype=float32), array([ 0.33915904,  0.58119655, -0.99131984,  0.02950622, -1.83957148,
        0.638004  , -0.70467889,  0.37886947, -0.79933327, -0.80139935,
        0.66174012, -0.2166747 , -0.05493029, -1.41818786, -0.31462368,
       -0.83343178,  0.32270616,  2.19335246,  0.50478554, -0.07318743,
       -0.59250295,  0.75139683, -0.12605457, -0.14961752,  0.22518377,
        1.25821233,  1.13023257,  0.09126691,  0.11492888,  0.06515404,
       -0.85908383,  0.07130846, -1.6148144 , -1.09743488, -1.15525329,
        1.12751484, -1.04226708, -1.37578869, -0.39034653,  1.4909215 ,
        1.42942965,  1.39815843, -0.30423498,  1.20851612,  2.45742631,
       -0.11666623,  1.67185903,  0.63854545, -0.28632283, -0.23915793,
        0.09575504, -0.57651448, -0.03715523, -0.33240047,  0.40649033,
        1.18919075, -0.24825861,  0.05288909,  1.38566458, -1.99543321,
        0.0060003 , -0.60025114,  0.56649953,  0.82916218, -0.97608685,
        0.80572057, -0.26434565, -0.36556014, -1.38008809, -0.4778187 ,
        0.70256114,  1.50353956, -1.34205294,  1.06093788, -0.70208365,
        0.33867377, -1.0351032 ,  0.68641275, -0.15195034, -2.04607415,
       -0.16020671,  0.03477388, -0.67707729,  3.25834608,  0.43408728,
        0.03967651,  0.31912237,  0.31609145, -1.71961498, -0.25062716,
       -0.95487547, -0.58246076, -0.65647858,  2.03988123, -0.3009547 ,
       -2.18441176,  0.106241  , -0.029686  , -0.83662325,  1.32403052], dtype=float32), array([ 0.33916867,  0.58119291, -0.99132901,  0.02951214, -1.83961177,
        0.63799411, -0.70468163,  0.37885162, -0.79933453, -0.80141526,
        0.66174698, -0.21667776, -0.0549379 , -1.4181962 , -0.31462482,
       -0.83344245,  0.32270774,  2.19335055,  0.50479692, -0.07318852,
       -0.592498  ,  0.75139689, -0.12607203, -0.14961582,  0.22517994,
        1.25823867,  1.1302321 ,  0.09127025,  0.11491338,  0.06516589,
       -0.85908049,  0.07129832, -1.61479115, -1.09742486, -1.15524673,
        1.12752736, -1.04226303, -1.37579417, -0.39034051,  1.49088621,
        1.42944705,  1.3981657 , -0.30423844,  1.20850253,  2.45744324,
       -0.11666363,  1.67184138,  0.63854903, -0.28634131, -0.23913622,
        0.09576213, -0.57652795, -0.03715169, -0.33239001,  0.40650398,
        1.18920338, -0.24825794,  0.05288462,  1.38566256, -1.99543476,
        0.00601233, -0.60024649,  0.56649852,  0.82915348, -0.97607732,
        0.80570686, -0.26435751, -0.36555994, -1.38010108, -0.47782114,
        0.70258158,  1.50352824, -1.34203887,  1.06091893, -0.70209569,
        0.33866715, -1.03509092,  0.68641758, -0.15194386, -2.04608321,
       -0.16020395,  0.03476646, -0.67708659,  3.25831366,  0.43407938,
        0.03968171,  0.31912008,  0.31607985, -1.71962512, -0.25061759,
       -0.9548918 , -0.58244526, -0.65647787,  2.03989029, -0.30097771,
       -2.18440938,  0.10624785, -0.0296779 , -0.83663547,  1.32402587], dtype=float32), array([ 0.33911219,  0.58122492, -0.99133354,  0.02954276, -1.83956265,
        0.63802618, -0.70467931,  0.37890622, -0.79930389, -0.80136329,
        0.66173279, -0.21667078, -0.05490666, -1.41817391, -0.31463438,
       -0.83338189,  0.32268763,  2.19338632,  0.50476414, -0.07318249,
       -0.59252131,  0.75137413, -0.12602873, -0.14962055,  0.22519261,
        1.25819886,  1.13023925,  0.09127135,  0.11495286,  0.06510668,
       -0.85912508,  0.07132873, -1.61479032, -1.09738457, -1.15526247,
        1.12748635, -1.04226196, -1.3758142 , -0.39039409,  1.49096334,
        1.42941058,  1.39812863, -0.30422196,  1.20850921,  2.45739007,
       -0.11661808,  1.67187703,  0.63853544, -0.28628448, -0.23919964,
        0.09574958, -0.57651114, -0.0371482 , -0.33241546,  0.40645349,
        1.1891638 , -0.2482658 ,  0.05290027,  1.3856169 , -1.99544072,
        0.00598793, -0.6002785 ,  0.56651229,  0.82917148, -0.97612298,
        0.80575883, -0.26432243, -0.36558035, -1.38007438, -0.47782344,
        0.7025547 ,  1.50353336, -1.34204423,  1.06094658, -0.70203906,
        0.33866847, -1.03512776,  0.68639147, -0.15196513, -2.04616666,
       -0.16021435,  0.03480778, -0.67704326,  3.25835156,  0.43410072,
        0.03962874,  0.31913456,  0.3160907 , -1.71964133, -0.25063446,
       -0.95485741, -0.58248317, -0.65647191,  2.03989792, -0.30088943,
       -2.18438196,  0.10619653, -0.02971074, -0.83661258,  1.32402682], dtype=float32), array([ 0.33910924,  0.58122885, -0.99133581,  0.02954311, -1.83955777,
        0.63802654, -0.70468044,  0.37890935, -0.79931402, -0.80137384,
        0.66173011, -0.21667111, -0.05490716, -1.41818058, -0.31463382,
       -0.83338588,  0.32268733,  2.19339037,  0.50476438, -0.07318223,
       -0.59252471,  0.75136906, -0.12602881, -0.1496205 ,  0.22519161,
        1.25818658,  1.13024056,  0.09127262,  0.11495256,  0.06510691,
       -0.859119  ,  0.07132865, -1.61480832, -1.09738564, -1.15527117,
        1.12748718, -1.04224682, -1.37581885, -0.39039159,  1.49096107,
        1.42942047,  1.39813507, -0.30421969,  1.20851743,  2.45737386,
       -0.11661729,  1.67189896,  0.63853538, -0.28628582, -0.23919968,
        0.09574866, -0.57651359, -0.0371484 , -0.33241534,  0.40645665,
        1.18916523, -0.24826616,  0.05289985,  1.38561833, -1.99544358,
        0.00598804, -0.60027683,  0.56651425,  0.82916468, -0.97612536,
        0.80576676, -0.26432285, -0.36557761, -1.38006985, -0.4778226 ,
        0.70255601,  1.50354898, -1.34205961,  1.06094766, -0.70204031,
        0.33866984, -1.03513217,  0.68639249, -0.15196607, -2.04616547,
       -0.16021435,  0.03480755, -0.67704278,  3.2583847 ,  0.43410474,
        0.03962876,  0.31913456,  0.31609043, -1.71963692, -0.25063333,
       -0.9548738 , -0.5824765 , -0.65647233,  2.03989363, -0.30089259,
       -2.18439651,  0.10619602, -0.0297107 , -0.83661258,  1.32402623], dtype=float32), array([ 0.3391166 ,  0.58122277, -0.99132264,  0.0295404 , -1.83957207,
        0.63802493, -0.70467508,  0.37890252, -0.79930514, -0.80137831,
        0.66172469, -0.21666844, -0.05490925, -1.41818535, -0.31463268,
       -0.83338958,  0.32269028,  2.19334507,  0.5047701 , -0.0731825 ,
       -0.59252119,  0.75137228, -0.12603234, -0.14962052,  0.22519122,
        1.258183  ,  1.13024223,  0.0912718 ,  0.11494868,  0.06510991,
       -0.85911959,  0.07132578, -1.61480582, -1.09737253, -1.15526986,
        1.12749434, -1.0422616 , -1.37582946, -0.39038876,  1.4909631 ,
        1.42941236,  1.39812601, -0.30422375,  1.20851457,  2.4573741 ,
       -0.11662018,  1.67188179,  0.63853443, -0.2862916 , -0.2391953 ,
        0.09575   , -0.57651418, -0.03714823, -0.33241341,  0.4064599 ,
        1.18917048, -0.2482671 ,  0.05290025,  1.38563991, -1.99541414,
        0.00599058, -0.60027456,  0.56650919,  0.82915807, -0.9761095 ,
        0.80576777, -0.26432902, -0.36558416, -1.38006198, -0.47782046,
        0.70256245,  1.50355089, -1.34205425,  1.0609405 , -0.70204407,
        0.3386724 , -1.03513658,  0.686396  , -0.1519637 , -2.04615569,
       -0.16021383,  0.03480531, -0.67704827,  3.25840163,  0.43410051,
        0.03963232,  0.31913358,  0.31608716, -1.71963966, -0.25063324,
       -0.95486075, -0.58247697, -0.65647954,  2.03986835, -0.30089468,
       -2.18436837,  0.10620032, -0.02970952, -0.83661783,  1.32402456], dtype=float32), array([ 0.33915979,  0.58119792, -0.99132782,  0.02951655, -1.83958185,
        0.63799518, -0.704669  ,  0.3788577 , -0.79933554, -0.80141509,
        0.66173929, -0.21667834, -0.05493496, -1.4181869 , -0.31462342,
       -0.83342826,  0.32269874,  2.19334483,  0.50479394, -0.07318776,
       -0.59250414,  0.75139266, -0.12606466, -0.14961414,  0.22518846,
        1.25823534,  1.13021684,  0.09126581,  0.11491894,  0.06515607,
       -0.85907382,  0.0713031 , -1.61480546, -1.0974344 , -1.15524447,
        1.12753379, -1.04226327, -1.37579548, -0.39035344,  1.4909153 ,
        1.4294225 ,  1.398175  , -0.30423269,  1.20849454,  2.45741796,
       -0.11665931,  1.67186546,  0.63854712, -0.28633341, -0.23914346,
        0.09576529, -0.57651579, -0.03715019, -0.33238199,  0.40650484,
        1.18919551, -0.2482653 ,  0.0528952 ,  1.38565159, -1.99543643,
        0.0060153 , -0.60025257,  0.56650162,  0.82916045, -0.97608888,
        0.80572176, -0.26435161, -0.3655664 , -1.38010192, -0.47781998,
        0.70257783,  1.50355852, -1.34202325,  1.06091273, -0.70208097,
        0.33867002, -1.03509724,  0.68641376, -0.1519541 , -2.04610085,
       -0.1602056 ,  0.034772  , -0.67707694,  3.25833368,  0.43408334,
        0.03967372,  0.31911701,  0.31608456, -1.71961701, -0.25061849,
       -0.95489228, -0.58242828, -0.65647686,  2.03989553, -0.30096105,
       -2.18440509,  0.10624555, -0.02968562, -0.83663189,  1.32401574], dtype=float32), array([ 0.33915937,  0.58119625, -0.99133003,  0.02951504, -1.8396039 ,
        0.63799292, -0.70467263,  0.37884948, -0.79933929, -0.80141437,
        0.66173923, -0.21668106, -0.05493691, -1.41820312, -0.31462172,
       -0.83343285,  0.32270399,  2.19335127,  0.50479138, -0.07318833,
       -0.59250146,  0.75139278, -0.12606786, -0.14961259,  0.22518775,
        1.25823569,  1.13022089,  0.09126645,  0.11491416,  0.06515913,
       -0.85907465,  0.07130089, -1.61479759, -1.09742308, -1.15524256,
        1.12753594, -1.042274  , -1.37580013, -0.39035383,  1.49091649,
        1.42942679,  1.39817154, -0.30423442,  1.20849419,  2.45740414,
       -0.11666067,  1.67186129,  0.63854742, -0.28633675, -0.23914136,
        0.09576514, -0.57651895, -0.03715062, -0.33238792,  0.40650728,
        1.18919826, -0.24826233,  0.05289398,  1.38564622, -1.99544322,
        0.00601689, -0.60025209,  0.56650156,  0.82916695, -0.97608602,
        0.80571389, -0.26435184, -0.36555988, -1.38010812, -0.47782353,
        0.70258617,  1.50353301, -1.34202683,  1.06091511, -0.70207894,
        0.33866709, -1.03508949,  0.6864118 , -0.1519542 , -2.04610443,
       -0.16020589,  0.03476988, -0.67707324,  3.25835037,  0.43408048,
        0.03967649,  0.31911716,  0.3160789 , -1.71960306, -0.25061545,
       -0.95488274, -0.58242983, -0.6564815 ,  2.03990149, -0.30096659,
       -2.1844058 ,  0.10624699, -0.02968391, -0.83663088,  1.32403088], dtype=float32), array([ 0.33914256,  0.5812031 , -0.99132586,  0.02952016, -1.83957231,
        0.63800806, -0.70466346,  0.37886566, -0.799326  , -0.80140007,
        0.66172153, -0.21667907, -0.05493232, -1.41820323, -0.31462443,
       -0.83341974,  0.32269466,  2.19337034,  0.50478923, -0.0731877 ,
       -0.59250844,  0.75137544, -0.12605703, -0.14961334,  0.22518982,
        1.25823295,  1.13023865,  0.0912625 ,  0.11492176,  0.06514476,
       -0.85909009,  0.07130361, -1.61480069, -1.09740102, -1.15527117,
        1.12752843, -1.0422709 , -1.37580299, -0.39036316,  1.49090898,
        1.42942727,  1.39816022, -0.30422467,  1.20849204,  2.45740557,
       -0.11665066,  1.67187285,  0.63854134, -0.28633076, -0.23914817,
        0.09576301, -0.57651931, -0.03714999, -0.33238894,  0.40649918,
        1.18919826, -0.24826543,  0.0528985 ,  1.3856324 , -1.99543726,
        0.00601491, -0.60025996,  0.56649822,  0.82916892, -0.97608489,
        0.80572683, -0.26435196, -0.3655667 , -1.38009584, -0.47782525,
        0.70257717,  1.50354207, -1.34204447,  1.06092358, -0.70206928,
        0.33866155, -1.03510356,  0.68639708, -0.15195812, -2.04609513,
       -0.16020711,  0.03477981, -0.67706543,  3.25832939,  0.43408409,
        0.0396659 ,  0.31911665,  0.31607959, -1.71964967, -0.25062075,
       -0.95488429, -0.58244228, -0.65647948,  2.03989506, -0.30094782,
       -2.18439651,  0.10623398, -0.02969254, -0.83662659,  1.32402229], dtype=float32), array([ 0.33920008,  0.58117211, -0.9912948 ,  0.02948481, -1.83960187,
        0.63797385, -0.70467138,  0.37880227, -0.79935426, -0.80144793,
        0.66174906, -0.2166823 , -0.05496774, -1.41820955, -0.31461665,
       -0.8334859 ,  0.32272381,  2.19331241,  0.50481546, -0.07319456,
       -0.59247249,  0.7514137 , -0.12610766, -0.14961007,  0.22518541,
        1.25829613,  1.13022208,  0.09125935,  0.11487157,  0.06521077,
       -0.85905147,  0.07126381, -1.61480415, -1.09746277, -1.15520978,
        1.12759137, -1.0422802 , -1.37576616, -0.39031106,  1.49085867,
        1.42944682,  1.39820695, -0.30424646,  1.20849919,  2.45745873,
       -0.11670229,  1.67179346,  0.63856912, -0.28639302, -0.23908156,
        0.0957771 , -0.5765335 , -0.03715214, -0.33236966,  0.40655199,
        1.18921363, -0.24825406,  0.05288425,  1.38568997, -1.99546206,
        0.0060475 , -0.60023075,  0.56649572,  0.82915825, -0.9760384 ,
        0.80566019, -0.26438814, -0.36555365, -1.38011682, -0.47782463,
        0.70260543,  1.50356865, -1.34201217,  1.0608809 , -0.70213002,
        0.33866104, -1.03506446,  0.68641728, -0.15193729, -2.04602885,
       -0.16019332,  0.03473562, -0.6771155 ,  3.25824642,  0.43406102,
        0.03972369,  0.31910241,  0.316071  , -1.71962082, -0.25059167,
       -0.95490396, -0.58239871, -0.65648603,  2.03988767, -0.30104876,
       -2.18440843,  0.10628679, -0.02965832, -0.83664346,  1.32402778], dtype=float32), array([ 0.33921725,  0.58115715, -0.99130857,  0.02947449, -1.83961463,
        0.63796496, -0.70466357,  0.37878567, -0.79935926, -0.80145562,
        0.66174978, -0.21668306, -0.05497963, -1.41822147, -0.31461552,
       -0.83350569,  0.32272518,  2.19333291,  0.50482899, -0.07319659,
       -0.59245533,  0.75141937, -0.12612425, -0.14960913,  0.22518823,
        1.2583034 ,  1.13022339,  0.09125825,  0.1148558 ,  0.06523269,
       -0.85903579,  0.0712521 , -1.61481178, -1.09746897, -1.15521562,
        1.12761176, -1.04229927, -1.37574875, -0.39028791,  1.49079776,
        1.42945576,  1.39823985, -0.30424652,  1.20849586,  2.45747519,
       -0.11671896,  1.67180073,  0.63857567, -0.28641316, -0.23905282,
        0.09578249, -0.57654572, -0.03715301, -0.33235702,  0.40657243,
        1.18923724, -0.24825363,  0.05287938,  1.38570094, -1.99545491,
        0.00605857, -0.60021567,  0.56649625,  0.82914436, -0.97602308,
        0.80563349, -0.26439887, -0.36554447, -1.38012648, -0.47782642,
        0.70261443,  1.50356424, -1.34200084,  1.06088078, -0.70214593,
        0.33865577, -1.03503406,  0.68642217, -0.15192764, -2.046     ,
       -0.1601893 ,  0.03472115, -0.67712843,  3.25824213,  0.43405908,
        0.03974184,  0.31909147,  0.31606522, -1.71962011, -0.25058666,
       -0.95492578, -0.5823735 , -0.65648055,  2.03993011, -0.30107564,
       -2.18443751,  0.10630301, -0.02964733, -0.8366527 ,  1.32402527], dtype=float32), array([ 0.33922365,  0.5811553 , -0.99130636,  0.02947249, -1.83963311,
        0.63795745, -0.7046628 ,  0.37877625, -0.79937994, -0.80146736,
        0.6617527 , -0.21668392, -0.05498238, -1.41821289, -0.31461093,
       -0.83351421,  0.32272619,  2.19332743,  0.50483662, -0.0731976 ,
       -0.59245658,  0.75141543, -0.12612741, -0.14960885,  0.22518639,
        1.25829375,  1.13022196,  0.09125783,  0.11485276,  0.06523757,
       -0.85904735,  0.07124893, -1.61480951, -1.0974766 , -1.15520763,
        1.12762141, -1.0422976 , -1.37573957, -0.39028734,  1.49080098,
        1.42946732,  1.39823067, -0.30425116,  1.20848727,  2.4574883 ,
       -0.1167219 ,  1.67178166,  0.63858068, -0.28641871, -0.23905167,
        0.09578516, -0.57654727, -0.03715275, -0.33235627,  0.40657923,
        1.18924236, -0.24825358,  0.052879  ,  1.38568962, -1.99543238,
        0.00606149, -0.60021067,  0.56649512,  0.82915723, -0.97602475,
        0.80563724, -0.26440468, -0.36554545, -1.38013399, -0.47782731,
        0.70262194,  1.50355935, -1.34200549,  1.06087685, -0.70214778,
        0.33865666, -1.03503275,  0.68642783, -0.15192899, -2.04599929,
       -0.16018668,  0.03471744, -0.67713237,  3.25823426,  0.43405268,
        0.03974607,  0.31909117,  0.31606525, -1.71963191, -0.25058392,
       -0.95493442, -0.58237439, -0.65647894,  2.03989959, -0.30108386,
       -2.18441081,  0.10630876, -0.02964438, -0.83665055,  1.32403278], dtype=float32), array([ 0.33923241,  0.58115089, -0.99130601,  0.02946525, -1.83962047,
        0.63795489, -0.70467257,  0.37876943, -0.79936332, -0.80146563,
        0.66175902, -0.21668319, -0.05498816, -1.41822612, -0.31461495,
       -0.83352113,  0.32273531,  2.1933341 ,  0.50484192, -0.07319725,
       -0.59244579,  0.75142026, -0.12613788, -0.14961149,  0.22518702,
        1.25830746,  1.13022697,  0.0912593 ,  0.11484135,  0.0652514 ,
       -0.85903496,  0.07124081, -1.61481023, -1.09748852, -1.15521383,
        1.12763321, -1.0423044 , -1.37573588, -0.39027745,  1.4907937 ,
        1.42947638,  1.39824331, -0.30425546,  1.20849586,  2.45751619,
       -0.11673346,  1.67178285,  0.63858974, -0.28642651, -0.23903747,
        0.09578659, -0.57654756, -0.03715343, -0.33235529,  0.40658745,
        1.1892482 , -0.24825212,  0.05287493,  1.38571334, -1.99546111,
        0.0060678 , -0.60020208,  0.5664947 ,  0.82914162, -0.97602236,
        0.80562341, -0.26441014, -0.36554164, -1.38014972, -0.47782207,
        0.70262855,  1.50355697, -1.34201407,  1.06087029, -0.70216018,
        0.33865374, -1.03503716,  0.68643069, -0.15192346, -2.04597306,
       -0.16018394,  0.03470998, -0.6771394 ,  3.25819755,  0.4340536 ,
        0.03975644,  0.31908551,  0.31606027, -1.71963286, -0.25058019,
       -0.95493305, -0.58236551, -0.65648949,  2.03990507, -0.30110577,
       -2.18444252,  0.1063171 , -0.02963926, -0.83665282,  1.32401812], dtype=float32), array([ 0.33922258,  0.5811519 , -0.9913041 ,  0.02946796, -1.83959782,
        0.63795882, -0.70467025,  0.37877318, -0.79937541, -0.80147827,
        0.66175491, -0.21668346, -0.05498623, -1.41820288, -0.31461629,
       -0.83350641,  0.32273594,  2.193331  ,  0.50483477, -0.07319766,
       -0.5924601 ,  0.75141329, -0.1261325 , -0.14961082,  0.22518685,
        1.25831103,  1.13023806,  0.09125794,  0.11484458,  0.06524517,
       -0.85902876,  0.07124378, -1.61479259, -1.09748805, -1.15520906,
        1.12763441, -1.04229724, -1.37574124, -0.39028466,  1.49081481,
        1.42946208,  1.39822686, -0.3042517 ,  1.20849967,  2.45750761,
       -0.11672741,  1.67178345,  0.63857937, -0.28642246, -0.23904467,
        0.09578636, -0.57654864, -0.03715361, -0.332358  ,  0.40658346,
        1.18926096, -0.2482549 ,  0.05287732,  1.3856988 , -1.99544334,
        0.006066  , -0.60020536,  0.56649488,  0.82914317, -0.97602409,
        0.80562866, -0.26440671, -0.36554611, -1.38015139, -0.47782633,
        0.7026155 ,  1.50356567, -1.34200537,  1.06087458, -0.70215791,
        0.33865711, -1.03503644,  0.68642962, -0.15192433, -2.04599571,
       -0.16018504,  0.03471297, -0.67713207,  3.25827456,  0.43405408,
        0.0397524 ,  0.31908661,  0.31606388, -1.71962881, -0.25058118,
       -0.95492131, -0.58236635, -0.65648574,  2.03991103, -0.30109572,
       -2.18444085,  0.10631185, -0.02964201, -0.83665013,  1.32401931], dtype=float32), array([ 0.33922258,  0.5811519 , -0.9913041 ,  0.02946796, -1.83959782,
        0.63795882, -0.70467025,  0.37877318, -0.79937541, -0.80147827,
        0.66175491, -0.21668346, -0.05498623, -1.41820288, -0.31461629,
       -0.83350641,  0.32273594,  2.193331  ,  0.50483477, -0.07319766,
       -0.5924601 ,  0.75141329, -0.1261325 , -0.14961082,  0.22518685,
        1.25831103,  1.13023806,  0.09125794,  0.11484458,  0.06524517,
       -0.85902876,  0.07124378, -1.61479259, -1.09748805, -1.15520906,
        1.12763441, -1.04229724, -1.37574124, -0.39028466,  1.49081481,
        1.42946208,  1.39822686, -0.3042517 ,  1.20849967,  2.45750761,
       -0.11672741,  1.67178345,  0.63857937, -0.28642246, -0.23904467,
        0.09578636, -0.57654864, -0.03715361, -0.332358  ,  0.40658346,
        1.18926096, -0.2482549 ,  0.05287732,  1.3856988 , -1.99544334,
        0.006066  , -0.60020536,  0.56649488,  0.82914317, -0.97602409,
        0.80562866, -0.26440671, -0.36554611, -1.38015139, -0.47782633,
        0.7026155 ,  1.50356567, -1.34200537,  1.06087458, -0.70215791,
        0.33865711, -1.03503644,  0.68642962, -0.15192433, -2.04599571,
       -0.16018504,  0.03471297, -0.67713207,  3.25827456,  0.43405408,
        0.0397524 ,  0.31908661,  0.31606388, -1.71962881, -0.25058118,
       -0.95492131, -0.58236635, -0.65648574,  2.03991103, -0.30109572,
       -2.18444085,  0.10631185, -0.02964201, -0.83665013,  1.32401931], dtype=float32)]
