[array([-1.6128726 ,  0.35667497,  0.86198753,  1.95643771,  0.4360733 ,
       -0.18881361,  0.31742054, -1.81957662, -1.16436422, -0.23723498,
        1.47412324,  0.71869063,  0.12111238, -0.48986557, -0.18804583,
        0.00979631,  0.40588054, -0.25864094,  0.26620513, -0.65070957,
       -0.4204922 ,  0.65452951, -0.14027017,  2.80048227,  1.28660142,
        0.71057016,  0.08966363,  0.64046067, -0.54225624, -0.64963394,
        1.45207846, -0.31236547, -1.2240243 , -1.54424548, -0.4392736 ,
       -1.16620731, -1.275437  ,  0.58190715,  0.53609478,  0.16025411,
        0.44405997,  0.34924215, -0.06575373,  0.79713184, -1.08636224,
       -0.98502296,  1.27869189,  0.12125447, -0.01050158,  0.64817262,
        0.39938906, -1.36839855,  0.62125468, -0.64305806, -0.17178521,
        0.91312051,  1.21954226,  1.57799482, -2.36919785,  1.36749291,
        1.13559771, -1.33945239, -1.1371845 ,  0.31100115,  0.48432758,
        0.58428818, -2.10847878, -0.81825465,  2.56518412,  0.30185741,
       -1.13017273,  0.57534158, -0.47576752, -1.06207335,  0.95798653,
       -1.64800203,  0.17283694, -0.55042017, -0.43139863,  2.3788588 ,
        0.19682699, -1.08319438,  0.06924239, -0.9136731 ,  0.96783823,
        0.82438672, -1.35833669,  0.38229924, -1.2007165 , -1.10779583,
       -0.42194179,  1.73004436, -0.28097147,  0.79729396, -0.15825662,
       -0.13804115, -0.05989421, -1.15210164, -0.38635358, -0.02271002], dtype=float32), array([-1.63422191,  0.34380844,  0.82213348,  1.97313511,  0.48613858,
       -0.16786751,  0.32986718, -1.86271858, -1.20284712, -0.23424372,
        1.5658685 ,  0.75622368,  0.18804887, -0.49750581, -0.22103573,
        0.01516967,  0.48284277, -0.18320169,  0.20229937, -0.66998595,
       -0.43517175,  0.6283139 , -0.17770658,  2.77761388,  1.32532763,
        0.63312936,  0.12037515,  0.73357755, -0.54666954, -0.58345568,
        1.40773451, -0.23198627, -1.22026205, -1.42340839, -0.44194961,
       -1.18319583, -1.30168653,  0.55845118,  0.53008556,  0.16112265,
        0.45028329,  0.33757877, -0.05507682,  0.80352396, -1.02141726,
       -1.033301  ,  1.18233359,  0.13143556, -0.06095143,  0.67180401,
        0.37578616, -1.33807349,  0.62665457, -0.64920795, -0.14908391,
        0.86943865,  1.21186042,  1.55398273, -2.37529898,  1.35003281,
        1.08522964, -1.28848362, -1.13253796,  0.3664791 ,  0.48257449,
        0.48363039, -2.13448572, -0.81250244,  2.57373786,  0.29813138,
       -1.10134888,  0.56654817, -0.50224966, -1.03755522,  1.02287054,
       -1.63323212,  0.20413071, -0.48416141, -0.53420025,  2.34516096,
        0.23426634, -1.10311747,  0.03377635, -0.83763474,  0.90526927,
        0.81762928, -1.32833207,  0.43229771, -1.2368331 , -1.12275338,
       -0.40153375,  1.65454066, -0.28805709,  0.8005653 , -0.2258109 ,
       -0.10487249, -0.10716856, -1.13425553, -0.38529253, -0.07486752], dtype=float32), array([ -1.71211803e+00,   2.10889325e-01,   6.89144194e-01,
         1.96392012e+00,   6.69859707e-01,   2.76783675e-01,
         1.00331984e-01,  -1.55341077e+00,  -1.26959991e+00,
        -3.65381598e-01,   1.57023299e+00,   9.89740193e-01,
         1.10364482e-01,  -6.50611043e-01,  -2.39206478e-01,
        -1.00741379e-01,   9.58277509e-02,  -1.27056792e-01,
         1.70326710e-01,  -7.01202810e-01,  -3.06738794e-01,
         8.24653924e-01,  -7.32504874e-02,   2.96911430e+00,
         1.11455238e+00,   5.96458077e-01,  -1.02372378e-01,
         8.66410971e-01,  -3.71974707e-01,  -7.79801130e-01,
         1.54048789e+00,  -1.85138136e-01,  -9.30285215e-01,
        -1.44864726e+00,  -4.83654410e-01,  -6.99287176e-01,
        -1.48435414e+00,   5.46899378e-01,   6.99175060e-01,
         2.69416898e-01,   4.73358661e-01,   3.11805457e-01,
         9.41531826e-03,   7.52135098e-01,  -1.10913372e+00,
        -7.68186033e-01,   7.77263641e-01,   2.07331836e-01,
        -1.23048969e-01,   7.89799035e-01,   4.44418013e-01,
        -1.23992562e+00,   8.45362127e-01,  -6.29411757e-01,
         1.61846378e-03,   7.35087514e-01,   1.08683836e+00,
         1.68631923e+00,  -2.35004282e+00,   1.42765403e+00,
         1.34837592e+00,  -1.24954534e+00,  -7.99718678e-01,
         4.62409526e-01,   5.73780894e-01,   2.78064281e-01,
        -2.12379408e+00,  -6.08366251e-01,   2.59619069e+00,
         5.98975241e-01,  -1.16071713e+00,   6.44393265e-01,
        -6.84112251e-01,  -1.02263319e+00,   8.14366698e-01,
        -1.90669250e+00,   1.25013543e-02,  -4.50393319e-01,
        -3.68841141e-01,   2.28365922e+00,   3.17597575e-02,
        -1.08097458e+00,  -8.15117583e-02,  -8.42673004e-01,
         7.42340267e-01,   3.73877466e-01,  -1.36238754e+00,
         3.65308911e-01,  -1.42379224e+00,  -1.31922233e+00,
        -5.12548506e-01,   1.50274682e+00,  -4.01054442e-01,
         6.93148792e-01,  -2.04600170e-01,  -1.50521904e-01,
         3.32833454e-02,  -1.12161481e+00,  -4.82892185e-01,
        -1.49887828e-02], dtype=float32), array([-1.90641093,  0.31626302,  0.65779036,  1.72266793,  0.81286615,
        0.64346611,  0.07945647, -1.57958615, -1.37790501, -0.23594913,
        1.51485837,  1.09933448,  0.06786051, -0.76283038, -0.17640197,
       -0.07118156,  0.06381196, -0.00434743,  0.20144667, -0.71294194,
       -0.25888166,  0.85702956, -0.19830048,  3.01442575,  1.08984375,
        0.51586175, -0.17782032,  0.82999778, -0.50981158, -0.81388634,
        1.55824184, -0.20041589, -0.78149629, -1.25198972, -0.57882893,
       -0.77597833, -1.44959188,  0.64070076,  0.5458284 ,  0.24003814,
        0.63747853,  0.36300948, -0.07440532,  0.82472855, -0.90427387,
       -0.85081893,  0.46306077,  0.05892014, -0.24700874,  0.80803758,
        0.4456096 , -1.15642738,  1.13376594, -0.56022656,  0.09411585,
        0.56876284,  1.05980361,  1.85942698, -2.16174006,  1.46955395,
        1.3339113 , -1.10069323, -0.56361008,  0.53236389,  0.58069414,
        0.06955895, -2.15015173, -0.62443203,  2.56417584,  0.50614101,
       -1.20177579,  0.5492208 , -0.82375276, -0.94448602,  1.15225911,
       -2.35721302, -0.06912491, -0.26186022, -0.61731416,  2.09858704,
       -0.01597571, -1.09801292,  0.11579359, -0.47596315,  0.67171091,
        0.18275045, -1.26678979,  0.32608423, -1.43277562, -1.32177818,
       -0.58313441,  1.28275716, -0.35491821,  0.72212893, -0.07887308,
       -0.15284675,  0.14731996, -1.0851239 , -0.68701571, -0.04644217], dtype=float32), array([-1.93951857,  0.37885663,  0.51752961,  1.83465207,  0.62433404,
        0.76050222, -0.00487346, -1.56032038, -1.39347744, -0.31032482,
        1.31871533,  1.04661274, -0.08551549, -0.78298444, -0.22095664,
       -0.05311295,  0.06099346, -0.14945532,  0.22899345, -0.75854373,
       -0.30388573,  0.99260396, -0.26666942,  2.9874177 ,  1.14201164,
        0.47216672, -0.09101067,  1.03061938, -0.32086429, -0.79505545,
        1.54346299, -0.16610184, -0.54575205, -1.19199359, -0.69251084,
       -0.36209112, -1.41929519,  0.61712027,  0.66974026,  0.20659243,
        0.84210998,  0.20650458, -0.14645699,  0.80918765, -1.02334082,
       -0.74658442,  0.37536693,  0.1649068 , -0.33064598,  0.60510629,
        0.33325657, -1.10698688,  1.29517472, -0.59904313,  0.05950871,
        0.51290911,  1.0031141 ,  1.88575292, -2.25319481,  1.59942675,
        1.31320465, -1.33313787, -0.48256743,  0.35135117,  0.74796355,
       -0.0360192 , -2.07225227, -0.46498325,  2.56310248,  0.5957377 ,
       -1.22825813,  0.5376184 , -0.7902658 , -0.92592293,  1.23875284,
       -2.29153633, -0.12324277, -0.20058644, -0.48876503,  1.95013332,
       -0.12125098, -1.29253674,  0.13104941, -0.4905526 ,  0.80868334,
        0.12882386, -1.16674411,  0.34998673, -1.29573989, -1.4921751 ,
       -0.61520457,  1.29791892, -0.48680511,  0.82629097, -0.03696772,
       -0.13903211, -0.03600207, -1.02619302, -0.5733512 , -0.13520689], dtype=float32), array([-1.81071424,  0.34027183,  0.61082971,  1.91585338,  0.60530931,
        0.65062571,  0.053044  , -1.6897397 , -1.42301524, -0.22831991,
        1.37896872,  1.16674721,  0.2183062 , -0.85084051, -0.18770194,
       -0.15072511,  0.19354263,  0.10034026,  0.07832339, -0.91781038,
       -0.37350404,  0.91598761, -0.17172441,  2.96091557,  1.15279377,
        0.44374725, -0.09550067,  1.09295547, -0.36364502, -0.75570804,
        1.61153615, -0.04278942, -0.54405898, -0.96872455, -0.60081911,
       -0.52536207, -1.45962489,  0.54506993,  0.75024199,  0.02673113,
        0.78488022,  0.15751301, -0.21344572,  0.79564357, -1.13915551,
       -0.79220903,  0.03612653,  0.25892678, -0.42901328,  0.70879841,
        0.50274819, -1.18228436,  1.28531575, -0.46028972,  0.26118541,
        0.47650945,  0.74385053,  1.84815753, -2.33783531,  1.51031852,
        1.20865035, -1.2201699 , -0.55228227,  0.48121122,  0.74865633,
        0.00366009, -2.18433356, -0.34649435,  2.49261713,  0.81556594,
       -1.32453632,  0.45571083, -0.76092577, -0.89648348,  1.19866276,
       -2.27353287,  0.02564847, -0.31597474, -0.68036038,  1.99532449,
       -0.07258756, -1.23162675,  0.14931656, -0.24134603,  0.56276661,
        0.06178   , -1.13424993,  0.29465193, -1.47347105, -1.48653018,
       -0.70231175,  1.0782063 , -0.30464625,  0.8787694 , -0.08578444,
       -0.10059161, -0.0356974 , -0.83916759, -0.65080971, -0.00483811], dtype=float32), array([ -1.92445731e+00,   3.66335213e-01,   5.81517518e-01,
         1.89947367e+00,   5.94043851e-01,   7.44170725e-01,
         7.72940964e-02,  -1.74036574e+00,  -1.44460046e+00,
        -2.23402306e-01,   1.45967698e+00,   1.22934985e+00,
         4.65013050e-02,  -8.40637267e-01,  -1.74887925e-01,
        -1.24078058e-01,   1.55880272e-01,   4.63231578e-02,
         1.32376060e-01,  -9.38568950e-01,  -3.17332119e-01,
         9.37095165e-01,  -2.01519817e-01,   2.92576766e+00,
         1.19441462e+00,   4.39787745e-01,  -7.23557472e-02,
         1.17623305e+00,  -1.80087745e-01,  -6.75129890e-01,
         1.66490567e+00,   3.15523967e-02,  -5.21608412e-01,
        -9.44165587e-01,  -6.87148273e-01,  -3.08958143e-01,
        -1.57871234e+00,   5.48488617e-01,   8.08914959e-01,
         9.79720149e-04,   8.75599623e-01,   1.15167782e-01,
        -2.31318921e-01,   7.62559772e-01,  -1.13798821e+00,
        -8.22847188e-01,   6.13696054e-02,   4.30195898e-01,
        -4.69328970e-01,   6.14736199e-01,   3.65685761e-01,
        -1.13157272e+00,   1.17069900e+00,  -5.07010758e-01,
         3.00943911e-01,   3.42664093e-01,   8.58458698e-01,
         1.79454935e+00,  -2.35639906e+00,   1.47681975e+00,
         1.12138307e+00,  -1.23405933e+00,  -5.04505932e-01,
         4.03415233e-01,   7.41347849e-01,  -2.63624825e-03,
        -1.92050636e+00,  -3.33413690e-01,   2.51788592e+00,
         8.16255987e-01,  -1.33558393e+00,   4.51414317e-01,
        -8.18954229e-01,  -8.88504386e-01,   1.15921044e+00,
        -2.32580709e+00,   2.43479405e-02,  -2.18748316e-01,
        -6.80851161e-01,   1.98305070e+00,   4.05931883e-02,
        -1.22029579e+00,   1.56766713e-01,  -2.36325741e-01,
         5.58735371e-01,  -5.73438685e-03,  -1.03618193e+00,
         2.90581197e-01,  -1.60628343e+00,  -1.43366694e+00,
        -6.95211530e-01,   1.05186093e+00,  -3.43451023e-01,
         8.39075804e-01,  -1.96726248e-01,  -4.32801209e-02,
        -5.84699437e-02,  -9.25054193e-01,  -6.97849572e-01,
        -6.98726699e-02], dtype=float32), array([-1.94065821,  0.40132758,  0.53849936,  1.9293102 ,  0.6715222 ,
        0.88844079, -0.0205624 , -1.73242009, -1.4897548 , -0.26823744,
        1.43628323,  1.30913067,  0.09102359, -0.860789  , -0.29125166,
       -0.12440506,  0.22038338,  0.12690653,  0.08218582, -0.92355716,
       -0.2186783 ,  0.98020017, -0.21437921,  2.92728186,  1.1889081 ,
        0.41095304,  0.08050997,  1.19930124, -0.18875116, -0.72752285,
        1.59004736, -0.0187189 , -0.57107729, -0.81444126, -0.69292718,
       -0.25790849, -1.56923771,  0.58969539,  0.79700285,  0.03094171,
        0.84808815,  0.00454761, -0.18008135,  0.79794174, -1.21756446,
       -0.85957962,  0.07596233,  0.3951171 , -0.57772994,  0.6564588 ,
        0.36574528, -0.99123979,  1.2409128 , -0.58746034,  0.28045207,
        0.25476933,  0.93824589,  1.71905696, -2.26952386,  1.44276142,
        1.20336878, -1.24569321, -0.53016675,  0.44754273,  0.64795154,
       -0.00856198, -1.86740947, -0.23195004,  2.49171019,  0.7833848 ,
       -1.37843561,  0.41969538, -0.77061933, -0.95129669,  1.22079408,
       -2.29076242, -0.01700955, -0.10406596, -0.68825823,  1.98273635,
        0.02075586, -1.17134964,  0.14007232, -0.20775825,  0.54050231,
        0.0097127 , -1.03132439,  0.25207841, -1.57234049, -1.49412155,
       -0.78268629,  0.99503839, -0.30247703,  0.82203001, -0.156096  ,
       -0.10032272, -0.17146486, -1.04618216, -0.64311439, -0.11536262], dtype=float32), array([-1.90592146,  0.31600687,  0.57218158,  2.05126143,  0.61017346,
        0.95170254,  0.07896231, -1.77157962, -1.44502997, -0.23237753,
        1.24474013,  1.32969451,  0.04988512, -0.77983809, -0.25803277,
       -0.15458259,  0.33992815,  0.13396661,  0.1776316 , -0.89125162,
       -0.21352725,  0.97254753, -0.17550908,  2.94164562,  1.14721847,
        0.50837862,  0.17242223,  1.11101174, -0.23941466, -0.70580339,
        1.5819968 , -0.06166988, -0.51191622, -0.75916409, -0.63580889,
       -0.30464983, -1.52284169,  0.51461464,  0.76527238, -0.00452766,
        0.81306136, -0.08547188, -0.21526097,  0.83954179, -1.33341992,
       -0.88203681,  0.07713676,  0.31589127, -0.58004868,  0.72572368,
        0.40059716, -1.00856435,  1.28762329, -0.62184334,  0.38461939,
        0.22022632,  0.75963748,  1.64917636, -2.17013097,  1.42457926,
        1.12922263, -1.27217948, -0.60616273,  0.38747543,  0.80896837,
       -0.08108472, -1.88234115, -0.32479188,  2.56715369,  0.75346076,
       -1.37822175,  0.43422872, -0.6055733 , -0.94185668,  1.23279989,
       -2.31272244, -0.01044429, -0.03795099, -0.73155963,  2.02491093,
       -0.09133635, -1.24699485,  0.30070511, -0.24443677,  0.51341945,
       -0.08283292, -1.06869388,  0.26558906, -1.57369208, -1.55626452,
       -0.68266785,  1.01263309, -0.35672021,  0.84934181, -0.16231185,
       -0.04324501, -0.23513477, -1.03206265, -0.65064174, -0.06681725], dtype=float32), array([ -1.95964873e+00,   3.87538046e-01,   5.09048998e-01,
         2.03147650e+00,   5.21843731e-01,   1.12187624e+00,
        -6.13018386e-02,  -1.71171165e+00,  -1.43087733e+00,
        -2.04651490e-01,   1.19932008e+00,   1.44052529e+00,
         8.68365169e-02,  -8.74827862e-01,  -3.36472809e-01,
        -1.09115168e-01,   2.12591901e-01,   8.92768726e-02,
         3.06619710e-04,  -8.44879448e-01,  -1.45152733e-01,
         9.13821101e-01,  -2.14754283e-01,   2.84391785e+00,
         1.09802365e+00,   5.44360757e-01,   2.36100510e-01,
         1.04528737e+00,  -2.18700901e-01,  -8.61032069e-01,
         1.55054784e+00,  -4.48217615e-02,  -6.17816746e-01,
        -7.54992306e-01,  -7.64466643e-01,  -2.73200005e-01,
        -1.62724400e+00,   4.89999205e-01,   7.61730671e-01,
         9.32733864e-02,   9.18322206e-01,  -6.00954480e-02,
        -4.85036038e-02,   7.55335450e-01,  -1.39951158e+00,
        -8.13645422e-01,   8.49527717e-02,   4.97516930e-01,
        -6.02008700e-01,   6.55818224e-01,   3.58796120e-01,
        -1.01772976e+00,   1.40750933e+00,  -6.74251735e-01,
         4.42479908e-01,   8.95632133e-02,   8.23849201e-01,
         1.59497988e+00,  -2.24731135e+00,   1.29438818e+00,
         1.23006856e+00,  -1.41354465e+00,  -5.44929266e-01,
         2.90398419e-01,   7.82902777e-01,   5.13505600e-02,
        -1.71179283e+00,  -1.49164587e-01,   2.50336742e+00,
         9.00230229e-01,  -1.32617640e+00,   3.41655046e-01,
        -7.39021361e-01,  -1.01355648e+00,   1.28480279e+00,
        -2.29893589e+00,  -6.90073008e-03,   7.20896125e-02,
        -6.41427100e-01,   1.97322249e+00,  -5.08382693e-02,
        -1.21716082e+00,   2.93513954e-01,  -2.57682025e-01,
         6.16215408e-01,  -5.68134114e-02,  -9.82205153e-01,
         2.84638613e-01,  -1.49954808e+00,  -1.55620325e+00,
        -7.48522937e-01,   1.02837074e+00,  -2.35293835e-01,
         8.99724722e-01,  -1.89465612e-01,  -1.18227482e-01,
        -1.74307749e-01,  -1.13532031e+00,  -5.48359811e-01,
        -1.19642742e-01], dtype=float32), array([-1.94851565,  0.3983691 ,  0.47978917,  2.04547691,  0.54722804,
        1.13726389, -0.03649586, -1.72765315, -1.47150612, -0.16561942,
        1.15849006,  1.52322018,  0.09656689, -0.8925457 , -0.36581779,
       -0.11105686,  0.25076756,  0.07637314, -0.02046681, -0.76894885,
       -0.0717044 ,  0.91641951, -0.17765258,  2.83583927,  1.06913841,
        0.51413727,  0.24746569,  1.06613636, -0.25038794, -0.91610193,
        1.51186466, -0.12949184, -0.62511396, -0.73358387, -0.77909291,
       -0.29822657, -1.64538836,  0.52120072,  0.75274581,  0.15135974,
        0.87805903, -0.07884646, -0.01076673,  0.74144608, -1.39402151,
       -0.81377524,  0.05900595,  0.47533214, -0.65610468,  0.70937979,
        0.35633105, -0.98905593,  1.45351648, -0.65444928,  0.41760626,
        0.04215038,  0.83220303,  1.54697704, -2.2434094 ,  1.28745806,
        1.22461176, -1.41150141, -0.52678847,  0.32908976,  0.76562983,
        0.05124082, -1.69188023, -0.09250087,  2.48247528,  0.90096158,
       -1.31772757,  0.31259018, -0.75297862, -0.99636167,  1.29991555,
       -2.28647804,  0.02195683,  0.07417468, -0.66015488,  1.9684062 ,
       -0.05204557, -1.21429944,  0.28854293, -0.23070592,  0.62283891,
       -0.04479139, -0.99145728,  0.25705919, -1.51653183, -1.53321195,
       -0.7990272 ,  1.03432584, -0.24888872,  0.90038157, -0.16449031,
       -0.11533698, -0.15025619, -1.17551208, -0.56261295, -0.12217955], dtype=float32), array([ -1.91089451e+00,   3.85434449e-01,   5.12460709e-01,
         2.06878901e+00,   5.42576313e-01,   1.10437918e+00,
        -7.37589970e-03,  -1.79824817e+00,  -1.49631643e+00,
        -1.32350937e-01,   1.16450727e+00,   1.54380238e+00,
         1.62825853e-01,  -8.61609042e-01,  -3.87292415e-01,
        -1.34801880e-01,   2.79266477e-01,   1.04054749e-01,
        -5.59298657e-02,  -8.46045077e-01,  -7.15652779e-02,
         8.56006026e-01,  -1.27624482e-01,   2.85806155e+00,
         1.12594604e+00,   4.66742396e-01,   1.85655475e-01,
         1.05661941e+00,  -2.42660403e-01,  -8.70064378e-01,
         1.50883508e+00,  -1.17018126e-01,  -6.73716068e-01,
        -7.29904890e-01,  -7.13924825e-01,  -3.18085641e-01,
        -1.62982738e+00,   4.57727849e-01,   7.91506767e-01,
         1.32578030e-01,   8.84232283e-01,  -1.00869678e-01,
         1.59001667e-02,   7.31579483e-01,  -1.40151429e+00,
        -8.23961854e-01,  -3.00533120e-02,   4.55373317e-01,
        -6.41333103e-01,   6.94323182e-01,   4.08174545e-01,
        -9.98090088e-01,   1.46380222e+00,  -5.75467825e-01,
         4.74671394e-01,   6.74088076e-02,   7.49292791e-01,
         1.50070488e+00,  -2.29029155e+00,   1.25895691e+00,
         1.23929071e+00,  -1.34785116e+00,  -5.42427540e-01,
         3.67688656e-01,   8.02144408e-01,  -1.37369419e-02,
        -1.74301958e+00,  -1.14032425e-01,   2.43673038e+00,
         9.25368428e-01,  -1.27771521e+00,   3.29308212e-01,
        -7.59692192e-01,  -1.00868666e+00,   1.32234728e+00,
        -2.30691099e+00,   1.84753072e-02,   7.83941522e-02,
        -6.83018684e-01,   1.97940838e+00,   1.49639047e-04,
        -1.24865234e+00,   3.05675119e-01,  -1.56753734e-01,
         5.42330205e-01,  -1.92984529e-02,  -1.03216040e+00,
         2.71328777e-01,  -1.50476551e+00,  -1.54005539e+00,
        -7.84075439e-01,   9.62675631e-01,  -2.11023912e-01,
         8.96509290e-01,  -1.78044319e-01,  -6.35825470e-02,
        -1.49267912e-01,  -1.09786487e+00,  -5.72948635e-01,
        -1.47597402e-01], dtype=float32), array([-1.92542624,  0.39052099,  0.5282613 ,  2.09463525,  0.49843112,
        1.0643158 , -0.06819123, -1.80335736, -1.55697024, -0.19174507,
        1.14090908,  1.54102898,  0.15740833, -0.88616019, -0.35005212,
       -0.1650397 ,  0.32372394,  0.16043256, -0.03608289, -0.88407105,
       -0.12470748,  0.90125906, -0.04471292,  2.83806443,  1.1503849 ,
        0.51107913,  0.21243274,  1.03563428, -0.29151478, -0.90588909,
        1.57797527, -0.11445898, -0.62890667, -0.76333094, -0.61815602,
       -0.3313708 , -1.59389436,  0.56974262,  0.7463994 ,  0.1142645 ,
        0.86199665, -0.0738769 ,  0.03892894,  0.75687516, -1.36781967,
       -0.84842682, -0.02961381,  0.38437387, -0.60811174,  0.69860023,
        0.48095441, -0.98186952,  1.38084197, -0.55480593,  0.38735446,
        0.10179507,  0.78650552,  1.52629852, -2.25460243,  1.34351647,
        1.21085608, -1.35474885, -0.52292103,  0.36711481,  0.79482508,
       -0.01715029, -1.80902708, -0.15152323,  2.3542037 ,  0.91444439,
       -1.21085536,  0.35631177, -0.75524259, -0.99561042,  1.32507527,
       -2.32503629, -0.01578498,  0.03986324, -0.73022342,  1.95695066,
        0.02103738, -1.26535988,  0.30446702, -0.13986053,  0.51595116,
       -0.03952743, -1.03959846,  0.36304778, -1.47657597, -1.59588301,
       -0.78614664,  0.93884921, -0.27052596,  0.95794487, -0.22214659,
       -0.03491067, -0.15466379, -1.07649016, -0.53512442, -0.19778529], dtype=float32), array([-1.93086803,  0.38386217,  0.53820884,  2.09725428,  0.51756483,
        1.06184077, -0.07430519, -1.79573369, -1.5478369 , -0.20461021,
        1.1520232 ,  1.54959071,  0.1670597 , -0.90568358, -0.34755737,
       -0.16145414,  0.33889169,  0.2010566 , -0.0428818 , -0.8772763 ,
       -0.13144031,  0.88820201, -0.04599997,  2.83267355,  1.14098501,
        0.51479876,  0.22661798,  1.05300128, -0.31014192, -0.89900559,
        1.58190334, -0.0956891 , -0.61673248, -0.74349451, -0.6111387 ,
       -0.35004365, -1.60147965,  0.58334231,  0.73187482,  0.10616028,
        0.84186798, -0.06407542,  0.03836605,  0.76144177, -1.37306404,
       -0.86461443, -0.05090727,  0.3602351 , -0.61631972,  0.70966995,
        0.48851192, -0.9694764 ,  1.36888325, -0.5486477 ,  0.38535392,
        0.09621811,  0.80855125,  1.51774848, -2.24506998,  1.35537219,
        1.19214046, -1.33859515, -0.52884603,  0.39350411,  0.79148096,
       -0.03504932, -1.82646513, -0.14485073,  2.3588202 ,  0.90099788,
       -1.20473015,  0.35492656, -0.76195556, -0.98114103,  1.33534193,
       -2.3156743 , -0.01655498,  0.04449819, -0.75656873,  1.9403553 ,
        0.03743843, -1.25257611,  0.28494492, -0.12918755,  0.49814582,
       -0.04086995, -1.0480026 ,  0.38370502, -1.48711061, -1.59556508,
       -0.77683085,  0.93601495, -0.28164649,  0.96036577, -0.22867355,
       -0.0405733 , -0.176349  , -1.07363963, -0.52629197, -0.21851669], dtype=float32), array([-1.93554842,  0.38597694,  0.53243965,  2.10938001,  0.51014233,
        1.06028223, -0.06765455, -1.79083264, -1.53921854, -0.21456411,
        1.14964902,  1.55227005,  0.16703635, -0.89533645, -0.35616153,
       -0.14881442,  0.33193284,  0.20162253, -0.03249612, -0.88587034,
       -0.12946524,  0.88898516, -0.05570794,  2.84282255,  1.13867235,
        0.50147837,  0.22505403,  1.05670595, -0.32173279, -0.89639223,
        1.57566488, -0.08504102, -0.61371332, -0.74341249, -0.6117599 ,
       -0.36150366, -1.6083349 ,  0.56769866,  0.73401934,  0.1078641 ,
        0.82023567, -0.06060963,  0.02224421,  0.77873701, -1.36982417,
       -0.86923444, -0.04078308,  0.36674696, -0.60962808,  0.7193917 ,
        0.49158981, -0.9815501 ,  1.3691932 , -0.56343704,  0.37887946,
        0.09818459,  0.80699766,  1.52570164, -2.23720717,  1.37045825,
        1.18896711, -1.33995783, -0.52763361,  0.39863786,  0.7949543 ,
       -0.04450938, -1.8544172 , -0.1451748 ,  2.34734035,  0.89423102,
       -1.19532275,  0.3623724 , -0.77020448, -0.97905278,  1.33383954,
       -2.30827594, -0.01308072,  0.04190114, -0.74473107,  1.94823325,
        0.04294582, -1.25870085,  0.28544345, -0.13929142,  0.48785523,
       -0.03315371, -1.04350829,  0.39727092, -1.49019933, -1.58746195,
       -0.78165942,  0.93412799, -0.29071909,  0.96414405, -0.22486968,
       -0.04398911, -0.16326547, -1.06098294, -0.52773017, -0.21659626], dtype=float32), array([-1.97419238,  0.39992529,  0.47895336,  2.08104944,  0.55897576,
        1.1432513 , -0.10629556, -1.77526152, -1.59355807, -0.19486104,
        1.10994005,  1.57897711,  0.21118762, -0.92780131, -0.32483816,
       -0.20158358,  0.33596206,  0.26022011, -0.03761464, -0.83424723,
       -0.04248121,  0.9376024 , -0.03261028,  2.81465673,  1.09878147,
        0.46556637,  0.33810553,  1.02912307, -0.31829277, -0.98076749,
        1.52434742, -0.13823269, -0.64518708, -0.68425536, -0.57832396,
       -0.33080092, -1.6248641 ,  0.56112051,  0.69463676,  0.08966252,
        0.83446831, -0.11633297,  0.07645636,  0.79224777, -1.41999364,
       -0.85075408, -0.01454423,  0.29912797, -0.67847866,  0.75411528,
        0.52234828, -0.89740586,  1.4673363 , -0.61068183,  0.32760516,
       -0.00309841,  0.80121005,  1.47158921, -2.19877243,  1.36241806,
        1.25311279, -1.41862929, -0.482687  ,  0.44634634,  0.786897  ,
       -0.04582081, -1.83372951, -0.07062669,  2.29393983,  0.8952089 ,
       -1.1911521 ,  0.36537293, -0.7648775 , -0.9667716 ,  1.33308387,
       -2.31373   , -0.06486329,  0.06020182, -0.72638851,  1.96125114,
        0.06401499, -1.26399684,  0.26335514, -0.11056615,  0.48552337,
       -0.03946781, -1.03058946,  0.37132195, -1.40289509, -1.59670305,
       -0.82466739,  0.89126784, -0.30821589,  0.93734378, -0.21758081,
       -0.0193264 , -0.20890228, -1.13645685, -0.46759579, -0.18683775], dtype=float32), array([-1.95422018,  0.37067398,  0.46030045,  2.07732821,  0.58977729,
        1.16108632, -0.14334868, -1.72623503, -1.56766927, -0.21635979,
        1.07958174,  1.52881742,  0.25197056, -0.98985702, -0.33635226,
       -0.21046524,  0.34414473,  0.28378919, -0.01789423, -0.8543641 ,
       -0.0742433 ,  0.97017449, -0.02165155,  2.84247398,  1.06296539,
        0.4833453 ,  0.29647583,  1.02784765, -0.3163839 , -0.95662987,
        1.48989296, -0.15862146, -0.54415512, -0.67578143, -0.53505868,
       -0.31297895, -1.63106692,  0.56068319,  0.6628719 ,  0.10209253,
        0.7928592 , -0.16159149,  0.05438491,  0.79585189, -1.45219564,
       -0.8739723 , -0.03424191,  0.29902497, -0.63517898,  0.75181174,
        0.57136077, -0.8808617 ,  1.51845109, -0.61218798,  0.3018221 ,
       -0.04733266,  0.82072276,  1.46134686, -2.17053962,  1.38899469,
        1.31972563, -1.4367125 , -0.49506027,  0.50345147,  0.80679202,
       -0.06462452, -1.87216747, -0.04291673,  2.29944611,  0.87756544,
       -1.16933978,  0.38972592, -0.78097886, -0.98336232,  1.32681775,
       -2.31948805, -0.14288351,  0.08325719, -0.72170871,  1.9102453 ,
        0.01832759, -1.27962434,  0.25854465, -0.08934876,  0.49671519,
       -0.01104132, -1.03517306,  0.40115818, -1.33671677, -1.66979396,
       -0.83032727,  0.90180379, -0.34784275,  0.95960462, -0.20741266,
       -0.07204657, -0.20768939, -1.1568104 , -0.42611083, -0.14548667], dtype=float32), array([-1.96315742,  0.37920403,  0.42023277,  2.11043763,  0.63415295,
        1.20622921, -0.18619995, -1.71199   , -1.58595788, -0.21597826,
        1.08719337,  1.5311476 ,  0.21332638, -1.02851117, -0.35729584,
       -0.23873331,  0.32239905,  0.30535561, -0.02238382, -0.82003701,
       -0.0136418 ,  0.9666515 , -0.01908507,  2.81438088,  1.07301569,
        0.46276304,  0.34759793,  1.06136525, -0.25505778, -0.97878486,
        1.49030006, -0.1616403 , -0.54716092, -0.60031074, -0.58921564,
       -0.21601301, -1.72552407,  0.53766692,  0.69367647,  0.11772729,
        0.83191496, -0.1544506 ,  0.0293914 ,  0.75490457, -1.47825921,
       -0.89773524, -0.03529336,  0.36635602, -0.67916226,  0.70788008,
        0.50627512, -0.82708389,  1.50117588, -0.63694423,  0.32377484,
       -0.10222206,  0.88801789,  1.44806659, -2.15972304,  1.31791294,
        1.3270613 , -1.46109676, -0.44831532,  0.43267277,  0.79278886,
       -0.05925161, -1.75396776, -0.01268299,  2.30339003,  0.90998167,
       -1.19893765,  0.3869777 , -0.7788834 , -1.01172352,  1.26032972,
       -2.34422755, -0.15028059,  0.13186757, -0.69178718,  1.93193519,
        0.05499319, -1.2308234 ,  0.24032417, -0.08696078,  0.48328573,
       -0.03557479, -1.00133836,  0.38290429, -1.32804918, -1.65175235,
       -0.86921084,  0.87010849, -0.27792212,  0.92390668, -0.2185092 ,
       -0.05309871, -0.21659315, -1.22311008, -0.41497579, -0.15639588], dtype=float32), array([ -1.94984877e+00,   4.00429070e-01,   3.65868092e-01,
         2.12083435e+00,   6.22218549e-01,   1.21113324e+00,
        -2.13469893e-01,  -1.70878506e+00,  -1.57423520e+00,
        -2.09526435e-01,   1.04574370e+00,   1.50734556e+00,
         1.67774618e-01,  -9.84040618e-01,  -3.62812877e-01,
        -2.13609159e-01,   3.67447317e-01,   3.26511681e-01,
         1.45748560e-03,  -8.49565744e-01,  -8.31296667e-03,
         9.76680458e-01,  -3.26886177e-02,   2.80736899e+00,
         1.06918716e+00,   4.86636311e-01,   3.60474110e-01,
         1.07490826e+00,  -2.59788871e-01,  -9.89618838e-01,
         1.52274156e+00,  -1.78023472e-01,  -4.87141281e-01,
        -5.73605537e-01,  -5.87018669e-01,  -2.51877397e-01,
        -1.68952417e+00,   5.14366567e-01,   6.61822557e-01,
         9.75702852e-02,   8.24181259e-01,  -1.69863552e-01,
         5.64344674e-02,   8.13759506e-01,  -1.47423851e+00,
        -8.63709509e-01,  -4.85653579e-02,   3.58363330e-01,
        -6.74019814e-01,   7.07651675e-01,   5.12853026e-01,
        -8.19267988e-01,   1.48827589e+00,  -6.70439303e-01,
         2.91797370e-01,  -9.02177021e-02,   9.07586336e-01,
         1.47495902e+00,  -2.14330220e+00,   1.35700285e+00,
         1.30998182e+00,  -1.47245073e+00,  -4.46651280e-01,
         3.92399400e-01,   7.93910563e-01,  -9.07599702e-02,
        -1.75882006e+00,   5.10455202e-03,   2.30121803e+00,
         8.85078251e-01,  -1.23559010e+00,   3.95123929e-01,
        -8.17862809e-01,  -9.99592125e-01,   1.28713250e+00,
        -2.35675645e+00,  -1.65828913e-01,   1.74375147e-01,
        -7.12585211e-01,   1.92680836e+00,   5.67852557e-02,
        -1.25438786e+00,   2.57215559e-01,  -9.47242305e-02,
         4.75456655e-01,  -3.11033744e-02,  -1.03199279e+00,
         3.92100275e-01,  -1.30158722e+00,  -1.67718470e+00,
        -8.91262114e-01,   8.54275882e-01,  -2.64475048e-01,
         9.63186681e-01,  -1.81363463e-01,  -1.18829772e-01,
        -2.39029124e-01,  -1.21475315e+00,  -3.81070554e-01,
        -1.55758843e-01], dtype=float32), array([ -1.94992602e+00,   4.04436290e-01,   3.74170899e-01,
         2.10507345e+00,   5.87340891e-01,   1.20085394e+00,
        -1.73440665e-01,  -1.69176626e+00,  -1.55340421e+00,
        -1.82443947e-01,   1.06510913e+00,   1.49893677e+00,
         1.71487704e-01,  -9.81368959e-01,  -3.73570651e-01,
        -1.83978006e-01,   3.87637436e-01,   3.13480914e-01,
         3.66304554e-02,  -8.53999078e-01,   9.12964251e-03,
         9.62766588e-01,  -2.97750812e-02,   2.83330917e+00,
         1.07964087e+00,   4.52066511e-01,   3.66234690e-01,
         1.06186140e+00,  -2.71102250e-01,  -9.60955679e-01,
         1.49872220e+00,  -1.44154742e-01,  -4.55225199e-01,
        -6.05286181e-01,  -6.06811047e-01,  -3.01143736e-01,
        -1.68938220e+00,   4.88375425e-01,   6.43607855e-01,
         1.15459852e-01,   8.08830976e-01,  -1.58674508e-01,
         4.41478267e-02,   8.28460753e-01,  -1.44629002e+00,
        -8.61606240e-01,   1.37497217e-03,   3.51348400e-01,
        -6.81431055e-01,   6.95647895e-01,   5.33811033e-01,
        -8.32637548e-01,   1.48548925e+00,  -7.04350531e-01,
         2.64391035e-01,  -6.24911636e-02,   8.86340559e-01,
         1.47888303e+00,  -2.12792802e+00,   1.39953494e+00,
         1.31409907e+00,  -1.48905706e+00,  -4.54499841e-01,
         3.92108142e-01,   7.98663795e-01,  -7.75341392e-02,
        -1.76985979e+00,  -4.76159854e-03,   2.31070089e+00,
         8.48203540e-01,  -1.19700837e+00,   4.42994893e-01,
        -8.26835632e-01,  -9.84116316e-01,   1.30390608e+00,
        -2.33965445e+00,  -1.75707012e-01,   1.91970021e-01,
        -7.32177973e-01,   1.93191135e+00,   5.15001826e-02,
        -1.30050695e+00,   2.08931535e-01,  -1.46938339e-01,
         4.55266297e-01,  -3.66898021e-03,  -1.05278039e+00,
         3.89708251e-01,  -1.29564524e+00,  -1.67856622e+00,
        -8.86451960e-01,   8.51672232e-01,  -3.14599633e-01,
         9.63500559e-01,  -1.78419933e-01,  -1.15588509e-01,
        -2.42434561e-01,  -1.20237207e+00,  -3.97125602e-01,
        -1.40277848e-01], dtype=float32), array([-1.96041799,  0.40667468,  0.34732372,  2.11040759,  0.59893674,
        1.20633101, -0.18498333, -1.6922493 , -1.56351686, -0.20813586,
        1.06345761,  1.52186477,  0.15706103, -0.97437036, -0.3687256 ,
       -0.1784347 ,  0.38891765,  0.34039551,  0.02959322, -0.85470551,
        0.02381662,  0.96262652, -0.01177189,  2.81507993,  1.0883379 ,
        0.44449461,  0.35996222,  1.06536591, -0.26716292, -0.98303759,
        1.50761175, -0.13174488, -0.47744444, -0.61027038, -0.59574372,
       -0.29504937, -1.69318509,  0.4923366 ,  0.61793441,  0.13036419,
        0.7821818 , -0.12979047,  0.03700198,  0.81916636, -1.43804562,
       -0.89315444, -0.02498894,  0.34922931, -0.69699645,  0.68562001,
        0.54418272, -0.81649685,  1.47359538, -0.6708551 ,  0.26929435,
       -0.03773151,  0.90131569,  1.49025142, -2.13582349,  1.39264572,
        1.30601716, -1.46479094, -0.4407852 ,  0.40279514,  0.77563286,
       -0.07040755, -1.77313948,  0.00936929,  2.31444883,  0.85916156,
       -1.20457113,  0.45180684, -0.86522609, -0.96175486,  1.30504334,
       -2.33461952, -0.17150794,  0.20914222, -0.74836737,  1.92559552,
        0.06552295, -1.28422546,  0.186867  , -0.12210207,  0.43885094,
       -0.011601  , -1.06304455,  0.39737144, -1.30030513, -1.6499027 ,
       -0.91385156,  0.84753084, -0.30388954,  0.96739411, -0.17916532,
       -0.10273263, -0.2446489 , -1.20506656, -0.42744499, -0.14794549], dtype=float32), array([-1.94678605,  0.39520603,  0.34407562,  2.10334754,  0.60972422,
        1.21150637, -0.19662447, -1.680843  , -1.56057441, -0.20664336,
        1.05525851,  1.51752329,  0.15362285, -0.98138928, -0.36310592,
       -0.18483505,  0.38709936,  0.33966878,  0.02922218, -0.83946139,
        0.02302698,  0.95984334, -0.00542488,  2.806427  ,  1.09515524,
        0.4515036 ,  0.35388196,  1.06745505, -0.26947501, -0.99367243,
        1.50134182, -0.13285066, -0.46971628, -0.59841573, -0.60918415,
       -0.28785902, -1.69335508,  0.50595003,  0.63429987,  0.14281408,
        0.7703926 , -0.13141015,  0.0513636 ,  0.8237716 , -1.44500697,
       -0.88245773, -0.02101091,  0.34507811, -0.70644283,  0.696343  ,
        0.55295873, -0.81301153,  1.47724652, -0.66973412,  0.25816438,
       -0.03900742,  0.92148077,  1.50118697, -2.15249777,  1.38961148,
        1.31061792, -1.4703635 , -0.42828777,  0.39503977,  0.77511871,
       -0.06218686, -1.75930822,  0.03331239,  2.31389618,  0.86862767,
       -1.20935786,  0.43655312, -0.87829274, -0.95741451,  1.30127442,
       -2.33306456, -0.17426838,  0.2161237 , -0.74839133,  1.91406584,
        0.05938089, -1.29510641,  0.17187536, -0.1236911 ,  0.4333933 ,
       -0.02171404, -1.07480514,  0.4016535 , -1.30416965, -1.64458966,
       -0.91694224,  0.84791011, -0.30916741,  0.96974045, -0.17901675,
       -0.11087568, -0.25479832, -1.21106732, -0.42515403, -0.1513069 ], dtype=float32), array([-1.95011222,  0.39191836,  0.34162545,  2.10601544,  0.60706168,
        1.21298122, -0.19031042, -1.68307817, -1.55675864, -0.20424484,
        1.0506475 ,  1.52183187,  0.1527136 , -0.97872084, -0.36161476,
       -0.18445073,  0.39213428,  0.33798155,  0.02745958, -0.83955663,
        0.0237126 ,  0.95889658, -0.00432921,  2.80382919,  1.08907962,
        0.44683829,  0.35992476,  1.07158506, -0.27607641, -0.99043173,
        1.49981904, -0.13734165, -0.4668389 , -0.59503883, -0.6102553 ,
       -0.29487047, -1.69390905,  0.50853634,  0.63005251,  0.14336191,
        0.77124548, -0.13686463,  0.05204028,  0.82511932, -1.44679892,
       -0.88313091, -0.01431275,  0.34683159, -0.71005243,  0.69928282,
        0.54619402, -0.80993867,  1.48119783, -0.67655498,  0.25817797,
       -0.04123686,  0.92069906,  1.50272763, -2.1521523 ,  1.3936528 ,
        1.30975974, -1.47854674, -0.4308168 ,  0.3905327 ,  0.77886534,
       -0.06847446, -1.76009679,  0.03790498,  2.3102324 ,  0.86342323,
       -1.20750582,  0.43466902, -0.87608474, -0.95068663,  1.30707049,
       -2.32724118, -0.17231293,  0.21524283, -0.75536907,  1.91516531,
        0.05939938, -1.2949065 ,  0.17042868, -0.12716058,  0.43080053,
       -0.02275978, -1.06923795,  0.40765914, -1.30568635, -1.64241207,
       -0.91181082,  0.85009134, -0.318284  ,  0.97460657, -0.17216922,
       -0.11182339, -0.25414774, -1.21050513, -0.4223114 , -0.15169679], dtype=float32), array([-2.00115967,  0.38001677,  0.31092986,  2.10752153,  0.67794573,
        1.22356606, -0.15765214, -1.68681335, -1.53590441, -0.19959776,
        1.03504944,  1.57099628,  0.06110817, -0.99802417, -0.36373067,
       -0.25071675,  0.30114412,  0.34432045,  0.08846398, -0.81218874,
        0.05181018,  0.91011393,  0.00764194,  2.78215861,  1.1290462 ,
        0.46812147,  0.35917664,  1.06697714, -0.21127263, -0.98097336,
        1.54308736, -0.10542732, -0.43710944, -0.57457954, -0.6438055 ,
       -0.15429841, -1.80852818,  0.52871948,  0.64968276,  0.17882313,
        0.83175939, -0.0884091 ,  0.00585177,  0.78690302, -1.45774186,
       -0.91786104, -0.08487201,  0.40027082, -0.71364373,  0.63071424,
        0.47721773, -0.76875424,  1.43755507, -0.68893069,  0.2971563 ,
       -0.09709664,  0.93331504,  1.49325085, -2.19856954,  1.41334176,
        1.2659514 , -1.45895684, -0.39845192,  0.32176366,  0.79321015,
       -0.08774477, -1.66229904,  0.04148351,  2.33398652,  0.93843287,
       -1.20168006,  0.40741915, -0.92433178, -0.97540885,  1.1766367 ,
       -2.36392522, -0.14254764,  0.20351388, -0.75744933,  1.90770638,
        0.11546665, -1.24680042,  0.1566681 , -0.06607027,  0.45466375,
       -0.08952286, -0.93643534,  0.37406954, -1.32473373, -1.58629787,
       -0.94612211,  0.86787963, -0.28585964,  0.96422648, -0.19499664,
       -0.08575779, -0.21933642, -1.23488712, -0.46993983, -0.20961918], dtype=float32), array([-2.04152322,  0.37581292,  0.29932109,  2.09088898,  0.70300877,
        1.24400628, -0.13112164, -1.70706344, -1.50716937, -0.19479978,
        1.04788065,  1.57752466, -0.02003918, -0.98989862, -0.3354283 ,
       -0.28392735,  0.26294118,  0.31615892,  0.11143541, -0.80256331,
        0.06496053,  0.89766926,  0.00768542,  2.76641607,  1.15359187,
        0.47975194,  0.36735672,  1.11070836, -0.12354979, -0.97381276,
        1.57658005, -0.06810993, -0.3994956 , -0.559138  , -0.6786446 ,
       -0.04158768, -1.85435045,  0.52288699,  0.6648078 ,  0.15792602,
        0.90757716, -0.05952694, -0.02531911,  0.77363044, -1.46563768,
       -0.92055696, -0.1156956 ,  0.45610845, -0.71506363,  0.57557648,
        0.42357156, -0.77175558,  1.37738657, -0.68818462,  0.32061628,
       -0.14694013,  0.94033086,  1.49579442, -2.21495771,  1.40447247,
        1.20878243, -1.45621669, -0.3625662 ,  0.2477237 ,  0.79614264,
       -0.09682086, -1.5748384 ,  0.05837683,  2.35617757,  0.94643855,
       -1.21454775,  0.41293752, -0.96744907, -0.95836568,  1.10744822,
       -2.38240075, -0.14357784,  0.22930063, -0.78318667,  1.90853202,
        0.14837295, -1.23996186,  0.14801927, -0.06696962,  0.46575776,
       -0.11767995, -0.8709563 ,  0.36085695, -1.34688687, -1.55406559,
       -0.94032037,  0.88519502, -0.27456093,  0.93671858, -0.22133943,
       -0.05759881, -0.2268644 , -1.26709139, -0.49444148, -0.23659794], dtype=float32), array([ -2.03626251e+00,   3.71042520e-01,   2.64218330e-01,
         2.06223631e+00,   6.95626378e-01,   1.22346735e+00,
        -1.25126928e-01,  -1.70733464e+00,  -1.48354805e+00,
        -2.19618052e-01,   1.01064539e+00,   1.59029377e+00,
        -2.20513484e-03,  -9.89728868e-01,  -3.19865227e-01,
        -3.13383609e-01,   2.77214885e-01,   3.57066631e-01,
         1.20394342e-01,  -8.13172758e-01,   7.79980049e-02,
         8.92846048e-01,   5.20746736e-03,   2.75182652e+00,
         1.16616118e+00,   4.79347199e-01,   3.49957973e-01,
         1.11400878e+00,  -1.35218009e-01,  -9.77163911e-01,
         1.59819114e+00,  -7.06652924e-02,  -4.27744478e-01,
        -5.69089353e-01,  -6.72117472e-01,  -7.71185979e-02,
        -1.83645320e+00,   5.03157437e-01,   6.87466025e-01,
         1.44334003e-01,   8.77316952e-01,  -4.32093740e-02,
        -2.63867397e-02,   8.20049703e-01,  -1.46046591e+00,
        -8.99041474e-01,  -1.28820717e-01,   4.10706460e-01,
        -7.02787220e-01,   6.10579014e-01,   4.58715260e-01,
        -7.57390141e-01,   1.40692437e+00,  -7.02887893e-01,
         3.13351452e-01,  -1.23228438e-01,   9.22409713e-01,
         1.49509346e+00,  -2.22276235e+00,   1.44370115e+00,
         1.22530842e+00,  -1.42190063e+00,  -3.70677888e-01,
         2.60325730e-01,   8.22957039e-01,  -9.69700590e-02,
        -1.60524714e+00,   3.47408652e-02,   2.34320211e+00,
         9.63563979e-01,  -1.24354410e+00,   4.00718898e-01,
        -9.86583710e-01,  -9.60133374e-01,   1.09456205e+00,
        -2.38300729e+00,  -1.40933797e-01,   2.27953985e-01,
        -7.92119622e-01,   1.89262128e+00,   1.59403205e-01,
        -1.26284194e+00,   1.36593118e-01,  -4.12239507e-02,
         4.27513868e-01,  -1.16838500e-01,  -8.95164609e-01,
         3.62036824e-01,  -1.33097780e+00,  -1.54031742e+00,
        -9.64538753e-01,   8.90984297e-01,  -2.80158609e-01,
         9.71851170e-01,  -2.13141322e-01,  -5.80298565e-02,
        -2.11370498e-01,  -1.24103606e+00,  -4.88443673e-01,
        -2.27895558e-01], dtype=float32), array([-2.03349853,  0.36505717,  0.24801275,  2.05230165,  0.71891505,
        1.20278251, -0.12507617, -1.72438431, -1.47544253, -0.23256858,
        0.99117404,  1.60590208,  0.00299163, -0.97697735, -0.32295951,
       -0.32793424,  0.29431561,  0.37698004,  0.12179926, -0.79537797,
        0.08940163,  0.88168031,  0.01075344,  2.7369287 ,  1.1646477 ,
        0.48477548,  0.31819847,  1.11904097, -0.14084728, -0.99990797,
        1.60300124, -0.067201  , -0.43719348, -0.57519686, -0.65699375,
       -0.08763284, -1.81999826,  0.49337032,  0.66569024,  0.15612312,
        0.84791166, -0.01831353, -0.03190411,  0.83984131, -1.44634259,
       -0.88964218, -0.12799229,  0.38910896, -0.70921767,  0.62506777,
        0.47016561, -0.75557423,  1.42566073, -0.71679169,  0.3075448 ,
       -0.09066612,  0.93619484,  1.48839593, -2.21662259,  1.46504772,
        1.20322931, -1.40154397, -0.3649798 ,  0.27759379,  0.83471304,
       -0.09335656, -1.64709222,  0.04807396,  2.35118723,  0.95897967,
       -1.25759864,  0.39812186, -0.9997676 , -0.95498067,  1.08699381,
       -2.37346148, -0.14274307,  0.23139653, -0.81464916,  1.89313877,
        0.17743163, -1.28057122,  0.13220611, -0.03508267,  0.38952172,
       -0.1236714 , -0.9106077 ,  0.37502629, -1.33094358, -1.52467406,
       -0.97505754,  0.89022422, -0.26724511,  0.98211479, -0.19555232,
       -0.05343238, -0.19545767, -1.23339355, -0.5248099 , -0.22580729], dtype=float32), array([-2.05092645,  0.3893463 ,  0.26514211,  2.00850511,  0.70167077,
        1.19170713, -0.12186594, -1.69465506, -1.47639382, -0.27378336,
        1.05847394,  1.55591059,  0.01815045, -0.96046585, -0.31259653,
       -0.3277522 ,  0.34148619,  0.41035157,  0.11084524, -0.84697628,
        0.07141715,  0.8798191 ,  0.00500018,  2.71284723,  1.15867865,
        0.50532669,  0.31733972,  1.11104608, -0.19013497, -0.99555665,
        1.61431694, -0.04756925, -0.46362075, -0.61101156, -0.62378025,
       -0.15293872, -1.7763145 ,  0.48380771,  0.61492842,  0.13312769,
        0.80713588, -0.01732645, -0.0342473 ,  0.86480618, -1.36682487,
       -0.93552262, -0.09325916,  0.39793   , -0.66377884,  0.6095199 ,
        0.51934588, -0.77906883,  1.42215872, -0.7369988 ,  0.23041467,
       -0.0873183 ,  0.95861852,  1.53608584, -2.19497728,  1.47501743,
        1.21294427, -1.37308788, -0.34763756,  0.31539249,  0.78165293,
       -0.08590908, -1.74397194,  0.04146285,  2.34170341,  0.92619568,
       -1.3006326 ,  0.39519435, -1.00015295, -0.93208247,  1.13679647,
       -2.38497806, -0.13024165,  0.28711671, -0.85854048,  1.87969124,
        0.19842726, -1.29782033,  0.12729561, -0.02757089,  0.41562796,
       -0.07423459, -0.93868309,  0.41154867, -1.30304825, -1.51522303,
       -1.030635  ,  0.90593094, -0.27111402,  0.97155297, -0.21725145,
       -0.02152072, -0.17225467, -1.21764386, -0.54342121, -0.20549172], dtype=float32), array([-2.05487156,  0.37727618,  0.2422841 ,  1.99682951,  0.70391279,
        1.17450476, -0.11811905, -1.68214512, -1.46774411, -0.27570006,
        1.05483305,  1.55380654,  0.02211789, -0.96317148, -0.32520723,
       -0.33858091,  0.35270822,  0.42304659,  0.09830528, -0.84617347,
        0.070261  ,  0.89699101,  0.03009517,  2.7161293 ,  1.13966203,
        0.50841129,  0.31977373,  1.12428188, -0.19373207, -0.97236258,
        1.61140013, -0.07028293, -0.45975906, -0.61493653, -0.62199122,
       -0.14510046, -1.77851677,  0.47888637,  0.60757571,  0.12408647,
        0.81219918, -0.00565846, -0.05283508,  0.87524468, -1.36629581,
       -0.92645562, -0.09964581,  0.40950471, -0.67739743,  0.63777369,
        0.51830429, -0.76543754,  1.43129349, -0.72892368,  0.19723728,
       -0.09667673,  0.96386743,  1.53369892, -2.19520617,  1.48380077,
        1.23806751, -1.3593502 , -0.35140836,  0.31501648,  0.76379555,
       -0.09734807, -1.74528289,  0.02867033,  2.32785988,  0.91721964,
       -1.30136275,  0.39482132, -1.0024631 , -0.90706009,  1.13859606,
       -2.40866637, -0.14099614,  0.29184455, -0.85892767,  1.8841579 ,
        0.18953669, -1.29196763,  0.11796561,  0.00504384,  0.40699598,
       -0.07316492, -0.93074232,  0.43383485, -1.30310106, -1.54215991,
       -1.04020953,  0.90286773, -0.27622047,  0.97045004, -0.20271155,
       -0.02170324, -0.16838627, -1.21608031, -0.53727812, -0.19733134], dtype=float32), array([-2.05033445,  0.37424642,  0.24910682,  2.00059152,  0.70917612,
        1.17474699, -0.11709324, -1.6837436 , -1.46967638, -0.27201098,
        1.04916286,  1.57408941,  0.03095368, -0.96249425, -0.3260127 ,
       -0.34361094,  0.3479988 ,  0.4213379 ,  0.09462441, -0.8339417 ,
        0.07978117,  0.90018207,  0.03553819,  2.71415758,  1.13046622,
        0.50539446,  0.32365927,  1.12602377, -0.20063797, -0.98041493,
        1.60723317, -0.08508231, -0.45609418, -0.61270481, -0.62486285,
       -0.15561672, -1.7808367 ,  0.49148238,  0.60832214,  0.12659115,
        0.8057211 , -0.01406622, -0.05023904,  0.87907332, -1.37334049,
       -0.92288721, -0.09985586,  0.40304613, -0.68720651,  0.64784032,
        0.51292026, -0.76074421,  1.43618488, -0.72921723,  0.20634408,
       -0.10423777,  0.96649152,  1.52541232, -2.19151974,  1.47528017,
        1.23977506, -1.35557222, -0.34762785,  0.31469142,  0.76792717,
       -0.09813628, -1.73582196,  0.02767096,  2.3235395 ,  0.91900748,
       -1.29838467,  0.39341012, -0.99274653, -0.9083851 ,  1.14132547,
       -2.40774369, -0.13461533,  0.28787526, -0.86697555,  1.88182104,
        0.19139174, -1.29429793,  0.12316772,  0.00910602,  0.4128091 ,
       -0.07245462, -0.9370665 ,  0.42256355, -1.30903339, -1.53966749,
       -1.04193318,  0.90797406, -0.28052896,  0.96705705, -0.19974704,
       -0.02268312, -0.16686751, -1.22229707, -0.5364449 , -0.20678036], dtype=float32), array([-2.0625701 ,  0.38250384,  0.22642516,  2.02089906,  0.71620017,
        1.21131361, -0.14475277, -1.68480051, -1.49443221, -0.30755371,
        1.01336694,  1.56647074,  0.03996336, -0.95065701, -0.34107292,
       -0.32387507,  0.37216827,  0.44561419,  0.03208994, -0.81783682,
        0.11717731,  0.91099286,  0.04202143,  2.69893575,  1.15466428,
        0.51477188,  0.34850791,  1.14425254, -0.24814212, -1.01963139,
        1.5880301 , -0.09702857, -0.49871272, -0.56827813, -0.58943474,
       -0.14284596, -1.76503503,  0.50732535,  0.61425   ,  0.13852048,
        0.78435856, -0.05064194, -0.04363135,  0.89664477, -1.39278853,
       -0.9272694 , -0.11933805,  0.38979682, -0.73498046,  0.66530055,
        0.49668694, -0.73477203,  1.46834099, -0.69865626,  0.20502153,
       -0.09163173,  0.97709984,  1.5110991 , -2.17002654,  1.44225633,
        1.26082134, -1.37558246, -0.33086991,  0.33078015,  0.72640485,
       -0.09855191, -1.72596264,  0.05868523,  2.30484176,  0.93854368,
       -1.29153848,  0.39664099, -0.96119356, -0.92514169,  1.14891779,
       -2.40059114, -0.14344878,  0.31137437, -0.84096342,  1.90751326,
        0.18973492, -1.27617526,  0.11825435,  0.02440943,  0.41460872,
       -0.08452266, -0.95756215,  0.40392196, -1.25871646, -1.52660751,
       -1.05861187,  0.8615272 , -0.24766017,  0.9481371 , -0.19255194,
       -0.04495738, -0.20083876, -1.2877295 , -0.52731645, -0.21069804], dtype=float32), array([-2.0488801 ,  0.37357029,  0.2276592 ,  2.01670432,  0.71694386,
        1.21582615, -0.15542674, -1.67922366, -1.47816861, -0.31248343,
        1.01654232,  1.56135607,  0.04677618, -0.95075119, -0.33621287,
       -0.33824492,  0.35823667,  0.43260881,  0.03478938, -0.81566727,
        0.11231669,  0.91743761,  0.03321945,  2.70010352,  1.14571464,
        0.5143252 ,  0.34225258,  1.15220702, -0.22816385, -1.03210735,
        1.582371  , -0.09479192, -0.46962371, -0.58403587, -0.60909325,
       -0.11097728, -1.75300848,  0.49995399,  0.6305002 ,  0.12217095,
        0.7920059 , -0.05156078, -0.04869348,  0.90327746, -1.39845192,
       -0.90343112, -0.1232008 ,  0.41058993, -0.71129787,  0.6647231 ,
        0.49982354, -0.75702059,  1.45521915, -0.71060759,  0.20669003,
       -0.09099362,  0.97483367,  1.52697122, -2.18099499,  1.44354343,
        1.25225258, -1.38108444, -0.31092244,  0.31837958,  0.72961521,
       -0.10064664, -1.71658218,  0.05844169,  2.3110373 ,  0.94026583,
       -1.30134046,  0.40792134, -0.98073131, -0.91297793,  1.12686181,
       -2.40472555, -0.14329118,  0.31227851, -0.82925928,  1.91352499,
        0.18042378, -1.27729714,  0.12005183,  0.0092543 ,  0.41844767,
       -0.07617005, -0.96511883,  0.39955211, -1.27750242, -1.53197551,
       -1.05794811,  0.87672085, -0.24864957,  0.94724071, -0.18328363,
       -0.05438915, -0.21268672, -1.28589451, -0.51554805, -0.21239565], dtype=float32), array([-2.04083538,  0.37044296,  0.23488192,  2.01458478,  0.72827643,
        1.21133602, -0.13724299, -1.6848768 , -1.4816761 , -0.29733214,
        1.05003917,  1.55383098,  0.04818524, -0.93984556, -0.305572  ,
       -0.31823108,  0.35376677,  0.41188025,  0.03350144, -0.84505737,
        0.09368407,  0.90460783,  0.02991449,  2.71658707,  1.17255068,
        0.50828868,  0.34963724,  1.146842  , -0.23799726, -1.00418961,
        1.5652647 , -0.11432865, -0.4651967 , -0.62172967, -0.61150485,
       -0.14583205, -1.76603079,  0.48238301,  0.60912991,  0.09684121,
        0.78560746, -0.06295116, -0.0101231 ,  0.90394604, -1.3964771 ,
       -0.90394807, -0.08597411,  0.40270659, -0.69119412,  0.64106691,
        0.48122025, -0.78640682,  1.46464944, -0.71545208,  0.20839855,
       -0.08992271,  0.92583627,  1.55576849, -2.18924999,  1.44499433,
        1.25718474, -1.38785291, -0.32721519,  0.33170789,  0.72536212,
       -0.10858904, -1.75545859,  0.05310528,  2.30651689,  0.9127124 ,
       -1.31366146,  0.42932349, -0.95935535, -0.90772307,  1.13719952,
       -2.36819792, -0.12671176,  0.34374836, -0.80661058,  1.94035137,
        0.18229425, -1.28362954,  0.12768623, -0.03080009,  0.44437319,
       -0.06205337, -0.96077365,  0.40166163, -1.28272903, -1.52494657,
       -1.04662848,  0.86546761, -0.25326714,  0.92250174, -0.20642877,
       -0.0345367 , -0.18621029, -1.26891303, -0.5153622 , -0.21501558], dtype=float32), array([-2.08120871,  0.35975581,  0.22217153,  2.03071237,  0.76660103,
        1.25255358, -0.11973955, -1.70359874, -1.48606765, -0.27191859,
        1.05977547,  1.58272755, -0.02524575, -0.96204138, -0.30716097,
       -0.3417207 ,  0.29345933,  0.38348475,  0.06565515, -0.82028323,
        0.12633775,  0.89471006,  0.03771108,  2.6844902 ,  1.18248224,
        0.51056814,  0.38842586,  1.18058658, -0.16471221, -1.02417576,
        1.56101727, -0.07964782, -0.43545622, -0.58710271, -0.6473335 ,
       -0.02147313, -1.8490901 ,  0.49087292,  0.63975173,  0.11547227,
        0.83978713, -0.06263289, -0.03224885,  0.84163326, -1.42807257,
       -0.92608851, -0.08404506,  0.48934671, -0.69461381,  0.56501478,
        0.41342235, -0.78351444,  1.41975963, -0.70855439,  0.25475922,
       -0.16676985,  0.96472496,  1.53831601, -2.22039318,  1.39756906,
        1.20982575, -1.40461862, -0.30809614,  0.26731783,  0.72655344,
       -0.11411957, -1.61801887,  0.03935517,  2.32943606,  0.95006913,
       -1.30331552,  0.39621323, -0.94725436, -0.94978929,  1.06749225,
       -2.39613652, -0.09439999,  0.34363022, -0.78594398,  1.94119072,
        0.20927911, -1.2389313 ,  0.13281524, -0.01974159,  0.46573904,
       -0.10587228, -0.86399788,  0.36336288, -1.29969013, -1.50319433,
       -1.04531562,  0.88648152, -0.20843482,  0.87771839, -0.21348506,
       -0.01279647, -0.19443281, -1.29803729, -0.53649479, -0.26310775], dtype=float32), array([-2.11494613,  0.36975193,  0.21957721,  2.0440197 ,  0.74680853,
        1.27968025, -0.1326915 , -1.72335911, -1.47718596, -0.273862  ,
        1.04848778,  1.57180882, -0.10468895, -0.96645629, -0.30213726,
       -0.35097939,  0.2841917 ,  0.35613698,  0.09301805, -0.81326246,
        0.13296536,  0.90563744,  0.03963286,  2.67506123,  1.1866163 ,
        0.52069539,  0.39161193,  1.22225225, -0.11080027, -1.00823331,
        1.57861102, -0.07915716, -0.38814032, -0.57687128, -0.66730088,
        0.05409861, -1.88882875,  0.49726388,  0.64517617,  0.1094612 ,
        0.91669106, -0.06827167, -0.04637875,  0.83135116, -1.43617129,
       -0.90585411, -0.09113298,  0.52999467, -0.69601405,  0.50793236,
        0.3874405 , -0.7702291 ,  1.36461163, -0.69772267,  0.29050416,
       -0.20676978,  0.96169293,  1.53407252, -2.20051432,  1.40199876,
        1.17424023, -1.41370404, -0.28806195,  0.22214304,  0.74386978,
       -0.13673709, -1.51664901,  0.0317618 ,  2.35173368,  0.9458887 ,
       -1.29144943,  0.4138301 , -0.9407233 , -0.94108683,  1.04544139,
       -2.41274595, -0.10173201,  0.31558722, -0.80891341,  1.94124103,
        0.20522372, -1.23768926,  0.14202534, -0.01465144,  0.48155707,
       -0.15001154, -0.81499767,  0.35020736, -1.30671155, -1.49747634,
       -1.01336253,  0.89434487, -0.21861686,  0.86733109, -0.23243821,
       -0.00332742, -0.2271589 , -1.33649361, -0.52760702, -0.2949785 ], dtype=float32), array([-2.11242628,  0.37220073,  0.21283184,  2.05139565,  0.75422007,
        1.29514217, -0.14315963, -1.71874583, -1.48099899, -0.27639195,
        1.0409323 ,  1.57650661, -0.08990689, -0.97086483, -0.30899709,
       -0.35236177,  0.28943968,  0.36021847,  0.0846047 , -0.80895329,
        0.14361042,  0.91161054,  0.03386758,  2.67109036,  1.17975962,
        0.51615012,  0.40770018,  1.22367239, -0.11688728, -1.01913345,
        1.56912053, -0.0882242 , -0.39874616, -0.56228465, -0.66265702,
        0.05526791, -1.88399816,  0.49561521,  0.64968556,  0.11296608,
        0.91426295, -0.08454268, -0.04340408,  0.83345366, -1.44429147,
       -0.90628624, -0.09116761,  0.52819765, -0.70928097,  0.5178377 ,
        0.38493347, -0.76253182,  1.37481093, -0.697101  ,  0.29177469,
       -0.21659955,  0.96731895,  1.53081262, -2.18773913,  1.39172423,
        1.1881963 , -1.42106402, -0.28660482,  0.22780068,  0.73284137,
       -0.13492967, -1.50828028,  0.04165683,  2.34782934,  0.94613576,
       -1.28526771,  0.41064915, -0.93388653, -0.94753832,  1.04824781,
       -2.41341782, -0.11059071,  0.31873146, -0.79939419,  1.94308019,
        0.20530277, -1.23691034,  0.14331345, -0.01883931,  0.48083606,
       -0.14660227, -0.81952363,  0.33972561, -1.29476333, -1.50338006,
       -1.02113116,  0.8866083 , -0.21408527,  0.86427426, -0.22680385,
       -0.01107241, -0.23624274, -1.34776914, -0.51786834, -0.29431784], dtype=float32), array([-2.10823274,  0.409536  ,  0.20488137,  2.03530812,  0.77023882,
        1.27973425, -0.14332314, -1.7231307 , -1.49814057, -0.26756746,
        1.08382726,  1.5640837 , -0.05958226, -0.96004826, -0.35602313,
       -0.32256782,  0.32680175,  0.36552799,  0.06728727, -0.79027265,
        0.14691681,  0.88854003,  0.01100283,  2.6819787 ,  1.19150352,
        0.50202149,  0.39703923,  1.24732959, -0.11779252, -0.9934448 ,
        1.53999388, -0.09698547, -0.41856667, -0.55544305, -0.68228126,
        0.05497947, -1.87188792,  0.49447855,  0.63623083,  0.11498576,
        0.85405058, -0.07919409, -0.06215055,  0.84386265, -1.43002152,
       -0.91574836, -0.09776999,  0.52446461, -0.69663411,  0.49491793,
        0.38927847, -0.7488451 ,  1.3646574 , -0.72950739,  0.25737643,
       -0.19950826,  0.9710049 ,  1.52549231, -2.18136477,  1.40787137,
        1.19216073, -1.40080869, -0.29473355,  0.27454689,  0.71084964,
       -0.14498062, -1.53985596,  0.0747676 ,  2.35709214,  0.94963992,
       -1.3040843 ,  0.37463191, -0.93411493, -0.95648897,  1.08555055,
       -2.40461016, -0.10607859,  0.36632246, -0.79296935,  1.95192742,
        0.21170343, -1.22476327,  0.112255  , -0.03373744,  0.48423728,
       -0.11775711, -0.8306579 ,  0.33882567, -1.28368831, -1.50182486,
       -1.04120433,  0.88109487, -0.23091088,  0.86411971, -0.21804579,
       -0.03994785, -0.22163254, -1.36843777, -0.50516015, -0.27440119], dtype=float32), array([-2.10356998,  0.4049288 ,  0.22039177,  2.04036498,  0.78991413,
        1.31526935, -0.15485856, -1.70544136, -1.48719704, -0.24506077,
        1.0784024 ,  1.56073558, -0.05731361, -0.969652  , -0.32133427,
       -0.3322531 ,  0.37015444,  0.35610953,  0.0179716 , -0.7852754 ,
        0.16557856,  0.91731173,  0.02277141,  2.71854472,  1.14510727,
        0.46300843,  0.41528741,  1.25174809, -0.14144301, -0.99301493,
        1.52780545, -0.15274012, -0.38094932, -0.56200939, -0.66774756,
        0.02521209, -1.85820973,  0.49908188,  0.6058324 ,  0.10453717,
        0.84272683, -0.11090602, -0.04182142,  0.84993804, -1.45367229,
       -0.90988415, -0.0807177 ,  0.48769206, -0.67912841,  0.50525618,
        0.39392704, -0.74841416,  1.35479939, -0.75329942,  0.27545026,
       -0.23882726,  0.97937077,  1.53129196, -2.16165757,  1.39462423,
        1.21490681, -1.40327442, -0.29747775,  0.24988233,  0.73503548,
       -0.20288725, -1.55079091,  0.07762064,  2.3398726 ,  0.93094063,
       -1.27658296,  0.40771312, -0.86969835, -0.94028884,  1.11743343,
       -2.36582494, -0.11172248,  0.37529182, -0.83532667,  1.94672644,
        0.18252414, -1.23080206,  0.11804177, -0.05064408,  0.47646552,
       -0.10820134, -0.829081  ,  0.31790337, -1.30430353, -1.56169617,
       -1.02045286,  0.89089435, -0.23471408,  0.89848185, -0.22004694,
       -0.02829386, -0.23257504, -1.37882781, -0.50366741, -0.25730109], dtype=float32), array([-2.10103631,  0.39845422,  0.22635743,  2.03623056,  0.79440254,
        1.29807508, -0.19669355, -1.68475008, -1.4754889 , -0.23877218,
        1.06488538,  1.56279993, -0.02282158, -1.00812721, -0.3260698 ,
       -0.34556586,  0.35689223,  0.37518626,  0.05000938, -0.78107899,
        0.16377033,  0.92256117,  0.05569268,  2.7367239 ,  1.11800313,
        0.48037478,  0.40159169,  1.24170232, -0.14226116, -0.99599642,
        1.52916205, -0.16349943, -0.37378252, -0.57527679, -0.66706342,
        0.02270002, -1.85883474,  0.50475508,  0.61999625,  0.10395037,
        0.83932042, -0.10109846, -0.043791  ,  0.86071181, -1.45942903,
       -0.89034474, -0.1074148 ,  0.47251248, -0.65478957,  0.54546911,
        0.42154875, -0.74583799,  1.37457573, -0.73662484,  0.23956846,
       -0.23515439,  0.96577847,  1.50917816, -2.1521914 ,  1.41734552,
        1.22904909, -1.39227843, -0.29894811,  0.26745448,  0.73479688,
       -0.20459704, -1.56633806,  0.06614006,  2.34080029,  0.94562256,
       -1.28303194,  0.37691215, -0.8822698 , -0.94209081,  1.11513066,
       -2.37431955, -0.11528595,  0.35554937, -0.81842291,  1.91892779,
        0.16846453, -1.23313653,  0.12626305, -0.04223108,  0.48017198,
       -0.12806247, -0.84055054,  0.33758909, -1.30721092, -1.591905  ,
       -1.01823032,  0.89265144, -0.24944454,  0.90040851, -0.20830782,
       -0.04610777, -0.23617297, -1.35344529, -0.49805772, -0.25197574], dtype=float32), array([-2.09691787,  0.40208218,  0.22774622,  2.04671478,  0.78931755,
        1.29954565, -0.19393398, -1.68654108, -1.47101676, -0.2303597 ,
        1.0637455 ,  1.57813275, -0.02652736, -1.00504935, -0.32773215,
       -0.35180056,  0.35685271,  0.37465778,  0.05999438, -0.77731037,
        0.17486684,  0.92092472,  0.05807226,  2.73332286,  1.11724854,
        0.47261882,  0.40905854,  1.24012315, -0.15034333, -1.0016551 ,
        1.52693641, -0.16692825, -0.36307544, -0.57693875, -0.67468989,
        0.01823172, -1.84817219,  0.48702988,  0.62101412,  0.10116325,
        0.8389309 , -0.11178943, -0.04249321,  0.860672  , -1.46986055,
       -0.89359558, -0.10120002,  0.47483358, -0.65740407,  0.54207587,
        0.42269844, -0.75039029,  1.3802067 , -0.74709499,  0.24660295,
       -0.23517467,  0.96292478,  1.50642633, -2.15014005,  1.42051589,
        1.22159886, -1.39582896, -0.29543418,  0.24905625,  0.74020904,
       -0.20941862, -1.56864011,  0.07900421,  2.33608651,  0.93589652,
       -1.27974606,  0.39154786, -0.87980068, -0.93001628,  1.11886227,
       -2.36873174, -0.11417302,  0.34880152, -0.82011819,  1.92368233,
        0.17211115, -1.23535204,  0.12826163, -0.05447196,  0.47878739,
       -0.11508865, -0.84660929,  0.32773978, -1.30810535, -1.58691275,
       -1.01776731,  0.89992273, -0.25402373,  0.90521961, -0.20110206,
       -0.04795249, -0.2494749 , -1.35213602, -0.4936105 , -0.25942633], dtype=float32), array([-2.09083819,  0.40502661,  0.23807476,  2.06218195,  0.79616809,
        1.28779399, -0.20152041, -1.67758822, -1.44367194, -0.24000508,
        1.07564068,  1.59452748, -0.01201215, -0.99691796, -0.34374446,
       -0.35813624,  0.35928196,  0.38217127,  0.04463131, -0.76727533,
        0.17949545,  0.89180714,  0.05143576,  2.71953225,  1.09299958,
        0.46095678,  0.38764608,  1.25184774, -0.2002365 , -1.0137912 ,
        1.53411603, -0.1470969 , -0.38583717, -0.57699293, -0.6606279 ,
       -0.00305741, -1.83358896,  0.46941826,  0.60405964,  0.08653161,
        0.82061976, -0.0511419 , -0.06341452,  0.8625071 , -1.46538687,
       -0.87059861, -0.11345867,  0.46429035, -0.66122472,  0.57906425,
        0.44942248, -0.78828984,  1.37332058, -0.7738151 ,  0.26820549,
       -0.20755719,  0.96494079,  1.53228474, -2.14500165,  1.43071806,
        1.20099056, -1.3591783 , -0.28700477,  0.27123594,  0.7534793 ,
       -0.21312112, -1.62253547,  0.0857088 ,  2.3209753 ,  0.91833961,
       -1.27737224,  0.38544267, -0.90866852, -0.92162037,  1.1204313 ,
       -2.39556646, -0.11666154,  0.3266108 , -0.81560278,  1.93910027,
        0.18073714, -1.22248745,  0.13139483, -0.06905279,  0.47370753,
       -0.10917877, -0.85495371,  0.31912211, -1.33592439, -1.55500484,
       -1.01166368,  0.90831393, -0.24374843,  0.91807669, -0.17296222,
       -0.04589765, -0.24590212, -1.34419966, -0.50779074, -0.24546115], dtype=float32), array([-2.08642721,  0.40485063,  0.25596893,  2.05799866,  0.81267422,
        1.27233827, -0.19517902, -1.69055009, -1.46788216, -0.22795147,
        1.09539461,  1.59756291,  0.01722332, -0.99998289, -0.34616348,
       -0.35065782,  0.3777872 ,  0.38943133,  0.01222701, -0.77748388,
        0.15994018,  0.86578357,  0.05845734,  2.73587728,  1.09966183,
        0.45083252,  0.38709739,  1.24617708, -0.21789305, -0.99946684,
        1.52467465, -0.14519726, -0.39489183, -0.56275368, -0.62876773,
       -0.0308742 , -1.83345318,  0.46210235,  0.60944074,  0.09051697,
        0.82542205, -0.04979843, -0.0520773 ,  0.84709656, -1.45694375,
       -0.87318861, -0.1358231 ,  0.44947842, -0.66592234,  0.5831098 ,
        0.46078596, -0.80001038,  1.37362146, -0.75407231,  0.26863444,
       -0.20343505,  0.93671   ,  1.51717639, -2.15917873,  1.42490411,
        1.19795179, -1.34175026, -0.28153506,  0.29601347,  0.75823349,
       -0.23241147, -1.66271877,  0.07410569,  2.31779265,  0.90426356,
       -1.27122962,  0.39567721, -0.88641953, -0.93362784,  1.12960088,
       -2.38614941, -0.09730796,  0.31584573, -0.82246917,  1.95593858,
        0.17942692, -1.22054064,  0.14045776, -0.04454194,  0.45939505,
       -0.09949531, -0.85450512,  0.3264589 , -1.34333777, -1.57172883,
       -0.99536216,  0.88757449, -0.22262526,  0.91397506, -0.19160305,
       -0.02832961, -0.24200973, -1.32786322, -0.5122596 , -0.24782246], dtype=float32), array([-2.08321142,  0.40107709,  0.25132725,  2.05679226,  0.81827664,
        1.2694037 , -0.18904604, -1.69634068, -1.46680748, -0.21722367,
        1.08406115,  1.60680795,  0.02439076, -1.00262797, -0.34701648,
       -0.34861231,  0.38422266,  0.38380471,  0.0071076 , -0.76935571,
        0.1647587 ,  0.86405301,  0.05483924,  2.73135304,  1.10193145,
        0.44363034,  0.38341871,  1.25095069, -0.21494523, -1.0035826 ,
        1.52395296, -0.14905688, -0.39671716, -0.5642938 , -0.6175648 ,
       -0.03422949, -1.83109331,  0.46440741,  0.61447591,  0.10056887,
        0.82004339, -0.05087717, -0.05105794,  0.84805536, -1.45629919,
       -0.87732369, -0.13709888,  0.44842675, -0.66736871,  0.5863924 ,
        0.46339968, -0.79456317,  1.38225853, -0.74211472,  0.2515769 ,
       -0.19958195,  0.93989211,  1.51539373, -2.15879989,  1.42719626,
        1.19791663, -1.34379852, -0.28436577,  0.29141113,  0.75665992,
       -0.23064779, -1.66524446,  0.08124038,  2.32476044,  0.90430492,
       -1.26577473,  0.38810152, -0.89213729, -0.93821013,  1.13763332,
       -2.37862706, -0.09478139,  0.31732139, -0.83564615,  1.95423853,
        0.18117857, -1.22604752,  0.13706321, -0.05043326,  0.45927149,
       -0.10182492, -0.85454887,  0.31798878, -1.33922327, -1.56760514,
       -1.00011218,  0.8795616 , -0.22625476,  0.91702747, -0.18454845,
       -0.03598331, -0.2439539 , -1.33413172, -0.5119915 , -0.24122275], dtype=float32), array([-2.08297396,  0.397304  ,  0.25850102,  2.05320835,  0.81326824,
        1.26292431, -0.17473666, -1.70332646, -1.46884036, -0.20588318,
        1.08785522,  1.6210413 ,  0.02912911, -1.00740361, -0.35222679,
       -0.34457439,  0.37934268,  0.37875441,  0.01059781, -0.76764232,
        0.17452018,  0.85974312,  0.05852361,  2.72800612,  1.10018754,
        0.4347502 ,  0.38434863,  1.24485838, -0.21520959, -0.99948287,
        1.52209866, -0.14257433, -0.39559135, -0.56716859, -0.61797637,
       -0.04128786, -1.83662796,  0.45342121,  0.62080789,  0.09800907,
        0.81924433, -0.04585566, -0.03982033,  0.84573185, -1.4657836 ,
       -0.88270402, -0.13249788,  0.45373312, -0.66341537,  0.58226562,
        0.45940122, -0.79759246,  1.37205613, -0.74316883,  0.26211637,
       -0.19658831,  0.95116919,  1.51506221, -2.16577578,  1.42277563,
        1.19573748, -1.33732927, -0.29550219,  0.28053403,  0.74531531,
       -0.23113954, -1.6654706 ,  0.07417776,  2.32755184,  0.90381932,
       -1.26542425,  0.3917605 , -0.8972066 , -0.9361403 ,  1.13737559,
       -2.37260318, -0.09403473,  0.31757569, -0.83560723,  1.95720315,
        0.19351618, -1.22945487,  0.1377148 , -0.05075857,  0.45896485,
       -0.08550797, -0.85941106,  0.32099792, -1.34618771, -1.56106997,
       -0.99466687,  0.88829613, -0.22327493,  0.91154748, -0.18861659,
       -0.03897895, -0.24405889, -1.32880557, -0.51802045, -0.24084499], dtype=float32), array([-2.07004952,  0.36458316,  0.25506008,  2.0751431 ,  0.83936173,
        1.30161548, -0.16434468, -1.6870569 , -1.43722129, -0.13604614,
        1.04151869,  1.61548579,  0.05499254, -1.0170747 , -0.34178349,
       -0.33418295,  0.40252069,  0.37624797,  0.01799414, -0.74514472,
        0.18456145,  0.88095087,  0.06498652,  2.75126314,  1.05772269,
        0.3699272 ,  0.42267257,  1.23418427, -0.22249497, -0.99065876,
        1.47561228, -0.17759021, -0.34698018, -0.54740369, -0.60994524,
       -0.06966316, -1.84665942,  0.42774153,  0.58662689,  0.09438623,
        0.79090422, -0.0816712 , -0.03207222,  0.84914505, -1.51037383,
       -0.87709105, -0.09630664,  0.42686889, -0.6392746 ,  0.59312111,
        0.45831174, -0.78491163,  1.39141381, -0.7836799 ,  0.2716004 ,
       -0.24167521,  0.94483012,  1.48743105, -2.14327908,  1.41618896,
        1.21811354, -1.38463938, -0.30449179,  0.23068158,  0.79948908,
       -0.27047515, -1.66494   ,  0.08327784,  2.34023952,  0.88172579,
       -1.22659993,  0.41544008, -0.83115506, -0.93883246,  1.18178439,
       -2.33457518, -0.10025615,  0.33023551, -0.88089091,  1.96105063,
        0.15083733, -1.2451998 ,  0.15340874, -0.10126667,  0.44782189,
       -0.07965861, -0.83660793,  0.27970311, -1.37150764, -1.63018048,
       -0.96373588,  0.91236103, -0.25857443,  0.95774168, -0.16675863,
       -0.05313583, -0.26574117, -1.32628322, -0.47461349, -0.22413109], dtype=float32), array([ -2.05759740e+00,   3.25824469e-01,   2.57817060e-01,
         2.07558966e+00,   8.50973666e-01,   1.30470383e+00,
        -1.81483597e-01,  -1.67711079e+00,  -1.40949547e+00,
        -9.38647091e-02,   1.04310644e+00,   1.59980476e+00,
         6.26534522e-02,  -1.01350629e+00,  -3.20131660e-01,
        -3.52259368e-01,   4.34339970e-01,   3.71715903e-01,
         2.11901221e-04,  -7.44063675e-01,   1.67111978e-01,
         8.90289545e-01,   1.06767707e-01,   2.73157430e+00,
         1.05787170e+00,   3.47782433e-01,   4.46300805e-01,
         1.24540365e+00,  -2.40597934e-01,  -1.00513363e+00,
         1.46737349e+00,  -1.98935434e-01,  -3.07284296e-01,
        -5.39596915e-01,  -6.10697985e-01,  -1.31664336e-01,
        -1.83189392e+00,   4.42213833e-01,   6.07857049e-01,
         8.47274065e-02,   8.20922554e-01,  -1.00736290e-01,
        -2.14420985e-02,   8.66348326e-01,  -1.52363157e+00,
        -8.70344758e-01,  -7.64146075e-02,   4.31564569e-01,
        -6.21223330e-01,   5.97622931e-01,   4.54257250e-01,
        -7.77250767e-01,   1.39205635e+00,  -7.97990799e-01,
         2.47261435e-01,  -2.80171633e-01,   9.80482817e-01,
         1.49422836e+00,  -2.14865661e+00,   1.38490891e+00,
         1.22958624e+00,  -1.40231073e+00,  -3.17209721e-01,
         2.08311111e-01,   8.02622080e-01,  -2.49995694e-01,
        -1.66517067e+00,   7.18254149e-02,   2.30843949e+00,
         8.54890883e-01,  -1.21868098e+00,   4.47862238e-01,
        -7.86396325e-01,  -9.79248941e-01,   1.20246124e+00,
        -2.34243441e+00,  -7.37725794e-02,   3.49122107e-01,
        -8.72141302e-01,   1.96868038e+00,   9.43676233e-02,
        -1.26543057e+00,   1.52899325e-01,  -1.06646903e-01,
         4.32158858e-01,  -6.39258027e-02,  -8.46474707e-01,
         2.73710221e-01,  -1.34589052e+00,  -1.65498030e+00,
        -9.59035993e-01,   9.32284474e-01,  -2.72118479e-01,
         9.72037137e-01,  -1.55627757e-01,  -8.03683400e-02,
        -2.70367026e-01,  -1.33967316e+00,  -4.71443743e-01,
        -2.20404834e-01], dtype=float32), array([-2.05734038,  0.33336812,  0.24823485,  2.06687427,  0.86411482,
        1.31818223, -0.19417442, -1.66924787, -1.41265666, -0.10260326,
        1.05819404,  1.60467827,  0.08572022, -1.02292645, -0.33522716,
       -0.35820696,  0.44801572,  0.40187073, -0.01837536, -0.73911506,
        0.17051475,  0.89057535,  0.09643117,  2.71807098,  1.06346858,
        0.34310961,  0.45868257,  1.25807953, -0.24708655, -1.02347219,
        1.45529735, -0.19255093, -0.32704937, -0.52491194, -0.60019177,
       -0.13844123, -1.83026707,  0.43431142,  0.60148853,  0.09594524,
        0.79734558, -0.12046725, -0.01194653,  0.85665852, -1.52479756,
       -0.8800472 , -0.07760485,  0.41996214, -0.6462369 ,  0.59734845,
        0.44240046, -0.7599892 ,  1.40411103, -0.77620256,  0.23707314,
       -0.28117749,  0.99656856,  1.49131286, -2.14712501,  1.37693763,
        1.24226844, -1.40528655, -0.3166362 ,  0.2399711 ,  0.78152609,
       -0.24245156, -1.66991401,  0.09981598,  2.31258416,  0.84612131,
       -1.22527611,  0.4428471 , -0.78251708, -0.98693877,  1.22654915,
       -2.33392811, -0.07934847,  0.37744206, -0.87025976,  1.96344757,
        0.1001372 , -1.25087035,  0.13502924, -0.10836126,  0.42627516,
       -0.05522603, -0.85146123,  0.263807  , -1.33396685, -1.65058947,
       -0.96888286,  0.914581  , -0.25450653,  0.96167475, -0.15513919,
       -0.08570931, -0.27996981, -1.35499775, -0.4620339 , -0.22531405], dtype=float32), array([-2.0533309 ,  0.32789889,  0.23692432,  2.06816864,  0.88272834,
        1.32525718, -0.18735363, -1.66403735, -1.41172111, -0.10256842,
        1.05033123,  1.60669136,  0.07987065, -1.01922226, -0.33607322,
       -0.36550045,  0.45411631,  0.40797725, -0.02158629, -0.73652649,
        0.17446885,  0.87694079,  0.10833723,  2.71514463,  1.06578314,
        0.34758288,  0.46647161,  1.25448275, -0.25164083, -1.03070641,
        1.45631397, -0.19842866, -0.32113624, -0.51668262, -0.59130841,
       -0.13902088, -1.82604742,  0.43975452,  0.59938228,  0.09952833,
        0.80215526, -0.1175015 , -0.0074179 ,  0.85348749, -1.52241254,
       -0.88602978, -0.08004826,  0.41386154, -0.64944047,  0.59521222,
        0.44398835, -0.75466007,  1.40889323, -0.76986432,  0.23111781,
       -0.28733134,  0.98895746,  1.4942764 , -2.15722942,  1.3766886 ,
        1.24766898, -1.40819192, -0.31632051,  0.23375873,  0.78131175,
       -0.24592012, -1.6728307 ,  0.10522443,  2.30582356,  0.84573716,
       -1.22287846,  0.44329998, -0.7780391 , -0.98596424,  1.21781325,
       -2.34044528, -0.08229958,  0.37862691, -0.8732003 ,  1.9634831 ,
        0.09657215, -1.24996901,  0.12764077, -0.09845123,  0.42622095,
       -0.06047529, -0.84098464,  0.25792015, -1.32783997, -1.66032577,
       -0.96693522,  0.9095251 , -0.25320923,  0.96427274, -0.15039197,
       -0.08546079, -0.27931777, -1.36333621, -0.46692532, -0.22315298], dtype=float32), array([-2.06502366,  0.36327189,  0.21962106,  2.07087922,  0.85693675,
        1.26049602, -0.16913763, -1.71439171, -1.46547103, -0.1068098 ,
        1.06534755,  1.62142849,  0.05676765, -1.01422834, -0.29553786,
       -0.35469505,  0.44336623,  0.36652288, -0.02196683, -0.79056543,
        0.16680674,  0.87490875,  0.13223301,  2.6781795 ,  1.09228384,
        0.33142313,  0.42053613,  1.27189553, -0.26963457, -1.05267382,
        1.45058441, -0.20266786, -0.34288889, -0.5675922 , -0.60472119,
       -0.19542649, -1.78875721,  0.38689464,  0.61454624,  0.10250402,
        0.82009929, -0.05313287, -0.01783194,  0.86787927, -1.51462376,
       -0.90529376, -0.04776679,  0.41257685, -0.63475233,  0.55851287,
        0.45758796, -0.77933389,  1.37611771, -0.76461804,  0.17979109,
       -0.21744159,  0.96203619,  1.53996122, -2.16203499,  1.39889634,
        1.19726229, -1.39525592, -0.34093568,  0.23630212,  0.75374675,
       -0.24501346, -1.70596039,  0.09812711,  2.3066721 ,  0.85189551,
       -1.23924923,  0.45608252, -0.8164444 , -0.98371208,  1.22314394,
       -2.3410573 , -0.07628401,  0.35226291, -0.84954119,  2.02002835,
        0.11377483, -1.24119151,  0.11835933, -0.08407693,  0.44764948,
       -0.03664621, -0.83400756,  0.26318526, -1.3176645 , -1.60693145,
       -0.95422846,  0.94154596, -0.22147802,  0.98424631, -0.17666698,
       -0.03503553, -0.20574026, -1.29965818, -0.4732103 , -0.18616927], dtype=float32), array([-2.06958699,  0.36671615,  0.20540282,  2.05890274,  0.84769338,
        1.23896122, -0.17691088, -1.73040712, -1.45768404, -0.11529034,
        1.07906187,  1.62183619,  0.05820681, -1.0236485 , -0.28715456,
       -0.34785554,  0.44778594,  0.38798228, -0.01833912, -0.80291933,
        0.16638175,  0.85053736,  0.12963325,  2.66439581,  1.10363412,
        0.31671944,  0.41503227,  1.27754247, -0.25977609, -1.05108726,
        1.4508065 , -0.20114942, -0.34691313, -0.57673883, -0.61255562,
       -0.21624486, -1.77994049,  0.38119695,  0.63044316,  0.08854678,
        0.81077033, -0.05442588, -0.01654002,  0.88130152, -1.51423252,
       -0.90888238, -0.0269472 ,  0.38982281, -0.61767954,  0.55695981,
        0.47378612, -0.7705918 ,  1.36997545, -0.76775974,  0.15703359,
       -0.20361786,  0.97090834,  1.54717481, -2.16603708,  1.40263784,
        1.19429243, -1.38143051, -0.35988444,  0.24601403,  0.74804133,
       -0.21586338, -1.71534014,  0.09327888,  2.30298305,  0.85441947,
       -1.24843454,  0.45592368, -0.82672203, -0.97873604,  1.23068261,
       -2.33711672, -0.09357122,  0.34277803, -0.84383661,  2.02567363,
        0.11819326, -1.2461803 ,  0.09920632, -0.07431189,  0.44824946,
       -0.02333449, -0.83813   ,  0.27269191, -1.30870247, -1.60322976,
       -0.94412345,  0.95750171, -0.22473954,  1.01958096, -0.19248031,
       -0.03810078, -0.20520717, -1.29389167, -0.47159371, -0.17142326], dtype=float32), array([-2.06155062,  0.3678982 ,  0.19719122,  2.06360579,  0.85759372,
        1.24071825, -0.1865176 , -1.72585535, -1.45676255, -0.11083836,
        1.07862175,  1.62105441,  0.05760167, -1.02190709, -0.29308164,
       -0.35574424,  0.44678912,  0.38878256, -0.01494641, -0.8035236 ,
        0.16454877,  0.84270734,  0.12724879,  2.66626263,  1.09546924,
        0.3118701 ,  0.4091602 ,  1.27649748, -0.25913504, -1.0599767 ,
        1.45516241, -0.20202735, -0.33849093, -0.57797235, -0.60746336,
       -0.21075714, -1.77496982,  0.3871119 ,  0.62808621,  0.087534  ,
        0.81036526, -0.05185523, -0.01544007,  0.88061309, -1.51590979,
       -0.9041627 , -0.03236789,  0.38303995, -0.60959607,  0.55400509,
        0.48023945, -0.77557456,  1.3676734 , -0.76465517,  0.15377781,
       -0.20119813,  0.96603292,  1.55670488, -2.17054868,  1.40691602,
        1.19265711, -1.37510526, -0.35220921,  0.24301142,  0.75612247,
       -0.21826892, -1.71790278,  0.09210016,  2.3059783 ,  0.85611874,
       -1.24823117,  0.4595536 , -0.83322608, -0.9752816 ,  1.23045266,
       -2.33831358, -0.0967994 ,  0.33558449, -0.84469026,  2.02467608,
        0.1139495 , -1.24725246,  0.10104248, -0.07631037,  0.44919178,
       -0.02354092, -0.83884418,  0.26958868, -1.3034662 , -1.60607851,
       -0.94296515,  0.95435661, -0.22927649,  1.02172399, -0.18677254,
       -0.0387256 , -0.20787591, -1.29495561, -0.4696961 , -0.16837507], dtype=float32), array([ -2.06176400e+00,   3.67673337e-01,   2.05622077e-01,
         2.06392598e+00,   8.51015568e-01,   1.23007059e+00,
        -1.82915360e-01,  -1.73140395e+00,  -1.46066797e+00,
        -9.80374143e-02,   1.07429266e+00,   1.62821543e+00,
         6.04436286e-02,  -1.03076637e+00,  -2.81852603e-01,
        -3.60826343e-01,   4.56516683e-01,   3.84532899e-01,
         4.42303810e-03,  -7.98558116e-01,   1.48006603e-01,
         8.38657081e-01,   1.30638972e-01,   2.65767336e+00,
         1.09351969e+00,   3.09561074e-01,   4.19499815e-01,
         1.28532612e+00,  -2.70148814e-01,  -1.05347633e+00,
         1.45498848e+00,  -2.14652240e-01,  -3.41168672e-01,
        -5.76145649e-01,  -6.20175064e-01,  -2.37957194e-01,
        -1.78581190e+00,   3.99728298e-01,   6.25206232e-01,
         8.66192728e-02,   8.21953595e-01,  -6.14815094e-02,
        -6.03421591e-04,   8.85969996e-01,  -1.51321709e+00,
        -8.95209312e-01,  -2.32516956e-02,   3.75497937e-01,
        -6.11993551e-01,   5.61971366e-01,   4.71253753e-01,
        -7.72075117e-01,   1.37820232e+00,  -7.69535065e-01,
         1.56132683e-01,  -2.02108830e-01,   9.66290057e-01,
         1.55964780e+00,  -2.17517376e+00,   1.41918063e+00,
         1.18476570e+00,  -1.38043451e+00,  -3.64364177e-01,
         2.40091562e-01,   7.54923403e-01,  -2.14604601e-01,
        -1.72202933e+00,   1.00232549e-01,   2.29471803e+00,
         8.51512849e-01,  -1.23494279e+00,   4.58044440e-01,
        -8.17952096e-01,  -9.51475620e-01,   1.23781157e+00,
        -2.32583284e+00,  -8.50583091e-02,   3.31531167e-01,
        -8.52572680e-01,   2.02671027e+00,   1.16475403e-01,
        -1.25454235e+00,   1.00474931e-01,  -8.52065235e-02,
         4.33542937e-01,  -1.97702628e-02,  -8.44931543e-01,
         2.71559745e-01,  -1.30183280e+00,  -1.60137677e+00,
        -9.35400605e-01,   9.52264965e-01,  -2.47872695e-01,
         1.02970922e+00,  -1.92910582e-01,  -4.29118872e-02,
        -2.08816841e-01,  -1.29663622e+00,  -4.70252126e-01,
        -1.73920631e-01], dtype=float32), array([-2.06250405,  0.36760849,  0.20975441,  2.07002211,  0.84553498,
        1.22733903, -0.17484076, -1.73226249, -1.45237124, -0.08580352,
        1.08132339,  1.61442554,  0.05365854, -1.037081  , -0.27233738,
       -0.35351273,  0.45797765,  0.37286356,  0.00454405, -0.80901837,
        0.1575188 ,  0.81613392,  0.12321298,  2.65256619,  1.08666563,
        0.30918565,  0.43218833,  1.27058816, -0.25316641, -1.04112315,
        1.45270813, -0.21605077, -0.34014094, -0.58004898, -0.61297083,
       -0.24105649, -1.78354979,  0.39747497,  0.62805778,  0.09176097,
        0.8247481 , -0.06202054,  0.01569312,  0.88266742, -1.50899327,
       -0.89556992, -0.0144437 ,  0.38512763, -0.59286672,  0.55269021,
        0.47646824, -0.78268337,  1.38625908, -0.75232232,  0.15631728,
       -0.19674742,  0.95980531,  1.56807971, -2.18752599,  1.40905309,
        1.18896532, -1.38699007, -0.37482905,  0.23979093,  0.73804015,
       -0.19750461, -1.71593106,  0.10596273,  2.30180287,  0.83139414,
       -1.22874618,  0.47919405, -0.81722885, -0.93622607,  1.2493515 ,
       -2.33929396, -0.10233719,  0.3633194 , -0.85202634,  2.03394675,
        0.11913258, -1.2749337 ,  0.08818833, -0.09895926,  0.44102514,
       -0.03062184, -0.8667888 ,  0.26769674, -1.30066347, -1.60469413,
       -0.92099875,  0.94906992, -0.26395303,  1.0264051 , -0.20427981,
       -0.05549012, -0.21611655, -1.29460502, -0.46305704, -0.17602015], dtype=float32), array([-2.08389997,  0.36878693,  0.20884764,  2.08214951,  0.85747659,
        1.26071846, -0.174412  , -1.72385681, -1.44084346, -0.09808568,
        1.09046948,  1.62180567,  0.02408752, -1.04962432, -0.28290245,
       -0.3729479 ,  0.4286404 ,  0.3640683 ,  0.01522831, -0.78159124,
        0.17234705,  0.83839977,  0.11901719,  2.64999485,  1.08076346,
        0.31684327,  0.45534927,  1.28987932, -0.21712112, -1.04590714,
        1.45032489, -0.19973166, -0.33551741, -0.55245852, -0.63810468,
       -0.16838183, -1.82836187,  0.39533657,  0.62831724,  0.09635399,
        0.84396321, -0.05817351, -0.00638155,  0.85254008, -1.52146077,
       -0.90217298, -0.02577754,  0.428599  , -0.61680627,  0.53738213,
        0.44359201, -0.77054429,  1.373209  , -0.76100576,  0.18681796,
       -0.23633179,  0.97751456,  1.54807091, -2.17735457,  1.38677442,
        1.18422532, -1.39750457, -0.35326427,  0.21627855,  0.73892796,
       -0.20739222, -1.64732039,  0.11483465,  2.31262612,  0.85005474,
       -1.22913611,  0.47257909, -0.81904477, -0.94821048,  1.21444154,
       -2.35226631, -0.10868541,  0.37431046, -0.83134216,  2.02601242,
        0.13991454, -1.25648713,  0.08807085, -0.09475175,  0.44242507,
       -0.04827264, -0.83808458,  0.25209042, -1.30969322, -1.59765732,
       -0.93811578,  0.94299728, -0.24548051,  0.99280989, -0.21237338,
       -0.04273819, -0.23502919, -1.31819952, -0.45931166, -0.19614977], dtype=float32), array([-2.08259153,  0.36745337,  0.21176574,  2.08694339,  0.8638007 ,
        1.26232791, -0.18361695, -1.71034086, -1.44254744, -0.096499  ,
        1.10352838,  1.61493957,  0.03425014, -1.04504883, -0.28729752,
       -0.37789652,  0.42013943,  0.35339838,  0.03156585, -0.7924251 ,
        0.16210911,  0.84184629,  0.11984722,  2.65175104,  1.06667042,
        0.30891594,  0.44154781,  1.28269041, -0.23077734, -1.04105628,
        1.44149101, -0.20214365, -0.32496512, -0.5590021 , -0.63637143,
       -0.1682138 , -1.81655991,  0.39794797,  0.62880391,  0.09477235,
        0.8355217 , -0.0593225 , -0.01480854,  0.85803241, -1.50312769,
       -0.89504778, -0.0192304 ,  0.41976178, -0.61276239,  0.53776544,
        0.45288417, -0.77494085,  1.37125528, -0.76663125,  0.17288944,
       -0.23157752,  0.98418516,  1.55739665, -2.18045044,  1.39411449,
        1.17250729, -1.40199947, -0.3429991 ,  0.22697577,  0.7393412 ,
       -0.21156119, -1.65461481,  0.10947787,  2.3186183 ,  0.85233998,
       -1.22621977,  0.46459508, -0.84406424, -0.93766302,  1.218032  ,
       -2.36054277, -0.10606895,  0.36181882, -0.82263684,  2.02409148,
        0.13975048, -1.2585851 ,  0.09008598, -0.10306394,  0.45262611,
       -0.05352033, -0.8461321 ,  0.24966203, -1.31335843, -1.60368764,
       -0.93338352,  0.96025842, -0.25346056,  0.99766278, -0.21331534,
       -0.03469621, -0.21757238, -1.31072211, -0.45785105, -0.1871825 ], dtype=float32), array([-2.08088923,  0.36918944,  0.20792823,  2.08898711,  0.86767799,
        1.27032578, -0.18994263, -1.70676804, -1.44494712, -0.09941042,
        1.09932423,  1.61900818,  0.04084619, -1.0491904 , -0.29258665,
       -0.37881559,  0.42260545,  0.356262  ,  0.0245155 , -0.78890151,
        0.16831772,  0.84585208,  0.11778469,  2.64957356,  1.06473231,
        0.30939376,  0.45096117,  1.28436422, -0.23405683, -1.04844463,
        1.43620467, -0.20512183, -0.33259568, -0.55057037, -0.63411695,
       -0.16626836, -1.81670153,  0.39825934,  0.6316309 ,  0.09900642,
        0.83162582, -0.06871764, -0.01271463,  0.85903203, -1.508021  ,
       -0.89608723, -0.01969784,  0.41862336, -0.62279791,  0.54342276,
        0.44950095, -0.76920921,  1.376706  , -0.76443684,  0.17548221,
       -0.23594534,  0.98933363,  1.5530591 , -2.17439198,  1.38799882,
        1.18176258, -1.40623569, -0.34034365,  0.22945526,  0.73385376,
       -0.21040273, -1.64797926,  0.11563627,  2.31597066,  0.85277402,
       -1.22471583,  0.46235052, -0.83800888, -0.94124138,  1.21870816,
       -2.3602066 , -0.11078255,  0.36501154, -0.81695241,  2.02479839,
        0.14079243, -1.25578213,  0.09015944, -0.10483849,  0.45216638,
       -0.05315866, -0.8482092 ,  0.2437195 , -1.30550718, -1.60546458,
       -0.93988383,  0.95316434, -0.24887213,  0.99421167, -0.21050899,
       -0.03927362, -0.22250544, -1.31868303, -0.45355117, -0.18761793], dtype=float32), array([-2.08168483,  0.37195539,  0.20248595,  2.07928133,  0.85978746,
        1.26929629, -0.19210316, -1.70821452, -1.44606328, -0.10519405,
        1.09869742,  1.62148118,  0.04410001, -1.0542506 , -0.29247817,
       -0.38711479,  0.43166906,  0.36488184,  0.02595438, -0.78904027,
        0.16885053,  0.83999944,  0.11543775,  2.6450851 ,  1.07936263,
        0.30931649,  0.44007838,  1.28829038, -0.2366235 , -1.05710423,
        1.43982208, -0.19360168, -0.33619961, -0.56301916, -0.63270742,
       -0.17087957, -1.80818582,  0.40654209,  0.63797563,  0.09647947,
        0.81675535, -0.06749298, -0.01324882,  0.86880231, -1.49789238,
       -0.89219105, -0.03541962,  0.40481511, -0.62175947,  0.55270863,
        0.46610981, -0.77408731,  1.39151657, -0.75152361,  0.16921365,
       -0.22878273,  0.97699398,  1.55582488, -2.16764402,  1.38642287,
        1.18827784, -1.39812732, -0.3510552 ,  0.2383786 ,  0.74839222,
       -0.20233813, -1.6617533 ,  0.11091497,  2.30865622,  0.86174977,
       -1.22836149,  0.45336509, -0.85412961, -0.93727487,  1.22077382,
       -2.35836005, -0.1167299 ,  0.37061909, -0.82157975,  2.00706196,
        0.13737191, -1.25093639,  0.07898302, -0.09341053,  0.44656083,
       -0.05210152, -0.85386008,  0.24703754, -1.30882108, -1.59847367,
       -0.95170242,  0.95408165, -0.25105309,  1.01647186, -0.2073337 ,
       -0.04148737, -0.22221005, -1.31618822, -0.45223141, -0.18066411], dtype=float32), array([-2.07957053,  0.36786968,  0.21468353,  2.06984591,  0.85684681,
        1.27262414, -0.19269978, -1.70230889, -1.44049954, -0.10705175,
        1.11786318,  1.62350953,  0.04381746, -1.05709541, -0.3004753 ,
       -0.37477702,  0.41973022,  0.34475613,  0.03031669, -0.78779542,
        0.15547803,  0.85676181,  0.11444121,  2.64898324,  1.06738877,
        0.30604216,  0.42956281,  1.29525268, -0.2289076 , -1.03940523,
        1.44888878, -0.1843341 , -0.33257142, -0.56472272, -0.64270616,
       -0.15963145, -1.80068243,  0.39429924,  0.64443409,  0.07962418,
        0.82484114, -0.07962547, -0.01719659,  0.86353391, -1.49972761,
       -0.87673402, -0.02292611,  0.43205142, -0.61194062,  0.55612618,
        0.47156879, -0.78696454,  1.38218737, -0.7632162 ,  0.16962785,
       -0.22912192,  0.97438586,  1.564363  , -2.17826843,  1.37424064,
        1.17422366, -1.38605607, -0.35663712,  0.24107899,  0.74063122,
       -0.20111176, -1.66416991,  0.0992918 ,  2.30920315,  0.84581614,
       -1.22279894,  0.45903215, -0.8577953 , -0.93954813,  1.21658576,
       -2.36718678, -0.12065592,  0.37079018, -0.81005019,  2.01733518,
        0.14341448, -1.25956583,  0.09116939, -0.09806124,  0.44573376,
       -0.03598484, -0.85098189,  0.24417081, -1.32070482, -1.60364342,
       -0.94616932,  0.96852535, -0.2684899 ,  1.00590026, -0.21347204,
       -0.03043655, -0.22512215, -1.30617249, -0.45990333, -0.18317316], dtype=float32), array([-2.07867026,  0.36666992,  0.21372204,  2.07082033,  0.86412132,
        1.27576602, -0.1990903 , -1.70109296, -1.44055891, -0.10500935,
        1.11387467,  1.62923896,  0.0495294 , -1.05843914, -0.30656874,
       -0.37976688,  0.42399779,  0.3495138 ,  0.02861776, -0.77690876,
        0.15807413,  0.85982835,  0.11463176,  2.64435792,  1.06724024,
        0.31186205,  0.43525007,  1.29549241, -0.23333402, -1.04538512,
        1.44415808, -0.18654832, -0.33994958, -0.55934542, -0.64523298,
       -0.16561073, -1.79685104,  0.40297955,  0.64157814,  0.08734464,
        0.81657475, -0.08486037, -0.00741283,  0.86622167, -1.50009   ,
       -0.87753719, -0.02628292,  0.42693359, -0.62797201,  0.56611603,
        0.46784541, -0.77843451,  1.38998282, -0.75648499,  0.17112394,
       -0.2357861 ,  0.97765702,  1.5572412 , -2.17591262,  1.3716408 ,
        1.18151581, -1.38489676, -0.35487205,  0.25210747,  0.73304719,
       -0.19854632, -1.65927196,  0.10582566,  2.30767632,  0.85082632,
       -1.22206521,  0.45376119, -0.85554558, -0.9401325 ,  1.21899843,
       -2.36526251, -0.12398192,  0.37833595, -0.80471873,  2.01467514,
        0.14546365, -1.26560366,  0.09095739, -0.09841616,  0.44566804,
       -0.0458996 , -0.85142213,  0.24006411, -1.31677902, -1.6041981 ,
       -0.95287418,  0.96208316, -0.2681478 ,  1.00177979, -0.20824967,
       -0.03581781, -0.22890961, -1.31759965, -0.46158957, -0.18885475], dtype=float32), array([-2.07257009,  0.37506512,  0.20764047,  2.07068801,  0.86654711,
        1.2915715 , -0.19839858, -1.69775736, -1.43959665, -0.09941538,
        1.10567915,  1.65191388,  0.05932664, -1.04485631, -0.31442958,
       -0.37214255,  0.42114139,  0.33811486,  0.02880336, -0.76731884,
        0.17745596,  0.87026775,  0.10521366,  2.63731074,  1.05423534,
        0.29928568,  0.43876746,  1.30455267, -0.24841237, -1.06475163,
        1.42713559, -0.2011445 , -0.34483442, -0.56356919, -0.6664995 ,
       -0.16213579, -1.78054082,  0.40003994,  0.64297581,  0.0884923 ,
        0.82484442, -0.08575603, -0.02701735,  0.86914414, -1.50815737,
       -0.86654693, -0.02166926,  0.43448964, -0.64620101,  0.5859772 ,
        0.47502428, -0.78436255,  1.39585567, -0.75827634,  0.1869542 ,
       -0.24416436,  0.97721249,  1.55325198, -2.16383004,  1.36056995,
        1.18143356, -1.36880565, -0.35183513,  0.25220564,  0.72866368,
       -0.19413714, -1.66117918,  0.11608139,  2.30026865,  0.85555702,
       -1.21905744,  0.44007051, -0.85862023, -0.96360046,  1.21163309,
       -2.38548279, -0.12708385,  0.36994007, -0.78861463,  2.01838708,
        0.13397674, -1.26230478,  0.09193172, -0.10297599,  0.45396528,
       -0.04593653, -0.85037291,  0.22104636, -1.3097043 , -1.60084283,
       -0.95371419,  0.97162706, -0.25819728,  1.01010597, -0.19492567,
       -0.04548929, -0.23194294, -1.32215035, -0.44740069, -0.1937124 ], dtype=float32), array([-2.06070662,  0.35414091,  0.21007577,  2.0935607 ,  0.85718501,
        1.28505456, -0.1736367 , -1.6927489 , -1.40674102, -0.10873754,
        1.06151843,  1.63513613,  0.07202907, -1.03973162, -0.29253992,
       -0.38143253,  0.45313296,  0.35357913,  0.06295048, -0.75506181,
        0.18006094,  0.87231201,  0.10355813,  2.63183045,  1.04740107,
        0.28974056,  0.46896353,  1.30812645, -0.27713847, -1.04795408,
        1.4162823 , -0.19788334, -0.30708581, -0.56575048, -0.65374047,
       -0.17667112, -1.77906239,  0.4006809 ,  0.61233866,  0.07908573,
        0.80259365, -0.08853538, -0.05533955,  0.88230532, -1.53520632,
       -0.86048931, -0.02144427,  0.41566554, -0.6561777 ,  0.60678303,
        0.48119554, -0.8078779 ,  1.41204667, -0.78481948,  0.21716052,
       -0.25657231,  0.95120567,  1.55679238, -2.11895108,  1.36502159,
        1.18297482, -1.36620951, -0.37018222,  0.23452832,  0.79121685,
       -0.23305115, -1.67172575,  0.09603627,  2.33252096,  0.8359834 ,
       -1.22292578,  0.43243667, -0.82573545, -0.96785009,  1.20610166,
       -2.37492418, -0.12494411,  0.37544551, -0.81959569,  2.01225019,
        0.11456369, -1.27672458,  0.11995073, -0.12483323,  0.43776217,
       -0.05299073, -0.86661953,  0.23096879, -1.32356119, -1.63787639,
       -0.94118148,  0.96726358, -0.2755948 ,  1.05180168, -0.18516946,
       -0.04552723, -0.24149622, -1.30425775, -0.4202958 , -0.18601203], dtype=float32), array([-2.07382751,  0.35409877,  0.20629677,  2.09384871,  0.86404222,
        1.29055977, -0.16227296, -1.69551265, -1.40132201, -0.10956934,
        1.06790662,  1.63743818,  0.0437881 , -1.03716004, -0.2919544 ,
       -0.38822487,  0.43331972,  0.34720981,  0.07690295, -0.74952096,
        0.17994668,  0.86827952,  0.10356388,  2.63238859,  1.0522753 ,
        0.29792354,  0.46714655,  1.31422186, -0.24982338, -1.04085493,
        1.42717123, -0.18628979, -0.30039144, -0.55900216, -0.66938257,
       -0.14024948, -1.80220914,  0.39799249,  0.61567158,  0.07854578,
        0.82332861, -0.07881394, -0.06580514,  0.86983877, -1.53492332,
       -0.8637867 , -0.02914208,  0.43451333, -0.65531194,  0.58911324,
        0.46259019, -0.80163938,  1.3899678 , -0.79056007,  0.22915855,
       -0.27291408,  0.95489872,  1.55688024, -2.12797165,  1.3652761 ,
        1.16656899, -1.36839879, -0.35989994,  0.21604556,  0.7911638 ,
       -0.23551887, -1.64267027,  0.09887315,  2.34110785,  0.84472352,
       -1.22221422,  0.43260488, -0.8387202 , -0.96674538,  1.18353283,
       -2.38077021, -0.12434468,  0.3777231 , -0.8187632 ,  2.00942087,
        0.12592965, -1.27234924,  0.11972656, -0.12201408,  0.44146201,
       -0.0612876 , -0.84359431,  0.23148201, -1.33118808, -1.62632108,
       -0.94022048,  0.97258395, -0.27428165,  1.03755021, -0.19759451,
       -0.03137458, -0.24101283, -1.31204653, -0.43097141, -0.19586609], dtype=float32)]
