[array([ 2.25452685, -0.50722581, -1.2157886 , -2.75045609, -0.61856031,
        0.257673  , -0.45218217,  2.5443728 ,  1.62561631,  0.32557073,
       -2.07414174, -1.01485384, -0.1769136 ,  0.67981613,  0.25659639,
       -0.02082321, -0.57622319,  0.35558677, -0.38036656,  0.90535593,
        0.5825389 , -0.92488551,  0.18960406, -3.93399811, -1.8111937 ,
       -1.0034672 , -0.13281532, -0.9051578 ,  0.75327975,  0.90384763,
       -2.04323006,  0.43092072,  1.70927334,  2.15829611,  0.60887468,
        1.62820077,  1.78136551, -0.82305247, -0.75881308, -0.23179919,
       -0.62975943, -0.49680328,  0.08511509, -1.12484622,  1.51623988,
        1.37413919, -1.80010271, -0.17711285,  0.00763904, -0.9159717 ,
       -0.56712067,  1.91171885, -0.87822664,  0.89462674,  0.23379529,
       -1.2874887 , -1.71716154, -2.21979332,  3.31506634, -1.92462182,
       -1.59945214,  1.87112975,  1.58750415, -0.44318074, -0.68622375,
       -0.82639116,  2.9494791 ,  1.14029217, -3.60405684, -0.43035915,
        1.57767212, -0.81384605,  0.66004747,  1.48218131, -1.35040104,
        2.30378628, -0.24944317,  0.76472741,  0.5978322 , -3.34278631,
       -0.28308266,  1.51179779, -0.10418011,  1.27409053, -1.36421537,
       -1.16306376,  1.89760983, -0.54315686,  1.67659056,  1.54629469,
        0.58457154, -2.43300128,  0.3868992 , -1.12507355,  0.21482512,
        0.18647847,  0.07689871,  1.60842144,  0.5346688 ,  0.02475804]), array([ -7.27904892e-01,   6.81097388e-02,   1.95022547e-02,
         9.11241594e-01,   6.42818527e-01,   1.61149329e-01,
         2.73161299e-01,  -9.92659164e-01,  -7.11921224e-01,
        -1.22715280e-02,   1.38494198e+00,   6.37841457e-01,
         6.73547974e-01,  -1.97110881e-01,  -3.06164295e-01,
         9.89965850e-02,   8.64924852e-01,   6.07960541e-01,
        -4.07558402e-01,  -3.56990815e-01,  -2.32690164e-01,
         6.16399554e-02,  -3.27187976e-01,   8.77842932e-01,
         8.56507795e-01,  -3.61896966e-01,   3.47961477e-01,
         1.09102518e+00,  -1.88353288e-01,   3.84247811e-01,
         1.97034877e-01,   6.31079572e-01,  -3.67563330e-01,
         5.29947659e-01,  -1.35515732e-01,  -5.26253134e-01,
        -6.46608176e-01,   5.89248765e-02,   1.93373808e-01,
         1.15133518e-01,   2.65663053e-01,   7.58137951e-02,
         1.17262121e-01,   3.96640973e-01,   2.13354509e-01,
        -7.31053482e-01,  -3.17501418e-01,   1.81562253e-01,
        -3.92405297e-01,   4.91454264e-01,  -9.30020982e-03,
        -1.90238384e-01,   3.23522972e-01,  -2.40385409e-01,
         1.82612214e-01,   5.07416915e-03,   4.29576880e-01,
         4.19490262e-01,  -8.73149038e-01,   3.99076204e-01,
         2.87184115e-02,  -6.50844858e-04,  -3.28043489e-01,
         6.43863898e-01,   2.11282975e-01,  -6.09497978e-01,
        -9.50083162e-01,  -2.01466614e-01,   1.06394078e+00,
         1.27244267e-01,  -1.15866441e-01,   1.83633131e-01,
        -3.55288116e-01,  -1.28214380e-01,   9.62737774e-01,
        -4.27657494e-01,   3.83519000e-01,   4.21339828e-01,
        -1.00066071e+00,   6.29296033e-01,   4.45597761e-01,
        -5.21243423e-01,  -2.33252190e-01,   3.72873298e-01,
        -1.38594725e-01,   2.92639515e-01,  -1.89324729e-01,
         6.22513663e-01,  -7.04740921e-01,  -4.87218233e-01,
         7.09675036e-02,   2.88621585e-02,  -1.15675918e-01,
         3.69644717e-01,  -5.94890914e-01,   2.85736486e-01,
        -3.82993762e-01,  -2.19081229e-01,  -8.37054547e-02,
        -4.11688038e-01]), array([ 2.9671242 , -0.66754671, -1.60006779, -3.61980379, -0.81407115,
        0.33911673, -0.59510521,  3.34858292,  2.13943138,  0.42847518,
       -2.72972404, -1.33562276, -0.2328314 ,  0.89468834,  0.33769984,
       -0.02740489, -0.75835237,  0.4679785 , -0.50059055,  1.19151541,
        0.76666431, -1.21721779,  0.24953297, -5.17743268, -2.38366497,
       -1.32063711, -0.17479479, -1.19125466,  0.9913719 ,  1.18953038,
       -2.68904198,  0.56712356,  2.24953022,  2.84047742,  0.80132414,
        2.14283272,  2.34440886, -1.08319796, -0.99865418, -0.30506488,
       -0.82881002, -0.65382989,  0.11201776, -1.48038088,  1.99548391,
        1.80846888, -2.3690684 , -0.23309362,  0.01005354, -1.20548655,
       -0.74637278,  2.51596349, -1.15581126,  1.177395  ,  0.3076919 ,
       -1.69443042, -2.25991167, -2.9214123 ,  4.36287266, -2.53294476,
       -2.10499739,  2.46254524,  2.08927296, -0.58325865, -0.90312124,
       -1.08759193,  3.8817328 ,  1.50070889, -4.74320554, -0.5663845 ,
        2.07633328, -1.07108164,  0.86867132,  1.95066031, -1.77722772,
        3.03195325, -0.32828568,  1.00643788,  0.78679143, -4.3993542 ,
       -0.37255774,  1.98963778, -0.13710873,  1.67679743, -1.7954084 ,
       -1.530678  ,  2.49739498, -0.71483463,  2.20651727,  2.03503826,
        0.76933941, -3.20200976,  0.50918799, -1.48068006,  0.28272576,
        0.24541946,  0.10120439,  2.11680167,  0.70366372,  0.03258341]), array([  2.32275278e+00,  -6.36329036e-01,  -1.69619251e+00,
        -2.80607733e+00,  -1.10332020e-01,   5.56044574e-01,
        -3.14636803e-01,   2.41780918e+00,   1.45234685e+00,
         4.45833157e-01,  -1.28629653e+00,  -6.76694458e-01,
         5.50794425e-01,   7.26999525e-01,  -1.21066822e-03,
         8.82789766e-02,   2.13672131e-01,   1.22586663e+00,
        -1.02259090e+00,   8.55830618e-01,   5.47117618e-01,
        -1.23468296e+00,  -1.20953637e-01,  -4.51957642e+00,
        -1.54284954e+00,  -1.84948737e+00,   2.25969043e-01,
         1.73684634e-02,   8.41307362e-01,   1.73518381e+00,
        -2.65524838e+00,   1.35989824e+00,   1.98016861e+00,
         3.68250915e+00,   6.99922556e-01,   1.67679964e+00,
         1.75028023e+00,  -1.09389808e+00,  -8.43162245e-01,
        -1.90895953e-01,  -5.74685935e-01,  -6.12427637e-01,
         2.59819864e-01,  -1.11908451e+00,   2.39800970e+00,
         1.07395228e+00,  -2.92330461e+00,  -3.45602683e-02,
        -4.55847943e-01,  -7.10938688e-01,  -8.13089621e-01,
         2.47734588e+00,  -8.57264201e-01,   9.79325226e-01,
         5.47800207e-01,  -1.81474974e+00,  -1.91757725e+00,
        -2.64040101e+00,   3.64985673e+00,  -2.24724202e+00,
        -2.22781477e+00,   2.64540308e+00,   1.85495825e+00,
         1.38935316e-01,  -7.19207710e-01,  -1.89351292e+00,
         3.04134769e+00,   1.37303112e+00,  -3.83166011e+00,
        -4.57299966e-01,   2.09337612e+00,  -9.32574298e-01,
         5.10936930e-01,   1.94364746e+00,  -7.64860861e-01,
         2.74947246e+00,   1.03317604e-01,   1.58254820e+00,
        -3.44530425e-01,  -3.97905042e+00,   1.29568685e-01,
         1.51813854e+00,  -4.24718081e-01,   2.24525968e+00,
        -2.09410972e+00,  -1.29681156e+00,   2.45847924e+00,
        -2.78421238e-02,   1.53297419e+00,   1.60738753e+00,
         9.11104061e-01,  -3.40646032e+00,   4.09595476e-01,
        -1.15151015e+00,  -4.03639905e-01,   6.03520238e-01,
        -3.46707710e-01,   2.01411846e+00,   6.56592751e-01,
        -4.54569187e-01]), array([ 1.19136024,  0.34762942, -0.22611501, -0.97638859, -0.70333877,
       -1.93869944,  1.11328522, -0.87413513,  0.69160537,  0.85801918,
       -0.01533459, -1.25385106,  0.99099516,  1.02116686, -0.10172595,
        0.65200343,  2.49542601,  0.62315954, -0.61242515,  0.38295775,
       -0.5291925 , -1.64852604, -0.80128387, -2.90720217,  0.68022596,
       -0.99344753,  1.39707826, -0.14718804, -0.59045355,  2.06275579,
       -1.99016279,  0.75198119, -0.68146495,  2.2719988 ,  0.46937914,
       -1.91121368,  1.47190588, -0.51446405, -1.23881367, -0.630257  ,
       -0.3163638 , -0.18364183, -0.17175929, -0.15068446,  1.76335451,
       -1.21040579,  0.35575986, -0.34959585, -0.15702948, -0.75626766,
       -0.81376546,  0.64751635, -1.43295298,  0.24603701, -0.42962991,
       -0.2879858 , -0.17120191, -1.86623338,  1.27730341, -1.39334609,
       -2.5214432 ,  1.13445464, -0.94503378, -0.12495819, -0.76735011,
       -0.28006505,  0.99697943, -0.47213697, -1.59132109, -1.74617719,
        1.29175363, -0.82380125,  0.97505365,  0.82815036,  1.12622338,
        2.56597678,  1.19272419,  0.82661468, -1.5738481 , -1.4615581 ,
        1.29376086,  0.36916702,  0.21258602,  1.34347238, -0.36037238,
        1.70919296,  1.3138831 ,  0.61033229,  1.35142307,  1.55016014,
        1.03895005, -1.01138374,  0.69348874,  0.10501584, -0.65961769,
        0.65566512, -1.13085327,  0.82971579,  0.75917406, -0.78966194]), array([ -9.57976712e-01,   8.96374572e-02,   2.56664106e-02,
         1.19926138e+00,   8.45996758e-01,   2.12084444e-01,
         3.59500486e-01,  -1.30641293e+00,  -9.36941022e-01,
        -1.61502391e-02,   1.82268614e+00,   8.39446566e-01,
         8.86438985e-01,  -2.59412508e-01,  -4.02934872e-01,
         1.30286833e-01,   1.13830512e+00,   8.00121069e-01,
        -5.36377021e-01,  -4.69826334e-01,  -3.06237478e-01,
         8.11227434e-02,  -4.30603592e-01,   1.15530627e+00,
         1.12722765e+00,  -4.76283193e-01,   4.57943058e-01,
         1.43586989e+00,  -2.47886867e-01,   5.05698559e-01,
         2.59312482e-01,   8.30547425e-01,  -4.83740547e-01,
         6.97450342e-01,  -1.78348733e-01,  -6.92588073e-01,
        -8.50984217e-01,   7.75494987e-02,   2.54494244e-01,
         1.51524231e-01,   3.49632241e-01,   9.97765656e-02,
         1.54325631e-01,   5.22008877e-01,   2.80790325e-01,
        -9.62120490e-01,  -4.17855365e-01,   2.38949363e-01,
        -5.16434414e-01,   6.46790185e-01,  -1.22397645e-02,
        -2.50367794e-01,   4.25780177e-01,  -3.16364990e-01,
         2.40331189e-01,   6.67798216e-03,   5.65354968e-01,
         5.52080233e-01,  -1.14912876e+00,   5.25213822e-01,
         3.77955550e-02,  -8.56560004e-04,  -4.31729511e-01,
         8.47372544e-01,   2.78064033e-01,  -8.02144449e-01,
        -1.25037976e+00,  -2.65144975e-01,   1.40022481e+00,
         1.67462874e-01,  -1.52488812e-01,   2.41674792e-01,
        -4.67585457e-01,  -1.68739613e-01,   1.26703417e+00,
        -5.62828914e-01,   5.04739389e-01,   5.54514399e-01,
        -1.31694355e+00,   8.28200155e-01,   5.86439633e-01,
        -6.85994923e-01,  -3.06977145e-01,   4.90728858e-01,
        -1.82400915e-01,   3.85135261e-01,  -2.49165356e-01,
         8.19274055e-01,  -9.27491212e-01,  -6.41215256e-01,
         9.33984872e-02,   3.79847368e-02,  -1.52238070e-01,
         4.86479806e-01,  -7.82920473e-01,   3.76050364e-01,
        -5.04048137e-01,  -2.88327113e-01,  -1.10162574e-01,
        -5.41811928e-01]), array([ 0.84668149,  0.03027612, -0.98088954,  1.75259492, -2.0917689 ,
       -0.69138319, -0.52214067,  0.49314176,  0.54562162, -1.05672016,
       -1.37224975, -0.94012491, -0.94033483,  0.45996292, -0.5513592 ,
        0.06526061,  0.16159426, -1.57529231,  0.08756307, -0.17309084,
       -0.47199071,  0.85045649,  0.08228411, -0.70149465,  0.43065554,
       -0.0162021 ,  1.05991564,  1.6728776 ,  2.15652452,  0.44212491,
       -0.32679177,  0.41978539,  1.31553801, -0.16981446, -0.34750352,
        3.65622848,  0.28713976, -0.61655601,  1.60193539, -0.10510015,
        0.83824864, -1.41805013, -0.12921046, -0.47957505, -1.63291865,
        1.30158266,  0.64434718,  1.49991095, -0.04217614, -1.671064  ,
       -0.87259348,  0.21112861, -0.08077283, -0.48344622, -0.61698288,
        0.25840202, -0.39789737, -0.71244455, -1.21568013,  0.69269843,
       -0.2042499 , -2.23691332, -0.27145151, -1.68811072,  1.2372054 ,
        0.10224051,  1.00351453,  1.42119655, -0.11559762,  1.08703036,
        0.16605604,  0.30750288,  0.99177685, -0.03112502, -0.8723845 ,
        2.76356754, -0.00575688, -0.24932118,  2.16172543, -0.54343905,
       -0.54957516, -1.24625864, -0.71059772, -1.57449857,  1.3074873 ,
        0.42262062,  0.55539928,  0.37205926,  1.29039727, -1.10394874,
        0.1755124 ,  0.94463141, -1.12616523,  0.63610841, -0.17716605,
        0.18796574, -1.87209009,  0.47302626,  1.87787359, -0.50026741]), array([-6.01928048,  0.43665336,  0.50083205,  4.14302731,  2.15898856,
        4.44332466, -0.4330026 , -3.03472597, -3.63817518, -1.1481188 ,
        4.6721534 ,  4.48163961, -2.51630177, -2.18954729, -0.33315051,
       -0.37458533, -1.94253475, -0.54520112,  0.98451979, -2.25142468,
        0.69531116,  3.17734091, -0.203468  ,  7.08932802,  2.28489415,
        1.00597989, -0.85097662,  4.07766488,  2.7427435 , -1.36676414,
        5.02020295,  1.10833015, -0.06230706, -2.47948275, -2.66458865,
        4.01879206, -5.94758813,  1.26910516,  3.31538458,  0.46988516,
        2.88581163, -0.16543197, -0.1604034 ,  1.05308001, -2.88903619,
       -1.03104056, -0.43305425,  3.49720131, -1.4573873 ,  0.87451921,
       -0.64251879, -1.52460111,  1.62986252, -1.82155622,  1.61262319,
       -1.2033146 ,  3.30427819,  3.80236354, -5.4545075 ,  3.17407069,
        2.7926063 , -2.76988074,  0.6783137 ,  0.383804  ,  1.79529179,
       -0.6222672 , -0.81272652,  0.0314876 ,  6.29540411,  2.98848343,
       -3.21491075,  1.57443815, -3.2994494 , -1.96792619,  0.73498378,
       -6.7088612 , -0.78303241,  0.76116781, -0.43153495,  4.47540211,
        0.82605338, -2.27680231, -0.31245734, -1.16978904,  0.69758349,
       -2.46141832, -1.49184997,  0.41620789, -6.14301742, -3.19181585,
       -1.72454182,  1.89517989, -1.83820567,  0.70799336, -1.90746483,
        0.41167194,  0.34345269, -3.45577804, -2.41486523, -0.68627546]), array([ -4.67495338,   0.30628553,   2.554557  ,   6.38929325,
         5.21623407,   4.41476996,  -1.02572353,  -4.33566348,
        -5.01428644,  -0.78821892,   6.18904765,   7.15876506,
         4.16365588,  -3.48979287,  -1.61406742,  -1.55560877,
         0.78321427,   4.47555081,  -1.55448924,  -3.16094046,
         1.05490481,   3.00683411,   1.30034293,  10.11628576,
         2.39898146,   1.27126164,   0.52422434,   3.4729386 ,
        -1.52731594,  -3.52575417,   5.28189346,   0.20566393,
        -2.78687718,  -0.24232193,  -0.37545515,  -2.26969405,
        -5.61958028,   2.04581128,   2.95975044,   0.37488331,
         0.24727125,  -0.22199158,   0.85468643,   2.82372359,
        -4.90095672,  -2.49221842,  -2.38032344,   1.04320969,
        -2.79423915,   5.67053464,   3.89516306,  -1.78719992,
         4.34472016,  -1.19733047,   2.93051705,   0.03778149,
         2.02653984,   4.64682095,  -5.59397584,   3.0139751 ,
         5.76247939,  -1.13951051,  -1.58911235,   4.84848835,
         0.2531014 ,   0.56314478,  -6.55890393,   1.16249635,
         7.17118958,   4.48901248,  -5.08153316,   1.21199188,
        -2.19529792,  -3.396597  ,   2.34546707,  -7.34585965,
         0.28340519,  -0.26812913,  -3.05602586,   7.70550256,
         0.09991178,  -0.73709985,  -0.34511009,   1.11062036,
        -1.64380444,  -1.28765062,  -3.90062153,  -0.25751432,
        -7.00505039,  -4.65243237,  -3.91490878,   0.71434515,
         1.46869673,   1.58171712,  -0.26621506,  -0.916299  ,
         0.4184224 ,  -3.44659999,  -2.59426793,   1.34763866]), array([-2.35543553, -0.4402845 , -1.63244642, -0.51036142,  1.18287939,
        5.15645839, -1.26195075,  1.31577373, -0.95610187, -0.6350321 ,
        1.25179719,  2.93406326, -2.975267  , -1.10626136,  0.1040363 ,
       -0.43310525, -3.07866627,  0.05585263,  0.36460491, -0.77061595,
        1.77111898,  1.71492411,  0.12202778,  0.50030389, -0.80482706,
       -0.72075083, -1.13598096,  2.70198218,  4.23964002,  0.16211651,
        1.67478439,  1.9382139 ,  2.97368389,  1.21631972, -1.73471016,
        7.14475115, -3.12104316, -0.12170193,  2.1562107 ,  0.08463934,
        1.93148606, -1.05837806, -0.01824753, -0.88679433, -0.35848568,
        1.35341077, -3.6589847 ,  3.38288404, -1.52741511, -0.70416213,
       -1.68787992,  1.78750086,  0.16163744, -0.33516489,  2.12089476,
       -3.56186492,  0.4402558 ,  0.07309719,  0.12767473, -0.06634422,
        0.10854884,  0.39859921,  3.54025536, -0.38227586,  0.67799239,
       -2.12752184,  4.38564429,  2.06105217,  0.24755934,  2.39463767,
       -0.59381239,  0.21751998, -2.31499415,  0.5549039 , -1.62423965,
       -2.99698134, -1.27153563,  2.16473598,  0.60682005, -1.21224649,
        0.37004504,  0.28097354, -0.51564474,  1.02878764, -1.68835138,
       -4.67088535,  1.7970412 , -0.5257984 , -3.51400362, -0.62519035,
       -0.78394942, -2.32264732, -1.25565096, -1.2520833 , -1.6348794 ,
        0.76690089,  0.4999044 , -0.79381765, -1.60261857, -0.68162124]), array([ -8.88003279,   2.74999386,   0.54963927,   8.07661803,
         3.91700857,   7.32240784,  -0.20419354,  -7.49177964,
        -7.26126086,  -0.33616689,   5.32937878,   9.17252645,
        -1.28904789,  -3.61639643,  -2.94898177,   0.05666626,
         2.1682826 ,   0.50307759,   0.07695381,  -1.60608144,
         3.22550331,   4.68017373,  -0.38161067,  10.45649468,
         4.46494438,   0.78078664,   3.21542822,   6.52084179,
         1.31262109,  -3.47247997,   5.11790264,  -1.44032933,
        -2.60191409,  -0.37059714,  -4.25585769,   2.39429621,
        -7.98774065,   3.57289648,   3.65780474,   1.67096988,
         3.50498035,  -2.36895232,   0.88909904,   2.75692237,
        -5.560891  ,  -4.02865505,   0.48748499,   3.42597331,
        -5.2903807 ,   3.02240796,  -0.58225095,  -0.4613143 ,
         5.2121909 ,  -3.43612641,   1.18815179,  -3.30280713,
         6.53438639,   3.60883714,  -7.53864952,   4.31668167,
         4.30530833,  -5.06609419,  -1.1231999 ,   1.9555776 ,
         1.05670504,   0.09522299,  -1.59907668,   2.13860066,
         9.20400974,   2.86427853,  -5.53098743,   0.50636416,
        -3.29687858,  -3.81320106,   5.37149559,  -8.57569333,
         0.28256379,   2.91220185,  -2.96669802,   7.43404883,
         1.6376935 ,  -3.45478543,   0.67391162,   0.36068303,
         2.15178346,  -0.38106976,  -2.38295072,  -0.04679745,
        -7.74413621,  -4.96206567,  -4.9377511 ,   3.02131541,
        -1.25978473,   2.56513615,  -1.08766456,  -0.01790859,
        -1.69814229,  -7.71021837,  -2.53713781,  -1.8809981 ]), array([ 1.80322308, -1.17664567,  0.36466018,  0.0581881 ,  3.74947358,
        1.62625058, -2.29028861,  2.47725011, -0.33064453, -0.92690027,
        0.13960624,  1.80702466,  4.40826673, -0.86377479, -1.75559514,
       -1.16484165, -0.26326063,  3.53623118, -2.03729495,  0.85678666,
        1.70539632,  0.18289265,  1.62494524,  1.65441475, -2.21081905,
       -0.06877462,  0.31732252, -1.85528858, -3.41489185, -3.10030956,
       -1.20927064, -1.88427456, -1.73122134,  0.88177794,  2.21378261,
       -3.38262152,  0.85607689,  0.62249131, -1.01285014,  1.76842569,
       -3.64611992,  0.07640258,  2.18251991,  0.85405601, -0.91779133,
        0.58451511, -1.09524913, -3.43563104, -0.46550378,  4.44491137,
        3.48856772,  1.47522223,  2.25668435, -0.10140922,  0.08747792,
        0.73278468, -0.68234895, -0.15016564,  2.42003216, -0.7816978 ,
        4.17492371,  2.10666126, -0.36416317,  3.87562718, -2.26515462,
        0.17955751, -3.69966587,  1.21311829, -0.68906095,  0.46633137,
       -0.43705971,  0.22171779,  0.71915282, -1.19538358, -0.68845973,
        0.1623293 , -0.96704813, -0.26433511,  0.05281415,  1.35269255,
       -2.0927225 ,  2.47678457, -1.31606421,  0.07557011, -2.12887967,
       -0.24593976, -2.4836845 , -0.99854937,  0.56822255, -1.22916315,
       -1.61861768, -1.11799477,  1.80572265, -1.08893059,  1.99122897,
       -2.06244233,  0.74954314, -0.91962401,  0.47428367,  1.47383725]), array([-5.94241754,  0.91781864,  0.31244347,  6.68530111,  1.70529081,
        4.93387994, -1.42092883, -2.77853031, -4.2579807 , -1.99229997,
        3.12245929,  4.07730872, -1.27859439, -2.87407638, -0.89171851,
       -0.4564741 , -1.50781192, -0.97458787,  0.86194564, -2.4780803 ,
       -0.38670451,  4.94786253, -0.30049914,  9.94053535,  2.942138  ,
        1.29725468, -0.55280681,  5.23346029,  1.43866808, -2.99594574,
        5.41056894,  0.18357063,  1.22933374, -3.39660073, -2.62198188,
        4.11886116, -4.83803746,  1.74591891,  4.0248524 ,  1.22295962,
        3.85994903, -0.29206215, -0.21350102,  2.2029018 , -4.28284557,
        0.02930414, -0.78712064,  1.92672065, -1.42168936,  1.39980396,
        0.89237727, -2.43795245,  5.77805059, -1.81109135,  0.82223044,
        0.97687294,  2.3067156 ,  6.47281768, -7.2348285 ,  6.13168094,
        5.3800604 , -5.17848199,  0.59581013,  0.58825035,  3.90959065,
       -1.27442874, -5.46621114,  0.81255677,  8.07802445,  4.17695403,
       -3.8749315 ,  2.28464931, -2.6854971 , -2.48748966,  2.95739601,
       -7.04355686, -1.3231065 , -0.103893  ,  0.67037096,  5.14157681,
       -1.72145012, -4.69506439, -0.14752093, -1.86351186,  2.73803955,
       -1.68238809, -2.99646965,  1.13335476, -3.79453195, -6.26805645,
       -2.28348832,  3.74359539, -2.6616114 ,  2.74409415,  0.28500312,
       -0.34221413, -0.43554095, -2.50442351, -1.04369004, -0.37839545]), array([-4.70025846,  2.10698697,  3.34341243,  5.87146085,  3.68441056,
        0.52799112, -0.65463235, -6.48583062, -5.3218135 , -0.16415297,
        8.42492926,  6.05542786,  5.64587968, -4.59234657, -1.25948098,
       -0.59225605,  1.27525491,  4.73928291, -3.48212083, -5.30307863,
       -1.2485416 ,  0.78756484,  0.95437377,  9.2716549 ,  5.40568684,
       -0.76798046, -1.68099286,  6.17877954, -0.91697371, -1.26552562,
        6.02146344,  2.73750186, -3.03546896, -0.8271564 , -0.36989969,
       -2.73461898, -5.66382092,  2.04481207,  3.94376657, -0.7104169 ,
        2.38266627,  1.67993223,  0.88968816,  1.90859568, -3.04086603,
       -3.0483856 , -4.92865754,  1.87050034, -2.02940604,  2.29661762,
        3.91130269, -3.01396811,  3.65122496,  2.2485458 ,  2.22667699,
        1.78541184,  3.20095068,  5.13638737, -9.88548434,  4.39787993,
        4.23168265, -0.58389775, -1.16472014,  5.58086649,  0.81748113,
       -0.31953473, -8.37057035,  1.9886116 ,  5.54882157,  5.13454826,
       -3.15658494,  1.00624178, -5.19330907, -2.2190679 ,  4.90857033,
       -6.36072545,  1.21327996, -1.63942119, -4.07029585,  5.60258244,
        4.31636219, -2.09260362, -2.06201366,  4.07360454, -1.56049285,
        2.03456905, -3.52727522,  2.04500228, -5.64675247, -3.57316072,
       -3.55613808,  0.22481382,  1.96255521,  3.25345455, -0.88642741,
        0.16812478,  0.174749  ,  0.10447516, -1.63126179, -1.42354824]), array([ 0.47171086, -0.85481241,  0.53289319, -2.41610279,  1.61243369,
        0.19405745,  2.97093093, -1.80450799,  1.21217829,  2.79434223,
        2.75190141,  1.3235634 , -0.13741188,  1.75379587, -0.72117969,
        0.2628663 , -1.15917513, -0.36659585, -0.90638916, -0.6959287 ,
        2.4591166 , -3.79599206, -0.74751085, -1.4013614 ,  0.1441462 ,
       -2.21858253, -2.34373708, -0.49763375,  3.0418138 ,  3.40070137,
       -1.55439834,  1.31292804, -3.30852634,  1.52674033, -1.12515598,
        0.3884692 , -2.21925544, -4.2565551 ,  1.46869664, -0.68000162,
       -0.0725809 , -0.94983129,  0.08665483, -1.90832277,  0.30861756,
       -0.77498135, -1.51604884,  3.23772027, -0.57963309, -0.92968975,
       -2.29722745,  0.32044681, -2.12313669,  1.00340076,  4.15936799,
       -2.65628229, -1.17184347, -3.98237542, -0.3996184 , -5.29709254,
       -1.4623415 ,  3.77535224, -0.52325338,  0.61689201, -1.09764598,
       -0.68394829,  5.36725668, -0.38659655, -0.35643087, -0.1913445 ,
       -0.25994026, -0.80716719, -1.21334057, -0.16205119, -1.93347129,
       -0.27490269,  1.15355493,  1.97703228, -0.47756601,  0.42871523,
        3.37484787,  2.00858062,  0.14993567,  1.73216594, -3.13372766,
       -0.10388714,  0.79535055, -2.50090003, -3.42699763,  4.08002279,
        0.82040817, -2.69991792,  2.784333  , -3.5982812 , -1.75565078,
        1.28247376,  1.01884367, -0.17770638, -2.72954562,  0.21533802]), array([ -5.64891338,   0.59091425,   1.60857092,   9.54081202,
        -0.09111232,   5.04535556,   1.47220954,  -5.61218739,
        -3.67614675,  -0.51753953,  -0.06926608,   4.13296795,
        -1.59712756,  -1.01875296,  -0.22643149,  -0.31805576,
         2.94488013,  -0.71572024,   2.80804396,  -2.15389341,
        -0.76655106,   4.46681392,  -0.28847867,  10.0634408 ,
         3.84040332,   3.21230257,   2.65368181,   3.9414939 ,
         0.05736816,  -1.58121204,   5.20899391,  -0.4649969 ,
         1.36594266,  -1.51507458,  -1.77757247,   1.65137696,
        -3.46780038,   0.80392092,   3.10959995,  -0.144261  ,
         4.06874079,  -2.1000874 ,  -1.36911702,   3.60774934,
        -6.27135897,  -1.90343142,   0.51443452,   0.65521753,
        -1.79518718,   2.06989649,   1.21944088,  -3.02417219,
         6.53890944,  -2.52121782,   2.47496402,   0.57321435,
        -0.06274974,   5.19343007,  -5.97284448,   6.00112772,
         2.95381021,  -6.13950872,  -2.06508274,  -0.8364678 ,
         6.80055094,  -1.82276499,  -5.74380517,  -1.27731389,
         9.97933865,   2.70392948,  -4.09246349,   2.09445274,
         1.01192242,  -2.40860784,   5.27064252,  -7.02438164,
        -0.17207745,   1.51634672,  -1.3642804 ,   6.40427208,
        -2.60469759,  -6.54202437,   3.79717982,  -1.5926097 ,
         3.16506386,  -1.45251919,  -3.14502668,   1.77999687,
        -3.29555571,  -6.92960286,  -0.35911012,   4.57588744,
        -2.94402778,   4.3359853 ,   0.23107885,   1.0977128 ,
        -2.53993201,  -2.35694408,  -0.89595568,   0.10510635]), array([  1.24288049e+00,  -1.16295777e-01,  -3.32996414e-02,
        -1.55592359e+00,  -1.09759752e+00,  -2.75158690e-01,
        -4.66416494e-01,   1.69494218e+00,   1.21558875e+00,
         2.09533455e-02,  -2.36475586e+00,  -1.08909929e+00,
        -1.15006733e+00,   3.36562194e-01,   5.22768334e-01,
        -1.69034341e-01,  -1.47683885e+00,  -1.03807833e+00,
         6.95896387e-01,   6.09553422e-01,   3.97312983e-01,
        -1.05248774e-01,   5.58665775e-01,  -1.49889616e+00,
        -1.46246692e+00,   6.17930560e-01,  -5.94136040e-01,
        -1.86289984e+00,   3.21608810e-01,  -6.56094102e-01,
        -3.36432420e-01,  -1.07755353e+00,   6.27605743e-01,
        -9.04873166e-01,   2.31389925e-01,   8.98564851e-01,
         1.10406826e+00,  -1.00612841e-01,  -3.30181230e-01,
        -1.96587775e-01,  -4.53613416e-01,  -1.29450272e-01,
        -2.00222315e-01,  -6.77255135e-01,  -3.64297808e-01,
         1.24825663e+00,   5.42126204e-01,  -3.10013277e-01,
         6.70022817e-01,  -8.39146599e-01,   1.58798896e-02,
         3.24827567e-01,  -5.52407868e-01,   4.10452433e-01,
        -3.11806061e-01,  -8.66402451e-03,  -7.33492420e-01,
        -7.16269758e-01,   1.49088145e+00,  -6.81413235e-01,
        -4.90360123e-02,   1.11130229e-03,   5.60126544e-01,
        -1.09938247e+00,  -3.60760711e-01,   1.04070346e+00,
         1.62224466e+00,   3.43999506e-01,  -1.81665387e+00,
        -2.17266594e-01,   1.97839223e-01,  -3.13549254e-01,
         6.06646104e-01,   2.18923039e-01,  -1.64385211e+00,
         7.30215115e-01,  -6.54849674e-01,  -7.19427849e-01,
         1.70860463e+00,  -1.07450818e+00,  -7.60847698e-01,
         8.90010888e-01,   3.98272629e-01,  -6.36672389e-01,
         2.36647233e-01,  -4.99675091e-01,   3.23267524e-01,
        -1.06292744e+00,   1.20332855e+00,   8.31913677e-01,
        -1.21175344e-01,  -4.92814569e-02,   1.97513910e-01,
        -6.31159663e-01,   1.01576225e+00,  -4.87888331e-01,
         6.53952843e-01,   3.74076048e-01,   1.42925095e-01,
         7.02947644e-01]), array([  0.9487914 ,   1.72423108,  -4.41632402,  -7.49810288,
         1.70215525,   0.82839249,  -3.30794753,   3.9547888 ,
        -1.26082399,   1.51960017,  -2.37242244,   1.11280455,
        -2.87114151,  -0.40681381,  -0.92827156,  -1.35601949,
        -4.6997417 ,  -0.99110317,  -2.86957766,   7.0878533 ,
         8.23293719,  -2.7844029 ,   1.19654396,  -9.75281661,
        -4.22158641,  -4.33392779,   3.03404585,  -4.06308672,
         0.87741228,  -5.96657824,  -5.01487722,  -4.8467284 ,
        -6.08037121,   1.7650898 ,  -2.40379354,   2.17173819,
        -1.6305777 ,   0.30236238,  -2.48235687,   2.56112054,
        -1.3554674 ,   1.37645611,   4.04515099,  -4.55896025,
         3.06942565,   2.1286304 ,   2.65406714,  -1.15667577,
        -3.79495676,  -1.73805336,  -4.61254458,   6.13759911,
        -3.45572004,  -0.72032443,  -4.03058638,  -4.97383917,
         3.89174431,  -6.59260631,   4.94995892,  -7.62052504,
        -0.96277651,   0.78797228,   5.24224079,  -2.58888311,
        -7.70321561,   2.98139674,  11.21461332,   3.88548127,
        -9.74377129,  -1.71043786,   1.87733839,  -3.14420379,
        -1.8366749 ,   0.80115774,  -5.85105266,   3.29019821,
        -0.26607789,   0.35802091,   3.62228175,  -2.7171015 ,
         4.32610591,   6.57717028,  -4.03742495,  -0.4018692 ,
        -1.23550213,  -0.35947617,   2.69692907,  -4.59688271,
         2.99137422,   7.83809458,  -3.96704172,  -3.98291769,
         3.61928144,  -6.18143201,   0.48302182,   0.54841793,
         1.8236581 ,  -5.15024844,   0.85332076,  -2.14138714]), array([-14.59034401,   2.70325041,   6.01540905,  16.40806049,
         8.18260001,   7.075556  ,   0.20579932, -14.68153294,
       -11.31601663,  -1.41016513,  13.93364859,  11.99727575,
         4.49867511,  -8.15615575,  -2.83042793,  -1.24085945,
         4.71468384,   4.96035054,   0.61390521,  -8.07296025,
        -0.60387111,   7.53127229,   0.30825219,  24.03095439,
         9.44214936,   4.9486285 ,   2.01732208,   8.88323072,
        -1.26867661,  -4.16659947,  12.44019002,  -0.04986611,
        -5.42171176,  -4.13615538,  -2.7315162 ,  -4.45737419,
       -14.36849302,   5.28597981,   5.58135781,   0.10005704,
         3.76796938,  -1.61833378,  -0.59317002,   6.94459968,
       -11.77383288,  -9.99669571,   2.03169525,   5.12500624,
        -3.89259403,   7.43910757,   5.46697493,  -6.43769636,
         8.30314354,  -4.95474481,   3.20102155,  -0.76653174,
        10.38244238,  10.741247  , -16.61606441,   9.70989858,
        11.07383776,  -8.39328342,  -6.91594647,   7.39464818,
         3.28263837,   2.54151695, -13.13722322,  -0.61914427,
        20.23399142,   5.92931678, -10.6165303 ,   3.76943338,
        -5.80940355,  -8.88717343,   8.67221679, -17.37921549,
        -0.44647663,   0.88540548,  -7.28701263,  17.6102909 ,
         2.70786598,  -6.51075428,   1.34496785,   0.34129197,
         2.62065   ,   2.59441535,  -7.92435751,   2.63956055,
       -13.56379748, -11.61722556,  -6.84719815,   7.47336362,
        -0.53601912,   6.66972414,  -2.77428525,  -1.61958644,
        -1.15785162, -11.15305571,  -4.17540234,   1.11999194]), array([-3.79492587,  2.31111684,  0.95042498,  4.29844265, -2.71216662,
       -1.88548146,  1.85675589, -5.45595659, -3.36694856, -0.14026416,
        2.34370883,  0.33107691, -3.4554321 ,  2.27563307, -0.3484152 ,
        0.49539643, -0.73396062, -5.86414498,  1.12192992, -1.30438481,
       -0.81403985,  1.87914349, -1.77331395,  5.21245393,  4.82697103,
        0.39903658,  0.43654817,  1.55073269,  0.85805134, -1.94659468,
        3.55686366, -1.15863265, -5.01309393, -5.8310842 , -3.72743387,
        0.28569436, -1.2723361 ,  0.28793266,  3.48010175,  0.17232603,
        4.44145615,  1.15200165, -0.66824665,  1.14175593, -1.13596085,
        0.24404359,  5.43450796,  1.67295604, -0.63433773, -1.23955729,
       -2.53281558, -4.54692195,  0.52896269, -2.15423856, -0.89771133,
        4.69396399,  0.8434312 ,  4.96239714, -7.45713492,  2.78257068,
        0.99604257, -4.98315513, -1.7640361 , -4.37898838,  1.43159312,
        2.28701969, -2.63486165, -3.16185949,  5.45253872,  1.35779631,
       -3.75572946,  0.77277466,  0.23503629, -2.47636936,  1.76479137,
       -2.77492105,  2.32967373, -2.816275  ,  1.87423516,  6.50235918,
       -0.24339986, -4.13421358,  0.89128886, -4.77213131,  4.5503936 ,
        1.40860786, -2.16768881, -1.21176124, -2.6036945 , -0.99911846,
       -0.92947185,  4.83218112, -0.31183706,  1.22280031,  0.28365727,
        1.33628533, -0.28201522, -1.4458642 , -1.88017293, -0.86325005]), array([  8.60473444,  -2.36046018,  -2.90323187, -11.55706299,
        -1.85328223,  -0.68597793,  -4.20218951,   9.3596096 ,
         7.4337154 ,  -0.05297338,  -6.11670096,  -5.31352151,
         0.75341527,   2.76813927,   1.67987035,  -0.70099991,
        -5.29314051,   2.0028638 ,  -4.69150676,   2.64633449,
        -0.10054279,  -5.91790392,  -0.50751385, -17.36247717,
        -7.42132614,  -0.29304472,  -1.15155134,  -7.16930218,
         2.14914422,   2.1424505 ,  -6.37976779,   2.09617195,
         0.24797587,   7.0188288 ,   3.1694322 ,   3.67959867,
         6.23863008,  -3.28397631,  -3.37940302,  -2.00645173,
        -2.14997133,   0.23585411,   2.20851248,  -5.67779661,
         4.6620878 ,   4.54330556,  -5.14462578,   1.2424733 ,
         3.12718177,  -3.76283449,  -2.77605337,   5.37729674,
        -6.32692939,   3.75355202,   3.05962458,  -4.57747388,
        -4.47847767,  -8.76763533,  11.2017701 , -12.27151504,
        -5.43641155,   7.99998111,   4.10315419,  -2.80460638,
        -4.8527616 ,   0.21704786,  12.15921797,   2.56313582,
       -14.19755278,  -0.10633735,   5.01651259,  -5.40773256,
         2.11106718,   3.07571532,  -7.24600423,   8.84395969,
        -0.11956411,   1.62513417,   3.7940915 , -11.37712289,
         0.82099779,   9.94757699,   1.23094522,   4.70391889,
        -3.94906019,  -3.67075824,   7.92416522,  -1.42580576,
         6.25571995,   7.70525034,   3.51488724,  -8.0345296 ,
         6.73516486,  -4.9700978 ,  -1.02486288,  -0.72329874,
         1.9953828 ,   4.77849051,   3.38516542,  -0.19815485]), array([ 4.47162719, -2.62036389, -1.56582535, -4.84432998,  0.22038931,
       -4.8976752 ,  0.06140518,  3.34690061,  1.90958235, -3.69960345,
       -3.52267192, -4.53832269, -2.00257493,  2.11049758,  2.39882145,
       -1.92914603, -2.43283443, -0.99220077, -0.19369064,  2.56960869,
       -1.81765409, -0.79318207,  1.10270688, -8.78044347, -1.98136455,
       -2.58018077, -2.92871855, -0.63842973,  2.39260307,  2.60340608,
       -4.16767201, -0.13628985, -0.28903507,  1.03656816,  3.57400038,
        7.08676666,  4.73922397,  0.82900155, -0.8085012 , -0.9651783 ,
       -2.96141973,  0.67194994, -4.16786527, -4.91018524,  3.45201837,
       -0.94452595, -3.44730598, -2.91772751,  0.86544203, -3.28562433,
       -2.66578904,  3.65989382, -4.80297575,  6.53104053, -0.40363317,
        1.51023812, -2.70099811, -3.68815125,  4.27201769, -4.40298789,
       -5.1293721 ,  6.13219981,  2.04725352,  0.60810939, -2.40238008,
       -1.74588231,  2.93735108, -1.12473353, -6.13261141, -1.41847994,
        1.99355982, -1.74949046,  3.51190879,  3.83139204, -5.52724162,
        6.76739995,  0.53269908, -3.45470465,  2.62382383, -6.7882678 ,
       -0.97140512,  4.72069081, -1.04128954,  3.46773618, -1.21300079,
       -2.28901225,  3.46595393, -1.04006017,  2.65538616,  5.61046538,
        2.01860643, -1.85733786, -0.57948552, -4.13652398, -0.41406427,
        4.12285501, -0.87134403,  3.98681008, -1.74989885, -1.13871718]), array([-10.1102308 ,   1.97333005,   1.96680832,   7.66052847,
         1.01628497,   2.57795248,   1.68423081,  -7.80379485,
        -6.36637568,  -1.46493499,   8.35343168,   4.82674824,
        -3.63526411,  -1.18556719,  -1.12967844,  -0.06645955,
        -2.83234383,  -4.34451201,   2.29236807,  -5.10214316,
        -0.06846827,   5.14298362,  -1.25462042,  13.30043812,
         4.59765766,   1.6137674 ,  -1.88964071,   3.95249399,
         3.40185247,  -1.77442466,   8.16439004,  -0.47576201,
        -4.30046447,  -8.91060218,  -3.17682052,   2.45981551,
        -8.3316275 ,   0.41643902,   3.96803304,   0.12388934,
         5.38913704,   0.41577173,  -1.79448614,   1.52312074,
        -3.82335101,  -2.90229922,   4.03957482,   5.65114955,
         0.27811136,   0.18906341,  -1.85709391,  -5.6626205 ,
         1.52030866,  -3.82183904,   1.71999255,   1.38723097,
         3.41226264,   6.3714385 ,  -9.66057085,   5.13815843,
         5.2359776 ,  -5.71855939,  -2.57325167,  -0.30235993,
         2.34962537,   1.18725268,  -4.55555461,  -4.81780641,
        11.24207065,   2.94101767,  -5.5670727 ,   4.13089821,
        -3.03095264,  -5.34537392,   0.94590526, -10.29090769,
        -0.26892764,  -1.97003185,   0.72434517,  11.11694384,
         0.94891024,  -3.95448053,   1.40460075,  -4.7280652 ,
         4.16021889,   0.03078328,  -2.97252183,  -0.69728489,
        -8.39050473,  -5.17704673,  -2.45232256,   5.98632942,
        -1.88219219,   1.03636764,  -2.44451267,   0.99034637,
         2.43696627,  -5.78216722,  -4.3154356 ,   0.58129352]), array([ -9.46435465,   3.04713625,   0.32925465,  12.06026679,
         5.23580643,   8.70415608,  -2.54507971,  -6.81856779,
        -7.4633991 ,  -2.21679944,   5.57790592,   8.55289123,
         0.78519679,  -4.73884554,  -4.36451887,  -0.47369021,
         1.68826601,   3.38674434,   0.14653607,  -3.08816066,
         3.27254055,   5.38634503,  -0.91009138,  13.46317549,
         5.53639985,   0.42012827,   5.26804061,   6.96297265,
        -0.12986594,  -5.0392903 ,   5.72757183,  -0.36155388,
        -3.0289421 ,   1.36700763,  -4.17807752,   1.77772655,
       -10.22063301,   1.85184347,   4.49382049,   1.7462047 ,
         3.20818664,  -1.46335111,  -0.90482163,   4.55818571,
        -7.84548131,  -5.39249948,   1.28084695,   3.71610614,
        -5.14645276,   3.68660382,   0.86131628,  -0.90156654,
         7.38305966,  -5.54368194,   1.56986159,  -2.21250849,
         7.51436676,   6.41844558,  -7.55356867,   5.13046363,
         7.4814478 ,  -6.92325141,  -1.05746615,   1.44345414,
         2.00751834,  -0.46369051,  -5.90873571,   2.25133481,
        10.14218606,   4.13285352,  -6.4035274 ,   2.0627133 ,
        -2.89907926,  -5.94972509,   5.15465505,  -9.94314913,
        -0.70970287,   3.50736905,  -1.39680787,  10.51419605,
         1.55635977,  -3.51509031,   0.54183057,  -0.50243865,
         1.20704653,   0.38440676,  -3.10593056,   1.6746404 ,
        -5.70404829,  -6.95004438,  -6.37138302,   2.61840863,
         1.01876434,   3.42182409,   0.06503035,  -0.67568155,
        -1.80837057,  -7.88864092,  -0.92432569,  -1.2899345 ]), array([  6.55852592,  -1.73469306,  -1.97740759,  -9.98457378,
        -3.89422505,  -4.05109935,  -2.07544934,   9.7867125 ,
         7.87179197,  -1.57698446,  -5.88905083,  -9.45759251,
        -3.74783902,   2.84448845,   2.91921227,   0.57933084,
        -4.48530216,  -1.95760874,   2.01810174,   2.96264857,
        -1.59025939,  -2.0583351 ,  -1.32607353, -12.0097385 ,
        -6.24116976,   0.68862378,  -0.47253804,  -6.31488361,
         1.55206696,   2.46279128,  -4.70946712,   0.98033169,
         4.01731689,   0.64022862,   1.41801053,   2.85341118,
         6.71626231,  -1.38100164,  -3.9895402 ,  -2.11301682,
        -2.88129803,   0.94402191,  -2.16396333,  -2.90966589,
         4.1662533 ,   4.15565038,   3.07340295,  -1.1578003 ,
         3.80068146,  -4.63732763,  -2.6875773 ,   2.94284125,
        -7.35682056,  -0.12013163,  -2.80915121,   0.22408234,
        -2.07106949,  -3.86750067,  10.21427366,  -4.53139632,
        -4.75459974,   2.93219542,   2.0551656 ,  -4.60068335,
        -3.77739887,   2.37964173,   8.04727926,  -0.54535619,
        -9.05783383,  -4.23514372,   3.20718155,  -1.33933659,
         3.56305314,   3.25476652,  -7.51212206,   8.58246879,
        -1.7357043 ,  -1.48696576,   4.93062182,  -8.35577577,
        -2.25263332,   5.71934875,  -1.11535789,  -2.76148331,
        -0.2977244 ,  -1.65145052,   4.78891175,  -1.94299924,
         6.42219097,   5.4653138 ,   3.32346002,  -2.2296762 ,
         0.24340378,  -3.96323492,   1.10380911,  -1.82712781,
         0.29609803,   3.30638152,   2.47017626,   1.68507431]), array([ 4.15947349, -2.57310837, -2.42652136, -5.05798875,  2.40986497,
       -0.07795281, -1.27643211,  5.08497202,  3.72578562, -0.6972042 ,
       -2.15931154, -2.65867906, -1.22252883,  1.75322942,  0.1412553 ,
       -1.02267435, -5.72091634, -1.84667566, -2.13956629,  2.76482445,
        0.72446449, -1.78908319, -1.77129281, -5.63009965, -5.0230056 ,
       -0.97981705, -3.80188951, -1.00239935,  2.83588251,  0.4495146 ,
       -3.47773232, -1.3329998 , -0.39313999,  1.92879467, -0.45231707,
        5.03513501,  1.56420941, -3.10153208,  1.05769061,  0.03650008,
       -1.41104143, -0.63109065, -0.10775077, -3.57359909,  0.70938906,
        3.79272378, -3.53503521,  1.04911507,  1.10492684, -0.5034669 ,
       -3.68719758,  1.88297682, -0.89395746,  2.10501236,  2.61282157,
       -1.95233376, -2.46644147, -3.20176033,  2.84948633, -6.48837393,
       -0.77110642,  4.16495952,  2.1058817 , -0.34588823, -1.83501046,
       -1.42281686,  5.05808081,  1.53548281, -3.16157212,  0.93379102,
       -1.2317894 , -2.93307926,  0.77347781,  0.92234359, -5.97890323,
        3.50075746,  0.14870285, -1.09014227,  4.82913882, -3.98241439,
       -1.9165637 ,  5.26605156, -0.0312453 ,  0.62615263, -0.43266864,
       -2.94081131,  2.2595363 , -3.62886734,  0.6121559 ,  3.95147624,
        1.22749762, -1.46238501,  2.99870575, -4.94469817,  1.22832571,
       -1.38367881,  1.61893897,  1.25290157, -0.12635138,  1.26486779]), array([  3.31119749e+00,   2.96058385e-01,  -2.01396012e+00,
        -9.02650850e+00,   1.38454392e-01,  -6.53512241e+00,
        -1.80797154e+00,   2.93140643e+00,   1.33491090e+00,
         1.39356784e-01,   2.57575421e+00,  -5.44602863e+00,
        -3.27433351e+00,   2.32026787e+00,   2.18196022e-01,
         7.59661626e-01,  -2.49787843e+00,  -4.12958973e+00,
        -3.00388452e+00,   5.20286731e+00,   4.04476859e-01,
        -4.71998436e+00,  -1.52213649e+00,  -1.01125093e+01,
         8.08013639e-01,  -2.63547266e+00,  -8.78750834e-01,
        -1.99616205e+00,   9.65032656e-01,   1.93413894e-01,
        -4.57519648e+00,  -3.94882871e-01,  -5.87143268e+00,
        -1.58782215e+00,  -2.92907164e+00,  -1.39411319e-02,
         3.39224462e+00,   2.20995667e+00,  -9.87844009e-01,
         2.47717879e+00,  -5.87062504e-01,   3.74337945e+00,
         4.45052556e+00,  -3.82026381e+00,   7.35880666e+00,
         2.59317050e+00,   5.58969721e+00,  -1.86023229e+00,
        -1.02393787e-01,  -3.88974196e+00,  -5.36428074e+00,
         2.61882967e+00,  -8.27588289e+00,   8.06552569e-01,
        -6.02267671e+00,   2.79452736e+00,   5.99425926e+00,
        -2.72667273e+00,  -2.20569122e-01,  -5.39539813e+00,
        -3.54557411e+00,   2.64638577e+00,   1.79090776e+00,
        -3.94260648e+00,  -7.39367851e+00,   3.22066997e+00,
         8.44334668e+00,  -1.52523895e-01,  -5.58625870e+00,
        -3.83221524e+00,   2.37412046e+00,  -3.16640663e+00,
        -1.82833963e+00,   1.71146721e+00,  -3.16348931e+00,
         7.19325869e+00,   1.40340671e+00,  -1.01863525e+00,
         1.61999860e+00,  -4.87696233e+00,   3.39702128e+00,
         3.37696946e+00,  -6.57740829e+00,  -3.03761310e+00,
         1.30508579e+00,   2.55147692e+00,   4.49851162e-01,
        -1.51811347e+00,   2.46126490e+00,   7.55207144e+00,
         1.58077717e+00,  -3.75576884e-03,   1.26442625e+00,
        -4.51088910e+00,  -1.44828837e+00,  -2.51734172e-01,
        -1.41783782e+00,  -1.38765580e+00,   1.31425538e+00,
        -4.77321888e+00]), array([ 0.06220331, -1.3015285 , -0.95611819,  2.18620218,  2.72074859,
        3.78895157, -2.46098491,  1.20351651, -1.19128416, -2.14122583,
        0.09002358,  4.02274316,  2.16771226, -1.30955138,  0.30697154,
       -2.05179001, -3.57759764,  3.6191073 , -2.42586812, -2.36203553,
       -0.45863558,  2.07665953,  0.66844839,  1.52943084, -1.98887948,
       -0.28971896, -2.77371368,  3.50556065,  1.00842261, -1.88443147,
        2.774359  ,  1.57022343,  2.20885709,  3.75575035,  1.14850655,
        4.67542951, -2.12135895, -0.4642214 ,  3.65061771, -1.3939525 ,
       -0.45242669, -0.58458973, -1.01067504,  0.26979425, -2.07354   ,
        1.75942695, -9.24798843,  2.48679013, -0.71746764,  3.34651116,
        1.49656231, -0.12516662,  2.75047722,  2.47498642,  4.51133183,
       -2.26244351, -3.05198533,  2.18552238, -0.72333475, -0.29872806,
        0.84232271,  2.62472123,  3.3975983 ,  2.82352334,  1.35973152,
       -3.32127035, -2.90798978,  3.44540134, -1.2625074 ,  6.25627902,
       -2.47486227, -1.6203228 , -1.58850756,  0.40521774, -2.1799165 ,
       -2.90438577,  0.72257228, -1.61626439,  1.12722808, -0.10602659,
       -0.89598769,  2.17928154,  1.63010546,  4.74608059, -3.52673667,
       -5.61619418,  1.70109703,  0.16540715, -4.04623301, -1.07170111,
       -2.09966174, -3.60708544,  2.22605009,  0.12614617,  0.18285197,
       -0.07464655,  2.5945545 ,  3.19056821, -1.3894628 ,  1.21876833]), array([ 2.18968527, -2.52030158, -1.06203758,  0.10533698, -0.17893417,
       -0.10406432, -0.97423711,  2.68880398,  1.29304361, -0.60802555,
       -0.98104971,  0.24523791, -0.31411909,  0.02116657,  0.39377585,
       -1.7918742 , -1.03742806, -0.79716636, -1.54113703,  1.05131304,
        0.64663898,  0.27072177,  2.66617144, -2.26224428, -2.60763972,
        0.31003048,  0.27128893,  0.91339034,  2.45542465, -0.17352151,
       -0.14155964, -0.87104881,  1.47795981, -0.33850386,  0.78776214,
        4.04009826, -0.05911011,  0.26221143,  1.07926848,  0.78170572,
        0.09582573, -1.78690557,  2.41838839, -2.48745094, -1.9671705 ,
        3.16663066, -0.15265131,  1.34562248, -0.25095384, -0.19577764,
       -1.03029911,  2.16946646, -1.03827364,  0.035705  ,  0.56566196,
       -0.38599416, -1.18286376, -2.05720222, -0.31558749, -1.31357254,
        1.11782381, -1.24012601,  0.29073394, -1.25465628,  0.38521159,
        0.05271393,  3.66004353,  2.58156867, -0.99297066,  2.0093861 ,
        0.3488667 ,  0.14712733,  1.33084343,  0.98240235, -3.84561065,
        3.66430376, -0.59017229, -0.95381955,  1.56547462, -0.76833291,
       -1.28417082,  1.52617563, -2.71116534, -2.34768356, -0.57316806,
       -2.13014796,  0.33053358, -0.44709823, -0.03151983, -0.59165661,
        1.30761109,  0.33870587, -1.49085177, -1.00680384, -0.03753773,
       -0.0874269 , -0.93328074, -0.37234585,  1.99515564,  0.53754703]), array([ 10.02878603,  -2.01499298,  -1.19221255,  -9.4875686 ,
        -7.0228455 , -12.47287076,   4.64499092,   1.48122144,
         7.4924897 ,   2.57489387,  -5.96632931,  -7.80656565,
         0.72472291,   4.27307992,   4.18869439,  -1.81002453,
         1.39247436,  -1.58719631,  -0.03374061,  -0.48560884,
        -4.00117049,  -6.79605918,   0.40912428, -12.46747577,
        -0.2553638 ,  -0.09999496,  -6.84224464,  -4.82389703,
         0.79241512,   6.39209458,  -1.78425555,   1.10849127,
         0.10963044,  -0.21439953,   1.9471143 ,  -4.72333008,
         8.08700182,  -4.33451765,  -0.08700725,  -3.65711691,
        -2.07249483,   3.01526455,  -2.83146871,  -2.49041275,
         6.86056849,   3.39613165,  -3.16083139,  -0.62693613,
         5.19742484,  -3.88625007,  -0.20547725,  -1.41879683,
        -6.90059046,   5.36122465,   1.31606297,   4.83610498,
        -8.66303274,  -3.99647117,   2.54698071,  -4.73373504,
        -7.95708402,   8.25886039,  -1.334139  ,  -4.66183261,
         0.29712651,   2.77565799,   5.08133582,  -4.80351129,
        -7.90603129,  -0.01977454,   1.18367945,  -3.71325409,
         2.19101912,   3.2353401 ,  -6.01437887,   7.27259202,
         4.02853412,  -3.82491245,  -1.1264139 ,  -7.81804502,
         0.2575822 ,   1.69188409,   1.14924588,   3.88107869,
        -3.47359326,   0.81439873,   2.74266995,  -2.56676561,
         3.92067841,   7.74822724,   2.85958287,  -2.44816205,
         3.82424589,   0.55594157,  -0.13535771,   1.52597465,
         3.69952674,   9.71378156,  -1.17739088,   2.80115319]), array([ 4.23891792, -1.75354265,  1.57850203, -1.58721273, -1.9127862 ,
       -2.58647841,  0.99107374,  4.08821931,  2.70210553,  2.18701564,
       -0.48985089, -4.54534422, -1.92204582,  2.1041415 ,  1.48672292,
        2.65841022, -2.775132  , -4.11331104,  0.83779022,  2.47112491,
       -2.26338457, -2.17552594,  0.58358867, -3.81259252, -2.26464416,
       -0.50590014, -2.53070339, -2.20116558, -0.1708221 ,  1.75201207,
       -3.61920156,  1.77641823,  4.31641053,  0.53745202, -0.08436123,
        0.93294961,  1.26065939, -0.48907099, -0.90453542,  1.39907425,
       -1.86367439,  1.06894123, -0.36847378, -2.96331731,  2.94609576,
        1.46839971,  1.6184342 ,  2.68485847,  2.00458851, -2.01783107,
       -1.46387481, -2.49750191, -4.59364861,  2.50375093, -1.02269163,
        0.09969337, -0.46965543,  0.13509707,  2.00070459, -3.24649582,
       -4.19746261, -0.22672625,  2.85561902, -2.21590313, -0.71985041,
        0.17119337,  2.65841253,  1.86081713, -3.80867081, -1.52147516,
        5.23530297, -0.05395158,  0.14744777,  3.41327241, -2.3042709 ,
        4.01840845,  0.73913294, -1.48356046,  2.75938482, -2.64471189,
       -0.58873729,  1.01258605, -0.24810905, -2.62262205,  0.49637089,
       -0.44436307,  2.12738642,  1.740459  ,  0.48118203,  3.67841705,
        3.93504445, -1.10013744, -1.04803771, -2.56504184, -0.57889328,
        0.30762015,  1.56586933,  3.10189971, -0.09897964,  0.50237978]), array([ -3.84835879e+00,  -2.71704136e-03,  -1.40656098e+00,
         8.99257217e+00,   4.85198705e+00,   4.99119784e+00,
        -2.31765983e+00,  -4.99265093e+00,  -5.02161229e+00,
         4.30092778e-01,  -7.84425526e-01,   9.64475892e+00,
        -6.35609091e-01,  -3.63131232e+00,  -1.63774746e+00,
        -1.31777008e+00,  -2.07252037e+00,   1.42458407e+00,
        -5.00789264e-01,   2.84658409e+00,   4.54809592e+00,
         2.91550292e+00,   2.19110798e+00,   5.91009004e+00,
         2.56311474e+00,  -1.13779690e+00,   2.62698853e+00,
         4.31350241e+00,   2.65093436e+00,  -5.21783865e+00,
         3.07869807e+00,  -2.38111364e+00,  -9.69855372e-01,
         2.42741142e+00,  -3.82293568e+00,   3.99461570e+00,
        -8.90226958e+00,   2.89035234e+00,   3.41469625e+00,
         3.03853136e+00,   2.52539453e+00,   5.70146517e-01,
        -5.09663458e-01,  -4.29150310e-01,  -7.99474494e+00,
        -2.09416528e+00,  -2.90147077e+00,   1.52137283e+00,
        -6.80906908e+00,   2.01352621e+00,  -2.58815872e+00,
         2.21011981e+00,   3.28254038e+00,   8.80917734e-01,
         6.27929522e+00,  -1.03320134e+00,   4.35739455e+00,
         7.90170569e-01,  -5.48235681e+00,  -7.39781464e-01,
         2.97285036e+00,  -3.44512020e+00,   7.63128856e-01,
        -1.79777345e+00,   3.06928914e+00,   1.88611813e-01,
         4.36147326e+00,   1.82353194e+00,   5.79290677e+00,
         5.36642128e+00,  -1.62355125e+00,   1.62947845e+00,
        -2.45853396e+00,  -2.92124232e+00,  -3.24876824e-01,
        -5.13482034e+00,  -2.70328843e-02,  -1.65964450e-01,
        -5.03884178e-01,   5.41358995e+00,   1.27206363e+00,
         9.01476427e-02,  -1.98371327e-01,   1.50463659e+00,
        -5.44999455e-01,  -3.00470079e+00,  -1.68683608e+00,
        -1.89826909e+00,  -4.85487636e+00,  -1.88487649e+00,
        -2.26631548e+00,   8.99757178e-01,   1.78854171e+00,
         1.61967045e+00,   6.82952598e-01,  -2.83671535e-01,
        -1.66719136e+00,  -6.16879104e+00,  -1.20443305e+00,
        -2.86140189e+00]), array([-20.79630315,   3.61889552,   1.95589238,  18.08480476,
        11.63373704,  18.66166744,  -0.68857658,  -9.80885151,
       -11.72296022,  -1.94723635,   9.32923983,  12.93120052,
        -2.24939041, -10.25508134,  -0.59031247,   1.15659444,
         1.13915135,   4.310969  ,   1.47924936,  -5.95423322,
         2.08583011,   8.66350313,   0.09568709,  25.90255452,
        11.92470571,   5.75357071,   7.76436134,  10.54332422,
        -4.77340432,  -4.69452441,  11.38964764,  -2.78512523,
         1.36919085,  -2.31152239,  -4.06532323,   1.87291294,
       -18.81042633,   9.30242784,   2.92202136,   3.40563898,
         9.09960043,  -3.23329003,   2.43364922,   7.65410983,
       -12.25832875, -11.001427  ,   0.14491916,   2.95545765,
        -4.91707084,   3.41701226,  -0.22072376,  -1.96470884,
        16.09752414,  -4.37730521,   2.50561551,  -5.85363335,
        10.36518643,  15.65191069, -14.95413719,  13.56111785,
        15.47825129, -13.90249312,  -0.9935608 ,   4.65617893,
         5.30374213,  -5.2514425 , -10.99513726,   1.89607973,
        20.00975071,   5.59436863,  -6.31959239,   5.92446688,
        -6.09349806,  -7.41096016,  12.3652986 , -20.28256948,
        -2.78490153,   8.77812371,  -3.58430082,  16.1454943 ,
         1.52000886,  -6.32866274,   2.13168529,   1.16399945,
        10.99365059,  -0.5382994 ,  -2.3764822 ,   4.94949144,
        -5.44576091, -12.38548137,  -5.96674041,   7.38018544,
        -4.51434751,   6.55167629,  -1.61629051,  -1.67079732,
        -0.96632234, -15.62247628,   0.18004368,  -4.48210334]), array([ -7.7224196 ,   0.36989715,  -1.89362845,   7.00900364,
         3.74119879,   3.75631092,  -0.02107337,  -3.40726434,
        -2.31657878,  -3.11488662,  -0.69490421,   5.27335543,
        -4.72988179,  -2.47140314,  -2.93493804,  -1.98712882,
        -1.25740681,   1.94150151,  -0.28875873,  -1.38360247,
         2.18510359,   2.42287218,   3.19079973,   7.9025219 ,
         5.19032876,   5.27029128,  -0.27650484,   4.75991254,
        -0.63161254,  -2.36192541,   7.34669126,  -1.11708022,
        -0.40889434,  -1.31005093,  -1.70929241,   6.49092476,
        -8.2453863 ,   3.28945235,   3.40601885,   2.44482697,
         3.62245457,   1.92837759,  -4.11651402,   2.89806025,
        -5.57663825,  -3.0762996 ,  -4.15375846,   5.10628854,
        -3.62329404,   1.1986423 ,  -1.87154293,  -0.03011227,
         3.55933652,   0.78952955,   0.69880661,   0.23461065,
         4.82235506,   5.20178677,  -7.38510669,   4.87178268,
         4.81198832,  -2.50174423,   0.5410926 ,  -2.74914664,
        -0.11205375,  -0.41242404,  -0.62652643,   0.26545043,
         6.98772956,   6.52009418,  -3.87277507,   0.68685771,
        -3.26921598,  -3.15813316,  -1.68245791, -10.30995208,
        -0.21231937,   1.69025361,  -0.10691066,   7.09051006,
         0.89216697,  -0.29109505,   0.07223214,   4.20166993,
         2.40504594,  -3.39138737,   1.07297043,   0.63463704,
        -2.79119658,  -3.49292737,  -5.78733727,   2.41137141,
         2.48946473,   2.41531961,   1.32379278,  -1.51314508,
         1.06081245,  -6.62056075,  -3.63999706,  -1.99345312]), array([ 4.3120467 ,  0.81581682, -1.65292038, -1.22569822, -2.55596764,
       -2.57455156, -2.97766767,  0.99569652,  2.53669616, -1.33182396,
       -5.74314552,  0.88596096,  1.15275784,  1.09362811, -1.73051678,
        2.84344803,  2.15573496,  1.17194715, -2.46959272,  2.48551355,
        0.18631802, -3.45906015,  0.72918591, -5.79869268,  0.15700625,
        2.69003955, -3.89640542, -3.7235036 , -3.89508737, -3.7596968 ,
       -1.14302198, -0.16947472, -3.84233469, -1.20534256, -0.50617479,
       -5.79952098,  4.1432662 ,  0.62090132, -2.61651527,  4.57266767,
       -6.493641  ,  3.56819943,  1.96573011,  0.25715243,  1.27322795,
        0.19970555,  2.0636442 , -0.1260336 , -0.24873445,  0.01697405,
        2.71287175, -0.28829698,  2.09832078,  1.70186657, -0.29096141,
        6.55725056,  4.34583974,  0.17576264, -0.83267332, -1.58445702,
       -1.09510835,  1.82753051, -0.26864523, -0.38487101, -1.14312352,
        6.19637222, -0.95031132,  3.98052848, -1.48487357,  1.38911424,
       -0.54213085, -3.62837341, -2.67850773,  0.40047202,  3.25358884,
        4.26034031,  1.78953229,  2.28823148, -0.0261575 , -3.460441  ,
        0.70496167, -0.24032459, -0.04807961,  1.31227092, -1.82980819,
        1.58921681, -3.24204821,  2.44741618,  1.97521093,  4.20776142,
       -2.54441165,  0.77930659,  4.37020702,  4.33762187,  3.26086855,
       -2.58036453,  2.11827122,  1.97183041, -2.51310017, -0.23131228]), array([ -8.56829562,   4.56999405,   0.95893931,  -0.98950578,
         3.75729836,   3.15978357,  -2.24214789,  -2.54681428,
        -5.69303874,  -2.48734673,  10.1381802 ,   1.81341536,
         1.24649357,  -4.26348601,  -0.49964952,   0.07949207,
        -0.18443167,   2.80230086,  -1.81128514,  -5.05793607,
        -0.63738003,   2.49608405,  -2.00170485,   6.84862675,
         3.5861861 ,  -0.08370403,  -2.27797226,   3.64389149,
        -3.26152726,  -3.45900349,   5.2868658 ,   1.12646304,
        -3.42300374,  -4.37548795,  -2.00554893,  -4.03462982,
        -3.60697285,   3.34169894,  -1.33988324,   0.33013264,
         1.90155315,   3.09317548,   0.14161387,   3.10582044,
         4.23435524,  -4.79090315,   0.20316819,   1.57229214,
         0.14935154,  -0.11651154,   2.94970409,  -2.85514043,
         4.37465994,  -1.71797614,  -4.91117495,   0.35587896,
         7.7368518 ,   9.52139942,  -6.10073811,   5.28999285,
         5.65246653,  -0.80377182,   2.78528303,   4.47067886,
        -3.87755081,   0.5686538 ,  -9.77906849,   0.73038375,
         4.60275579,   0.51965189,  -5.59114992,   0.2895086 ,
        -7.41088158,  -1.38162605,   7.21866181,  -9.88574906,
        -0.54227354,   2.54288583,  -4.85395498,   2.92957041,
         3.49911543,  -2.71145285,  -2.13218621,   2.73325047,
         2.91988734,   3.23625734,  -3.0115501 ,   2.29457301,
        -2.26375549,  -2.13025337,  -7.57151184,   2.19906509,
         0.446868  ,   1.56182387,  -0.4631138 ,  -0.05363824,
         3.36470987,  -2.93629711,  -3.69817709,  -0.79632624]), array([  6.14763263,   0.16326063,   2.96357906,   1.69427442,
        -2.57793018,  -7.56407731,   1.06238464,  -0.33898701,
         2.39124877,  -4.78306543,   0.90806097,  -8.59372494,
         1.68701251,   6.29292593,   0.96652777,   4.107196  ,
         5.24094791,  -2.65123896,  -0.1415052 ,  -0.86965535,
        -4.82130343,  -0.31854128,  -3.95828623,   0.87945026,
         4.98772864,  -0.46679317,  -4.60771341,   2.47281052,
        -3.39653849,   3.77553521,  -1.19916447,   1.75599726,
         0.92262391,  -2.38330773,   3.16754688,  -3.44004412,
        10.30009841,   0.83233596,   2.07102916,  -1.07059376,
        -4.84875649,  -0.91157665,  -2.27267318,   4.16322795,
         5.11038075,   0.92261658,   1.91845427,  -4.88455039,
         4.30995303,   0.37376698,   0.18593398,  -3.43135021,
        -4.54314089,   2.07539622,  -1.80623769,  12.58990423,
        -0.89269889,   3.4979819 ,   1.62800598,   2.79347321,
        -3.9262545 ,   2.21650705,  -1.21202751,   2.01442896,
        -0.18622516,  -0.94809157,  -7.65699485,  -2.78045394,
         1.95429078,  -4.23850456,   0.33265579,   4.74431281,
         3.34540894,   1.85912986,   1.0396201 ,   8.05239914,
         1.18436517,  -2.30576225,   1.3824119 ,   0.87793126,
        -1.97628099,  -2.30616677,  -0.48739289,  -5.71409223,
         1.34550895,   5.26178747,  -7.42835091,   0.43367562,
         1.87629443,   2.88380187,   4.52372124,   1.33314228,
        -2.50913498,   1.02099131,   0.72236033,  -1.89322733,
        -3.92084283,   2.68597873,   1.07700854,   0.27763668]), array([ 12.81588478,  -1.67569912,  -3.26274401, -14.72010827,
        -6.16557606, -10.66579445,   7.04425991,   7.49094945,
        10.01311307,   6.76219766,  -6.97187836, -12.6528821 ,
        -2.50798974,   8.91040957,   4.42928922,   4.14484305,
        -1.88460005,  -7.01314563,   0.10807947,   3.58834809,
        -0.70838559, -10.10557624,  -1.76646261, -18.82597705,
        -3.98416818,  -4.67341565,  -2.98737258,  -9.90836047,
         0.80851686,  10.5447433 , -12.8427684 ,  -1.74097855,
        -0.62742814,   2.1669592 ,   2.34811067,  -4.94054819,
         8.48632854,  -9.22510272,  -6.74259608,  -1.93951174,
        -4.07619252,  -0.44831981,   0.6635591 ,  -7.08881434,
         9.89271609,   3.72540998,   4.50797336,  -1.18377893,
         4.18116851,  -8.9304526 ,  -7.56674234,   1.91797777,
        -6.36651453,   4.4765342 ,  -0.26326539,  -0.53049586,
       -12.37954592,  -9.9262252 ,  11.52812531, -12.30083859,
        -8.92912256,   7.21863103,  -0.82522594,  -4.44222579,
        -3.85850154,   1.43188668,  10.66555456,  -1.39877596,
       -15.00075624,  -7.68718194,   6.70840904,  -3.34971964,
         7.86481643,   5.36139658,  -6.18827852,  17.65598423,
         3.69307247,   0.90063892,   6.10641267, -10.4894671 ,
         0.49390594,   5.611199  ,   1.26842971,  -1.01494438,
         0.354673  ,   2.51260924,   8.77077255,  -4.6369671 ,
        11.06012179,  14.16776323,   6.69718191,  -6.71115406,
         3.72908714,  -8.20615225,  -0.61693995,   3.19322854,
         5.65787933,   9.04214649,   0.34528269,   3.47844493]), array([-5.84061049,  2.03570901,  1.85270504,  5.96345409, -1.15602631,
        5.30284871,  0.44382195, -3.32720885, -5.15309891, -1.0993701 ,
        3.32587581,  8.87916227, -0.34046145, -0.66229738, -1.78530206,
        2.69280204, -1.58559128, -3.43529993, -0.29900542, -1.51373625,
        3.93367718,  6.88146663,  0.10242708,  9.892487  , -2.92963001,
       -1.41149299, -1.13548819,  4.81092793, -0.18033366, -4.25511875,
        3.68245722, -4.17439405, -0.89315317, -5.90714239, -2.31319224,
       -1.46299852, -4.12810707,  1.03775899,  2.53180696,  0.16608279,
       -1.05861907, -3.11494461, -0.05680846,  2.8149943 , -3.5722967 ,
        0.78639677,  2.36618103,  2.6003134 , -2.36485452,  5.30200192,
       -0.26658125, -3.38177349,  4.53254474, -2.18380291,  1.71358295,
       -1.66468081,  1.91272965,  2.07781402, -1.61153834,  2.8163784 ,
        4.5056627 , -3.24930205,  0.54699184,  3.71096747,  1.79092697,
       -0.24983448, -3.84058936, -0.54326681,  4.01253836,  0.22011284,
       -2.97003863,  3.46603626, -0.6769019 , -1.3820226 ,  4.52958641,
       -6.20692353, -0.34117438, -0.85938398,  1.21715418,  6.44525697,
       -0.65818871, -3.30340134,  2.62390631, -4.18065034,  1.33559668,
        0.0766029 , -5.8982612 , -1.32285356, -8.36217962, -3.87950217,
       -2.8873761 ,  2.97648841, -4.64325294, -0.0538782 ,  0.63528101,
       -0.32704781,  3.2814712 , -3.81102452, -2.60309381,  1.18541679]), array([-12.19061585,  -0.31981507,   2.00277988,  13.97603351,
         6.67435835,   7.55188194,  -0.98645076,  -7.17423128,
        -7.64691209,  -1.45202429,   7.4857918 ,  13.47680507,
         1.3699081 ,  -8.16513378,  -2.63109993,  -4.26483168,
        -0.34045095,   3.39188953,   2.20610239,  -4.4652851 ,
         0.86882264,   9.81152203,   4.96631618,  22.18343336,
         3.46711556,   3.81913651,  -1.59420843,   9.21342762,
        -1.57779276,  -4.96110069,  10.84667771,  -3.77864049,
         5.11009526,  -7.27356241,  -3.9123557 ,   0.57555818,
       -12.1821183 ,   3.26789179,   4.01502956,   1.55794957,
         3.74445637,  -0.68339327,  -1.18079903,   6.80026174,
       -11.52332265,  -3.76146928,  -1.75853713,   3.68281632,
        -2.88514667,   7.74193849,   5.81279328,  -4.53435281,
        13.31654144,  -4.86486546,   1.132145  ,  -1.61833307,
         6.52714774,  10.37466687, -14.52206603,  12.90685947,
        12.91808873,  -7.22903757,  -0.82970105,   3.00064228,
         7.89913111,  -3.36584378, -13.92198451,   0.99280207,
        15.50637003,   5.88785541,  -7.63073617,   6.81295013,
        -6.60819174,  -2.78512159,   7.05702331, -17.85589833,
        -3.05944719,   0.42152558,  -5.42080896,  12.24162681,
        -1.90900352,  -8.59972766,   0.24737921,   1.37969483,
         3.36944665,   0.17370982,  -7.72750139,   4.07425521,
       -10.09153963, -14.34435986,  -6.17017586,   9.26811279,
        -6.03347616,   7.04347506,   1.11998627,  -1.70209521,
         0.54130068,  -7.4662141 ,  -2.2073601 ,  -0.17002311]), array([  4.72629402,  -0.65954108,   0.39704246,  -5.96368429,
        -1.96475263,  -5.48928525,  -0.6297742 ,   3.30643045,
         2.64149268,   0.2099221 ,  -4.44072647,  -1.65027238,
         0.97896552,   1.27738396,   2.41767708,  -0.62903687,
         2.36897149,   2.48555667,   0.02321566,   4.84402288,
         0.22363872,  -2.18036315,   2.2160114 , -11.51455222,
        -4.57775418,   1.0737414 ,   4.04429105,  -5.77907544,
        -4.65684139,  -0.39884282,  -3.73261473,  -2.42145571,
         0.94095363,   3.04070887,   3.47354684,  -6.89139261,
         4.76021991,   4.85863169,  -6.88898188,  -1.20738767,
        -5.83042289,   0.71585208,   0.51792411,  -0.41917352,
         4.45496975,  -1.07354962,   3.31263895,  -4.40469358,
         0.46339429,   0.72777167,  -0.52283163,   3.64486813,
        -8.14155768,   0.06280574,  -3.72328637,  -2.0113439 ,
         1.67741389,  -5.8756689 ,   9.88952524,  -4.3077071 ,
        -6.76722733,   3.94602237,   0.27718506,  -1.48029316,
        -4.97689993,   3.17718362,   5.92608564,  -1.70128784,
        -9.77773244,  -5.2107481 ,   4.93496346,  -2.4179809 ,
         4.02007442,   2.8389884 ,  -2.76200676,   6.76623399,
         1.57911579,  -1.29913996,  -3.68677662,  -5.89780397,
         1.96684794,   4.93509852,   0.54754842,   1.53557328,
        -1.02089606,   0.98003226,   3.00762162,  -0.14138357,
         3.24546388,   5.4681028 ,   1.2074566 ,  -2.04722004,
        -0.05278101,  -1.04477848,  -1.1680904 ,  -0.22410083,
         0.43778193,  -0.2610106 ,   2.25518395,  -1.67751193]), array([ 20.22479719,  -6.89124346,  -5.61385962, -22.75629413,
        -6.18761395, -12.52549964,   7.67224715,  13.77018966,
        13.16260275,   5.72827534, -13.71412514, -14.70146399,
        -5.0354586 ,  10.65575149,   5.38908704,   3.05912659,
        -8.32908227,  -4.97204342,   1.37821526,  10.48344499,
        -0.7898159 , -10.44363864,  -3.2901616 , -29.91184238,
        -8.3208416 ,  -6.66438989,  -6.0950469 , -16.69574539,
         3.26162825,  11.21955652, -16.42374614,   0.06914627,
         4.71235954,   6.84592953,   2.5554849 ,  -1.12837228,
        12.81946942,  -3.2515023 ,  -7.97205033,   2.17314263,
        -8.75840349,  -0.39043163,   0.19968587, -11.00734497,
        15.73863929,   4.56880137,   0.30945906,  -5.09940817,
         4.62152777,  -9.82213913, -11.56968159,  11.25150838,
       -16.46464793,   8.85685344,   3.33089093,  -0.32025149,
        -9.38308704, -16.4208494 ,  20.68845988, -17.92110358,
       -14.50358729,  12.93021999,   1.14100323,  -6.70705065,
        -7.17561915,   1.03009998,  25.84047033,  -4.54647913,
       -23.14545773,  -6.76152511,  17.20412563,  -3.5823931 ,
         7.82171216,   8.8410701 , -15.85147178,  22.40664618,
         1.52675078,  -4.70981935,   5.0529151 , -20.45493765,
        -0.11720483,  14.52399247,  -2.74796921,   3.21373583,
        -7.83823189,  -2.96654507,  12.61990495,  -6.74065398,
        12.6022277 ,  20.44870587,  11.23124158, -11.43107441,
         2.48472043, -10.14746858,  -0.26678753,  -0.70796864,
         6.42406395,  11.10384668,   2.43818629,  -0.34959464]), array([-15.42945193,   1.64956948,   2.98274262,  13.04292966,
         7.97005064,  10.28688958,   3.30285206, -12.83734107,
        -7.92150616,   2.41513466,  10.37878767,  10.14360469,
        -5.21662196,  -6.30788623,   1.1516953 ,  -3.42188238,
        -2.1624314 ,  -2.53728019,   3.41900905,  -5.5262717 ,
         0.75541186,   4.34335058,  -0.44990169,  18.22096244,
        10.68259486,   4.33140403,   5.56309549,  10.62157282,
         4.93906367,  -3.67051751,  10.15490957,   0.69633932,
         2.05243428,  -3.58269346,  -7.66270125,   7.15928856,
       -17.65707972,   2.28340643,   6.55682524,  -1.68058545,
        12.47989802,  -1.37446568,   0.83381204,   3.43475175,
       -11.07315521,  -4.79610473,   2.46717323,   8.78232364,
        -2.15100243,  -2.20953389,  -3.7405598 ,  -7.78331758,
         6.55963854,  -6.44658924,   4.59872731,  -7.46815679,
         4.2529834 ,  10.94144871, -16.23072591,   7.84575263,
         4.6752949 , -11.4064923 ,  -1.40337025,  -3.48810709,
         6.4846343 ,  -2.07634476,  -3.53580021,  -0.46530316,
        16.86972125,   5.83453538,  -8.62461802,   2.63406837,
        -3.53399852,  -7.90741154,   2.12124427, -15.24120621,
         1.67552566,   4.47149509,  -2.79751966,  15.16797433,
         3.34096441,  -7.23921964,   2.85565109,  -3.57653222,
         7.31991421,  -1.94461126,   2.23143674,   0.27479367,
        -9.87550924,  -8.70000931,  -3.70740759,   7.21908001,
         0.13902217,   1.32096331,  -3.93492275,   2.69894893,
         0.22016504,  -9.40078974,  -3.15432592,  -4.17442143]), array([ -7.19003306e+00,  -1.54475287e+00,  -4.43325713e-01,
         9.82750497e-01,   4.25654535e+00,  -1.67059267e+00,
         4.95285826e+00,  -8.10886501e+00,  -5.10867339e+00,
         3.01493352e+00,   1.71666734e+00,   1.01559940e+01,
        -1.09492288e-02,  -4.28968571e+00,  -2.73615306e+00,
        -3.49027056e+00,  -5.45815834e+00,   2.83065195e+00,
         4.75863221e+00,   8.96250020e-01,   3.17845621e+00,
        -4.15073333e+00,   1.75048272e+00,   1.13806952e+00,
         5.40416272e+00,   1.38899947e+00,  -6.54377753e-01,
        -2.00837016e+00,   1.71475560e+00,  -3.66761750e+00,
         4.70021714e+00,   3.76833691e+00,  -5.06177945e+00,
        -1.19343071e+00,  -4.28854808e-01,   4.65902621e-01,
        -1.12553315e+01,  -8.36255366e-02,   2.48927468e+00,
         2.12917697e+00,   1.59047666e+00,   5.20872548e+00,
         5.89199659e-01,  -5.67821244e-01,  -3.79871519e+00,
        -6.12429756e+00,  -3.32788095e+00,   2.50783025e+00,
        -2.85139200e+00,   1.35110657e-01,   6.37708002e-01,
         5.31181520e-01,   1.67163387e+00,  -6.95532145e-02,
        -1.27490189e+00,  -6.96845328e-01,   2.40933140e+00,
        -5.45535551e-01,  -8.70478377e+00,   3.25212701e+00,
        -1.10470392e+00,  -9.67945614e-01,  -2.17049745e+00,
        -1.04635733e-01,  -1.93338240e+00,   3.21067997e+00,
        -1.92918190e+00,  -6.33444677e-01,   6.38408364e+00,
         4.96186133e+00,  -3.92471558e+00,  -3.17543681e+00,
        -1.08521063e+01,  -4.11669427e+00,  -4.23855781e+00,
        -8.09604213e+00,   1.57387142e+00,  -1.26590852e+00,
        -3.96840109e+00,   5.44530537e+00,   7.37700498e+00,
        -7.24432224e-01,  -1.87764270e+00,   3.81243980e+00,
        -3.75347403e-01,  -2.00989029e+00,   1.25325826e+00,
         1.21451993e-01,  -4.13100711e+00,   5.22361068e+00,
        -5.02673357e+00,   2.14889256e-01,   6.88356288e-01,
        -2.23114261e+00,  -2.31206309e+00,  -5.28071283e-01,
         2.07314611e+00,  -4.46359177e+00,  -4.69528981e+00,
        -1.42846613e+00]), array([  1.07666506,  -2.28055137,   2.49035753,  11.2668274 ,
         6.56671577,   8.24513868,  -0.25868942,   0.69506493,
         1.26506826,   5.50415948,  -1.43026596,   2.94109858,
         7.83501453,  -5.68461804,  -0.39297493,  -2.3098407 ,
         2.09880783,   6.3189584 ,  -0.23094129,  -5.64259114,
        -3.54369834,   2.29521383,   4.03141992,  13.05791892,
         2.3867542 ,  -1.40383569,   0.28884141,   3.99262384,
        -0.49469306,   3.28196774,   2.41429447,  -0.44634656,
        10.47827851,   6.00396466,   2.62915049,   1.84460513,
        -6.33419329,   0.97101473,   2.78962885,   1.24654918,
         2.71783028,  -4.03096015,  -2.88072627,   0.64096675,
        -7.31160568,  -2.38826825, -12.15702713,   2.24181817,
         2.98241622,   2.02419932,   6.80040622,  -0.26917896,
         9.25651466,   3.6601408 ,   7.50228533,  -5.49981661,
        -7.44090657,   3.70747838,  -4.54791232,   4.04341156,
         8.77733853,  -2.46506945,   0.6206447 ,   1.56990554,
        11.00115824,  -6.97736668,  -5.37415791,   3.82553147,
         5.69710966,   8.98318059,   3.05048333,   2.35359958,
         3.25337731,  -3.59681615,   4.77176609,  -6.04213505,
         0.6158491 ,   1.04275781,  -5.44424479,   2.22585314,
        -6.38695024,  -0.65780661,   3.72272184,   6.3713832 ,
         0.08493557,  -2.83794019,   5.0467902 ,  -2.10496983,
        -1.89429567, -12.64771053,  -1.10998908,  -0.27764374,
         0.58930978,   9.22210934,   2.75778772,  -0.9768702 ,
         0.75978461,   3.68847095,   4.57228134,   2.01286996]), array([  1.86090139,  -0.49616735,   4.59828185,   4.6637668 ,
        -4.74060395,  -3.52789413,   4.24411669,  -4.17627686,
        -2.1154061 ,   1.96894613,  -2.18329665,  -0.83809255,
         2.41542108,   4.86941398,   0.55258247,   2.84160934,
         5.94036211,  -4.17548339,   0.66329744,   0.24843406,
        -0.95039085,   2.45891207,   0.98516807,   4.25210076,
        -0.52637075,   1.96947116,   1.13135857,  -3.70139743,
        -5.99221915,   0.37641808,  -0.81678683,  -6.19949486,
        -5.78420935,  -3.66409618,   3.12165364, -12.77331183,
         4.62728035,  -0.37753599,  -1.27849548,  -0.07195665,
        -3.67111438,  -3.89199263,   0.95028214,   2.69764594,
        -2.19067653,  -0.88254429,   9.43425539,  -5.27386096,
        -0.63507152,   5.26913268,   1.69543168,  -3.53558625,
         3.13484805,  -0.34752583,   0.70665995,   4.50304725,
        -3.4082949 ,  -0.91340016,   1.72639214,  -1.86219789,
         2.68148804,  -2.24508647,  -6.99005368,   0.69780251,
         3.12135122,   2.66509628,  -5.71856872,  -6.3888752 ,
         3.00927899,  -4.1540988 ,  -0.74609119,   1.36920489,
         9.66247626,  -2.32244507,   6.76655185,   0.87874671,
         1.00540111,  -2.02543043,  -0.69048377,   5.22146947,
        -4.44737053,  -5.09210556,   5.68600932,  -5.50118807,
         2.50147457,   3.0325644 ,  -7.90781809,  -0.82596584,
         0.65329274,  -2.49089971,   3.83402789,   3.51432908,
        -2.6175329 ,   0.48706315,   0.62924023,   1.0497384 ,
         0.23956145,  -0.66753187,  -0.41710375,   4.09685016]), array([ 14.47652861,  -4.96450316,  -0.22086401, -17.62605623,
        -2.88203412, -12.47462137,  -1.02247978,  13.37161626,
        12.41354843,  -5.08179968,  -6.80566174, -12.17688059,
         2.05299392,   6.50614025,   0.11164983,  -4.81076312,
        -3.01479948,   2.29661434,  -2.86491992,   7.94170063,
        -2.86240486,  -8.39511923,   0.47830808, -25.21721356,
       -13.28444479,  -4.40083608,  -6.92179374,  -7.35751838,
        -4.24408816,   4.91711146, -12.67856385,   2.7547243 ,
        -1.98855068,   6.4300514 ,   9.1809335 ,   3.012113  ,
        16.93070312,  -2.84447435,  -6.48171709,  -3.61105819,
       -11.65612643,   3.14068816,  -6.80901673,  -9.0432508 ,
        10.70375412,   5.67128268,  -6.21017217,  -9.23252528,
         2.73676235,  -0.08202634,  -1.79885924,   5.14992921,
       -14.93951596,   7.38423698,   0.64389417,   1.48948013,
        -6.18505157, -13.47864712,  17.1859489 , -11.75922011,
       -13.34365587,  18.25372293,   3.41842537,   5.54520571,
        -7.10489281,  -1.88940817,   6.86343687,  -1.7621963 ,
       -21.24519038,  -8.78124477,   8.98123718,  -6.39996632,
         7.48311173,   8.13449105, -11.64291253,  13.55277456,
        -0.75100273,  -8.97856333,   5.02658611, -17.55585648,
        -1.90769269,  14.08816139,  -2.26529527,   5.60548334,
        -7.42861969,  -1.24867831,   6.65497849,  -4.54354363,
         5.98639609,  14.38650802,   8.37275364,  -5.43976035,
         2.07601111,  -8.64940884,   2.23045282,   2.76522581,
        -0.99166477,   9.91344674,  -0.11695677,   0.03250567]), array([-11.82387717,   2.5042127 ,   3.31837068,  11.75009215,
         8.0226655 ,   5.86899882,  -1.89884035, -11.23685531,
       -10.63814607,  -1.29505052,  12.50209872,   8.85091923,
         7.19364238,  -6.31112608,  -4.22844201,  -3.29294826,
         5.38614002,   8.77056935,  -4.7303076 ,  -9.62133215,
        -2.35392564,   3.72234824,   2.57296837,  20.15778593,
        10.96094742,   2.6127039 ,   1.20278548,   8.64110928,
        -0.77335269,  -2.17891519,   9.83476991,   2.38202161,
        -5.94758418,  -2.15678905,   2.57918522,  -0.82943663,
       -10.47357289,  -1.53821452,   6.04589711,  -0.640694  ,
         6.06694961,   0.1374931 ,   0.10528   ,   4.64764742,
        -8.63970004,  -5.87864203,  -5.5305669 ,   1.9561922 ,
        -4.75991798,   4.14122188,   5.89893745,  -4.68273326,
         9.66863271,   2.52056197,   1.27696401,   1.17890083,
         3.79436685,   8.62458958, -16.46038372,   7.98432064,
        12.07152911,  -3.1566478 ,  -1.92432094,   7.64663724,
         3.76574674,  -3.53937434, -16.18896697,  -1.65040616,
        14.81799572,   5.29204661,  -7.34236601,   5.28309346,
        -3.37207631,  -7.59565173,  10.41365216, -17.38291443,
        -1.17158766,   4.97184122,  -4.39532531,  14.86143337,
         2.83989107,  -6.92850948,   0.77233386,   6.35979501,
        -1.07500112,   2.14812667,  -6.68183707,   4.31371184,
        -6.74076131, -14.29397089,  -5.06666534,   0.32958181,
         4.92787462,   4.38816132,  -3.41313584,   2.77745779,
        -2.15534211,  -4.61430561,  -2.19991977,  -1.7461211 ]), array([ 16.66642409,  -0.20886323, -12.41233385, -23.23571187,
        -4.63290661,  -7.59898281,   2.16820132,  12.78282649,
         7.76890356,   0.50733966,  -9.62202107, -15.59033809,
        -4.88511492,  11.20182178,   0.69147273,   4.49327209,
        -6.6108181 ,  -7.67613   ,  -8.5463432 ,   6.45453636,
         3.19069412,  -7.31030974,  -6.09811014, -31.0343398 ,
        -8.41153999, -10.49195384,  -3.21035032,  -9.78907422,
         8.89716936,   5.54803796, -18.70402732,  -3.33244022,
        -4.40982367,   7.46659476,   3.37422926,   7.92938471,
        13.85379886,  -8.34972087,  -6.81167995,   2.13948667,
        -5.50187958,  -4.84346851,   1.36594234, -14.62487554,
        15.21299466,   3.051342  ,  -1.15759714,   2.98875873,
         1.47640969, -15.18063481, -14.04670972,  11.92770925,
       -12.43275924,  10.76320479,  -1.24045101,  -3.87981227,
        -6.71832688, -16.18097385,  17.40234626, -23.12883728,
        -8.86009523,  10.3485664 ,   4.58109547,  -4.30153756,
       -16.91953283,   3.14735033,  24.35510775,   5.05938291,
       -23.76343255,  -6.40971694,   8.42113807,  -4.2983495 ,
         5.46963971,   6.84112622, -13.9237026 ,  25.33683652,
         1.41346151,   0.36083884,  10.80736572, -17.45961089,
         0.90874702,  17.02398267,  -4.32140297,   4.27025981,
        -3.22308229,   3.63855312,  13.26989914, -10.22055389,
        16.85716769,  19.33660902,   0.49548429, -11.85407376,
        10.46994424, -13.65554858,   0.82651971,  -0.10747629,
         4.77259562,   5.23342584,   2.57081094,   1.72517565]), array([  9.876831  ,  -1.54198846,   1.26800963, -10.10430022,
        -5.06171686,  -6.70302084,   2.58298606,   6.82581081,
         3.20443823,   2.16028713,  -3.96588222,  -5.36325944,
         4.52286099,   2.63836004,   0.47001951,   3.70834808,
         1.51146495,  -3.21227754,  -4.88542913,   6.47419141,
         0.75136438,  -3.81129016,   1.505016  , -12.65139767,
        -7.18686479,  -5.40878886,  -1.88623333,  -5.9219415 ,
        -3.88298411,   4.13768872, -11.64248504,  -2.95104809,
        -4.91453807,   2.16946771,   4.62498529,  -6.41337993,
         9.28761407,  -0.75305856,  -3.93794311,   1.95866723,
        -7.79259201,  -1.3130674 ,   1.71735286,  -6.82875554,
         7.64829638,   1.93227931,   3.18085668,  -5.88121255,
        -0.63167383,   0.89772108,  -1.07786216,   3.97482704,
        -2.50068192,   6.81796368,  -2.12380787,   0.31486438,
        -5.82192192, -11.12471945,  12.02071493, -10.18259912,
        -3.52493458,   7.01129529,  -0.91726151,   4.74201849,
        -5.37966378,   2.85602549,   4.59303274,   0.22571993,
       -13.0179699 ,  -6.41502783,   8.14062755,  -3.60516044,
         9.19048676,   4.23235939,   0.03988423,  13.97760928,
         1.31653993,  -3.18517627,   3.1790027 ,  -9.50736762,
        -2.54078252,   5.37763263,  -1.49726607,  -0.14192867,
        -2.68068285,   2.02007351,   1.27904907,  -2.05955743,
         6.0136008 ,   7.87001657,   5.32506533,  -5.05900949,
        -1.16084424,  -6.39604434,  -0.25489856,   3.2046242 ,
         2.49046406,   4.86882152,   0.44196516,   2.98504132]), array([  1.08158521e+01,  -2.36983911e+00,   1.94171766e+00,
        -1.13292094e+01,  -6.53493284e+00,  -9.65163599e+00,
         3.12068218e+00,   4.51474144e+00,   5.30438433e+00,
        -1.03929290e-01,  -2.58653507e+00,  -9.53078381e+00,
         2.11372486e+00,   4.56084840e+00,  -3.81546421e-01,
         1.87110403e+00,  -7.04236418e+00,  -3.45915042e+00,
         1.66311441e+00,   1.16593711e+00,  -3.95327559e+00,
        -1.14808022e+01,  -2.21983592e+00,  -1.65850051e+01,
         9.55314922e-01,  -2.89318172e+00,  -7.11603379e+00,
        -9.53461141e+00,   3.61321380e+00,   6.19786913e+00,
        -9.19336202e+00,   8.75898422e+00,  -6.14113672e+00,
         1.66049050e+00,   3.85624534e+00,   3.57403304e+00,
         7.98418618e+00,  -5.55916356e+00,   1.59363565e+00,
         4.94273131e-01,  -3.11895387e+00,   2.32148539e+00,
        -1.01112525e+00,  -1.01557278e+01,   9.39553386e+00,
         1.17037129e+00,  -2.39023446e+00,  -6.03375368e-01,
         4.67068615e+00,  -8.17904505e+00,  -1.46329643e+00,
         9.49943471e-01,  -7.76093188e+00,   8.61160928e+00,
         1.88089826e+00,   5.29316260e+00,  -1.07680814e+01,
        -1.05104930e+01,   7.26509216e+00,  -9.84880945e+00,
        -9.64953351e+00,   8.18811740e+00,   4.79027166e-01,
         2.76110786e+00,  -4.30733071e+00,   4.99831316e+00,
         6.77827988e+00,  -1.53150023e+00,  -1.13493909e+01,
        -1.91887376e+00,   7.23079406e+00,  -4.68939991e+00,
         1.09823936e+00,   7.49107333e-01,  -9.67428213e+00,
         1.18299600e+01,   1.51631313e+00,  -4.83004639e+00,
         8.57212878e+00,  -9.96004926e+00,   2.04402067e+00,
         6.77426656e+00,  -1.62967620e+00,  -9.67969971e-03,
        -4.21807967e+00,  -2.15113954e-01,   4.66082168e+00,
        -1.59751910e+00,   7.54401215e+00,   1.49187093e+01,
         6.49546349e+00,  -7.52882751e+00,   2.61383598e+00,
        -9.41366199e+00,  -2.80877039e+00,   3.71018614e+00,
         2.08564196e+00,   1.00670767e+01,  -5.41142919e-01,
        -4.36358677e-01]), array([-4.28168834, -2.37659846, -1.1858448 ,  1.61580321,  0.68905749,
       -6.97700744,  5.96041959, -3.63897594,  1.35371538,  0.81297166,
        2.03237357,  4.73992534, -3.77696163, -0.49473352,  2.34454275,
       -1.95601944,  0.91759916,  0.94506249,  4.84397033, -1.84969292,
       -6.24134599, -3.07741331,  3.83267303,  0.86106995,  3.49918838,
        1.69938823, -4.73584562,  4.86239152, -1.50642813,  5.54050593,
        5.88404761,  2.1032648 ,  1.78848715, -4.5599276 , -1.99954235,
       -3.60630305, -6.18588834,  2.50210492, -1.80757476,  1.62689647,
        2.43401128,  6.92229665, -2.58819835,  1.57269564,  3.85348074,
       -2.49216861, -5.72653436,  2.6984189 ,  1.4596652 ,  0.62763973,
       -1.672799  , -2.37211289, -1.96531753,  3.72165282,  0.55456497,
        3.78330346,  0.064764  ,  5.52480369, -8.7982946 ,  8.21197878,
       -4.60158952,  4.84707919, -2.40552058, -1.47953544,  1.00190961,
       -2.60212196, -4.85877498, -2.92355138,  3.23894323,  2.60103557,
        2.88688383,  0.80723742, -5.62199747,  7.73869358, -0.38385296,
       -2.89921726,  5.24239983, -1.24686634, -7.04816673,  0.84700762,
        2.96008766, -2.29313916, -2.35394384,  5.02811971, -2.98273601,
       -1.34314498,  2.32753895,  5.10330795, -5.24712208,  1.76622939,
        0.30116248,  3.45850778, -4.41995067,  5.14725099, -2.69849771,
        1.54081941,  4.07674483,  3.66495897, -6.71606123, -3.67898481]), array([ 18.32683832,  -2.22413962,   0.21283809, -22.18052526,
        -8.63030069,  -7.83689606,   0.99233861,  25.84930427,
        13.72077591,  -2.25340418,  -2.7534177 , -23.5820212 ,
         1.54730678,   9.96750531,   0.98590631,   5.88582058,
        -5.92561308,  -3.60234115,  -2.23490294,   2.39334013,
        -2.30170363,  -3.53245933,  -4.31805944, -20.20281908,
       -11.13605754,  -0.80510557,  -1.31804783, -18.30412315,
        -1.51444563,   9.82303516, -14.31896692,   8.37689471,
         4.31679149,   1.33031115,   7.95433862,   1.24334396,
        19.40897747,  -6.83352567, -10.16484184,  -2.11686174,
       -12.76813862,   2.85087756,  -4.42070439,  -8.69445815,
        17.28584972,   2.6326865 ,   2.78745352,  -0.23302158,
         8.24834864,  -8.05027633,  -0.64533492,   1.86536067,
       -15.23382631,   2.83915961,  -8.59962808,   1.36500004,
        -8.31616579,  -9.65434189,  22.28027151, -13.92085719,
        -5.2215599 ,  10.14574499,   6.47143317,  -2.10797562,
       -11.87759451,   1.63672853,   9.49020479,  -4.7265328 ,
       -19.02002583, -10.85683679,   8.55275198,  -1.46456048,
         6.15884658,   3.69397002, -10.33739398,  17.75932915,
        -0.54188607,   4.093297  ,   9.40760142, -20.30565418,
        -4.00939507,  11.41608227,  -2.75833691,  -4.61592744,
         2.34632823,   3.9082653 ,   5.57979739,  -3.38393355,
        13.42710365,  10.13448676,   2.13151979,  -8.95198552,
         2.47961181, -15.63040991,   1.10756705,   0.42976356,
         1.92174615,  12.44124887,   5.31180226,   4.84152221]), array([  1.05968165e+01,  -5.21568191e+00,   2.70216115e+00,
        -7.62812315e+00,   1.50952368e+00,  -4.73475143e+00,
         4.41565875e+00,   5.68693967e+00,   6.71071238e+00,
         9.07896933e+00,  -4.32928732e+00,  -3.15748864e+00,
         1.04710009e+01,   2.85602577e+00,   2.00594472e+00,
         8.83917170e-01,   3.37103807e+00,  -1.20564817e+00,
        -2.79238296e+00,   5.13389700e+00,  -1.73021530e+00,
        -2.50386701e+00,  -3.64278550e-03,  -5.95731562e+00,
        -7.74208553e+00,  -6.15354294e+00,   1.32392479e+00,
        -5.95149418e+00,  -5.14829861e+00,   5.30518701e+00,
        -1.04387038e+01,  -4.18520364e+00,   3.99891111e+00,
         2.63237276e+00,   4.34185436e+00,  -1.02483219e+01,
         1.01723459e+01,  -7.38844159e-01,  -4.42325810e+00,
        -1.52488950e+00,  -7.55407957e+00,  -4.92043820e+00,
         4.38438378e+00,  -3.00020898e-01,   2.50480360e+00,
         4.93218906e+00,   2.93622575e+00,  -8.65387349e+00,
         4.18097662e+00,   4.90017467e+00,  -2.44432872e-01,
         1.84538016e+00,   1.19733210e+00,  -2.05263646e+00,
        -1.60435042e+00,  -2.06994505e+00,  -5.36331178e+00,
        -8.75161862e+00,   6.88859775e+00,  -4.56819759e+00,
        -8.47245314e-01,   2.92025334e+00,  -2.56402102e+00,
        -1.70089254e-01,   2.43855672e+00,  -3.02169070e+00,
        -9.23524671e-01,  -1.12093213e+00,  -7.05285913e+00,
        -5.56733536e+00,   7.56234700e+00,  -2.01787436e+00,
         1.08917467e+01,   2.04540133e+00,   4.08175794e+00,
         1.16976023e+01,   1.94299888e+00,  -6.40861789e-02,
        -3.68323993e+00,  -7.27927049e+00,  -4.15815787e+00,
         4.69455241e-02,   1.68711938e+00,  -2.90812349e+00,
        -6.89163830e-01,   4.41681825e+00,   1.03532055e+00,
        -5.09997896e+00,   1.46791317e+00,  -2.77747576e+00,
         7.09814260e+00,   1.20394700e-01,  -3.96100524e+00,
         1.16876762e+00,   2.57858557e+00,  -2.03770990e+00,
        -2.30072780e-01,   6.81414776e+00,   5.81560847e+00,
         1.99878451e+00]), array([  2.56473623,   1.54527799,  -0.10210351,   0.63887019,
        -4.6127387 ,  -3.84660269,   0.10906225,   2.2058742 ,
         2.76940021,   2.4661441 ,  -1.63008256,  -8.85638778,
       -10.33841943,   6.66841174,  -0.06632921,   5.96003649,
        -0.57455842,  -9.04590661,   5.8562898 ,   0.8621222 ,
        -1.12606212,  -1.21932589,  -1.2836381 ,  -1.98466304,
        -1.64646774,   1.86294267,   0.75462479,  -5.42477891,
         0.65129985,   3.1454199 ,  -1.909099  ,  -1.93162915,
         4.90725956,  -3.93783519,  -1.36426728,   0.80783938,
         5.94709573,  -2.7496913 ,  -4.95681195,   0.06189554,
         2.61218147,   0.85757031,   1.50282748,  -1.08173111,
         3.02179394,   1.04528196,   9.3047671 ,   2.63267904,
         6.19582614,  -6.05131858,  -2.68265844,  -2.90924357,
        -8.0476838 ,  -4.75912525,  -4.50353996,   2.89524795,
         2.59850161,  -0.16619296,   4.4379346 ,  -0.23515746,
        -5.17360251,  -3.3270141 ,  -1.03151892,  -9.85805385,
        -2.08704166,  -0.62752379,   3.55886998,  -1.87156243,
        -1.80126226,  -8.47326731,   3.89364427,   4.20764685,
         0.0927873 ,   3.39152065,  -1.86397392,   4.4558305 ,
        -2.02949577,  -1.73604775,   4.43988   ,   0.68857844,
        -0.97963712,   0.73313271,   2.24423297,  -9.1833923 ,
         5.22063743,   4.5938824 ,   0.04188039,   2.0179846 ,
         4.15302779,   0.98528052,   5.12362278,   3.89240504,
        -1.97994733,  -0.83567613,   2.08938028,  -3.49435296,
        -2.93444539,   0.01296527,   3.14904311,  -0.65840496]), array([-0.30182167, -0.54927484,  1.59619227,  0.74411492,  0.47919322,
       -0.64550052,  0.82793871, -3.08524202, -2.23035486,  0.02576179,
        1.24186162, -0.37115871,  2.80686263,  0.26790034, -0.7299451 ,
        0.45693037,  0.91079952,  0.47480328, -2.48478496, -3.30388407,
       -1.76564461, -1.04620074,  0.8022181 ,  3.1488132 ,  2.52863602,
       -0.0655069 , -2.92466185,  0.34226094,  1.05016609,  1.76506557,
        1.15065404,  0.83016784, -3.67092775, -0.36664135,  2.37133186,
       -0.63552066, -1.53418745,  0.70661039,  1.8446765 ,  0.03317234,
        0.95785179,  0.69326875,  0.81803856,  0.00915327,  0.36914339,
       -0.20482133, -3.17447357, -0.54640129,  0.42981664,  0.69427707,
        1.60129663, -0.64106876,  0.71575718,  3.57226403,  1.4904405 ,
        1.2966048 , -1.83090664, -0.02985636, -3.25403187, -0.66475896,
        2.27868253,  1.53097899, -1.58459317,  3.90261751,  1.04772952,
       -0.91547725, -2.44819169, -2.58168038,  1.02026856,  2.55488235,
        0.02093348, -1.20859861, -0.74280561, -2.63558231,  1.42258805,
       -2.59716954,  0.00809871,  0.69229761, -0.54916983,  1.10076328,
        0.82504743, -1.4995098 ,  0.78800079,  3.45134594, -1.62277307,
       -0.69960635, -1.31111648,  1.79676894, -0.73806421, -1.69625629,
        0.32422898, -2.22715088,  1.65829028, -0.12352587, -1.33107356,
        1.72414017,  1.83174844,  1.82124844, -1.2749103 ,  0.31479363]), array([ -1.43776645e+01,   4.25454232e+00,  -2.47984780e+00,
         8.98402974e+00,   2.80193561e+00,   4.39956211e-01,
        -1.29767589e+00,  -1.61926495e+01,  -1.34437804e+01,
        -3.17849851e+00,   4.46445865e+00,   1.21249737e+01,
        -7.23376762e-01,  -7.07482780e+00,   7.08223172e-01,
        -5.57916135e+00,   6.35343033e+00,   3.16038966e+00,
         3.57517878e+00,  -6.55250052e+00,  -3.78884298e+00,
         4.42557893e+00,   2.38087611e+00,   1.12984973e+01,
         1.19269677e+01,   1.19698340e+00,  -5.21862728e+00,
         1.23718112e+01,  -6.39996798e+00,  -1.08438342e+01,
         9.94313132e+00,   5.42951801e-01,  -6.17675578e+00,
        -8.88889258e+00,  -6.16999466e+00,  -8.60280155e+00,
        -8.39751888e+00,   3.29430082e-02,   2.78098144e+00,
        -1.36846267e-02,   3.45505284e+00,   4.88651236e+00,
        -1.52259941e+00,   9.54348555e+00,  -5.65226489e+00,
        -4.63958174e+00,  -9.19677267e-01,  -3.30027656e+00,
        -5.20102175e+00,   4.38712136e+00,   5.34473717e+00,
        -6.07803044e+00,   1.02491724e+01,  -6.51840450e+00,
        -4.50333708e+00,   6.34829885e+00,   3.47708449e+00,
         1.21508603e+01,  -1.22363881e+01,   1.51413112e+01,
         1.15175888e+00,  -6.07045815e+00,  -6.52911135e+00,
         3.49085944e+00,   7.25902315e+00,  -1.37683429e+00,
        -2.06758857e+01,   1.02118478e+00,   1.13363366e+01,
         7.78879360e+00,  -9.67173494e+00,  -1.09462677e+00,
        -1.05795499e+01,  -3.01122336e+00,   6.35619621e+00,
        -1.03619984e+01,   1.15429654e+00,  -2.33145667e+00,
        -6.89661689e+00,   1.21696157e+01,   2.11065656e+00,
        -6.65183515e+00,  -1.90090293e+00,   1.82251178e+00,
        -4.64412859e+00,   1.85871215e+00,  -4.80109748e+00,
         5.30720057e+00,  -7.56234496e+00,  -3.84348650e+00,
        -8.49944359e+00,   6.63999254e+00,   2.50067065e-01,
         1.34575383e+01,  -1.25567914e+00,   3.21563598e+00,
         4.38034456e+00,  -3.45138153e+00,  -7.46854318e+00,
         2.49528541e+00]), array([-5.42633163,  3.60011948, -4.09363911, -2.21678593, -0.12417512,
        0.91964576, -5.09792937,  0.07908784, -2.90365784, -2.28434647,
        3.80632294, -2.20194112,  0.44751939, -3.63852351, -0.88121634,
       -0.69644607,  1.62622326,  3.01492001, -2.99320806, -2.5076242 ,
        0.07828122,  4.60302738,  1.10239199,  3.61757734,  0.8039214 ,
       -1.42070008, -0.18051058,  4.18756951,  1.38718849,  0.44065092,
        2.30098502, -1.96035305, -1.92503919, -1.84536323,  0.04972943,
        2.4754888 , -2.1296304 ,  0.18504797, -1.2967875 , -1.56362576,
        5.82219959,  2.2843402 ,  1.27715456,  2.88637139,  1.42588603,
        2.52920105, -0.4944334 ,  0.75034635, -2.3970529 ,  1.30709464,
        3.22150192,  2.96879244,  2.58963632, -0.10419142, -7.25340483,
       -0.86952602,  3.14254535,  3.16024865, -1.88701787,  6.16311154,
        7.05516381, -2.66272647,  2.17182971,  3.57292094, -3.84358793,
       -0.15671874, -2.78394533,  3.94329415, -0.99211842, -0.67717807,
       -1.13277469,  2.86722788, -6.57477611,  3.61304653,  3.16847047,
       -4.159763  , -5.30163545, -1.42215868, -0.58747937,  2.40924393,
        1.20806871, -1.10238105, -5.09533644,  3.72254692, -0.38535213,
        1.40169241,  0.17616148,  4.09824414,  2.27150175, -3.89045586,
       -3.33700846, -2.04453986, -1.84995626,  1.93368655, -0.0401191 ,
       -0.79062992, -1.34673805, -3.8318053 ,  3.51144096,  1.59378917]), array([ -4.04749128,   2.83714362,   3.9042905 ,  10.4658894 ,
         6.45695496,   4.80578662,  -0.45682697,  -4.66779705,
        -4.25688138,   6.94745486,   6.84688432,   4.7590774 ,
         6.54495687,  -1.06973005,  -4.90938928,   5.38411793,
         7.52772415,   0.61029215,  -2.67880178,  -0.03097689,
         0.49540495,  -0.08932301,  -0.57382068,  13.00587449,
         0.27961207,  -4.4549331 ,   1.41721965,   5.09720449,
        -6.53664908,  -0.8297945 ,   0.19537244,  -2.51528762,
         1.00083954,  -1.22714807,   0.14958896,  -5.79130999,
        -2.53833877,   0.78009625,  -3.55998424,   0.17290566,
        -3.5366466 ,   1.34072673,  -0.28210139,   4.02829992,
        -5.69205229,  -1.97239369,   2.82844823,  -0.80932566,
         1.5037345 ,   3.25110111,   4.55173404,  -5.3740399 ,
         4.50930507,  -7.57043685,  -0.32089642,   1.47167951,
         3.75822481,   7.39181041,  -5.05036221,   6.30472116,
         4.30574878,  -4.84831599,  -1.87879348,   4.07697883,
         4.56949941,  -3.29238884, -14.86779784,   5.14459687,
         9.45832632,  -1.30982418,  -0.54061673,   1.72370674,
         1.03530569,  -1.80321389,  13.88936268,  -5.86333818,
         0.33336803,   3.4288597 ,  -6.01647484,  11.28967333,
        -2.97216357,  -2.88291205,   1.20042041,  -7.38990425,
         4.07874111,   4.15842918,  -2.74544805,  -0.61081388,
        -7.86881226,  -8.72178259,   1.05743667,   5.7396913 ,
        -4.21120429,   8.04879618,   4.42297395,  -3.46186345,
        -0.11320454,  -5.10041429,   0.64720816,   4.05940719]), array([ 2.85724924, -2.98738293, -0.47155152, -3.25299235,  2.82795807,
        3.89416858,  2.15875902,  1.88752412,  5.16960496,  5.0119638 ,
       -3.05466932,  1.98087342, -1.77067611,  0.73668389, -0.04958628,
       -0.77557025, -4.37275848, -6.06572168,  0.46598579,  5.78221401,
        3.03847125,  2.27308821, -1.2580962 ,  3.60119478, -2.79639806,
       -5.46200943, -2.25230846,  2.02255389,  4.15206587, -0.4862644 ,
       -6.34690009, -0.31164329,  8.35069459, -1.17265314, -6.48066354,
        6.78158945, -1.31437744, -4.20791313,  1.68964004, -0.26904384,
        1.25586727, -2.10468609, -2.85980176, -1.85971401, -5.36307875,
        6.05239331, -0.76437286,  0.62926643, -0.74837242, -1.7990878 ,
       -4.11971235, -1.97051555, -3.66684963, -3.80897912,  7.0141165 ,
       -4.9967555 , -3.17591089, -4.13408058,  0.39717431, -1.87396128,
       -2.50337083,  0.3046003 ,  1.42708993, -5.04125188,  5.67045434,
       -5.62160007,  9.82740102, -1.85741577,  1.32547783,  1.85955241,
        4.10454502,  1.15128629,  2.02195024, -1.55495811, -6.66886233,
        5.93315897,  2.50797939, -4.52133705,  1.88425743, -1.90512595,
       -4.8116328 ,  1.86985229, -0.05326671, -3.25410644, -1.51370807,
        0.77979541,  5.63692375, -8.66291077, -4.46027385, -1.76400918,
        2.93559407,  2.48045383,  2.22269476, -1.75522987,  3.55452314,
       -0.6558368 , -2.6474537 , -0.75421611, -2.49613989,  0.33811847]), array([  4.97656581,  -3.22621598,  -3.09387278, -12.63090127,
        -3.76384127,  -4.35426558,   6.89058889,   6.63706751,
         7.58789944,   3.18241993,  -7.42004079,  -5.50459357,
         0.65448122,   3.94780394,   6.46702628,  -2.66873939,
         1.21852039,   6.14292874,  -3.99748543,   6.3096764 ,
         8.13167911,  -4.97067891,   2.92974713, -14.62755412,
        -6.39166447,  -5.85923081,   7.04639601,  -9.14924009,
        -0.46069351,   0.4683192 ,  -8.7720028 ,  -2.93908677,
        -6.81390886,   0.72556182,   4.2536098 ,  -4.0596273 ,
         1.97992128,  -3.72325885,  -9.36846454,  -1.97665252,
        -6.09863569,   4.00765114,  -0.66686584,  -3.54369177,
         4.50710864,  -2.45720037,   5.26376649,  -4.85256132,
         3.30428464,  -0.26622022,  -2.29579578,   7.13279607,
        -4.87617559,  -0.27655433,  -3.19916886,  -4.91726679,
        -4.00123248, -10.32998203,  14.8185259 ,  -8.74739619,
         0.87567306,   4.07719555,   0.78429789,  -6.89089922,
        -4.43845575,   2.2264193 ,   8.14763378,  -0.03527434,
       -13.70301639,  -3.93637794,   4.73254272,  -1.90601511,
        11.51210241,   7.07800457,  -3.78024959,  11.4349985 ,
         1.95184722,   1.28716038,  -6.98005343,  -7.4886456 ,
        -0.29923056,  10.06488915,  -4.95448911,   1.0898606 ,
        -5.37106448,   0.98939501,   6.8457305 ,  -2.01466117,
         3.83380666,   9.56112553,   0.19348741,  -5.80873624,
         1.82196593,  -4.6443397 ,   0.80553378,   3.69678233,
         0.43665451,   2.50301206,   2.62032353,   3.51900885]), array([  9.7779124 ,  -1.16834531,   3.3750425 ,  -9.75401548,
        -9.98054476,  -5.62648019,   2.77936645,  11.17096478,
         6.94421861,   4.14826623,   3.11366631,  -9.01294889,
         2.59640281,   3.1977287 ,   1.50255805,   5.55579959,
        -3.00852066,  -6.46953726,   2.56773089,  -2.0640443 ,
        -3.6486873 ,  -0.76809418,  -1.5094162 ,  -4.53841581,
        -9.87752572,  -6.78031568,  -1.98559276,  -6.54601287,
         2.2820771 ,   9.59960718,  -7.53076128,   1.42717193,
         6.19370532,  -5.45338978,   0.59540659,  -5.8172119 ,
         8.93542154,  -6.03473824,  -3.25789917,  -3.25371136,
        -2.25444854,  -0.50284662,   0.45845658,  -5.27221251,
         8.49734751,   6.05864598,   5.22497703,  -0.96059933,
         7.80674397,  -2.89737242,   1.24194121,  -1.559147  ,
        -8.06020374,   0.9877566 ,  -1.89515415,   1.02146421,
       -10.29628361,  -4.26237316,  11.6166055 ,  -3.82740888,
        -1.02181022,   4.85363893,  -1.37173118,   0.66644016,
        -1.87937397,  -0.16849745,   3.42927729,  -6.16005168,
        -9.3078025 ,  -9.22399909,   7.93664132,   4.36427972,
         5.11243784,   5.79042767,  -0.48626435,   9.79573697,
        -1.4270718 ,  -3.36967516,   4.88751656,  -7.85145128,
        -5.95280406,   2.98571792,  -1.78303701,  -8.20869413,
        -0.8657895 ,   4.32703654,   0.09241953,  -1.53523847,
         2.06125004,   0.33279665,   8.08019024,  -1.75910852,
        -6.60101191,  -5.12531009,  -0.06389397,   0.52216858,
         2.48494984,  11.15059259,   4.82186307,   5.20470592])]
