[array([ 0.67938793, -0.12533107, -2.14121366,  0.60674816, -0.21590196,
       -1.34919858,  0.42063561, -0.61422384,  0.16930473, -1.4217366 ,
       -1.25159514, -1.68133545,  0.36815205, -0.67412233,  0.23711012,
       -1.18096125, -0.23879518, -0.33678696, -0.58729756,  1.77552855,
       -0.62304258,  0.82693112, -0.17413352, -0.40438753, -0.70629394,
        1.43535483,  0.2565847 , -0.33614367, -0.42768517, -0.89944595,
        1.50226653,  1.177338  , -1.72740352,  0.86755526,  1.66947591,
       -0.22685941,  1.25197756, -2.28774071, -0.39859173,  0.44272533,
       -0.06376233,  0.69567615,  0.10493489,  0.56062585,  0.05506767,
        0.42936602, -1.771029  ,  0.1939721 , -2.16268826, -0.2848711 ,
       -0.59699631,  0.25499204,  1.32784235, -0.90426278, -0.12450203,
        0.65104991,  0.9780966 ,  1.54976308,  1.16550338, -0.88606763,
       -0.08346386,  0.99829167,  1.73607743,  0.13432647, -0.46998954,
       -0.58832282,  0.5629378 , -0.00516522, -0.73961496, -0.24569596,
        0.63603878,  0.16880399, -0.29109976,  1.58079803, -1.00135231,
        1.74510074,  0.51791996,  0.31264871,  0.57471389,  2.26292372,
       -0.55400789,  0.29446089, -0.35500279, -0.61343259, -1.0107708 ,
        1.03301346, -0.96566629, -1.3186748 ,  0.31043792,  0.85619122,
       -0.91853988, -2.12743187,  1.11043239, -1.51435781, -0.52619451,
       -0.43573377,  0.06597173,  1.14080298,  1.41587973,  1.47718632], dtype=float32), array([ 0.68034339, -0.11945567, -2.16677141,  0.59792608, -0.21197693,
       -1.32294595,  0.41959283, -0.64975196,  0.1890852 , -1.42005348,
       -1.2271874 , -1.70546114,  0.38553321, -0.67680722,  0.19353676,
       -1.18030512, -0.23920354, -0.33224392, -0.60199767,  1.76092386,
       -0.66305429,  0.83278453, -0.16361205, -0.40670902, -0.73917514,
        1.44282317,  0.26140016, -0.3398639 , -0.40921593, -0.87393796,
        1.49436474,  1.15937519, -1.71793389,  0.89217788,  1.65924871,
       -0.23337369,  1.25351679, -2.29732728, -0.40359053,  0.42315772,
       -0.06069516,  0.69788951,  0.13451563,  0.55856299,  0.05777247,
        0.42477274, -1.77043605,  0.20929916, -2.12556267, -0.2753658 ,
       -0.58272809,  0.27352861,  1.3175596 , -0.90277076, -0.11912762,
        0.65581495,  0.97770923,  1.55657399,  1.16691673, -0.90734494,
       -0.08084397,  0.99918795,  1.72352397,  0.14755031, -0.47695991,
       -0.60585082,  0.56889921, -0.02959158, -0.7249983 , -0.25867161,
        0.64875537,  0.16789488, -0.31585091,  1.56678689, -0.99328727,
        1.74442077,  0.512972  ,  0.31655338,  0.58010155,  2.24157071,
       -0.55828315,  0.27925032, -0.36132786, -0.61083859, -1.00600231,
        1.03466833, -0.94486606, -1.31746113,  0.33374149,  0.85353971,
       -0.92753124, -2.13907051,  1.11554062, -1.51166868, -0.52866453,
       -0.4385429 ,  0.07675228,  1.14272642,  1.43087912,  1.51426983], dtype=float32), array([ 0.72970492, -0.03135097, -1.99919951,  0.45388499, -0.25766298,
       -1.17826796,  0.30827525, -0.78023726,  0.25667441, -1.56543362,
       -1.12656415, -1.97279501,  0.56859416, -0.82556939, -0.0275245 ,
       -1.02513933, -0.34820533, -0.12430208, -0.46014914,  1.8762269 ,
       -0.90731406,  0.95249087, -0.25309789, -0.64160615, -1.17784929,
        1.39294958,  0.39109874, -0.33835235, -0.45285147, -0.74954432,
        1.48966432,  1.14889407, -1.43259346,  0.8263256 ,  1.70482206,
       -0.40479666,  1.44653869, -2.13202596, -0.42442757,  0.29812992,
        0.08214337,  0.58281654,  0.27038383,  0.2833055 ,  0.04882266,
        0.21077952, -1.61460388,  0.32546768, -1.96167374, -0.20976505,
       -0.50895423,  0.30762964,  1.32220411, -1.00407481, -0.19767976,
        0.96605593,  1.07527995,  1.40852952,  1.23512959, -0.87284505,
       -0.18047397,  1.0502677 ,  1.64405167,  0.18677396, -0.41397282,
       -0.48233944,  0.44994646, -0.23501915, -0.49366009, -0.13089783,
        0.6864081 ,  0.57154346, -0.22560281,  1.36464286, -0.88782007,
        1.80016351,  0.63998616,  0.35506725,  0.75378734,  2.14395881,
       -0.54779196, -0.06848859, -0.55634773, -0.70154935, -0.89624017,
        1.06911516, -1.06959939, -1.51176453,  0.60135311,  0.87499684,
       -1.12821376, -2.16614318,  0.87815243, -1.38036966, -0.65164536,
       -0.53978604,  0.10632654,  1.16891849,  1.3379004 ,  1.62800407], dtype=float32), array([ 0.83040982,  0.04645281, -1.98784006,  0.4109855 , -0.37500444,
       -1.04015875,  0.26277548, -0.72985947,  0.34718114, -1.5202322 ,
       -1.10054874, -2.01684976,  0.60737848, -0.87012851,  0.01634482,
       -1.04241621, -0.35005111, -0.03311585, -0.41373608,  1.92573357,
       -1.00814533,  0.91455495, -0.19678709, -0.67064464, -1.27174783,
        1.43008769,  0.46630287, -0.38373134, -0.47436595, -0.72843695,
        1.44778705,  1.10709763, -1.37942266,  0.71556568,  1.69016349,
       -0.44832748,  1.38091731, -2.02348208, -0.3753022 ,  0.37848043,
        0.06958317,  0.48562837,  0.2269803 ,  0.36443374,  0.11470831,
        0.19765441, -1.63746357,  0.39976948, -1.85197139, -0.11167526,
       -0.49477071,  0.27493557,  1.41352665, -0.96616518, -0.20459163,
        1.02108622,  1.1393832 ,  1.36071396,  1.14731979, -1.03898263,
       -0.09165482,  1.25889826,  1.65479612,  0.15113205, -0.31694397,
       -0.34734148,  0.45906577, -0.33497354, -0.42180222, -0.05200623,
        0.65698725,  0.65043485, -0.15797606,  1.33825624, -0.87414551,
        1.87008011,  0.60928351,  0.20236315,  0.65481573,  2.16437316,
       -0.67553091, -0.07293501, -0.58067954, -0.74551868, -1.05868757,
        1.05765688, -1.05981112, -1.52597225,  0.46053469,  0.97523987,
       -1.25911379, -2.13746572,  0.80091977, -1.42052209, -0.71597159,
       -0.58956021,  0.12817006,  1.12343764,  1.23769009,  1.53649795], dtype=float32), array([ 0.83419949,  0.04445817, -1.98224103,  0.40495297, -0.38167346,
       -1.05263615,  0.25891724, -0.74551731,  0.34645933, -1.51403999,
       -1.09291148, -2.02395201,  0.6039198 , -0.88176799,  0.0201234 ,
       -1.02778399, -0.33369043, -0.02840431, -0.40797254,  1.93272305,
       -1.00441229,  0.91385156, -0.19424865, -0.66211194, -1.28384554,
        1.42852938,  0.48040685, -0.39007592, -0.47505167, -0.7240625 ,
        1.45131731,  1.12236524, -1.37124038,  0.71032536,  1.68947566,
       -0.43927848,  1.38110423, -2.02127385, -0.38202462,  0.37111014,
        0.06954009,  0.4796485 ,  0.23429328,  0.35079452,  0.09695733,
        0.19210154, -1.63201523,  0.39821827, -1.85026121, -0.12123737,
       -0.49234569,  0.25633785,  1.41190803, -0.95951122, -0.21055335,
        1.02672565,  1.14336836,  1.36691844,  1.14200473, -1.02573919,
       -0.08480357,  1.27571869,  1.64690602,  0.16240309, -0.31552571,
       -0.34274715,  0.45880798, -0.33512291, -0.42516115, -0.05537345,
        0.64707381,  0.67577368, -0.15259247,  1.32725406, -0.86116314,
        1.86937129,  0.61901939,  0.18797444,  0.65569818,  2.16920328,
       -0.66868198, -0.08885629, -0.58504415, -0.74653834, -1.06329715,
        1.04471552, -1.06251979, -1.52426136,  0.46533087,  0.97840858,
       -1.26253295, -2.14263368,  0.80143243, -1.41153097, -0.73854411,
       -0.59236914,  0.12754248,  1.12378144,  1.2430284 ,  1.52868795], dtype=float32), array([ 0.87245965, -0.00891439, -1.92849171,  0.3003515 , -0.42616642,
       -1.21269417,  0.15392639, -1.07379913,  0.40495998, -1.38055408,
       -0.88962781, -2.1441052 ,  0.61142141, -1.07038426,  0.00726812,
       -0.72868592, -0.07400857,  0.05262295, -0.32234946,  1.99447477,
       -1.00043821,  0.91895241, -0.14366673, -0.55702728, -1.47344601,
        1.35030305,  0.75766158, -0.47300336, -0.47124401, -0.57654208,
        1.48240471,  1.27174401, -1.219311  ,  0.62643003,  1.66099715,
       -0.3641614 ,  1.39779162, -1.98495185, -0.50119054,  0.1898926 ,
        0.0445828 ,  0.43473589,  0.41203445,  0.18587458, -0.20696363,
        0.11428189, -1.52366269,  0.37618282, -1.73771369, -0.30237424,
       -0.45069313,  0.02378912,  1.33907795, -0.8186028 , -0.2466488 ,
        1.0680176 ,  1.16353822,  1.51955271,  0.96797353, -0.88210154,
        0.01038666,  1.53133464,  1.46471989,  0.39165559, -0.30696464,
       -0.35878903,  0.51066911, -0.43317398, -0.42202953, -0.13382967,
        0.50542754,  1.06149685, -0.09067006,  1.14451146, -0.6115132 ,
        1.85127306,  0.76487529, -0.04509071,  0.70486522,  2.1705637 ,
       -0.58966696, -0.31804517, -0.69311404, -0.78429484, -1.14825976,
        0.85849398, -1.00297058, -1.46843672,  0.61343843,  0.96871293,
       -1.32383049, -2.21101284,  0.7822054 , -1.22216606, -1.09508371,
       -0.61345708,  0.0984484 ,  1.10096884,  1.34088957,  1.48767853], dtype=float32), array([ 0.87447011, -0.01322186, -1.92877805,  0.29680634, -0.43257725,
       -1.21720862,  0.15230557, -1.07824063,  0.40258944, -1.37997055,
       -0.89084864, -2.14275432,  0.61067605, -1.07306015,  0.00603921,
       -0.72734046, -0.07175685,  0.05535338, -0.32074934,  1.99666512,
       -1.0004648 ,  0.91989481, -0.14149554, -0.55231756, -1.47537768,
        1.35008967,  0.76265508, -0.47815058, -0.47086442, -0.57619333,
        1.48630023,  1.27384114, -1.21979344,  0.62537158,  1.65895116,
       -0.36276421,  1.39419651, -1.98265409, -0.50357509,  0.18680672,
        0.04561557,  0.43234891,  0.41610911,  0.1818703 , -0.20881471,
        0.11424036, -1.51882768,  0.37288737, -1.73642111, -0.29876241,
       -0.44869587,  0.02019891,  1.33587039, -0.81838793, -0.24868436,
        1.06688368,  1.16974914,  1.51421297,  0.96764308, -0.87801427,
        0.01017508,  1.5343045 ,  1.46265709,  0.38865203, -0.30404067,
       -0.35695076,  0.50898731, -0.43149474, -0.42552242, -0.13638553,
        0.50380158,  1.06679237, -0.0909724 ,  1.1378504 , -0.61087132,
        1.85288346,  0.76689214, -0.05067554,  0.71119565,  2.17431521,
       -0.58994526, -0.32337594, -0.68996525, -0.78258258, -1.14522576,
        0.85654151, -1.00332141, -1.46806228,  0.61661112,  0.97089124,
       -1.32314563, -2.21097898,  0.78447992, -1.22250354, -1.09183848,
       -0.61125386,  0.09913541,  1.10332739,  1.34379911,  1.48195052], dtype=float32), array([ 0.88383025, -0.00314152, -1.92876315,  0.28824002, -0.44276026,
       -1.21976674,  0.15050378, -1.08289671,  0.39964703, -1.37834251,
       -0.89585203, -2.15303826,  0.60386556, -1.07381618,  0.00823033,
       -0.71474087, -0.05861024,  0.05739133, -0.311822  ,  2.00270104,
       -0.99094909,  0.92245495, -0.14291438, -0.54689115, -1.48783267,
        1.35960174,  0.76932603, -0.47882715, -0.46123558, -0.57534873,
        1.48576283,  1.282408  , -1.20261323,  0.62075633,  1.659742  ,
       -0.35360637,  1.38655448, -1.97692025, -0.50148755,  0.17482501,
        0.05241379,  0.42601439,  0.4187099 ,  0.17702921, -0.2253776 ,
        0.10302342, -1.51467288,  0.36271662, -1.73404062, -0.29934245,
       -0.44581562,  0.01693355,  1.3339361 , -0.82018244, -0.25289133,
        1.05887032,  1.17488587,  1.508515  ,  0.96191353, -0.86558771,
        0.01238115,  1.54861164,  1.46183276,  0.3959806 , -0.29801822,
       -0.35856834,  0.5092656 , -0.42513049, -0.42652801, -0.14083934,
        0.49488744,  1.08156157, -0.08167039,  1.12748659, -0.602507  ,
        1.85548866,  0.76731861, -0.05165489,  0.70496839,  2.17318559,
       -0.57787943, -0.33738753, -0.6910789 , -0.78936863, -1.14452684,
        0.84611344, -1.01347423, -1.46034253,  0.60942841,  0.96850276,
       -1.32698059, -2.21152306,  0.78674203, -1.21819019, -1.11099374,
       -0.61386901,  0.09575992,  1.10557806,  1.35299444,  1.47172475], dtype=float32), array([ 0.93066651,  0.00581843, -1.87964952,  0.25674921, -0.51217747,
       -1.28435016,  0.12687194, -1.13870633,  0.39961365, -1.347736  ,
       -0.8884666 , -2.22725534,  0.55881053, -1.09004366,  0.06014293,
       -0.6610359 ,  0.05017113,  0.08331852, -0.2968967 ,  2.0742507 ,
       -0.91634846,  0.88672519, -0.12405878, -0.4834955 , -1.55800557,
        1.37973464,  0.79826593, -0.52821529, -0.42440253, -0.57952881,
        1.46629465,  1.33080363, -1.12126923,  0.59586918,  1.71954989,
       -0.29466885,  1.36839724, -1.97007465, -0.46497348,  0.13045725,
        0.06007268,  0.38138771,  0.39691204,  0.17034119, -0.35670918,
        0.04102104, -1.47963691,  0.29981875, -1.76053524, -0.37283057,
       -0.45612609, -0.05807057,  1.34545135, -0.81264532, -0.24712411,
        1.04384589,  1.20879996,  1.5185957 ,  0.90713906, -0.77416158,
        0.09970668,  1.59224749,  1.42774642,  0.44961011, -0.25507715,
       -0.33831835,  0.52549624, -0.40919507, -0.45049587, -0.16161102,
        0.43532518,  1.16137505, -0.02301296,  1.0369041 , -0.54763269,
        1.81683969,  0.80117267, -0.11848041,  0.71060067,  2.15289688,
       -0.50153428, -0.46467873, -0.71480691, -0.81243885, -1.14435399,
        0.80624163, -1.01681602, -1.40250671,  0.56534505,  0.96570843,
       -1.3509829 , -2.22255301,  0.81771564, -1.10842657, -1.1865164 ,
       -0.60060906,  0.08738758,  1.11411262,  1.36644948,  1.41045845], dtype=float32), array([  9.34316039e-01,   8.85345216e-04,  -1.87905550e+00,
         2.50584453e-01,  -5.16627729e-01,  -1.29552770e+00,
         1.29710302e-01,  -1.12890482e+00,   3.93967956e-01,
        -1.35740256e+00,  -8.88399601e-01,  -2.22697186e+00,
         5.54418266e-01,  -1.08656192e+00,   5.69505915e-02,
        -6.65849268e-01,   5.36764078e-02,   8.91739652e-02,
        -2.91298509e-01,   2.07011652e+00,  -9.24441457e-01,
         8.95478606e-01,  -1.23942219e-01,  -4.77050126e-01,
        -1.55965066e+00,   1.37279761e+00,   8.06396842e-01,
        -5.23380637e-01,  -4.19280946e-01,  -5.75808048e-01,
         1.47157931e+00,   1.33648384e+00,  -1.11929870e+00,
         5.92383265e-01,   1.72081316e+00,  -2.93091297e-01,
         1.36139166e+00,  -1.96558559e+00,  -4.61347729e-01,
         1.23905770e-01,   6.13791831e-02,   3.77757907e-01,
         3.92995119e-01,   1.70009196e-01,  -3.58095318e-01,
         4.10219431e-02,  -1.47982144e+00,   2.80615330e-01,
        -1.75784039e+00,  -3.69038284e-01,  -4.45256531e-01,
        -5.83696701e-02,   1.34764826e+00,  -8.26964796e-01,
        -2.49868929e-01,   1.03765750e+00,   1.22055662e+00,
         1.51887548e+00,   9.08662438e-01,  -7.68956482e-01,
         1.01183347e-01,   1.58488083e+00,   1.43468928e+00,
         4.45289761e-01,  -2.53728420e-01,  -3.42012614e-01,
         5.30281723e-01,  -4.05508906e-01,  -4.58473891e-01,
        -1.72931567e-01,   4.40929204e-01,   1.15492523e+00,
        -3.26183364e-02,   1.03769207e+00,  -5.41167378e-01,
         1.82717252e+00,   7.92628586e-01,  -1.17278025e-01,
         7.18766809e-01,   2.15418792e+00,  -4.96879309e-01,
        -4.57228780e-01,  -7.15160489e-01,  -8.17248523e-01,
        -1.13934410e+00,   8.00882161e-01,  -1.02441490e+00,
        -1.39101732e+00,   5.56833744e-01,   9.62486923e-01,
        -1.35233939e+00,  -2.21867371e+00,   8.23280990e-01,
        -1.11617064e+00,  -1.17639863e+00,  -5.95302939e-01,
         7.63432607e-02,   1.11102986e+00,   1.37338781e+00,
         1.41849089e+00], dtype=float32), array([ 0.92602915, -0.01303957, -1.87886679,  0.27260521, -0.50230384,
       -1.29757714,  0.14502031, -1.0742048 ,  0.38883266, -1.40661001,
       -0.92508101, -2.22602773,  0.55571914, -1.05965996,  0.05333108,
       -0.68376529,  0.01244057,  0.07589517, -0.27865928,  2.05962396,
       -0.88787401,  0.89581734, -0.16042213, -0.4990114 , -1.52555203,
        1.38172889,  0.79337561, -0.52152187, -0.40115479, -0.59434384,
        1.47852421,  1.31850612, -1.11663759,  0.56931585,  1.74443722,
       -0.33115238,  1.35132122, -1.93728149, -0.44875306,  0.1741984 ,
        0.06190471,  0.36929238,  0.34842303,  0.20457606, -0.30779603,
        0.03287784, -1.50897479,  0.31198302, -1.80092359, -0.33724463,
       -0.43618077, -0.01711997,  1.35052299, -0.88513255, -0.26575816,
        1.02763176,  1.22905374,  1.4794873 ,  0.92039663, -0.80158198,
        0.12064122,  1.55770719,  1.49532914,  0.40034127, -0.25253004,
       -0.30950791,  0.52486902, -0.35216933, -0.46014503, -0.13826256,
        0.45241353,  1.10353398, -0.02011014,  1.04944491, -0.57451242,
        1.88262904,  0.78609467, -0.09046479,  0.67301154,  2.16357255,
       -0.50137442, -0.42304653, -0.69483882, -0.83299094, -1.13162196,
        0.81395924, -1.05709839, -1.38137937,  0.52733952,  0.96799719,
       -1.36480784, -2.19478369,  0.80263656, -1.16520452, -1.15207064,
       -0.58437568,  0.06341664,  1.11449432,  1.35856605,  1.42065585], dtype=float32), array([ 0.92729396, -0.015131  , -1.87627995,  0.26795197, -0.49964935,
       -1.29383111,  0.13814989, -1.09653986,  0.39284208, -1.39603257,
       -0.90670753, -2.2247963 ,  0.55963111, -1.05897951,  0.04201237,
       -0.67674541,  0.02064135,  0.08553858, -0.28123549,  2.06075358,
       -0.90554702,  0.8946014 , -0.14922917, -0.4980959 , -1.52955937,
        1.3722167 ,  0.80306649, -0.52423745, -0.39801446, -0.5770759 ,
        1.48376572,  1.32828557, -1.12416756,  0.57534951,  1.72848308,
       -0.32712275,  1.35689592, -1.94969773, -0.4589248 ,  0.16688438,
        0.05660382,  0.36452428,  0.36670274,  0.19345216, -0.3157019 ,
        0.03106891, -1.5019449 ,  0.31674182, -1.78160083, -0.34112808,
       -0.42861742, -0.03318567,  1.33767772, -0.86260611, -0.26724234,
        1.03154504,  1.22893143,  1.48569965,  0.91916823, -0.80140567,
        0.11422242,  1.5684917 ,  1.47335529,  0.41974068, -0.25748405,
       -0.31438568,  0.52491605, -0.37259418, -0.46332738, -0.14588448,
        0.45027301,  1.11506009, -0.02688669,  1.0350163 , -0.56240731,
        1.8806026 ,  0.79000777, -0.09615599,  0.68123412,  2.16241908,
       -0.50204492, -0.43641996, -0.69489121, -0.82435703, -1.13567483,
        0.80703139, -1.04577327, -1.39078557,  0.53774345,  0.9640702 ,
       -1.36455047, -2.20087123,  0.80598986, -1.15145195, -1.16590941,
       -0.59133321,  0.06514981,  1.1151408 ,  1.36697304,  1.43029892], dtype=float32), array([ 0.92632365, -0.01421536, -1.88120198,  0.26828256, -0.49632153,
       -1.28962791,  0.13768332, -1.10017264,  0.39460504, -1.39668524,
       -0.9035809 , -2.22487783,  0.56036991, -1.05791163,  0.03767851,
       -0.67975104,  0.02002153,  0.08390278, -0.28435183,  2.05869865,
       -0.90875077,  0.89356893, -0.1493561 , -0.49893621, -1.53180981,
        1.37586951,  0.8019141 , -0.52466375, -0.39515883, -0.57374752,
        1.48166502,  1.32652795, -1.12641597,  0.57988507,  1.72581494,
       -0.32931754,  1.35866797, -1.9526962 , -0.45915407,  0.16525523,
        0.05695458,  0.36708227,  0.36618558,  0.19633666, -0.31297696,
        0.03382822, -1.5032953 ,  0.31815839, -1.7777195 , -0.33832607,
       -0.42923501, -0.02780127,  1.33731329, -0.861489  , -0.26636469,
        1.03016484,  1.22574806,  1.48596644,  0.92109847, -0.80664045,
        0.1130119 ,  1.5682888 ,  1.47243249,  0.41912848, -0.26052859,
       -0.31570706,  0.52576929, -0.3732779 , -0.4622466 , -0.1455469 ,
        0.45281932,  1.11106586, -0.02947001,  1.03573918, -0.56302619,
        1.87954891,  0.78934091, -0.09279159,  0.68035316,  2.16083598,
       -0.50541139, -0.43704587, -0.6931662 , -0.82342374, -1.13432205,
        0.80704737, -1.04216373, -1.39016855,  0.54066628,  0.96184766,
       -1.36434817, -2.2020731 ,  0.8058781 , -1.15290499, -1.16349578,
       -0.59027714,  0.06627694,  1.1156702 ,  1.36743248,  1.43522584], dtype=float32), array([ 0.93456078, -0.00325336, -1.87327898,  0.25325426, -0.50182217,
       -1.29740739,  0.13770247, -1.12797332,  0.39816135, -1.38324237,
       -0.8840875 , -2.22881007,  0.55579036, -1.07396829,  0.04262193,
       -0.67132252,  0.05010581,  0.0837768 , -0.28455102,  2.0645411 ,
       -0.9129892 ,  0.89016706, -0.15337516, -0.48760763, -1.55486786,
        1.38785398,  0.82132775, -0.53731918, -0.38385737, -0.56987762,
        1.46823621,  1.3314966 , -1.09832644,  0.58754492,  1.71678805,
       -0.3234868 ,  1.35675323, -1.95869744, -0.46516755,  0.14031057,
        0.07094275,  0.37181795,  0.3654817 ,  0.16533951, -0.34003142,
        0.02615419, -1.49218678,  0.30928317, -1.76952922, -0.34638619,
       -0.43459421, -0.03884678,  1.34471381, -0.84962565, -0.27479216,
        1.02407396,  1.2340672 ,  1.49158478,  0.92329782, -0.78629637,
        0.12576438,  1.59152865,  1.45449209,  0.43059298, -0.2558637 ,
       -0.3111608 ,  0.53716743, -0.37925592, -0.45544517, -0.15930997,
        0.43600309,  1.13433564, -0.01043708,  1.02070522, -0.55291462,
        1.85893118,  0.79659718, -0.09659702,  0.67617899,  2.151227  ,
       -0.49837732, -0.47300586, -0.69996607, -0.82976109, -1.13298428,
        0.79501688, -1.04673326, -1.37501514,  0.53897738,  0.96834743,
       -1.37366247, -2.20221448,  0.8108933 , -1.12201214, -1.19057357,
       -0.59827685,  0.07977882,  1.12056816,  1.36810434,  1.42820919], dtype=float32), array([ 0.93451506, -0.00324125, -1.87344718,  0.2532874 , -0.50162226,
       -1.29703307,  0.13772564, -1.12810874,  0.39829001, -1.38337767,
       -0.88417071, -2.22875404,  0.55575091, -1.07381308,  0.04230301,
       -0.67138749,  0.0499338 ,  0.08366648, -0.28479338,  2.06440926,
       -0.91320676,  0.89024705, -0.15327102, -0.48756889, -1.55480933,
        1.38789666,  0.82124734, -0.53735816, -0.38373056, -0.5697239 ,
        1.4681046 ,  1.3313328 , -1.09832156,  0.58789778,  1.71668446,
       -0.3235563 ,  1.35679424, -1.95892847, -0.46508041,  0.14028539,
        0.0709004 ,  0.37187913,  0.36563525,  0.16544059, -0.33991042,
        0.02620771, -1.49225533,  0.30961332, -1.76929927, -0.34635544,
       -0.43472317, -0.03866078,  1.34459043, -0.84954208, -0.27466342,
        1.02408862,  1.23392177,  1.49162316,  0.92342895, -0.78671318,
        0.12583782,  1.59148681,  1.45445824,  0.43069473, -0.25599271,
       -0.31119719,  0.53704357, -0.37922424, -0.45544887, -0.15935518,
        0.4362376 ,  1.13397348, -0.01064495,  1.02071071, -0.5530194 ,
        1.8589294 ,  0.79652637, -0.09652124,  0.67626929,  2.15114927,
       -0.49850413, -0.47305593, -0.69997627, -0.82969755, -1.13291955,
        0.7949844 , -1.0465436 , -1.37510264,  0.53904289,  0.96831554,
       -1.37364078, -2.20231032,  0.81098604, -1.12215006, -1.19045615,
       -0.59832168,  0.07985633,  1.12056577,  1.36821592,  1.42850971], dtype=float32), array([ 0.92782503,  0.00375804, -1.91664195,  0.2700446 , -0.46185043,
       -1.24724722,  0.14095625, -1.12482154,  0.40757358, -1.41831911,
       -0.8986783 , -2.22189403,  0.55691916, -1.04121017,  0.00249802,
       -0.70861065,  0.00754657,  0.06783471, -0.31888235,  2.04230094,
       -0.92897022,  0.88628   , -0.16306844, -0.49938995, -1.54193914,
        1.41593921,  0.80084145, -0.52622437, -0.35655975, -0.54971462,
        1.45135725,  1.29792333, -1.11500788,  0.62376565,  1.70685148,
       -0.34980816,  1.36835217, -1.98229313, -0.44952646,  0.15368378,
        0.06754528,  0.39098808,  0.34742337,  0.20258442, -0.28220025,
        0.03936651, -1.51775467,  0.3463943 , -1.7523396 , -0.31972575,
       -0.447483  ,  0.03122011,  1.33515894, -0.85893434, -0.26122966,
        1.0122416 ,  1.21228957,  1.47648096,  0.95035094, -0.85866475,
        0.126467  ,  1.56694901,  1.47356606,  0.41004702, -0.28243801,
       -0.31712207,  0.53323489, -0.36227417, -0.44674248, -0.15217797,
        0.4795242 ,  1.05592251, -0.04302377,  1.04131198, -0.5819003 ,
        1.8774693 ,  0.78514367, -0.05251509,  0.6602177 ,  2.1338377 ,
       -0.52574098, -0.45850772, -0.68001157, -0.83524418, -1.11496258,
        0.81227213, -1.02722895, -1.37791371,  0.53611779,  0.95173854,
       -1.37470782, -2.20775771,  0.81524736, -1.16537058, -1.14380932,
       -0.58711982,  0.07996911,  1.12466025,  1.37066853,  1.47688055], dtype=float32), array([ 0.95232397,  0.00225488, -1.91059029,  0.22656807, -0.44948822,
       -1.29731619,  0.14302817, -1.07315028,  0.38163498, -1.43995368,
       -0.86137599, -2.19000936,  0.54247618, -1.01065469, -0.03797769,
       -0.7372297 ,  0.01879031,  0.10665056, -0.2826775 ,  2.02424216,
       -1.01802087,  0.91681111, -0.143167  , -0.48589569, -1.56462514,
        1.38483679,  0.85424   , -0.5119189 , -0.3221049 , -0.50819665,
        1.47694075,  1.34966207, -1.1503489 ,  0.59567398,  1.68394089,
       -0.35051075,  1.36350524, -1.98212266, -0.44103742,  0.11454926,
        0.06946041,  0.39217734,  0.34139308,  0.20543548, -0.25054905,
        0.04374998, -1.5283165 ,  0.26967102, -1.69368386, -0.2913481 ,
       -0.39360312,  0.01152734,  1.32469904, -0.90414405, -0.27636951,
        0.97440463,  1.24030149,  1.48101616,  0.97363365, -0.85899627,
        0.1121998 ,  1.56120265,  1.4813354 ,  0.40523905, -0.27956921,
       -0.33043662,  0.57911444, -0.40632954, -0.47726953, -0.18816124,
        0.49952555,  1.03395498, -0.11653174,  1.05145383, -0.53987926,
        1.91782486,  0.73661917, -0.02499803,  0.67703867,  2.14349437,
       -0.53001058, -0.4176842 , -0.67420268, -0.82195836, -1.10863435,
        0.77383626, -1.0534364 , -1.34740484,  0.51585561,  0.92138445,
       -1.38027012, -2.20190501,  0.82263786, -1.19332075, -1.12037134,
       -0.56214952,  0.0201986 ,  1.10833418,  1.38540053,  1.52765369], dtype=float32), array([  9.54528034e-01,   1.71663216e-03,  -1.93927419e+00,
         2.28668183e-01,  -4.34667587e-01,  -1.26226056e+00,
         1.26113981e-01,  -1.12477553e+00,   3.98140848e-01,
        -1.42835402e+00,  -8.42072010e-01,  -2.19924617e+00,
         5.55797160e-01,  -1.01433849e+00,  -8.09698552e-02,
        -7.37666667e-01,   1.61164366e-02,   1.08824000e-01,
        -3.11845124e-01,   2.01417089e+00,  -1.03739226e+00,
         9.10677910e-01,  -1.36138514e-01,  -4.92304593e-01,
        -1.57485425e+00,   1.39542437e+00,   8.60531986e-01,
        -5.31236947e-01,  -3.13515037e-01,  -4.77761596e-01,
         1.46737385e+00,   1.33575833e+00,  -1.15954518e+00,
         6.27842009e-01,   1.64794731e+00,  -3.57908845e-01,
         1.37284112e+00,  -2.00226259e+00,  -4.49624568e-01,
         9.10807997e-02,   7.20619187e-02,   3.95152599e-01,
         3.78041923e-01,   2.00370252e-01,  -2.56113201e-01,
         4.69147079e-02,  -1.51937926e+00,   2.99676597e-01,
        -1.65767217e+00,  -2.82581300e-01,  -3.95356417e-01,
         3.50218900e-02,   1.29737401e+00,  -8.63179922e-01,
        -2.59135932e-01,   9.67850506e-01,   1.22621644e+00,
         1.47983658e+00,   9.81605113e-01,  -8.90250921e-01,
         1.00902207e-01,   1.57637322e+00,   1.43860626e+00,
         4.28805739e-01,  -3.01438302e-01,  -3.48147392e-01,
         5.68507254e-01,  -4.23081607e-01,  -4.64315146e-01,
        -1.90679699e-01,   5.06709635e-01,   1.03862429e+00,
        -1.29874840e-01,   1.02867115e+00,  -5.35375416e-01,
         1.90632844e+00,   7.46636271e-01,  -2.53106393e-02,
         6.89792275e-01,   2.13846850e+00,  -5.46825826e-01,
        -4.39611316e-01,  -6.59026980e-01,  -8.08661342e-01,
        -1.10523367e+00,   7.68812239e-01,  -1.01050556e+00,
        -1.35267699e+00,   5.53769946e-01,   9.11812961e-01,
        -1.37012482e+00,  -2.22274184e+00,   8.24705780e-01,
        -1.18179131e+00,  -1.12383473e+00,  -5.68569303e-01,
         3.55213247e-02,   1.12554908e+00,   1.40171576e+00,
         1.55556345e+00], dtype=float32), array([ 0.95567048,  0.00345926, -1.95954251,  0.22476003, -0.43403831,
       -1.25999069,  0.13020679, -1.13938916,  0.40013865, -1.42842436,
       -0.83021182, -2.20625067,  0.5399338 , -1.01591015, -0.0834553 ,
       -0.75232095,  0.03608251,  0.10340048, -0.31657934,  2.00470138,
       -1.04292953,  0.91215777, -0.13919263, -0.4838559 , -1.60240185,
        1.41219294,  0.85926813, -0.5296762 , -0.30153558, -0.46576005,
        1.45587373,  1.33532333, -1.14934301,  0.63765675,  1.64774096,
       -0.35836223,  1.36829197, -2.0054853 , -0.44177347,  0.07537393,
        0.07491139,  0.40657508,  0.36405924,  0.21057509, -0.26617455,
        0.05775662, -1.52185571,  0.2702229 , -1.64439178, -0.27677688,
       -0.39766768,  0.0484501 ,  1.30851555, -0.8681283 , -0.25916147,
        0.95472866,  1.22482097,  1.4860239 ,  0.97812915, -0.8975929 ,
        0.10546745,  1.57379472,  1.44240475,  0.42664823, -0.30017805,
       -0.35560831,  0.57941478, -0.41281065, -0.47114033, -0.19723655,
        0.51132917,  1.02747869, -0.13362493,  1.02631354, -0.52763534,
        1.90105164,  0.7395575 , -0.02207587,  0.6970427 ,  2.13188887,
       -0.5481751 , -0.4438163 , -0.65973818, -0.81809235, -1.0983907 ,
        0.756715  , -1.00401747, -1.32414687,  0.55470192,  0.90537822,
       -1.37399578, -2.22131848,  0.83322346, -1.1793294 , -1.11040628,
       -0.55570054,  0.03518029,  1.12342715,  1.40614331,  1.57144725], dtype=float32), array([ 0.95280367, -0.00228179, -1.98672986,  0.22524765, -0.41998944,
       -1.21856868,  0.11924997, -1.19460595,  0.42198423, -1.42974818,
       -0.81868047, -2.21627283,  0.53684217, -1.00915194, -0.13040829,
       -0.75883281,  0.04578945,  0.10511909, -0.34944606,  1.99223769,
       -1.06778216,  0.91255462, -0.12976407, -0.46928075, -1.61958885,
        1.41810954,  0.85608339, -0.54882568, -0.28822032, -0.42517596,
        1.44042659,  1.31983602, -1.14734912,  0.67754519,  1.62099659,
       -0.35932854,  1.36605668, -2.03507781, -0.43628055,  0.04624176,
        0.07363033,  0.41264096,  0.39955938,  0.20337582, -0.27753457,
        0.06299148, -1.51237214,  0.29652765, -1.6052562 , -0.27309591,
       -0.40523058,  0.07475989,  1.28411913, -0.82954484, -0.245846  ,
        0.93278921,  1.22157013,  1.49033523,  0.97908193, -0.9251678 ,
        0.10369161,  1.58083594,  1.4070853 ,  0.45198697, -0.32081169,
       -0.3756125 ,  0.56957251, -0.4116548 , -0.46752423, -0.21786478,
        0.52956271,  1.01073802, -0.15986158,  0.99892867, -0.52898657,
        1.8891319 ,  0.74285877, -0.02340536,  0.71785444,  2.12256837,
       -0.55836165, -0.46970308, -0.64804912, -0.80375767, -1.09082448,
        0.74917531, -0.95958251, -1.30812693,  0.58423686,  0.90047544,
       -1.36966896, -2.24591112,  0.85198539, -1.17013538, -1.10181952,
       -0.55587369,  0.04996   ,  1.13257992,  1.43081987,  1.61039603], dtype=float32), array([ 0.95924878, -0.01158014, -1.98125708,  0.21258523, -0.43448383,
       -1.2411958 ,  0.12668088, -1.17305076,  0.41758958, -1.44079435,
       -0.82606232, -2.21921396,  0.53039587, -1.01360226, -0.12955406,
       -0.7627244 ,  0.05016172,  0.11511204, -0.33341923,  1.98299336,
       -1.07875371,  0.93075556, -0.13040057, -0.4625375 , -1.61910594,
        1.40663111,  0.8696574 , -0.53772777, -0.2851828 , -0.42555422,
        1.45591736,  1.33413625, -1.13192475,  0.66957772,  1.62425387,
       -0.35654354,  1.35346878, -2.01722407, -0.4274992 ,  0.03431821,
        0.07803588,  0.40547001,  0.39204651,  0.19485649, -0.28839576,
        0.05944145, -1.51607203,  0.25870541, -1.60980833, -0.27122393,
       -0.38904446,  0.07264484,  1.2878499 , -0.85360813, -0.24894695,
        0.92336094,  1.23872006,  1.48792684,  0.97968608, -0.90558982,
        0.10513979,  1.56856608,  1.42046225,  0.44442791, -0.31690022,
       -0.38113475,  0.57658529, -0.4014    , -0.48081264, -0.23529677,
        0.53905952,  1.0071758 , -0.16728273,  0.99934942, -0.5182541 ,
        1.90291727,  0.72731638, -0.02173715,  0.73767734,  2.12908125,
       -0.55179751, -0.45554551, -0.65326136, -0.81184196, -1.07930338,
        0.73782468, -0.97718787, -1.28496182,  0.56585318,  0.90046686,
       -1.37136638, -2.23797822,  0.85853451, -1.18445802, -1.08472669,
       -0.5480926 ,  0.02923367,  1.12553167,  1.44207001,  1.61590326], dtype=float32), array([ 0.95910466, -0.01123306, -1.96858215,  0.21362223, -0.43498895,
       -1.24513876,  0.12649095, -1.18185449,  0.41642034, -1.42998421,
       -0.82120275, -2.2187171 ,  0.53196007, -1.01851523, -0.12362064,
       -0.7548973 ,  0.053952  ,  0.11933582, -0.32292545,  1.98727441,
       -1.07276893,  0.92996556, -0.12937222, -0.46522886, -1.61666691,
        1.39731765,  0.87704366, -0.53853983, -0.29577091, -0.42813778,
        1.46122062,  1.34097946, -1.13710427,  0.66458881,  1.62352192,
       -0.35172689,  1.35635304, -2.01563549, -0.43649501,  0.03721249,
        0.07051008,  0.398949  ,  0.39466068,  0.18320778, -0.29835173,
        0.05244666, -1.50938082,  0.26127678, -1.61457062, -0.27983993,
       -0.3842679 ,  0.05413562,  1.2853725 , -0.84491694, -0.25145519,
        0.9332689 ,  1.2429055 ,  1.49153769,  0.9732666 , -0.89092332,
        0.10396314,  1.57468486,  1.409917  ,  0.45652023, -0.31673399,
       -0.37857446,  0.57287937, -0.41157833, -0.47779769, -0.23507404,
        0.52674735,  1.02470434, -0.16152717,  0.99604517, -0.51366335,
        1.90397835,  0.73486537, -0.03108903,  0.73911679,  2.13013315,
       -0.54735059, -0.46048698, -0.65577745, -0.81301099, -1.08316088,
        0.73423231, -0.97803223, -1.29261148,  0.5724557 ,  0.90376228,
       -1.37343919, -2.23666263,  0.85666198, -1.17038941, -1.10053074,
       -0.55593258,  0.0304006 ,  1.12416852,  1.44346833,  1.60965574], dtype=float32), array([ 0.95910573, -0.01123338, -1.9685818 ,  0.21362484, -0.43498173,
       -1.24513626,  0.12649338, -1.1818558 ,  0.41643003, -1.42999172,
       -0.82119721, -2.21872354,  0.5319593 , -1.0185051 , -0.12362692,
       -0.75489777,  0.0539534 ,  0.11932847, -0.32293043,  1.98726475,
       -1.07277262,  0.92996103, -0.12937248, -0.46521944, -1.61665916,
        1.39732277,  0.87703979, -0.53854406, -0.29577097, -0.42813399,
        1.46121871,  1.3409704 , -1.13709307,  0.66459447,  1.62352717,
       -0.35172954,  1.35634756, -2.01563573, -0.43648747,  0.0372171 ,
        0.07050447,  0.39894921,  0.39466232,  0.18321462, -0.29834613,
        0.05244804, -1.50938153,  0.26128834, -1.61457336, -0.27984291,
       -0.38427478,  0.05413996,  1.2853725 , -0.84492177, -0.25145358,
        0.93326908,  1.2429049 ,  1.49153972,  0.97326189, -0.89093977,
        0.1039755 ,  1.57469344,  1.40991974,  0.45652246, -0.3167364 ,
       -0.37857521,  0.57287353, -0.41156939, -0.47780129, -0.23507431,
        0.52675509,  1.02469659, -0.16152835,  0.9960385 , -0.51366425,
        1.90398252,  0.73486263, -0.03109338,  0.73911554,  2.13012052,
       -0.54735088, -0.46048918, -0.6557827 , -0.81300676, -1.08316493,
        0.73422951, -0.97802722, -1.29261625,  0.57245463,  0.90376478,
       -1.37344766, -2.23667073,  0.85666615, -1.17039478, -1.10053265,
       -0.55592781,  0.03040132,  1.12416053,  1.44346237,  1.60965335], dtype=float32), array([ 0.95876199, -0.01142567, -1.96960557,  0.21405457, -0.43396154,
       -1.24361217,  0.12488833, -1.1807071 ,  0.41716826, -1.42965865,
       -0.82136899, -2.21747565,  0.5351156 , -1.01762235, -0.12565334,
       -0.75384074,  0.04908361,  0.1183906 , -0.32468402,  1.98784053,
       -1.07305825,  0.92886126, -0.12834165, -0.46756899, -1.61256731,
        1.39831865,  0.87685257, -0.54066837, -0.29700899, -0.42953104,
        1.46076238,  1.3378154 , -1.14010084,  0.66573137,  1.6232065 ,
       -0.35454926,  1.35848737, -2.01575732, -0.43819362,  0.03940099,
        0.07091618,  0.3995662 ,  0.39756778,  0.18397798, -0.29258257,
        0.05297639, -1.50991237,  0.2672255 , -1.61444008, -0.27757511,
       -0.38564798,  0.05716006,  1.28270018, -0.84506881, -0.249639  ,
        0.93391746,  1.24109101,  1.48891306,  0.9755708 , -0.89575106,
        0.10311047,  1.57460511,  1.40867579,  0.45468891, -0.31678623,
       -0.37846929,  0.57123631, -0.41405758, -0.47564045, -0.23188864,
        0.52735603,  1.02357662, -0.1619716 ,  0.99668735, -0.51583117,
        1.90515435,  0.73538625, -0.03060457,  0.7385006 ,  2.13120961,
       -0.54986954, -0.46014786, -0.65416604, -0.81121069, -1.08326352,
        0.73712522, -0.97717434, -1.29899025,  0.5752421 ,  0.90304196,
       -1.37184942, -2.23705006,  0.85488003, -1.17142355, -1.09970546,
       -0.55549961,  0.0315206 ,  1.12578583,  1.44110942,  1.60802746], dtype=float32), array([ 0.95167285, -0.01100824, -2.00375652,  0.21732345, -0.41354489,
       -1.20887792,  0.10903987, -1.22467649,  0.43252781, -1.4218291 ,
       -0.79799765, -2.21758819,  0.55026764, -1.01689398, -0.16310476,
       -0.76511973,  0.03710574,  0.11004199, -0.35442868,  1.97679293,
       -1.08984935,  0.91594046, -0.12423843, -0.47902447, -1.62186539,
        1.42250025,  0.87401944, -0.55869043, -0.28643644, -0.40373772,
        1.44742727,  1.31539667, -1.16264522,  0.69924462,  1.59151495,
       -0.37267211,  1.37245107, -2.03138041, -0.45278734,  0.02260805,
        0.07469585,  0.416033  ,  0.41691402,  0.19453126, -0.27492768,
        0.07139919, -1.50599623,  0.2967594 , -1.5837934 , -0.25378481,
       -0.39507648,  0.09741447,  1.26189172, -0.81685603, -0.23567292,
        0.92505038,  1.22018754,  1.47880483,  0.99018323, -0.9369809 ,
        0.08780293,  1.58179951,  1.37957513,  0.45413375, -0.33841702,
       -0.39041311,  0.56389755, -0.42664245, -0.46182969, -0.22325727,
        0.54074091,  1.0114783 , -0.17400695,  0.98584491, -0.52023596,
        1.89268494,  0.74187076, -0.01958555,  0.7429648 ,  2.12873697,
       -0.58141321, -0.47950292, -0.63275236, -0.79926711, -1.07383823,
        0.74000388, -0.93334955, -1.30991137,  0.61472523,  0.8914659 ,
       -1.36053693, -2.25145602,  0.84932131, -1.16809046, -1.08438706,
       -0.54911143,  0.04919878,  1.1410352 ,  1.44450569,  1.6316669 ], dtype=float32), array([ 0.95310074, -0.00485132, -2.01663899,  0.22685415, -0.39830527,
       -1.18237174,  0.09902702, -1.24475884,  0.44059604, -1.41123319,
       -0.79197317, -2.22336292,  0.56622553, -1.01765227, -0.18739566,
       -0.7609303 ,  0.02410392,  0.10790166, -0.37214562,  1.9716953 ,
       -1.09274209,  0.91120481, -0.11809848, -0.49345949, -1.61921585,
        1.42588377,  0.87344611, -0.56425095, -0.28777292, -0.39415637,
        1.44216895,  1.29977596, -1.1670332 ,  0.71785384,  1.5687387 ,
       -0.38049424,  1.38466859, -2.04562569, -0.46074075,  0.02094173,
        0.07576025,  0.41965774,  0.44197595,  0.19296393, -0.27085999,
        0.07028843, -1.50713062,  0.32998958, -1.56653559, -0.25160146,
       -0.40248978,  0.10901416,  1.24409735, -0.78894347, -0.22361445,
        0.93249321,  1.20286834,  1.480425  ,  0.99252212, -0.9592514 ,
        0.07506362,  1.59159648,  1.35312724,  0.47093344, -0.3491548 ,
       -0.40094146,  0.55696994, -0.44233063, -0.44548255, -0.21694471,
        0.53858548,  1.01632082, -0.17732275,  0.97892874, -0.52344543,
        1.88408077,  0.74893022, -0.01573194,  0.73961943,  2.1183238 ,
       -0.591277  , -0.48735338, -0.626827  , -0.78866416, -1.07921076,
        0.7441774 , -0.90886116, -1.32492387,  0.63543332,  0.8839168 ,
       -1.35027981, -2.26079297,  0.84736884, -1.15911746, -1.09673011,
       -0.5582931 ,  0.06021743,  1.15058541,  1.44901502,  1.63986433], dtype=float32), array([ 0.95362955, -0.00486158, -2.0181272 ,  0.22733444, -0.39761657,
       -1.18081439,  0.09898432, -1.24561036,  0.44098333, -1.41027784,
       -0.7918855 , -2.22394729,  0.56710821, -1.0180881 , -0.18909754,
       -0.76069987,  0.02332885,  0.10775196, -0.37316325,  1.97095692,
       -1.09313262,  0.91088367, -0.11774042, -0.49480328, -1.61894357,
        1.4264884 ,  0.8731814 , -0.56455517, -0.28781641, -0.39353609,
        1.44171953,  1.29866219, -1.16694558,  0.7189607 ,  1.56727576,
       -0.38121125,  1.38524652, -2.04588795, -0.46093121,  0.02046823,
        0.07568853,  0.42008787,  0.44308031,  0.19350995, -0.27075449,
        0.07042333, -1.50738788,  0.33210441, -1.56552029, -0.251315  ,
       -0.40308678,  0.11014513,  1.24338877, -0.7877605 , -0.22254042,
        0.93274832,  1.20194244,  1.48031354,  0.99283236, -0.96087444,
        0.07496821,  1.59219432,  1.35182822,  0.47158498, -0.34959409,
       -0.40177611,  0.55679655, -0.44322711, -0.44464144, -0.2166965 ,
        0.53855646,  1.01676226, -0.17746119,  0.97898835, -0.52378112,
        1.88344491,  0.74917817, -0.01520114,  0.73895794,  2.11766863,
       -0.59196687, -0.48741588, -0.6265229 , -0.7881577 , -1.07944012,
        0.74418169, -0.90763032, -1.32487988,  0.63632333,  0.88342011,
       -1.34974587, -2.2610321 ,  0.84728456, -1.15909052, -1.09733176,
       -0.55862075,  0.06109243,  1.15105116,  1.44902503,  1.64065123], dtype=float32), array([ 0.95348221, -0.0048399 , -2.01854205,  0.22736783, -0.39734307,
       -1.18058109,  0.09903257, -1.24569178,  0.44109425, -1.41039264,
       -0.79168093, -2.22392368,  0.56708235, -1.01796091, -0.18928432,
       -0.76102054,  0.02326218,  0.10760791, -0.37330046,  1.97071588,
       -1.09343696,  0.91083342, -0.11780956, -0.49478269, -1.61908817,
        1.42679226,  0.87303197, -0.56438851, -0.2875537 , -0.3933641 ,
        1.44156778,  1.29855657, -1.1671077 ,  0.71933538,  1.56709564,
       -0.38138545,  1.38530099, -2.04605675, -0.46087092,  0.02038587,
        0.07570009,  0.42030749,  0.44276941,  0.19390982, -0.27051452,
        0.07073862, -1.50756288,  0.33203837, -1.56522906, -0.25104409,
       -0.40307933,  0.11065037,  1.24350262, -0.78781492, -0.22255574,
        0.93259418,  1.20169497,  1.48032832,  0.99296284, -0.96131498,
        0.07493046,  1.59206891,  1.35203266,  0.47131538, -0.34976882,
       -0.40184775,  0.55692691, -0.44311041, -0.4446463 , -0.21674363,
        0.5388816 ,  1.01629555, -0.17774175,  0.97924137, -0.52382827,
        1.88331509,  0.74896765, -0.01481296,  0.73886329,  2.11753321,
       -0.59223861, -0.48727685, -0.62640333, -0.78813112, -1.07931697,
        0.74418366, -0.90742809, -1.32471919,  0.63631499,  0.88321328,
       -1.34978855, -2.2610364 ,  0.84730989, -1.15944123, -1.09692252,
       -0.55847311,  0.06105679,  1.15098178,  1.44901097,  1.6410265 ], dtype=float32), array([ 0.95364714, -0.00421495, -2.01916742,  0.22744125, -0.39697286,
       -1.17986512,  0.09876893, -1.24680543,  0.44146934, -1.40950072,
       -0.79039925, -2.22384334,  0.56794775, -1.01778984, -0.18942425,
       -0.76058388,  0.02324913,  0.1070734 , -0.37344435,  1.97072804,
       -1.09381723,  0.91022539, -0.11760089, -0.49528557, -1.61918461,
        1.42716908,  0.87252259, -0.56435478, -0.28736812, -0.39312613,
        1.44112384,  1.29856777, -1.16786039,  0.71972883,  1.56700742,
       -0.38169241,  1.38591063, -2.0467627 , -0.46152848,  0.02098473,
        0.07505734,  0.4204675 ,  0.44301334,  0.19494775, -0.27017274,
        0.07099856, -1.50736618,  0.3329775 , -1.56453896, -0.25125721,
       -0.40348482,  0.11040269,  1.24315   , -0.78677541, -0.22272721,
        0.93340945,  1.20060647,  1.480744  ,  0.99276954, -0.9621253 ,
        0.0747387 ,  1.59273899,  1.35164356,  0.4717131 , -0.35002214,
       -0.40154594,  0.55717301, -0.44418588, -0.44450065, -0.21601471,
        0.53859109,  1.01641321, -0.17746919,  0.97938019, -0.52359742,
        1.88260198,  0.74907708, -0.014672  ,  0.73814487,  2.11692262,
       -0.59275764, -0.4874872 , -0.62654674, -0.78753471, -1.07969856,
        0.74448866, -0.90692139, -1.32561946,  0.63681149,  0.88269269,
       -1.34962368, -2.2609396 ,  0.84672195, -1.15921009, -1.09767461,
       -0.55875307,  0.06135487,  1.15076005,  1.44891095,  1.64082885], dtype=float32), array([ 0.95439655, -0.00658566, -2.01836109,  0.22613649, -0.39932775,
       -1.18270075,  0.10238984, -1.24032044,  0.44091424, -1.41593337,
       -0.79310185, -2.22487497,  0.56601757, -1.01577282, -0.18916106,
       -0.76045322,  0.02541184,  0.10685819, -0.37157398,  1.9707911 ,
       -1.09446371,  0.91181546, -0.11794725, -0.49018633, -1.61812365,
        1.42649758,  0.8735621 , -0.56423879, -0.28594783, -0.39248416,
        1.44078386,  1.29799056, -1.16357005,  0.71805108,  1.57383657,
       -0.38181594,  1.38165367, -2.04625559, -0.45606518,  0.02237795,
        0.07348586,  0.41915807,  0.44005817,  0.19848165, -0.26855686,
        0.07082507, -1.50871682,  0.32925475, -1.56599569, -0.25397983,
       -0.40301472,  0.11163388,  1.24203312, -0.79639125, -0.22352134,
        0.93196082,  1.20484877,  1.4807812 ,  0.99084526, -0.96192676,
        0.08066432,  1.5885793 ,  1.35706675,  0.46884054, -0.34905934,
       -0.40073755,  0.55827153, -0.43697327, -0.4483003 , -0.21893491,
        0.54166961,  1.01144266, -0.17795908,  0.9803378 , -0.52201688,
        1.8867408 ,  0.74540538, -0.01656521,  0.74099505,  2.11665463,
       -0.59086072, -0.48556367, -0.62922448, -0.79031795, -1.07918322,
        0.7423287 , -0.91223425, -1.32131839,  0.6313144 ,  0.88106591,
       -1.35034657, -2.25890231,  0.84990561, -1.16197228, -1.09321392,
       -0.55656171,  0.05604028,  1.14920115,  1.45086884,  1.64135468], dtype=float32), array([ 0.95702195,  0.00418871, -2.03150296,  0.22885655, -0.39076507,
       -1.16568995,  0.09578238, -1.26219535,  0.44788498, -1.39835584,
       -0.7726382 , -2.22450161,  0.58159697, -1.01419377, -0.19542705,
       -0.75343204,  0.02260683,  0.09887291, -0.37873286,  1.9700042 ,
       -1.10042095,  0.90030754, -0.11423211, -0.5021801 , -1.61933386,
        1.43423975,  0.865367  , -0.56574023, -0.28265774, -0.38780618,
        1.43250859,  1.29580998, -1.17621183,  0.7276237 ,  1.56583261,
       -0.3875514 ,  1.39383399, -2.05827594, -0.46759808,  0.02922015,
        0.06463476,  0.42174211,  0.44826943,  0.21384682, -0.26327211,
        0.0739862 , -1.50537801,  0.35073671, -1.55174828, -0.25554007,
       -0.40972584,  0.11152831,  1.23453712, -0.77357936, -0.22228611,
        0.94420576,  1.18345666,  1.48635185,  0.99080086, -0.9786846 ,
        0.07519922,  1.60100782,  1.3452661 ,  0.47841832, -0.35575104,
       -0.39889267,  0.55999368, -0.45786995, -0.44153738, -0.20493706,
        0.53704816,  1.01587856, -0.17459537,  0.98120153, -0.51989341,
        1.87345219,  0.74893135, -0.01203597,  0.72718936,  2.10612583,
       -0.60136622, -0.49049896, -0.6287443 , -0.77942008, -1.08512497,
        0.74805778, -0.89847398, -1.33803892,  0.64345139,  0.87274581,
       -1.34653342, -2.26021814,  0.83951747, -1.15748155, -1.10751605,
       -0.56355363,  0.0648777 ,  1.14878094,  1.4485991 ,  1.6407491 ], dtype=float32), array([ 0.95301861,  0.00393352, -2.03087807,  0.22824903, -0.38757628,
       -1.16319311,  0.09598061, -1.26491642,  0.44854346, -1.39934587,
       -0.77047521, -2.22318816,  0.58097243, -1.01284277, -0.19591929,
       -0.75577813,  0.02207425,  0.09823917, -0.38062498,  1.96979582,
       -1.10195196,  0.89791685, -0.11474354, -0.50343752, -1.62065244,
        1.43560183,  0.86249673, -0.56588852, -0.28211975, -0.38505223,
        1.43213212,  1.29422724, -1.1801939 ,  0.72975796,  1.56417394,
       -0.38948238,  1.39584851, -2.06017756, -0.46879765,  0.02922433,
        0.0647295 ,  0.42503238,  0.44588804,  0.21500356, -0.25961769,
        0.07753558, -1.50566602,  0.35183844, -1.55017877, -0.25429586,
       -0.41181517,  0.11463453,  1.23347652, -0.77240127, -0.22146085,
        0.94407845,  1.18159533,  1.48547101,  0.9915362 , -0.98151177,
        0.07307471,  1.59982836,  1.34641516,  0.47691178, -0.35710555,
       -0.39784825,  0.55972809, -0.45817834, -0.44018421, -0.20355141,
        0.53979361,  1.01388681, -0.17526574,  0.98291504, -0.52051508,
        1.87162161,  0.75044399, -0.01059155,  0.72823805,  2.10702896,
       -0.60389858, -0.49348405, -0.62794298, -0.77967626, -1.08470058,
        0.74793142, -0.89615577, -1.33976173,  0.64668405,  0.87109393,
       -1.34597433, -2.26074648,  0.83859652, -1.15668356, -1.10493541,
       -0.56223607,  0.06575935,  1.1498903 ,  1.44760525,  1.6432153 ], dtype=float32), array([ 0.95530951,  0.0151625 , -2.03252959,  0.23005712, -0.38369834,
       -1.15388584,  0.08834107, -1.28802133,  0.4556191 , -1.37729061,
       -0.7460351 , -2.21924281,  0.59989762, -1.01006114, -0.19187087,
       -0.73801446,  0.02399774,  0.0907468 , -0.38257504,  1.97754145,
       -1.10579193,  0.88403422, -0.11030761, -0.51198596, -1.61732137,
        1.43478763,  0.85341865, -0.56582522, -0.28302464, -0.38448161,
        1.42834151,  1.29881108, -1.19714987,  0.73207742,  1.56227314,
       -0.3922151 ,  1.40854454, -2.07603359, -0.48433155,  0.04548013,
        0.05028549,  0.42333123,  0.4553211 ,  0.22880787, -0.25822732,
        0.07807889, -1.49743783,  0.37306178, -1.53933418, -0.26466864,
       -0.41855434,  0.09754337,  1.22549343, -0.74399751, -0.22731578,
        0.96416682,  1.16088569,  1.49349737,  0.98445481, -0.99031621,
        0.07000358,  1.61852932,  1.33510053,  0.48882258, -0.35842887,
       -0.38842657,  0.56032556, -0.48427609, -0.43969616, -0.18876675,
        0.53019792,  1.02673948, -0.16497189,  0.98033291, -0.51403981,
        1.85714948,  0.75749898, -0.01509269,  0.71235299,  2.09910369,
       -0.60933131, -0.50062585, -0.63136905, -0.76705825, -1.09699118,
        0.75611162, -0.88709354, -1.36517715,  0.65585154,  0.86415386,
       -1.34246087, -2.25966883,  0.82587302, -1.14630163, -1.12731063,
       -0.57292485,  0.07196485,  1.1466161 ,  1.44472814,  1.63072288], dtype=float32), array([ 0.95584989,  0.01616961, -2.03380346,  0.23013818, -0.38322484,
       -1.15247512,  0.08752056, -1.29018104,  0.45638826, -1.3754071 ,
       -0.74386185, -2.21911788,  0.60169435, -1.01001155, -0.19240971,
       -0.73695451,  0.02371259,  0.08995495, -0.38282749,  1.97756255,
       -1.10637391,  0.88290638, -0.10975829, -0.51304513, -1.61718631,
        1.43552709,  0.85285372, -0.56616092, -0.28279823, -0.38414243,
        1.42742682,  1.29866481, -1.19837701,  0.73268288,  1.56190026,
       -0.3928242 ,  1.4095794 , -2.07704639, -0.48580155,  0.04637499,
        0.0493834 ,  0.42338032,  0.45646814,  0.23042205, -0.25769624,
        0.07837556, -1.49673891,  0.37521237, -1.53807473, -0.26488179,
       -0.41914243,  0.09712845,  1.22446656, -0.74191737, -0.22744799,
        0.96555191,  1.15900755,  1.49394441,  0.9842664 , -0.9918161 ,
        0.0696381 ,  1.62001109,  1.33380461,  0.48970085, -0.35896683,
       -0.38797525,  0.56056607, -0.48641336, -0.4391329 , -0.18731432,
        0.52935964,  1.0272367 , -0.16445337,  0.98023033, -0.5135904 ,
        1.85590613,  0.75795066, -0.0151603 ,  0.71122956,  2.09814334,
       -0.61033857, -0.50113076, -0.63144016, -0.76570427, -1.097597  ,
        0.75661212, -0.88606149, -1.36723483,  0.65711164,  0.86338902,
       -1.34196568, -2.25961375,  0.82461059, -1.14582002, -1.12889576,
       -0.57344282,  0.07276889,  1.146469  ,  1.44449222,  1.63001692], dtype=float32), array([ 0.95728606,  0.02243358, -2.04764962,  0.23135655, -0.37691787,
       -1.14099026,  0.0821686 , -1.30602193,  0.46257618, -1.36514354,
       -0.72698754, -2.21793199,  0.61221641, -1.00790238, -0.19916193,
       -0.7359367 ,  0.0210859 ,  0.08282636, -0.38715988,  1.97437906,
       -1.11376441,  0.87473941, -0.1077279 , -0.51910967, -1.61915648,
        1.44503534,  0.84735078, -0.5672701 , -0.27762747, -0.37883836,
        1.41968799,  1.29571021, -1.20903671,  0.74162179,  1.55670512,
       -0.39864364,  1.41690171, -2.08508873, -0.49472389,  0.04966266,
        0.04467896,  0.42699265,  0.4594664 ,  0.24533497, -0.2508221 ,
        0.08493747, -1.49435043,  0.38771433, -1.52581465, -0.26141107,
       -0.42268902,  0.10210254,  1.21963954, -0.72911388, -0.22797261,
        0.97124523,  1.14427948,  1.49588811,  0.98539108, -1.00765097,
        0.06656048,  1.62689197,  1.32728326,  0.49075559, -0.36523652,
       -0.38604951,  0.56353319, -0.49838707, -0.43548498, -0.17823552,
        0.52861446,  1.02420819, -0.16534169,  0.98190182, -0.51166534,
        1.84612989,  0.75850195, -0.01025674,  0.70346749,  2.09026408,
       -0.6204809 , -0.50377101, -0.62919462, -0.75654364, -1.09886396,
        0.76047522, -0.87544435, -1.37744117,  0.6663307 ,  0.85573447,
       -1.33878624, -2.25926948,  0.81707072, -1.14685166, -1.13225245,
       -0.57410741,  0.07774671,  1.14539349,  1.44233274,  1.6316911 ], dtype=float32), array([ 0.95734423,  0.02255742, -2.04774117,  0.23137382, -0.37686139,
       -1.14086115,  0.08214766, -1.30616629,  0.4626224 , -1.3650291 ,
       -0.72683746, -2.21794915,  0.61232734, -1.00786686, -0.19919927,
       -0.7358771 ,  0.02107028,  0.08275107, -0.38717952,  1.97437668,
       -1.11378729,  0.87465721, -0.10770583, -0.51917934, -1.61916697,
        1.44509745,  0.84728438, -0.56726259, -0.27758706, -0.37881476,
        1.41958952,  1.29569447, -1.20907974,  0.74166179,  1.5567205 ,
       -0.3986693 ,  1.41695344, -2.08517051, -0.49477267,  0.04974268,
        0.04459615,  0.42699504,  0.45950842,  0.24548636, -0.2507762 ,
        0.08492364, -1.49433303,  0.38786116, -1.52572262, -0.26146507,
       -0.42274037,  0.10207808,  1.21957707, -0.72899467, -0.2279747 ,
        0.97134614,  1.14412606,  1.49597466,  0.98535299, -1.00776136,
        0.0665608 ,  1.6269803 ,  1.3272357 ,  0.4908447 , -0.36526561,
       -0.38603258,  0.56356567, -0.49850962, -0.43545726, -0.17813654,
        0.52857858,  1.02419424, -0.16530357,  0.98191726, -0.51163703,
        1.84604752,  0.7584933 , -0.01023132,  0.70335448,  2.09013987,
       -0.62052459, -0.50379044, -0.62923044, -0.75647295, -1.09891939,
        0.76051265, -0.87538999, -1.37752128,  0.66635489,  0.85566044,
       -1.33876085, -2.25926566,  0.8169924 , -1.14681745, -1.13239384,
       -0.57415873,  0.07777779,  1.14535534,  1.44232631,  1.63165557], dtype=float32), array([ 0.95782697,  0.0224652 , -2.04882145,  0.23152678, -0.37663087,
       -1.14008164,  0.08269348, -1.30487251,  0.46232238, -1.36585951,
       -0.72855109, -2.21858454,  0.6114586 , -1.0082742 , -0.20041351,
       -0.73674601,  0.02050418,  0.08301842, -0.38758275,  1.97334635,
       -1.11343122,  0.87570429, -0.10780472, -0.51936972, -1.61936402,
        1.44568455,  0.84768325, -0.56721437, -0.2773802 , -0.37885118,
        1.41924465,  1.29488683, -1.20708954,  0.74202901,  1.55643106,
       -0.39879444,  1.4162935 , -2.08423376, -0.49367577,  0.04863568,
        0.04554559,  0.42721829,  0.45982605,  0.24490425, -0.2509326 ,
        0.08446012, -1.49511814,  0.38753459, -1.5260216 , -0.26083869,
       -0.42267036,  0.10378227,  1.21996617, -0.73042423, -0.2270429 ,
        0.9701795 ,  1.14466298,  1.49591601,  0.9859609 , -1.00785804,
        0.06659015,  1.62601614,  1.32740545,  0.4911586 , -0.36547196,
       -0.38733676,  0.56367248, -0.49727547, -0.43489909, -0.17895272,
        0.52890962,  1.02317309, -0.16593648,  0.98223263, -0.51241463,
        1.84685206,  0.75780368, -0.00942292,  0.70355928,  2.08969021,
       -0.62032181, -0.50292647, -0.6292026 , -0.75712144, -1.09807098,
        0.7598201 , -0.87570465, -1.37561154,  0.66583616,  0.85596424,
       -1.33897579, -2.25960898,  0.81782782, -1.14762712, -1.13204169,
       -0.57397258,  0.07808025,  1.14546812,  1.44268084,  1.6329639 ], dtype=float32), array([ 0.95812714,  0.02273141, -2.0488019 ,  0.23158175, -0.37671769,
       -1.14002109,  0.0826332 , -1.30506909,  0.46237755, -1.36543417,
       -0.72843039, -2.21873403,  0.61177599, -1.00835752, -0.20026539,
       -0.73635626,  0.02058157,  0.08299154, -0.38744727,  1.97346282,
       -1.11327207,  0.87556964, -0.10760249, -0.51964051, -1.61931968,
        1.44556415,  0.84764242, -0.56722468, -0.27754113, -0.37890878,
        1.41915917,  1.2949779 , -1.20697486,  0.74179614,  1.55656016,
       -0.39871892,  1.41640592, -2.08422661, -0.49383506,  0.0488645 ,
        0.04532454,  0.42708468,  0.46016204,  0.24487214, -0.25115627,
        0.0841881 , -1.49491847,  0.38782758, -1.52612519, -0.26117107,
       -0.42282251,  0.10329296,  1.21984839, -0.73013884, -0.22707644,
        0.9705742 ,  1.14447737,  1.49606252,  0.98574871, -1.00770462,
        0.06657329,  1.62628198,  1.32709968,  0.4916251 , -0.36535507,
       -0.387288  ,  0.56372726, -0.49770766, -0.43479088, -0.17869371,
        0.52850807,  1.02365398, -0.16555269,  0.98209578, -0.51233673,
        1.84672117,  0.75789541, -0.00954128,  0.7032795 ,  2.08949304,
       -0.62019831, -0.50297552, -0.62940598, -0.75695592, -1.09829223,
        0.75992572, -0.87574464, -1.3759656 ,  0.66588634,  0.85599101,
       -1.33897769, -2.25960493,  0.81766438, -1.14724922, -1.13274133,
       -0.57421798,  0.07825579,  1.14537477,  1.44267285,  1.63263261], dtype=float32), array([ 0.95973814,  0.02473131, -2.05043602,  0.23196071, -0.37606141,
       -1.13868654,  0.08346614, -1.30311596,  0.46171981, -1.36473429,
       -0.72840989, -2.21910548,  0.61224777, -1.00846565, -0.2005935 ,
       -0.73642486,  0.01958949,  0.08209278, -0.38642561,  1.97265387,
       -1.11270964,  0.8760283 , -0.10751493, -0.52143472, -1.61925387,
        1.44681096,  0.84691787, -0.5662421 , -0.27699766, -0.37999132,
        1.41765189,  1.29456854, -1.20528531,  0.74135929,  1.55786312,
       -0.39930874,  1.41660583, -2.08391261, -0.49351206,  0.05014521,
        0.04517622,  0.42739862,  0.45960596,  0.24687752, -0.25042772,
        0.08341375, -1.49615705,  0.38864502, -1.52642298, -0.2616843 ,
       -0.42374358,  0.10351783,  1.22085297, -0.73145795, -0.22699848,
        0.97166079,  1.14300787,  1.4974823 ,  0.98573011, -1.00823593,
        0.06670372,  1.62641406,  1.32846057,  0.49258465, -0.3650834 ,
       -0.38742131,  0.56519997, -0.49799168, -0.43416977, -0.17772734,
        0.52729857,  1.02241766, -0.16472854,  0.98416853, -0.51301074,
        1.84687889,  0.75677085, -0.0080412 ,  0.70096409,  2.08732367,
       -0.62032789, -0.50098783, -0.63096964, -0.75703114, -1.09849429,
        0.75973117, -0.87758249, -1.37515771,  0.66441232,  0.85548437,
       -1.33947742, -2.2587347 ,  0.81697977, -1.14815187, -1.13509333,
       -0.57471216,  0.07862101,  1.14424443,  1.44200122,  1.63242948], dtype=float32), array([ 0.95969212,  0.02520827, -2.05128932,  0.2320776 , -0.37541255,
       -1.13794005,  0.08336782, -1.30431879,  0.46215367, -1.36429715,
       -0.72720468, -2.21901464,  0.61271107, -1.00808024, -0.20080931,
       -0.73642647,  0.01974167,  0.08162805, -0.3867186 ,  1.97258508,
       -1.1132462 ,  0.87532276, -0.10733606, -0.521631  , -1.6195277 ,
        1.44734919,  0.84620309, -0.56634295, -0.27666074, -0.37933129,
        1.41694689,  1.29446805, -1.20631206,  0.74196535,  1.55757618,
       -0.39955539,  1.41707838, -2.08472562, -0.49389887,  0.05058332,
        0.0446564 ,  0.42784557,  0.45945513,  0.24790484, -0.250054  ,
        0.08391394, -1.49609816,  0.38926694, -1.52586949, -0.26164517,
       -0.42406723,  0.10364664,  1.22039855, -0.7306543 , -0.22726728,
        0.9719668 ,  1.14206731,  1.49767721,  0.98563045, -1.00912035,
        0.06644604,  1.62674916,  1.32807899,  0.49253717, -0.3653225 ,
       -0.38718447,  0.56546557, -0.49860102, -0.43405697, -0.17721251,
        0.5274033 ,  1.02189386, -0.16465829,  0.98415774, -0.51289648,
        1.84626722,  0.75693411, -0.00769714,  0.70054179,  2.08690238,
       -0.62106687, -0.50125736, -0.63088983, -0.75653768, -1.09865224,
        0.75998497, -0.87697792, -1.37553859,  0.66504794,  0.85495049,
       -1.33935416, -2.25865173,  0.81673217, -1.14777637, -1.13501728,
       -0.57457566,  0.07891664,  1.14397252,  1.44201672,  1.6327343 ], dtype=float32), array([ 0.95973116,  0.02491683, -2.05174112,  0.23213609, -0.37532657,
       -1.13753581,  0.08355498, -1.30399334,  0.46212813, -1.36474681,
       -0.72805631, -2.21932578,  0.61224306, -1.00829315, -0.20152253,
       -0.73686361,  0.0194549 ,  0.08184691, -0.38719088,  1.97206748,
       -1.11322069,  0.87583464, -0.10738453, -0.52156359, -1.61961877,
        1.44757354,  0.8464638 , -0.56640619, -0.27661535, -0.37920657,
        1.41691768,  1.29396999, -1.20543301,  0.74235696,  1.55723679,
       -0.39962521,  1.41666305, -2.0842855 , -0.49335927,  0.04980016,
        0.04516269,  0.42793086,  0.45975378,  0.24743325, -0.25012511,
        0.08375993, -1.49634659,  0.38918865, -1.5258863 , -0.26126948,
       -0.42390883,  0.10462886,  1.22040045, -0.73113531, -0.22669223,
        0.97127229,  1.14246285,  1.49754882,  0.98598564, -1.00927007,
        0.06651472,  1.6262393 ,  1.32794595,  0.49265927, -0.36553654,
       -0.38794371,  0.56533813, -0.49802294, -0.43382815, -0.17774184,
        0.52783006,  1.02144349, -0.16513342,  0.98409134, -0.51319087,
        1.84661639,  0.75670087, -0.00743135,  0.70095861,  2.08679771,
       -0.62100053, -0.50106794, -0.63069099, -0.75681394, -1.09817708,
        0.759637  , -0.87677515, -1.37472737,  0.66492361,  0.85508657,
       -1.33938015, -2.25893641,  0.81723011, -1.14815176, -1.13457835,
       -0.57448894,  0.07903434,  1.14422429,  1.44233489,  1.63352013], dtype=float32), array([ 0.9602989 ,  0.02663895, -2.05287004,  0.23231971, -0.37460169,
       -1.13562262,  0.08269808, -1.30682099,  0.4631899 , -1.36257041,
       -0.7252301 , -2.2192452 ,  0.61447322, -1.00775242, -0.20191908,
       -0.73527646,  0.01929606,  0.08073584, -0.38772565,  1.97228873,
       -1.1138674 ,  0.87423825, -0.10689227, -0.52266377, -1.61940181,
        1.44813263,  0.84544092, -0.5666461 , -0.27607444, -0.37870866,
        1.41569531,  1.29370463, -1.20686042,  0.74303573,  1.55729485,
       -0.40027812,  1.41794229, -2.08599234, -0.49471682,  0.05114638,
        0.04368805,  0.42780635,  0.46100995,  0.24961166, -0.24935557,
        0.08368418, -1.49551058,  0.39197412, -1.52426302, -0.26208666,
       -0.42469096,  0.10385828,  1.21901369, -0.72851217, -0.2267829 ,
        0.97301656,  1.14002478,  1.49850845,  0.98535883, -1.01122153,
        0.06640294,  1.62798572,  1.32663238,  0.49409294, -0.36607507,
       -0.38748538,  0.56566441, -0.50076735, -0.43327641, -0.17604767,
        0.527219  ,  1.0218308 , -0.16438238,  0.9838568 , -0.51247388,
        1.84514058,  0.7571041 , -0.00751392,  0.69940358,  2.08528471,
       -0.62188447, -0.50184983, -0.63104701, -0.75541401, -1.0991838 ,
        0.76053262, -0.87540668, -1.37736976,  0.66601264,  0.85393906,
       -1.33890533, -2.25893593,  0.81571054, -1.1472162 , -1.1367203 ,
       -0.57537407,  0.07961573,  1.14397538,  1.44228494,  1.63267481], dtype=float32), array([ 0.96037245,  0.02462925, -2.05243611,  0.23207141, -0.37565866,
       -1.13688624,  0.0836745 , -1.30310345,  0.46201813, -1.36519802,
       -0.72972059, -2.21994042,  0.61181974, -1.00893414, -0.20289119,
       -0.73696083,  0.01894211,  0.08237093, -0.38758567,  1.97125816,
       -1.11273074,  0.87681621, -0.10737552, -0.52178067, -1.61940551,
        1.44774413,  0.84742904, -0.56682104, -0.27653924, -0.37948945,
        1.41686893,  1.29326081, -1.20334172,  0.7424801 ,  1.55689692,
       -0.39973187,  1.41597617, -2.08317852, -0.49265388,  0.04857053,
        0.04600124,  0.42757404,  0.46119213,  0.2465428 , -0.25057551,
        0.08296226, -1.49651873,  0.3893227 , -1.52596402, -0.26079345,
       -0.42349127,  0.10592186,  1.22022128, -0.73218131, -0.22561119,
        0.97028029,  1.14333296,  1.49737465,  0.98643112, -1.00916994,
        0.06664153,  1.62571406,  1.32741475,  0.49345365, -0.3657566 ,
       -0.38943794,  0.56513256, -0.49729186, -0.43323892, -0.17861146,
        0.52774602,  1.0212723 , -0.16572994,  0.98379314, -0.51351339,
        1.84759653,  0.75629395, -0.00735625,  0.70146376,  2.08656955,
       -0.62053972, -0.50049835, -0.63053513, -0.75725299, -1.09749544,
        0.75888324, -0.87687272, -1.373564  ,  0.66473824,  0.85554522,
       -1.33934498, -2.2595675 ,  0.8177948 , -1.14875913, -1.13477802,
       -0.57454699,  0.0793871 ,  1.14457226,  1.44283605,  1.63423252], dtype=float32), array([ 0.96121466,  0.02712558, -2.05375314,  0.23237295, -0.37473652,
       -1.134377  ,  0.08237801, -1.30741894,  0.46357211, -1.36191082,
       -0.72552764, -2.21987939,  0.61515623, -1.00809133, -0.20308912,
       -0.73449284,  0.01892125,  0.08082074, -0.38827777,  1.97179902,
       -1.11364424,  0.87432802, -0.10656121, -0.52331173, -1.61907542,
        1.44822395,  0.84593415, -0.56715208, -0.27593896, -0.37869737,
        1.41526294,  1.29309511, -1.2056644 ,  0.74325413,  1.55702579,
       -0.40043297,  1.41788697, -2.08574224, -0.49466676,  0.05061553,
        0.04369433,  0.42728767,  0.46296585,  0.24945851, -0.24969505,
        0.08269194, -1.49511373,  0.39325294, -1.52375591, -0.26225224,
       -0.42464992,  0.10430625,  1.2181468 , -0.72809738, -0.22585051,
        0.9729408 ,  1.13984764,  1.49874651,  0.98536861, -1.01170909,
        0.06646194,  1.62832379,  1.32535541,  0.49564421, -0.36640647,
       -0.38864699,  0.56553006, -0.50147057, -0.43252948, -0.17605583,
        0.52677786,  1.02222776, -0.16441472,  0.98323166, -0.51237267,
        1.84537458,  0.75697064, -0.0076384 ,  0.69923115,  2.08448625,
       -0.62169462, -0.50182241, -0.6310609 , -0.75523871, -1.09917188,
        0.76038104, -0.87482804, -1.37762761,  0.66632646,  0.85395968,
       -1.33869529, -2.25953412,  0.81560796, -1.14700854, -1.13795793,
       -0.57592201,  0.08016036,  1.14422941,  1.44284368,  1.63282478], dtype=float32), array([ 0.96214616,  0.03105872, -2.05561948,  0.23284042, -0.37314364,
       -1.13059819,  0.08037909, -1.31464696,  0.46618262, -1.35661149,
       -0.71826524, -2.21945453,  0.62049365, -1.00651073, -0.20306218,
       -0.73057055,  0.0191394 ,  0.07822746, -0.38932195,  1.97295952,
       -1.11533082,  0.86999267, -0.10530614, -0.52549917, -1.6187036 ,
        1.44896591,  0.8431167 , -0.56760007, -0.27492744, -0.37722707,
        1.41262424,  1.29296863, -1.21001065,  0.74449706,  1.55739558,
       -0.40160429,  1.42113352, -2.09023428, -0.49817592,  0.05433046,
        0.03977541,  0.42706859,  0.46538454,  0.25444567, -0.2480756 ,
        0.08273207, -1.49270105,  0.39941517, -1.52017832, -0.26471904,
       -0.42655087,  0.10139631,  1.21489072, -0.72134757, -0.22661659,
        0.97745448,  1.13410389,  1.50095272,  0.98340219, -1.0158217 ,
        0.06622066,  1.63253355,  1.32229877,  0.49874389, -0.36732361,
       -0.38685879,  0.56631732, -0.50828058, -0.43168494, -0.17188664,
        0.52531445,  1.02362728, -0.16226541,  0.98238665, -0.51038396,
        1.84144652,  0.75826466, -0.008183  ,  0.69557148,  2.08120203,
       -0.6236403 , -0.50421095, -0.63194865, -0.75179529, -1.10195827,
        0.76291221, -0.87149572, -1.38444078,  0.66898692,  0.85123879,
       -1.33761322, -2.259341  ,  0.81206506, -1.14398634, -1.14284122,
       -0.57794738,  0.08141831,  1.14346898,  1.44259143,  1.63038218], dtype=float32), array([ 0.96224141,  0.03130241, -2.05578613,  0.23286179, -0.37304798,
       -1.13033986,  0.08026189, -1.31500041,  0.46631515, -1.35632014,
       -0.71786833, -2.21944618,  0.62078512, -1.00643337, -0.20310493,
       -0.73035824,  0.01911579,  0.07806494, -0.38937286,  1.97297192,
       -1.1154089 ,  0.86980349, -0.10524402, -0.52566755, -1.61867678,
        1.44902742,  0.84296858, -0.56761217, -0.27485454, -0.37717915,
        1.41246748,  1.29294693, -1.21021497,  0.74458736,  1.55742168,
       -0.4017033 ,  1.42131364, -2.09045243, -0.49835432,  0.05451569,
        0.03956777,  0.42705256,  0.46552742,  0.25476852, -0.24795687,
        0.08271853, -1.49259877,  0.3997767 , -1.5199784 , -0.26482099,
       -0.42666242,  0.10129325,  1.21473348, -0.72100902, -0.22663498,
        0.9776898 ,  1.13376296,  1.50108171,  0.98332357, -1.01609349,
        0.06619796,  1.63276517,  1.32213879,  0.49893624, -0.36739454,
       -0.38678697,  0.56637931, -0.50865364, -0.43161297, -0.17165083,
        0.52521914,  1.02367365, -0.1621594 ,  0.98238677, -0.51028228,
        1.84127796,  0.75830847, -0.00817074,  0.69534814,  2.08099127,
       -0.62375998, -0.50428528, -0.63200712, -0.7516064 , -1.10209453,
        0.76302159, -0.87133253, -1.3847692 ,  0.6691047 ,  0.85107642,
       -1.33756042, -2.2593143 ,  0.8118484 , -1.14387417, -1.14313412,
       -0.57806778,  0.08148042,  1.14342666,  1.44258285,  1.63026726], dtype=float32), array([ 0.96225983,  0.03013824, -2.05546904,  0.23269847, -0.37360299,
       -1.13145661,  0.08101434, -1.31221128,  0.46530226, -1.35810924,
       -0.72061676, -2.21975255,  0.61894405, -1.00715733, -0.20334092,
       -0.73177093,  0.01890197,  0.07891044, -0.38892519,  1.97226036,
       -1.11469376,  0.87155068, -0.10566319, -0.52515966, -1.61888611,
        1.44896913,  0.84411788, -0.56731439, -0.27516648, -0.37786794,
        1.41336989,  1.29298794, -1.20818937,  0.74415714,  1.55721998,
       -0.40129554,  1.42009771, -2.08859777, -0.49697661,  0.05303213,
        0.04098409,  0.42709222,  0.46475759,  0.25307992, -0.248616  ,
        0.08247757, -1.49365973,  0.39761096, -1.52116454, -0.26390171,
       -0.42601219,  0.10255126,  1.21598506, -0.72351074, -0.22620797,
        0.97604537,  1.13571036,  1.5004251 ,  0.98409367, -1.01464677,
        0.0661764 ,  1.63129878,  1.32322359,  0.49805796, -0.36707714,
       -0.38772312,  0.56621981, -0.50623494, -0.43170977, -0.17311071,
        0.52562869,  1.0231607 , -0.16292915,  0.98284316, -0.51104313,
        1.84277487,  0.75753528, -0.00772048,  0.69645256,  2.08185458,
       -0.62307608, -0.50314701, -0.63178498, -0.75296086, -1.10105884,
        0.76203179, -0.8725906 , -1.38205016,  0.66795528,  0.85202235,
       -1.3379668 , -2.25935888,  0.81306773, -1.14515936, -1.14168072,
       -0.57747358,  0.08101367,  1.14366555,  1.44278955,  1.63121152], dtype=float32), array([ 0.96224684,  0.03017776, -2.05554581,  0.23269683, -0.37356111,
       -1.13139176,  0.08100559, -1.31222594,  0.46530747, -1.35808372,
       -0.72052914, -2.21970463,  0.61897916, -1.00713646, -0.20336388,
       -0.73177534,  0.01887507,  0.07885826, -0.38891977,  1.97225642,
       -1.11471796,  0.87153316, -0.10567067, -0.52518916, -1.61889696,
        1.44903588,  0.84408307, -0.567307  , -0.27513129, -0.37787834,
        1.41330993,  1.29296184, -1.20822978,  0.74419957,  1.55722928,
       -0.40136009,  1.42013657, -2.08864689, -0.4970201 ,  0.05308042,
        0.04096658,  0.42712867,  0.46472952,  0.25319719, -0.24854767,
        0.0825327 , -1.49368441,  0.39765736, -1.52112031, -0.26386786,
       -0.42604202,  0.10258772,  1.21599734, -0.72350287, -0.22623344,
        0.97607696,  1.13563621,  1.50045907,  0.98410553, -1.0147326 ,
        0.06617669,  1.63132906,  1.32327378,  0.49803433, -0.36710295,
       -0.38768703,  0.56624389, -0.50627172, -0.43171042, -0.17307024,
        0.52561426,  1.02309442, -0.1629293 ,  0.98292959, -0.51104206,
        1.84272325,  0.7575292 , -0.00768582,  0.69639832,  2.08181047,
       -0.62312889, -0.50311977, -0.63179886, -0.75291938, -1.10105824,
        0.76202649, -0.87259358, -1.38206375,  0.66797906,  0.85197246,
       -1.33796132, -2.2593081 ,  0.81301975, -1.14521396, -1.141693  ,
       -0.57745165,  0.08102829,  1.14363956,  1.44276059,  1.63121641], dtype=float32), array([ 0.96226907,  0.03024234, -2.05557323,  0.23270002, -0.37353602,
       -1.1313498 ,  0.08097581, -1.31232023,  0.46535066, -1.3580004 ,
       -0.7204178 , -2.21970344,  0.61906856, -1.00709534, -0.20335492,
       -0.73170483,  0.01887495,  0.07881287, -0.38892603,  1.97227287,
       -1.11475325,  0.87147456, -0.10565305, -0.52522063, -1.61887777,
        1.44903338,  0.84403419, -0.5673033 , -0.27511397, -0.3778567 ,
        1.41326308,  1.29296315, -1.20830524,  0.74421299,  1.55724955,
       -0.4013809 ,  1.42019176, -2.08868694, -0.49707362,  0.05314329,
        0.04089559,  0.42712361,  0.46475464,  0.25329018, -0.2485134 ,
        0.08253311, -1.49366045,  0.3977519 , -1.52106583, -0.26390609,
       -0.42607352,  0.10253686,  1.21595061, -0.72340453, -0.22624771,
        0.97615397,  1.13555145,  1.50050437,  0.98406333, -1.01480377,
        0.06617677,  1.63140011,  1.32322836,  0.49807179, -0.3671174 ,
       -0.38766301,  0.56626785, -0.50637949, -0.43170875, -0.17301133,
        0.52559048,  1.02310514, -0.1628973 ,  0.9829132 , -0.51100868,
        1.84266448,  0.7575416 , -0.00770051,  0.69634593,  2.08176303,
       -0.62315959, -0.50314862, -0.63181514, -0.75286531, -1.10110283,
        0.76206434, -0.87255073, -1.38216913,  0.66799766,  0.85192513,
       -1.33794296, -2.25930071,  0.81294996, -1.14517891, -1.14176095,
       -0.57747698,  0.08102818,  1.14361131,  1.44274449,  1.6311934 ], dtype=float32), array([ 0.96226114,  0.03024016, -2.05555987,  0.23270164, -0.37353775,
       -1.13135159,  0.08097787, -1.3123306 ,  0.46535447, -1.35799909,
       -0.72041911, -2.21971703,  0.6190666 , -1.00710261, -0.20335758,
       -0.7317127 ,  0.01887435,  0.07881469, -0.38892546,  1.97228408,
       -1.11475551,  0.87147397, -0.10565346, -0.52521801, -1.61888742,
        1.44902682,  0.84404171, -0.56729758, -0.27511433, -0.37786007,
        1.41327298,  1.29295409, -1.20828235,  0.74421346,  1.55724788,
       -0.40138456,  1.42017722, -2.08867979, -0.49706775,  0.05314042,
        0.0408987 ,  0.4271248 ,  0.46475777,  0.25328374, -0.24851944,
        0.08253267, -1.49365246,  0.3977493 , -1.52105975, -0.26390606,
       -0.42607147,  0.10254129,  1.21593952, -0.72340608, -0.22624822,
        0.9761498 ,  1.13554549,  1.50050461,  0.98406225, -1.01479137,
        0.06617671,  1.63139832,  1.32323587,  0.49807081, -0.36711487,
       -0.38766465,  0.5662716 , -0.50637168, -0.43170574, -0.17301482,
        0.52559406,  1.02309358, -0.16289866,  0.98291618, -0.51100713,
        1.84265971,  0.75753897, -0.00769842,  0.69635081,  2.08177781,
       -0.62315875, -0.50314641, -0.6318143 , -0.75287682, -1.10110033,
        0.76206487, -0.872554  , -1.38215065,  0.66799659,  0.8519268 ,
       -1.33794415, -2.25930476,  0.81295699, -1.14516866, -1.14175451,
       -0.57747114,  0.08102875,  1.14362419,  1.44275522,  1.63118875], dtype=float32), array([ 0.96226525,  0.03024938, -2.0555799 ,  0.2327034 , -0.37353387,
       -1.13133705,  0.08096803, -1.31235206,  0.46536127, -1.35799074,
       -0.72040606, -2.21971226,  0.6190778 , -1.00710738, -0.20335825,
       -0.73169988,  0.01887444,  0.07881255, -0.38893831,  1.97227609,
       -1.11474323,  0.8714698 , -0.10564788, -0.52522898, -1.61889231,
        1.44902539,  0.84403032, -0.56730855, -0.27511305, -0.37785041,
        1.41326737,  1.2929666 , -1.20829499,  0.74421215,  1.55724406,
       -0.40137854,  1.42017698, -2.08869123, -0.497069  ,  0.0531406 ,
        0.04089021,  0.42711335,  0.46477038,  0.25328305, -0.2485204 ,
        0.08251961, -1.49363995,  0.39776927, -1.52106357, -0.26391447,
       -0.42607459,  0.10253235,  1.21592438, -0.72338957, -0.22623643,
        0.97615415,  1.13553655,  1.50050354,  0.98405689, -1.01480389,
        0.06618021,  1.6313926 ,  1.3232137 ,  0.49809277, -0.36711693,
       -0.38766506,  0.5662629 , -0.50638986, -0.43169188, -0.17300195,
        0.5255959 ,  1.02310956, -0.162889  ,  0.98290342, -0.51100624,
        1.84267032,  0.75755477, -0.00770403,  0.69634396,  2.08178306,
       -0.62315249, -0.50315738, -0.63181353, -0.75286162, -1.10109794,
        0.76207548, -0.8725431 , -1.38218844,  0.66800845,  0.85191685,
       -1.33793616, -2.25930119,  0.81294423, -1.14516044, -1.14176047,
       -0.57749099,  0.08103289,  1.14362204,  1.44275832,  1.63116205], dtype=float32), array([ 0.96227157,  0.03021002, -2.05557942,  0.2327019 , -0.37354907,
       -1.13136113,  0.08099281, -1.31227195,  0.46532455, -1.35804749,
       -0.72049361, -2.21970677,  0.61901456, -1.00712144, -0.20336674,
       -0.73175329,  0.01886962,  0.0788373 , -0.38892382,  1.97227037,
       -1.11472583,  0.87151569, -0.1056623 , -0.52521247, -1.61888361,
        1.44903374,  0.84406483, -0.56730092, -0.27512181, -0.37787133,
        1.41328132,  1.29296863, -1.20825195,  0.74420536,  1.55723631,
       -0.40136856,  1.42015409, -2.08866358, -0.49703422,  0.05309772,
        0.04093664,  0.42712548,  0.46474129,  0.25323144, -0.24853346,
        0.08251992, -1.49368966,  0.39770195, -1.52108681, -0.26388428,
       -0.42605385,  0.10257643,  1.2159754 , -0.7234652 , -0.22623226,
        0.97611564,  1.13560975,  1.50048411,  0.98409814, -1.0147568 ,
        0.06617481,  1.63136721,  1.32324636,  0.49806082, -0.36711136,
       -0.38768926,  0.5662564 , -0.50630999, -0.4316994 , -0.17304856,
        0.52560401,  1.02310002, -0.16291821,  0.98292029, -0.51103711,
        1.84270072,  0.75753301, -0.00768279,  0.69637072,  2.0817852 ,
       -0.62314194, -0.50313008, -0.63180089, -0.75290245, -1.10107064,
        0.7620393 , -0.87258476, -1.38210464,  0.66797572,  0.85194522,
       -1.33795023, -2.25929737,  0.81299573, -1.14520288, -1.14171803,
       -0.57746428,  0.08102551,  1.14362848,  1.44275951,  1.63122177], dtype=float32), array([ 0.96226245,  0.03021006, -2.05557203,  0.23270108, -0.37355012,
       -1.13136113,  0.08099309, -1.3122623 ,  0.4653292 , -1.35805058,
       -0.72049308, -2.21972132,  0.6190173 , -1.00711679, -0.20336644,
       -0.73174989,  0.01886962,  0.0788375 , -0.38892567,  1.97227013,
       -1.11472464,  0.87151742, -0.10566313, -0.52521271, -1.61889493,
        1.44903147,  0.84407157, -0.56730044, -0.27512109, -0.37787068,
        1.41329515,  1.29295814, -1.20824862,  0.74421573,  1.55724204,
       -0.40137202,  1.42015016, -2.08865428, -0.49702924,  0.0530974 ,
        0.04093619,  0.42712918,  0.46474046,  0.25323451, -0.24853614,
        0.0825204 , -1.49368989,  0.39770454, -1.52109206, -0.26388392,
       -0.42605796,  0.10257687,  1.21597385, -0.72346365, -0.22622938,
        0.97611475,  1.13560951,  1.50048351,  0.98409134, -1.01476085,
        0.06617486,  1.63134575,  1.32325816,  0.49805596, -0.36710989,
       -0.38769045,  0.56625599, -0.50631094, -0.43169615, -0.17304684,
        0.52560157,  1.02310038, -0.16291794,  0.98293519, -0.51103866,
        1.84271133,  0.75752884, -0.00768285,  0.69637537,  2.0817771 ,
       -0.62314439, -0.50312841, -0.63180077, -0.75290376, -1.10106635,
        0.76203752, -0.8725934 , -1.38209832,  0.66798294,  0.85195351,
       -1.33795369, -2.25929761,  0.81298763, -1.14520454, -1.14171457,
       -0.57746637,  0.08102485,  1.14362752,  1.44275296,  1.63120043], dtype=float32), array([ 0.96226257,  0.03021309, -2.05554819,  0.2327029 , -0.37354615,
       -1.1313653 ,  0.08099119, -1.3122617 ,  0.46533063, -1.35805452,
       -0.72047669, -2.2197144 ,  0.61902577, -1.00713313, -0.20336734,
       -0.73174638,  0.01886999,  0.0788354 , -0.38892418,  1.97227335,
       -1.11473334,  0.87151283, -0.10566282, -0.52521533, -1.61889279,
        1.44903994,  0.84406716, -0.56730735, -0.27512318, -0.37787071,
        1.41328907,  1.2929666 , -1.20824826,  0.74420756,  1.55723321,
       -0.40137118,  1.42014086, -2.08865738, -0.49704066,  0.05310005,
        0.04093354,  0.42712978,  0.46474695,  0.25323397, -0.24853869,
        0.08252041, -1.49366271,  0.39770335, -1.52108967, -0.2638813 ,
       -0.42606038,  0.10257377,  1.21596706, -0.72346079, -0.22623162,
        0.97610235,  1.13558137,  1.50047112,  0.98408461, -1.01475298,
        0.06617438,  1.63134277,  1.32325268,  0.49805894, -0.36711252,
       -0.38768715,  0.56625557, -0.50631863, -0.43170425, -0.1730437 ,
        0.5256058 ,  1.02308869, -0.16291635,  0.98292333, -0.51103717,
        1.84270775,  0.75753427, -0.00768356,  0.6963734 ,  2.08178639,
       -0.62314653, -0.50313324, -0.63181186, -0.75290042, -1.1010561 ,
        0.76204628, -0.87258357, -1.38210654,  0.66798383,  0.85195196,
       -1.33795524, -2.25932121,  0.81299263, -1.14520419, -1.14173424,
       -0.57747275,  0.08102703,  1.143646  ,  1.44275022,  1.6312207 ], dtype=float32), array([ 0.96226954,  0.0302463 , -2.05558085,  0.23270734, -0.37354508,
       -1.13133514,  0.08096935, -1.31233752,  0.46535319, -1.35799968,
       -0.72041988, -2.21971774,  0.61906999, -1.00712693, -0.20336249,
       -0.73170555,  0.01887348,  0.07881785, -0.38892779,  1.97226989,
       -1.11473763,  0.87148392, -0.10564766, -0.52523196, -1.61888742,
        1.44901943,  0.84404159, -0.56731141, -0.27512085, -0.37786272,
        1.41328204,  1.2929585 , -1.20828485,  0.74421263,  1.55724549,
       -0.40137947,  1.42018187, -2.08872199, -0.4970662 ,  0.05313454,
        0.0408969 ,  0.42711797,  0.4647741 ,  0.25327289, -0.24852784,
        0.08251266, -1.49366879,  0.39775977, -1.52107275, -0.26391101,
       -0.42607608,  0.10253104,  1.21593773, -0.72340095, -0.2262371 ,
        0.97615147,  1.13556373,  1.50049424,  0.9840588 , -1.01478577,
        0.06617643,  1.63140249,  1.32322514,  0.49810052, -0.36711153,
       -0.3876693 ,  0.56626636, -0.50638241, -0.43169853, -0.17300779,
        0.52559006,  1.02312183, -0.16289225,  0.98291117, -0.5110091 ,
        1.8426832 ,  0.7575509 , -0.00770241,  0.6963504 ,  2.0817852 ,
       -0.62315077, -0.50315416, -0.6318081 , -0.75286663, -1.10110974,
        0.76206648, -0.87256455, -1.38216817,  0.66799915,  0.85193884,
       -1.3379513 , -2.25930715,  0.81294912, -1.1451695 , -1.1417706 ,
       -0.57748973,  0.08103269,  1.14362705,  1.4427675 ,  1.63117194], dtype=float32), array([ 0.96227819,  0.03024838, -2.05556583,  0.23270662, -0.37354332,
       -1.1313498 ,  0.08096742, -1.31234145,  0.46535096, -1.35797906,
       -0.72041929, -2.21970344,  0.61908025, -1.00712335, -0.20336026,
       -0.73169547,  0.01887355,  0.07881714, -0.38892856,  1.97227263,
       -1.11474347,  0.87147051, -0.10564612, -0.52523535, -1.6188792 ,
        1.44902468,  0.84405416, -0.56731433, -0.2751205 , -0.37786123,
        1.41327131,  1.29295039, -1.20829487,  0.74422199,  1.55724919,
       -0.40137857,  1.42018569, -2.08869195, -0.49707076,  0.05313659,
        0.04089468,  0.42711845,  0.46477637,  0.25327247, -0.24852717,
        0.08251178, -1.4936533 ,  0.39776009, -1.52106929, -0.26391414,
       -0.42607611,  0.10252888,  1.21594059, -0.72340024, -0.22623961,
        0.97614998,  1.13555682,  1.5004977 ,  0.98407274, -1.01480079,
        0.06617551,  1.63139236,  1.32321537,  0.49809876, -0.36711389,
       -0.38767171,  0.56626499, -0.50639075, -0.43169931, -0.1730082 ,
        0.52559143,  1.02312219, -0.16289067,  0.98291665, -0.51100791,
        1.84268641,  0.7575565 , -0.00770274,  0.69633937,  2.08176446,
       -0.62315696, -0.50315189, -0.63181555, -0.75286174, -1.10110033,
        0.76206827, -0.87255085, -1.38218021,  0.66800308,  0.85192901,
       -1.33793843, -2.25931311,  0.8129549 , -1.145154  , -1.14177811,
       -0.57749826,  0.08103317,  1.14363348,  1.44276452,  1.63118482], dtype=float32), array([ 0.96226269,  0.03023956, -2.05556417,  0.23270488, -0.37354177,
       -1.13133287,  0.08097354, -1.31231475,  0.46534237, -1.35798013,
       -0.72042382, -2.21971011,  0.61905634, -1.0071224 , -0.20335987,
       -0.73171443,  0.01887374,  0.07882282, -0.38891974,  1.97226715,
       -1.11474037,  0.8714872 , -0.10564692, -0.52523577, -1.6188972 ,
        1.44901502,  0.84404558, -0.56730759, -0.27512184, -0.37786049,
        1.41327798,  1.29297435, -1.2082777 ,  0.74421859,  1.55724919,
       -0.4013769 ,  1.42015624, -2.08869123, -0.4970651 ,  0.05312385,
        0.04090591,  0.42711207,  0.46477962,  0.25326058, -0.24853398,
        0.08251495, -1.49364901,  0.39774314, -1.521083  , -0.26390266,
       -0.42607316,  0.10253894,  1.21596432, -0.72340548, -0.22623877,
        0.97615612,  1.13555598,  1.50046444,  0.98407745, -1.01478088,
        0.06616949,  1.63137472,  1.32322788,  0.4980906 , -0.36711767,
       -0.38767585,  0.56626213, -0.50637615, -0.43168774, -0.17301348,
        0.52558535,  1.02311373, -0.16289617,  0.98291004, -0.51101512,
        1.84271419,  0.75754434, -0.00769644,  0.69635546,  2.08176661,
       -0.62315327, -0.50314778, -0.63180912, -0.75286704, -1.10109627,
        0.76205748, -0.87255913, -1.38217235,  0.66800153,  0.85193831,
       -1.33792102, -2.25927591,  0.81296045, -1.14516687, -1.14175177,
       -0.5774802 ,  0.08103327,  1.14363539,  1.44276631,  1.63116693], dtype=float32), array([ 0.9622907 ,  0.03028877, -2.05559373,  0.23270531, -0.37353429,
       -1.13130772,  0.08094256, -1.31242394,  0.46537575, -1.35791361,
       -0.72034538, -2.21971083,  0.61913443, -1.00710809, -0.20336322,
       -0.73165977,  0.0188746 ,  0.07879375, -0.38893655,  1.97228992,
       -1.11475611,  0.87143648, -0.10562887, -0.52525854, -1.61887813,
        1.44904923,  0.8440327 , -0.56731594, -0.2751154 , -0.37784758,
        1.41324198,  1.29294753, -1.20832312,  0.74422479,  1.55723786,
       -0.4013871 ,  1.42020619, -2.08871794, -0.49711797,  0.05316988,
        0.04085664,  0.42710894,  0.46480805,  0.25331733, -0.24851792,
        0.08251097, -1.49363112,  0.39782721, -1.52100348, -0.2639353 ,
       -0.42609966,  0.10249789,  1.21591091, -0.72331548, -0.22624397,
        0.97619903,  1.13549364,  1.50051451,  0.98403329, -1.01483488,
        0.06616617,  1.63146198,  1.32315481,  0.49813196, -0.36712658,
       -0.38765749,  0.56626052, -0.5064705 , -0.43168232, -0.17295934,
        0.52556157,  1.02313197, -0.16286589,  0.98288518, -0.51099271,
        1.84262884,  0.75755906, -0.00771006,  0.69630915,  2.08172989,
       -0.62317878, -0.50317907, -0.63182759, -0.75283802, -1.10113454,
        0.76210052, -0.8725217 , -1.38226998,  0.66804141,  0.85191059,
       -1.33790231, -2.25929928,  0.81291527, -1.14512849, -1.14182413,
       -0.57752174,  0.08105028,  1.14362657,  1.44276261,  1.63113868], dtype=float32), array([ 0.9622981 ,  0.03030479, -2.05557013,  0.23270923, -0.37352684,
       -1.1312809 ,  0.08093285, -1.31244731,  0.46538788, -1.35790157,
       -0.72031844, -2.21972752,  0.61916089, -1.00710309, -0.20336029,
       -0.73163766,  0.0188754 ,  0.07878446, -0.38893893,  1.97229755,
       -1.11478186,  0.87140948, -0.10562285, -0.52528   , -1.61886978,
        1.44904208,  0.84401828, -0.56732053, -0.27511454, -0.37783885,
        1.41324806,  1.29295552, -1.20834315,  0.74422079,  1.5572269 ,
       -0.4013924 ,  1.42023337, -2.08874345, -0.49712268,  0.05318341,
        0.0408407 ,  0.42710873,  0.46482727,  0.25333554, -0.24851394,
        0.0825073 , -1.49361241,  0.39785224, -1.52100539, -0.2639488 ,
       -0.42610404,  0.10248317,  1.21586418, -0.72329015, -0.22625044,
        0.97622544,  1.13546801,  1.50051701,  0.9840436 , -1.01484597,
        0.06616525,  1.6314559 ,  1.32314754,  0.49815276, -0.36713305,
       -0.38765171,  0.56626433, -0.5065006 , -0.43167922, -0.17294249,
        0.5255549 ,  1.02313304, -0.16285826,  0.98289126, -0.51098239,
        1.84263515,  0.75756878, -0.00771594,  0.69629133,  2.0817101 ,
       -0.62318563, -0.50318611, -0.63182908, -0.75281447, -1.10115445,
        0.76209104, -0.87250078, -1.38228261,  0.66804433,  0.8518995 ,
       -1.33791912, -2.25929475,  0.81289536, -1.14511478, -1.14185262,
       -0.57752168,  0.08105439,  1.1436348 ,  1.44276035,  1.63113439], dtype=float32), array([ 0.96230477,  0.03030865, -2.05560398,  0.23271134, -0.37352753,
       -1.13127339,  0.08093069, -1.3124702 ,  0.46539354, -1.35788655,
       -0.72031099, -2.21969652,  0.61916053, -1.00710201, -0.20336105,
       -0.73163402,  0.01887557,  0.07878242, -0.38893834,  1.9722892 ,
       -1.11476827,  0.87141347, -0.10562113, -0.52527505, -1.61887848,
        1.44903672,  0.84400558, -0.56731898, -0.27511007, -0.37783936,
        1.4132297 ,  1.29296827, -1.20835459,  0.74422669,  1.55723298,
       -0.40138873,  1.42022622, -2.08876133, -0.49713054,  0.05318704,
        0.04083689,  0.42710075,  0.46483073,  0.25333807, -0.248513  ,
        0.08250637, -1.49360549,  0.39785889, -1.5210073 , -0.26394716,
       -0.42610577,  0.10247842,  1.21587598, -0.72327876, -0.22624967,
        0.97623479,  1.13548064,  1.50054598,  0.98403078, -1.01484764,
        0.06616498,  1.63146377,  1.32315898,  0.49815643, -0.36713162,
       -0.38764724,  0.56626356, -0.50650346, -0.43167618, -0.17293786,
        0.52555501,  1.0231514 , -0.1628553 ,  0.98287964, -0.51097524,
        1.84261596,  0.75757283, -0.00771796,  0.69629258,  2.08171964,
       -0.62318349, -0.50319141, -0.63182646, -0.75281405, -1.10114074,
        0.76210731, -0.8725031 , -1.382285  ,  0.6680572 ,  0.85189432,
       -1.33791971, -2.25929236,  0.81289524, -1.1451    , -1.14185858,
       -0.57753432,  0.08105623,  1.14363348,  1.44275522,  1.63111508], dtype=float32), array([ 0.96229905,  0.0303203 , -2.05559325,  0.23271364, -0.37352222,
       -1.13126552,  0.08092562, -1.31247747,  0.4653956 , -1.35788763,
       -0.72028613, -2.21972632,  0.6191777 , -1.00708747, -0.20336357,
       -0.73162937,  0.01887454,  0.07877541, -0.38894305,  1.97228932,
       -1.11476898,  0.87140054, -0.10561777, -0.52528173, -1.61886466,
        1.44904459,  0.84400398, -0.56732088, -0.27510959, -0.3778356 ,
        1.4132297 ,  1.29296672, -1.20837462,  0.74423492,  1.55723417,
       -0.40139911,  1.42023599, -2.08877397, -0.49713898,  0.0531941 ,
        0.04082776,  0.42710903,  0.46483719,  0.25335115, -0.24850659,
        0.08250561, -1.49360824,  0.39787525, -1.52099466, -0.26395392,
       -0.4261114 ,  0.10247485,  1.21586668, -0.72326517, -0.22624938,
        0.97623724,  1.13545179,  1.50052893,  0.98403263, -1.01485085,
        0.06616481,  1.6314888 ,  1.32313728,  0.49816626, -0.36713848,
       -0.38764358,  0.56627476, -0.50652188, -0.4316709 , -0.17292684,
        0.52555335,  1.0231545 , -0.16284989,  0.98289496, -0.51097775,
        1.8426069 ,  0.75757396, -0.00771665,  0.69628495,  2.0817008 ,
       -0.62319285, -0.50319332, -0.63182569, -0.75279814, -1.10116386,
        0.76211411, -0.87249613, -1.38230789,  0.66805625,  0.85188252,
       -1.33792746, -2.25931311,  0.81288475, -1.14510477, -1.14187133,
       -0.57753295,  0.0810605 ,  1.1436373 ,  1.4427532 ,  1.63110721], dtype=float32), array([ 0.96229529,  0.0303158 , -2.05561519,  0.23271252, -0.37352377,
       -1.13126945,  0.08092708, -1.31247461,  0.46539283, -1.35789633,
       -0.72029692, -2.21973252,  0.6191746 , -1.00708866, -0.20336448,
       -0.73162866,  0.01887536,  0.07877803, -0.38894188,  1.97227848,
       -1.11476624,  0.87140483, -0.10561813, -0.52528197, -1.61885488,
        1.44903708,  0.84400159, -0.56732625, -0.27511445, -0.37784162,
        1.41323125,  1.29296923, -1.20837712,  0.74423242,  1.55725682,
       -0.40139654,  1.42022443, -2.08874011, -0.49712741,  0.0531898 ,
        0.04083197,  0.42710003,  0.46483096,  0.25334528, -0.24850696,
        0.08250783, -1.49360847,  0.39786544, -1.52098346, -0.26395202,
       -0.42610887,  0.10247725,  1.2158854 , -0.72326934, -0.22624853,
        0.97623354,  1.13545215,  1.50052631,  0.98404026, -1.01485717,
        0.06616383,  1.63145816,  1.32314551,  0.49815735, -0.36713615,
       -0.38764867,  0.5662688 , -0.50651163, -0.43167043, -0.17293184,
        0.52554965,  1.02315247, -0.16285141,  0.98288989, -0.51098353,
        1.84260392,  0.75756705, -0.00771609,  0.69628966,  2.08170915,
       -0.62318838, -0.50319386, -0.63183111, -0.7528106 , -1.1011579 ,
        0.76210809, -0.8725003 , -1.38229465,  0.6680634 ,  0.8518883 ,
       -1.33790791, -2.25930524,  0.81289417, -1.14509976, -1.14188027,
       -0.57753688,  0.08105957,  1.14363074,  1.44275546,  1.63110471], dtype=float32), array([ 0.96229529,  0.0303158 , -2.05561519,  0.23271252, -0.37352377,
       -1.13126945,  0.08092708, -1.31247461,  0.46539283, -1.35789633,
       -0.72029692, -2.21973252,  0.6191746 , -1.00708866, -0.20336448,
       -0.73162866,  0.01887536,  0.07877803, -0.38894188,  1.97227848,
       -1.11476624,  0.87140483, -0.10561813, -0.52528197, -1.61885488,
        1.44903708,  0.84400159, -0.56732625, -0.27511445, -0.37784162,
        1.41323125,  1.29296923, -1.20837712,  0.74423242,  1.55725682,
       -0.40139654,  1.42022443, -2.08874011, -0.49712741,  0.0531898 ,
        0.04083197,  0.42710003,  0.46483096,  0.25334528, -0.24850696,
        0.08250783, -1.49360847,  0.39786544, -1.52098346, -0.26395202,
       -0.42610887,  0.10247725,  1.2158854 , -0.72326934, -0.22624853,
        0.97623354,  1.13545215,  1.50052631,  0.98404026, -1.01485717,
        0.06616383,  1.63145816,  1.32314551,  0.49815735, -0.36713615,
       -0.38764867,  0.5662688 , -0.50651163, -0.43167043, -0.17293184,
        0.52554965,  1.02315247, -0.16285141,  0.98288989, -0.51098353,
        1.84260392,  0.75756705, -0.00771609,  0.69628966,  2.08170915,
       -0.62318838, -0.50319386, -0.63183111, -0.7528106 , -1.1011579 ,
        0.76210809, -0.8725003 , -1.38229465,  0.6680634 ,  0.8518883 ,
       -1.33790791, -2.25930524,  0.81289417, -1.14509976, -1.14188027,
       -0.57753688,  0.08105957,  1.14363074,  1.44275546,  1.63110471], dtype=float32)]
