[array([ 0.35944787, -0.64750046, -1.49466085,  0.59726834, -1.3387816 ,
       -0.38463601,  0.5544067 , -0.94936478,  1.67523086, -0.10596979,
       -1.11905468,  0.75933069, -1.54681504,  0.40735772, -2.08983088,
       -1.57918739,  1.61411846,  1.00680387,  2.4791677 , -0.56828696,
       -1.3160975 ,  0.60799497,  0.90175325, -1.30766416, -0.0939705 ,
       -0.67668176,  1.29407287, -0.38905966,  0.75746268,  0.3104932 ,
        0.01115918,  1.14232945, -0.2344569 ,  0.40517029, -1.38903975,
        0.01853495,  1.0635463 , -0.09227695,  0.41114342, -1.21097076,
        0.34611151, -0.01483482, -1.77451205, -0.53804958, -0.31791762,
        0.43827882,  1.46638942,  0.11813854, -1.27670491, -0.56368303,
        0.10296271,  0.46490461, -0.14019068, -0.69599551,  1.33821821,
       -0.22219777, -0.28556019, -1.37555659,  1.00642657, -1.46052754,
       -1.44580066, -0.42912704,  0.08198345,  1.45100403, -1.72188306,
        0.32384181,  1.53480899,  0.45170373,  0.71097815, -1.20001578,
       -0.12727447, -0.16409965,  0.06676812,  0.37317881,  1.16628277,
        0.71098185,  0.11941971, -0.55407393, -0.16085902, -0.43490654,
        0.81086218,  0.55903417, -0.09977745,  1.18449843, -0.53639066,
        1.36719263,  1.37871063,  0.16724394, -0.59279025,  1.21925104,
        1.34144676, -1.85437834, -0.57908183,  0.46445015, -0.32295126,
       -0.563133  ,  0.84727347,  0.90501642, -2.8179853 ,  1.91041028], dtype=float32), array([ 0.33209682, -0.60523111, -1.4849416 ,  0.59455508, -1.2646668 ,
       -0.37418407,  0.51919281, -1.01481056,  1.65547657, -0.17779696,
       -1.16199684,  0.73438591, -1.51939118,  0.39448804, -2.04486752,
       -1.59650338,  1.62154937,  0.96100795,  2.51164865, -0.57935989,
       -1.28552747,  0.61655939,  0.93828315, -1.28571582, -0.09023605,
       -0.64923579,  1.19165468, -0.41576648,  0.77490562,  0.34089357,
       -0.04132095,  1.15008509, -0.2447523 ,  0.33047062, -1.33051908,
        0.0597548 ,  1.07461727, -0.10516592,  0.43859774, -1.22352147,
        0.32114106, -0.01273026, -1.73343527, -0.53223777, -0.34544903,
        0.50268805,  1.43057954,  0.09862956, -1.30945647, -0.60197836,
        0.17856003,  0.46290621, -0.11920131, -0.73817599,  1.29615021,
       -0.15079266, -0.27752855, -1.44507337,  1.03499424, -1.46597385,
       -1.43408823, -0.31771934,  0.08853007,  1.38704836, -1.68368053,
        0.29547325,  1.45822561,  0.40379024,  0.67599452, -1.19431245,
       -0.10114666, -0.01990742,  0.04891543,  0.37902302,  1.14152849,
        0.77501953,  0.15479797, -0.44813129, -0.1465167 , -0.4455246 ,
        0.83528703,  0.59660351, -0.07573642,  1.20671582, -0.51975626,
        1.30623436,  1.38413322,  0.14114198, -0.55531418,  1.21341729,
        1.29507983, -1.87221575, -0.60499018,  0.4980858 , -0.28594169,
       -0.60308444,  0.81491148,  0.85100961, -2.83941817,  1.85819006], dtype=float32), array([ 0.14890368, -0.47216192, -1.42790079,  0.54538709, -1.27010751,
       -0.30691403,  0.60675502, -1.2500422 ,  1.92710948, -0.15562235,
       -1.34469247,  0.24405643, -1.69310522,  0.46284267, -1.99305689,
       -1.4187938 ,  1.45800412,  1.01687026,  2.50644636, -0.70152026,
       -1.10786629,  0.6099391 ,  0.89208055, -1.2142123 , -0.01482982,
       -0.72114629,  1.38595533, -0.2512221 ,  0.70582181,  0.21536523,
       -0.28988951,  1.0873754 , -0.19177313,  0.22997615, -1.33338022,
        0.2384152 ,  0.98254585,  0.01491937,  0.17409019, -1.30988657,
        0.38271368,  0.05804208, -1.61844325, -0.38528502, -0.29265952,
        0.05435441,  1.36321008,  0.14573896, -1.18061078, -0.63003135,
        0.19095714,  0.16353139, -0.02521968, -0.66657317,  1.33971429,
        0.00738653,  0.03641097, -1.5730685 ,  1.09959626, -1.66319144,
       -1.1839813 , -0.26687333, -0.20225009,  1.23349631, -1.58495712,
        0.20523125,  1.46101964,  0.35018477,  0.84510285, -1.26453543,
       -0.39273894, -0.03564093,  0.43744731,  0.24523094,  1.21695387,
        0.7850197 , -0.19458483, -0.210806  , -0.14783871, -0.55445647,
        0.84969997,  0.6665591 ,  0.20263967,  1.3403492 , -0.59991157,
        1.46789277,  1.57692254, -0.20227028, -0.54711467,  0.94736898,
        1.27281022, -1.7905724 , -0.26568586,  0.56483531, -0.54632688,
       -0.67013931,  0.89316207,  0.82399374, -2.63765049,  2.12110472], dtype=float32), array([ 0.03508545, -0.43682015, -1.30544209,  0.63512635, -1.12844872,
       -0.24990094,  0.57337952, -1.36015606,  1.99228001,  0.02519577,
       -1.43803501, -0.03737959, -1.86003768,  0.37141868, -1.96172237,
       -1.45147359,  1.57321274,  0.94052774,  2.63174725, -0.71880537,
       -0.99946725,  0.43963674,  1.01065648, -1.18707991, -0.00352469,
       -0.61491472,  1.23986089, -0.23866199,  0.52077645,  0.11845311,
       -0.53785306,  1.08419061, -0.26108307, -0.08552068, -1.27465558,
        0.14853373,  0.9225536 ,  0.12466821,  0.25214326, -1.39219069,
        0.46241242,  0.05809452, -1.29489887, -0.17587531, -0.44179332,
       -0.11926254,  1.2300024 ,  0.05198824, -1.31640494, -0.68057793,
        0.20434886,  0.22166063,  0.10212818, -0.69142675,  1.23469162,
       -0.06181496,  0.09426586, -1.68421936,  1.32761645, -1.70957422,
       -1.15941918, -0.01978584, -0.09478613,  1.06777871, -1.4287467 ,
        0.18779199,  1.29513204,  0.21167579,  0.68246335, -1.1831938 ,
       -0.6503967 ,  0.01585247,  0.35722786,  0.20000015,  1.05152631,
        0.70153159, -0.0773774 ,  0.15675367, -0.14986442, -0.49703336,
        0.88803554,  0.77349365,  0.20206423,  1.50177217, -0.47808933,
        1.62966466,  1.77333665, -0.39431506, -0.67511147,  0.91308749,
        1.42785501, -1.82044172, -0.07292943,  0.67606813, -0.38051111,
       -0.44587031,  0.66897672,  0.65301365, -2.60027218,  2.18540883], dtype=float32), array([  6.08858205e-02,  -3.81501973e-01,  -1.42135048e+00,
         6.00588560e-01,  -1.21170020e+00,  -2.92273790e-01,
         6.34635568e-01,  -1.54115534e+00,   2.08280444e+00,
        -8.38040188e-03,  -1.29190481e+00,  -9.05895829e-02,
        -1.88907862e+00,   4.61122423e-01,  -2.05720687e+00,
        -1.34011376e+00,   1.46396792e+00,   9.26168084e-01,
         2.52615881e+00,  -7.16781378e-01,  -1.06134033e+00,
         4.43039060e-01,   9.06085253e-01,  -1.03642368e+00,
        -4.42495290e-03,  -5.84817052e-01,   1.44797015e+00,
        -2.74738997e-01,   6.55393302e-01,   2.18524352e-01,
        -5.88787198e-01,   1.08846903e+00,  -4.12395328e-01,
         2.39758790e-02,  -1.20482755e+00,   2.03589261e-01,
         1.01049936e+00,   1.59701645e-01,   2.04287276e-01,
        -1.31817234e+00,   3.04006040e-01,   3.35910474e-04,
        -1.15631318e+00,  -1.12629518e-01,  -5.95852613e-01,
        -2.03861758e-01,   1.24692512e+00,  -8.57858583e-02,
        -1.53216934e+00,  -6.89381659e-01,   2.07129210e-01,
         1.68925047e-01,   2.40203440e-01,  -6.12915695e-01,
         1.39431298e+00,   5.01952618e-02,   1.46799311e-01,
        -1.65244889e+00,   1.21966875e+00,  -1.51540494e+00,
        -9.40806150e-01,   4.32580635e-02,  -2.87065238e-01,
         1.12254083e+00,  -1.44460869e+00,  -9.98517778e-03,
         1.15298975e+00,   1.59897611e-01,   7.29397297e-01,
        -1.40799105e+00,  -6.67798042e-01,   5.97607577e-03,
         3.86043042e-01,   1.05251357e-01,   1.01615918e+00,
         6.91698253e-01,  -1.54454067e-01,   2.87279457e-01,
        -1.02826297e-01,  -5.48757851e-01,   6.84357345e-01,
         8.72138083e-01,   4.16931212e-01,   1.52405822e+00,
        -2.91959375e-01,   1.52073038e+00,   1.75604737e+00,
        -3.90328854e-01,  -6.79539204e-01,   7.27676868e-01,
         1.58819842e+00,  -1.76245284e+00,   1.80890143e-01,
         5.51655710e-01,  -4.60140169e-01,  -5.98064303e-01,
         7.62646079e-01,   4.13477838e-01,  -2.50247145e+00,
         2.33831096e+00], dtype=float32), array([-0.07941307, -0.39236617, -1.27200031,  0.56791401, -1.27803755,
       -0.32714921,  0.52288288, -1.61906207,  2.10797143, -0.09341603,
       -1.43462098, -0.20611008, -1.74670911,  0.4967398 , -1.87402236,
       -1.48276734,  1.29957616,  0.99556869,  2.49932933, -0.62465823,
       -0.91179198,  0.65326911,  0.96788937, -1.33719277, -0.26093635,
       -0.56143314,  1.30240119, -0.15773048,  0.67703438,  0.36340934,
       -0.66598386,  1.13892066, -0.47509181, -0.08834991, -1.2586863 ,
        0.40180513,  1.12152469,  0.1562513 ,  0.31214416, -1.41110182,
        0.2647258 , -0.07383952, -1.14591289, -0.09184952, -0.52590036,
       -0.09388189,  0.98068947, -0.16912374, -1.45461702, -0.68441397,
        0.38054565, -0.02165918,  0.25054401, -0.66568333,  1.3021661 ,
        0.25504524,  0.22956723, -1.72556615,  1.20255423, -1.60085285,
       -1.08610475,  0.13082683, -0.16523492,  1.14545298, -1.39250386,
        0.10338938,  0.98611915,  0.09350427,  0.68179238, -1.23600507,
       -0.65784168,  0.23445064,  0.43747517,  0.13593093,  1.08154321,
        0.62735677, -0.06459618,  0.56073779, -0.21585202, -0.59976017,
        0.48053443,  0.85586172,  0.33882526,  1.5293076 , -0.28739384,
        1.42001152,  1.87347591, -0.40191966, -0.46663997,  0.6348812 ,
        1.44815254, -1.91803706,  0.04149003,  0.75238997, -0.28522205,
       -0.59053838,  0.79942185,  0.57796991, -2.55811596,  2.3163259 ], dtype=float32), array([-0.19375286, -0.43650666, -1.38469851,  0.63373721, -1.32791388,
       -0.35324445,  0.50446987, -1.62746298,  2.12377405, -0.09554395,
       -1.47552812, -0.29053763, -1.77908075,  0.55698872, -1.93191886,
       -1.50751376,  1.34649742,  0.98877668,  2.52153015, -0.67408818,
       -0.91112947,  0.61100608,  0.98168135, -1.20078826, -0.15619569,
       -0.52409983,  1.26641417, -0.2744936 ,  0.6845454 ,  0.27743104,
       -0.6684128 ,  1.03912961, -0.46678162, -0.09542183, -1.24557269,
        0.24961391,  1.16798723,  0.11920212,  0.3428224 , -1.30625403,
        0.18221766, -0.07905655, -0.98486871, -0.13729295, -0.60763001,
       -0.05582987,  1.09910774, -0.15374605, -1.46258092, -0.70254123,
        0.39647549, -0.04417318,  0.25349042, -0.55899394,  1.31374085,
        0.36364621,  0.30034828, -1.84520042,  1.11964762, -1.47646379,
       -0.99280602,  0.1587244 , -0.28924605,  1.03082383, -1.39184749,
        0.06287503,  0.91308117,  0.11464076,  0.75717819, -1.22792184,
       -0.65639341,  0.25016907,  0.5355252 ,  0.09132202,  0.98693359,
        0.63131636, -0.17435326,  0.58804816, -0.22051068, -0.64085418,
        0.48069248,  0.94940937,  0.54820007,  1.52395833, -0.31134009,
        1.45569491,  1.72991168, -0.3361412 , -0.34884351,  0.65979373,
        1.46926463, -1.92658496,  0.07460858,  0.86187571, -0.24619687,
       -0.6046049 ,  0.85044813,  0.47235847, -2.55157447,  2.31340051], dtype=float32), array([-0.26226503, -0.44774508, -1.39319491,  0.67265517, -1.23989105,
       -0.36944425,  0.49066934, -1.66762292,  2.04759192, -0.09451394,
       -1.47504306, -0.24396145, -1.69765127,  0.54579937, -1.93084073,
       -1.47887266,  1.33330798,  1.04009902,  2.52738905, -0.68013042,
       -0.84862614,  0.56241816,  0.97096187, -1.18882394, -0.08279764,
       -0.46769565,  1.18874443, -0.33463743,  0.69715047,  0.2573314 ,
       -0.77890044,  1.15206027, -0.54686677, -0.08063743, -1.23822951,
        0.22537138,  1.14364636,  0.09837331,  0.13608092, -1.34693742,
        0.17120928, -0.00719533, -0.99178052,  0.00370956, -0.71143085,
       -0.03770348,  1.15337586, -0.15495811, -1.43510282, -0.68797052,
        0.45125544, -0.08053372,  0.34224352, -0.68009865,  1.38488805,
        0.40180066,  0.30883372, -1.82740748,  1.05950427, -1.49301863,
       -0.96500629,  0.24829181, -0.29501322,  1.02229953, -1.39836037,
       -0.04777342,  0.91623122,  0.08846346,  0.7422483 , -1.20097303,
       -0.66147321,  0.29432127,  0.51659918,  0.19460636,  0.97613889,
        0.67476439, -0.08304863,  0.7077471 , -0.22889343, -0.68347239,
        0.41912189,  1.01653683,  0.52619457,  1.53447664, -0.36279297,
        1.59378314,  1.6563493 , -0.31899959, -0.41285577,  0.57693422,
        1.4965241 , -1.89248502,  0.13194975,  0.81219906, -0.28201559,
       -0.64041132,  0.8673833 ,  0.38054332, -2.56020594,  2.27613115], dtype=float32), array([-0.21467263, -0.51907355, -1.40380776,  0.56970358, -1.31996179,
       -0.49058229,  0.44359592, -1.70357931,  2.11339283, -0.01977839,
       -1.41778862, -0.17312579, -1.70393968,  0.52196342, -1.80208766,
       -1.62127578,  1.28127587,  1.02254164,  2.46468639, -0.63354039,
       -0.97145963,  0.59981185,  0.91318965, -1.25146592, -0.12804437,
       -0.34123743,  1.18965852, -0.28307247,  0.68794751,  0.27041838,
       -0.74592006,  1.2032907 , -0.5991506 , -0.0242907 , -1.30912328,
        0.30081648,  1.07571411,  0.14224453,  0.27564067, -1.32322645,
        0.01108635, -0.00533598, -0.95816845,  0.13915753, -0.73762798,
       -0.04628177,  1.15144897, -0.32206851, -1.41357374, -0.65283251,
        0.48995188, -0.06509795,  0.36997655, -0.66960704,  1.27383566,
        0.35459766,  0.30135652, -1.69750118,  1.01277125, -1.46230245,
       -1.00860989,  0.30872706, -0.33136761,  1.08536887, -1.36184573,
       -0.0368959 ,  0.90937018,  0.01572388,  0.76225752, -1.16827941,
       -0.61224228,  0.31803405,  0.60092837,  0.16950522,  1.07047415,
        0.63462406, -0.02574306,  0.66835636, -0.27383381, -0.6703648 ,
        0.46014223,  1.07956505,  0.49698803,  1.53180623, -0.31978616,
        1.62688005,  1.71713078, -0.30099136, -0.49509218,  0.51642352,
        1.4633621 , -1.91860592,  0.1897001 ,  0.82312542, -0.27342767,
       -0.67661643,  0.77650589,  0.37252268, -2.58496308,  2.31167054], dtype=float32), array([-0.35077313, -0.44380915, -1.41910791,  0.71179277, -1.3292141 ,
       -0.56281203,  0.5097847 , -1.70971262,  2.03355908, -0.09224652,
       -1.43740594, -0.2590149 , -1.66566682,  0.47872564, -1.72817218,
       -1.49100006,  1.30414426,  1.10485625,  2.43571925, -0.68606371,
       -0.8302927 ,  0.45927122,  0.99133265, -1.23887193, -0.11473511,
       -0.45264038,  1.24193871, -0.22057196,  0.76913869,  0.32124114,
       -0.66890264,  1.28896034, -0.74322337,  0.04876192, -1.29467356,
        0.11045302,  1.03477859,  0.07208332,  0.09920284, -1.33972931,
       -0.01719997, -0.02155545, -0.90355271,  0.0466103 , -0.83343256,
       -0.13506427,  1.21398509, -0.32788059, -1.24801946, -0.74675637,
        0.49923283, -0.10853277,  0.45096457, -0.70018423,  1.443627  ,
        0.48152882,  0.33431965, -1.65771115,  0.99951226, -1.45244789,
       -1.05622339,  0.26694897, -0.40073889,  1.04463577, -1.40055203,
       -0.09140326,  0.9639551 ,  0.04508438,  0.82972711, -1.12435091,
       -0.63904744,  0.25408092,  0.63976592,  0.2340429 ,  0.98381662,
        0.61963373, -0.08693344,  0.78436047, -0.24238946, -0.79649729,
        0.37042519,  1.12442231,  0.6235829 ,  1.47753692, -0.1777968 ,
        1.57763863,  1.73777068, -0.24531952, -0.54721159,  0.50437397,
        1.57951844, -1.93332744,  0.22302765,  0.78695261, -0.38255844,
       -0.64243346,  0.85687697,  0.24697545, -2.49175906,  2.22883892], dtype=float32), array([-0.38512921, -0.44321501, -1.42771816,  0.73526847, -1.29431653,
       -0.61228704,  0.50485569, -1.73662364,  1.98047352, -0.07777327,
       -1.48889565, -0.24991146, -1.61596155,  0.43418634, -1.74121678,
       -1.5061295 ,  1.32615781,  1.09502947,  2.425385  , -0.70012277,
       -0.84137571,  0.43314075,  0.96618205, -1.23636019, -0.06778087,
       -0.45826769,  1.22770488, -0.20226763,  0.73526376,  0.34598479,
       -0.69330919,  1.31206441, -0.7627095 ,  0.03116089, -1.30453455,
        0.10374318,  1.02690339,  0.06071087,  0.07492238, -1.34912086,
        0.04893936,  0.0130942 , -0.93063849,  0.09434159, -0.859734  ,
       -0.17011867,  1.16700089, -0.3542822 , -1.18101692, -0.75509876,
        0.52010041, -0.13685407,  0.45322767, -0.76462924,  1.44446135,
        0.50964421,  0.33720371, -1.69831073,  1.00462365, -1.4229337 ,
       -1.04600513,  0.30348989, -0.35841122,  1.04495049, -1.37897062,
       -0.09156425,  0.99224055,  0.06593426,  0.82856297, -1.09205925,
       -0.62692666,  0.2671943 ,  0.67102873,  0.23862128,  0.98230058,
        0.65097064, -0.02664239,  0.79656839, -0.25837591, -0.80415738,
        0.36657679,  1.12454379,  0.61368555,  1.43932414, -0.1870852 ,
        1.6234138 ,  1.74126899, -0.24965467, -0.56835848,  0.48058513,
        1.62650108, -1.94049346,  0.24778414,  0.81552619, -0.42285955,
       -0.62344289,  0.86357641,  0.21978562, -2.46668315,  2.19412494], dtype=float32), array([ -4.03835446e-01,  -4.32157218e-01,  -1.46179545e+00,
         7.74995506e-01,  -1.33915997e+00,  -6.17428780e-01,
         4.74652559e-01,  -1.73106551e+00,   1.96259463e+00,
        -1.02489680e-01,  -1.55321920e+00,  -3.11360300e-01,
        -1.54998922e+00,   4.44801301e-01,  -1.65210497e+00,
        -1.52464890e+00,   1.30386853e+00,   1.08062279e+00,
         2.45063043e+00,  -7.14712977e-01,  -8.54890347e-01,
         4.61742312e-01,   9.63029981e-01,  -1.24489617e+00,
        -1.47180662e-01,  -4.64316636e-01,   1.18873203e+00,
        -2.00945199e-01,   6.74115121e-01,   3.97506177e-01,
        -6.98351562e-01,   1.32272899e+00,  -7.60477602e-01,
         2.62895171e-02,  -1.26512063e+00,   1.65871844e-01,
         1.08973885e+00,   7.29886293e-02,   1.67345136e-01,
        -1.37124705e+00,  -1.69162801e-03,  -2.63622738e-02,
        -9.10665810e-01,   8.21897164e-02,  -8.24145555e-01,
        -1.46649688e-01,   1.09482038e+00,  -3.73361409e-01,
        -1.21487153e+00,  -7.51450062e-01,   5.54817915e-01,
        -1.67494372e-01,   4.38980371e-01,  -7.99145043e-01,
         1.43278372e+00,   5.52280068e-01,   3.94226044e-01,
        -1.66976070e+00,   1.02544272e+00,  -1.51155317e+00,
        -1.06808472e+00,   3.16566497e-01,  -3.00208509e-01,
         1.02763569e+00,  -1.34621572e+00,  -3.26438546e-02,
         9.28815603e-01,   5.05265072e-02,   7.85355985e-01,
        -1.05963016e+00,  -5.98843575e-01,   3.19662243e-01,
         6.80735290e-01,   2.67653167e-01,   1.01892555e+00,
         6.35365486e-01,   1.70169794e-03,   8.23673606e-01,
        -2.26711109e-01,  -8.08315277e-01,   3.61096442e-01,
         1.09095287e+00,   5.65268338e-01,   1.47376215e+00,
        -1.35826960e-01,   1.59492469e+00,   1.80120659e+00,
        -2.69960403e-01,  -5.20413697e-01,   4.40887690e-01,
         1.57858539e+00,  -1.93624580e+00,   2.04357520e-01,
         8.55749905e-01,  -4.25237387e-01,  -6.29795551e-01,
         8.24561357e-01,   2.19569787e-01,  -2.49580884e+00,
         2.18715000e+00], dtype=float32), array([-0.41998151, -0.41591275, -1.45905304,  0.73237997, -1.29347265,
       -0.56416869,  0.51761395, -1.65131032,  1.95728922, -0.09184758,
       -1.52152634, -0.23884811, -1.58691478,  0.4806079 , -1.65251541,
       -1.53271687,  1.37968874,  1.16550004,  2.43657207, -0.67499155,
       -0.88263059,  0.48561123,  0.97052735, -1.16493917, -0.19507423,
       -0.4808481 ,  1.21116722, -0.19550718,  0.66471499,  0.38349086,
       -0.66890508,  1.29421842, -0.77929991, -0.04375447, -1.28733814,
        0.19344202,  1.13229239,  0.07258774,  0.21276203, -1.35442555,
       -0.01471013, -0.0557421 , -1.00728738,  0.14132182, -0.80598015,
       -0.11929281,  1.04916334, -0.31617165, -1.26101756, -0.72412699,
        0.55718976, -0.20132367,  0.49343622, -0.87407827,  1.31574261,
        0.514094  ,  0.41267872, -1.63156116,  1.06024659, -1.54252744,
       -1.10150683,  0.34830049, -0.37206936,  1.01533306, -1.35382438,
       -0.09163261,  0.93843174,  0.05532165,  0.72999388, -1.11542749,
       -0.63588536,  0.33734518,  0.70423281,  0.2362349 ,  1.01909626,
        0.64832264,  0.01553428,  0.80917364, -0.19133306, -0.74105573,
        0.33810776,  1.07611179,  0.44696337,  1.48732674, -0.12372781,
        1.59742916,  1.79414546, -0.25732726, -0.51513815,  0.44169962,
        1.60398376, -1.93528748,  0.1766454 ,  0.79135305, -0.43537897,
       -0.60676455,  0.81213003,  0.23895754, -2.54089713,  2.23054314], dtype=float32), array([-0.42592233, -0.40294331, -1.45565343,  0.71149367, -1.26843417,
       -0.54158711,  0.5207563 , -1.64637935,  1.95984638, -0.11357772,
       -1.5376029 , -0.22419688, -1.58544648,  0.48230016, -1.64262998,
       -1.52324605,  1.39169645,  1.16001701,  2.44070816, -0.66956252,
       -0.87388235,  0.49104881,  0.98921716, -1.15632796, -0.18847927,
       -0.47753575,  1.18994749, -0.19364083,  0.67460924,  0.37743056,
       -0.67441696,  1.30265641, -0.77998906, -0.07090305, -1.29395401,
        0.21125531,  1.13380527,  0.06195896,  0.20929773, -1.34798968,
       -0.00680012, -0.05275412, -1.00972891,  0.15746385, -0.82060677,
       -0.10596508,  1.04233515, -0.29881591, -1.26035106, -0.72240531,
        0.5860256 , -0.21869607,  0.51574481, -0.89377773,  1.28292644,
        0.50427306,  0.39819363, -1.64677024,  1.05690348, -1.53591812,
       -1.10244608,  0.3637186 , -0.36515749,  1.01085746, -1.34952188,
       -0.09818731,  0.93075663,  0.03373927,  0.73458081, -1.10415089,
       -0.63996524,  0.36496466,  0.70072502,  0.23627512,  1.0178293 ,
        0.66854209,  0.0160927 ,  0.82085496, -0.20602655, -0.72900361,
        0.34837422,  1.07581723,  0.41970989,  1.48109198, -0.12795083,
        1.59569168,  1.79085612, -0.27663657, -0.51403552,  0.44981393,
        1.59155536, -1.92790377,  0.1656549 ,  0.78685355, -0.41907775,
       -0.61394697,  0.79943377,  0.2292366 , -2.56949902,  2.2254622 ], dtype=float32), array([ -4.09756482e-01,  -3.85566205e-01,  -1.46565902e+00,
         7.10664928e-01,  -1.27150249e+00,  -5.37224472e-01,
         5.05105615e-01,  -1.65924001e+00,   1.96408725e+00,
        -1.18627325e-01,  -1.53966916e+00,  -2.21278489e-01,
        -1.58660424e+00,   4.85158592e-01,  -1.65739000e+00,
        -1.51739717e+00,   1.39059806e+00,   1.15702033e+00,
         2.44838691e+00,  -6.64582968e-01,  -8.70051861e-01,
         4.98458892e-01,   9.83673394e-01,  -1.16273570e+00,
        -1.85073942e-01,  -4.62902874e-01,   1.19659960e+00,
        -1.89656049e-01,   6.70958221e-01,   3.73774171e-01,
        -6.67403758e-01,   1.30270410e+00,  -7.69252658e-01,
        -7.19312355e-02,  -1.28945971e+00,   2.11887389e-01,
         1.12861598e+00,   6.16454333e-02,   2.07529157e-01,
        -1.35240281e+00,  -1.18181459e-03,  -5.97887859e-02,
        -1.01875436e+00,   1.60937011e-01,  -8.18457901e-01,
        -9.09437984e-02,   1.02907383e+00,  -3.03654939e-01,
        -1.25645435e+00,  -7.20389962e-01,   5.84344804e-01,
        -2.04772219e-01,   5.19720256e-01,  -8.90559375e-01,
         1.27606332e+00,   4.89002347e-01,   3.98968160e-01,
        -1.65227830e+00,   1.06271100e+00,  -1.54569447e+00,
        -1.10514057e+00,   3.63188028e-01,  -3.71860236e-01,
         1.01579404e+00,  -1.35582745e+00,  -9.26290154e-02,
         9.42730606e-01,   1.96926575e-02,   7.36304343e-01,
        -1.10570025e+00,  -6.36788666e-01,   3.61789256e-01,
         6.97594464e-01,   2.29104027e-01,   1.03018141e+00,
         6.68771327e-01,   4.49833041e-03,   8.23988736e-01,
        -1.96080625e-01,  -7.11959004e-01,   3.57045203e-01,
         1.07768297e+00,   4.22782660e-01,   1.48732162e+00,
        -1.35300338e-01,   1.58880770e+00,   1.80622578e+00,
        -2.76437461e-01,  -5.11205614e-01,   4.48946506e-01,
         1.59417641e+00,  -1.92071915e+00,   1.53540954e-01,
         7.72812128e-01,  -4.23945069e-01,  -6.25777006e-01,
         7.94090271e-01,   2.33267203e-01,  -2.57274628e+00,
         2.21239042e+00], dtype=float32), array([ -4.44267601e-01,  -3.59068692e-01,  -1.44674087e+00,
         7.75766253e-01,  -1.23575962e+00,  -5.46936095e-01,
         5.42323351e-01,  -1.65350080e+00,   1.94982433e+00,
        -9.64678824e-02,  -1.57578516e+00,  -2.38040894e-01,
        -1.55207300e+00,   4.41732913e-01,  -1.65078342e+00,
        -1.52567232e+00,   1.40282798e+00,   1.21980417e+00,
         2.40995193e+00,  -6.19011700e-01,  -8.39861274e-01,
         4.98932481e-01,   9.43409443e-01,  -1.13149953e+00,
        -1.17972136e-01,  -4.58222419e-01,   1.14429700e+00,
        -1.61430046e-01,   6.45701170e-01,   3.86345834e-01,
        -7.14888036e-01,   1.33498228e+00,  -8.67315292e-01,
        -4.74067070e-02,  -1.27868736e+00,   1.99214056e-01,
         1.07344496e+00,   1.13441292e-02,   1.19711168e-01,
        -1.43095219e+00,  -8.62597674e-03,  -5.68769760e-02,
        -1.02859199e+00,   2.62845784e-01,  -8.50063860e-01,
        -1.39888272e-01,   1.01973438e+00,  -3.08984280e-01,
        -1.25111067e+00,  -7.25802958e-01,   5.94374716e-01,
        -2.39831150e-01,   5.59783936e-01,  -9.59099233e-01,
         1.31963229e+00,   4.58182424e-01,   4.61254269e-01,
        -1.66738892e+00,   1.03581715e+00,  -1.51824772e+00,
        -1.09616601e+00,   4.09625679e-01,  -3.98244381e-01,
         1.03341818e+00,  -1.34319317e+00,  -2.03599408e-01,
         1.00687242e+00,   1.01973349e-03,   7.84333229e-01,
        -1.09831858e+00,  -5.94191015e-01,   3.47789407e-01,
         7.50159442e-01,   2.64862627e-01,   9.95120525e-01,
         6.84479713e-01,   7.65549913e-02,   8.46538663e-01,
        -1.85873792e-01,  -7.14396298e-01,   3.01533163e-01,
         1.08780706e+00,   4.25078422e-01,   1.49592280e+00,
        -1.48372263e-01,   1.67045498e+00,   1.76887989e+00,
        -2.76729941e-01,  -6.00218892e-01,   4.00147825e-01,
         1.60180521e+00,  -1.87033784e+00,   2.09616765e-01,
         7.01836407e-01,  -4.49595362e-01,  -5.88334382e-01,
         7.83982635e-01,   1.88886449e-01,  -2.51427865e+00,
         2.18073964e+00], dtype=float32), array([-0.45533502, -0.33350134, -1.44732916,  0.76220483, -1.20762408,
       -0.51222807,  0.57627344, -1.69950294,  1.98580897, -0.11892506,
       -1.59288883, -0.24211925, -1.60050285,  0.42585766, -1.64801836,
       -1.45331538,  1.37497926,  1.19916165,  2.39115524, -0.60061705,
       -0.87470084,  0.52717763,  0.94335508, -1.14121211, -0.11414304,
       -0.47493866,  1.16938221, -0.13315655,  0.69805902,  0.36954498,
       -0.74820876,  1.36866808, -0.85799891, -0.07119384, -1.28101778,
        0.21880265,  1.01395643,  0.00270923,  0.04984374, -1.40605032,
       -0.02368318, -0.04566798, -1.02946341,  0.35555828, -0.85515523,
       -0.18455017,  1.00850785, -0.26191702, -1.26154923, -0.72283477,
        0.56220192, -0.22402221,  0.55698317, -0.98697883,  1.2657727 ,
        0.465776  ,  0.49103162, -1.58189058,  1.02849436, -1.51750195,
       -1.08838975,  0.41357321, -0.42831635,  1.07314932, -1.34150565,
       -0.24083142,  1.00528693, -0.03142352,  0.76776797, -1.14475894,
       -0.624291  ,  0.33124039,  0.73302257,  0.35691023,  0.99585587,
        0.74376261,  0.10182028,  0.88454872, -0.15822548, -0.66412902,
        0.32991165,  1.02478051,  0.37653038,  1.54088283, -0.17463271,
        1.67297149,  1.78559756, -0.30745798, -0.64934236,  0.34433892,
        1.59040201, -1.83294272,  0.24808656,  0.67217934, -0.43152153,
       -0.6046356 ,  0.77815914,  0.17594503, -2.51856256,  2.19271874], dtype=float32), array([-0.52185112, -0.30793396, -1.46342516,  0.81394655, -1.20688987,
       -0.52555001,  0.56522435, -1.73687589,  1.953866  , -0.11462926,
       -1.61631441, -0.28608796, -1.58169544,  0.387703  , -1.68067586,
       -1.48011148,  1.34427726,  1.21882522,  2.37687564, -0.60472077,
       -0.81895882,  0.45946145,  0.97435355, -1.11019337, -0.09810798,
       -0.43971413,  1.13975489, -0.14755149,  0.70374531,  0.32152793,
       -0.73485518,  1.3640492 , -0.85264671, -0.05620001, -1.2753849 ,
        0.16775906,  1.039047  , -0.05813148, -0.00871955, -1.39974654,
       -0.08393271, -0.02795965, -0.97923237,  0.38645718, -0.88276386,
       -0.18043904,  1.05655038, -0.25439546, -1.25744319, -0.7468797 ,
        0.5849582 , -0.24327961,  0.59029979, -0.93800998,  1.32133293,
        0.5349533 ,  0.52409393, -1.63426507,  0.99125868, -1.4797262 ,
       -1.05744743,  0.39745221, -0.44827992,  1.05089498, -1.34643161,
       -0.27963245,  1.01417816,  0.00555989,  0.80706102, -1.11320913,
       -0.6527077 ,  0.3253133 ,  0.75976294,  0.3572301 ,  0.95649064,
        0.75870728,  0.04927866,  0.92959327, -0.15937051, -0.71232224,
        0.30618736,  1.07917655,  0.44173634,  1.52533197, -0.18950151,
        1.68593073,  1.69984138, -0.27186307, -0.63124043,  0.32754505,
        1.57246149, -1.80983961,  0.30735791,  0.71451443, -0.44220164,
       -0.62392497,  0.83313471,  0.11981521, -2.46919227,  2.19758582], dtype=float32), array([-0.48512569, -0.29517582, -1.44171011,  0.81419295, -1.19206476,
       -0.50182176,  0.56189674, -1.75408971,  1.93525434, -0.08157405,
       -1.59178138, -0.28169712, -1.59502077,  0.38352561, -1.68703032,
       -1.50184405,  1.34895575,  1.22079766,  2.36267591, -0.57919437,
       -0.81179452,  0.41850927,  0.97602373, -1.12475204, -0.06937408,
       -0.41185728,  1.18015349, -0.17329952,  0.70984477,  0.32973579,
       -0.75022084,  1.37351346, -0.86096656, -0.06871831, -1.28859806,
        0.16639368,  1.02982676, -0.01197545, -0.02615267, -1.39351583,
       -0.09018191, -0.0378183 , -0.99054706,  0.44486356, -0.91467524,
       -0.1553147 ,  1.04218853, -0.26557472, -1.28814197, -0.69549191,
        0.59666544, -0.22202577,  0.64777547, -0.9533869 ,  1.30431771,
        0.52718735,  0.51544243, -1.57609475,  0.95877117, -1.48586965,
       -1.07144833,  0.41895863, -0.46039927,  1.04394805, -1.34993374,
       -0.28869164,  0.99515742, -0.01775189,  0.80535537, -1.11020613,
       -0.66386676,  0.31664515,  0.71606696,  0.35409153,  0.96720403,
        0.7838223 ,  0.02767153,  0.89414436, -0.14024964, -0.65236533,
        0.25358531,  1.08090127,  0.45491868,  1.55750895, -0.19356881,
        1.68600237,  1.66564155, -0.31297237, -0.6436829 ,  0.31830791,
        1.65072215, -1.82565725,  0.28515643,  0.70051831, -0.4516921 ,
       -0.63678545,  0.80161655,  0.08752906, -2.46202207,  2.22178531], dtype=float32), array([ -4.51265901e-01,  -3.13815176e-01,  -1.46082258e+00,
         7.96126187e-01,  -1.19594812e+00,  -5.02828717e-01,
         5.70253968e-01,  -1.77129591e+00,   1.93707120e+00,
        -8.23782161e-02,  -1.56129944e+00,  -2.56372094e-01,
        -1.64330006e+00,   4.00062621e-01,  -1.70768285e+00,
        -1.47143090e+00,   1.36422348e+00,   1.20938003e+00,
         2.36930776e+00,  -5.80519259e-01,  -8.32386792e-01,
         4.51051235e-01,   9.57266569e-01,  -1.12522590e+00,
        -5.16272187e-02,  -3.97201300e-01,   1.17407835e+00,
        -1.65138915e-01,   7.12476313e-01,   3.44060570e-01,
        -7.51343846e-01,   1.36915457e+00,  -8.51067007e-01,
        -4.40942645e-02,  -1.28781974e+00,   1.48166642e-01,
         1.00434303e+00,  -4.49378900e-02,  -1.91398058e-02,
        -1.41059625e+00,  -5.35600930e-02,  -5.28155565e-02,
        -9.89934921e-01,   4.67395514e-01,  -9.17031348e-01,
        -1.55054480e-01,   1.02939343e+00,  -2.69825339e-01,
        -1.30753195e+00,  -6.78989351e-01,   6.11810088e-01,
        -1.58810452e-01,   6.29565835e-01,  -9.41450238e-01,
         1.26033163e+00,   4.90836203e-01,   5.13498366e-01,
        -1.58602619e+00,   9.59550858e-01,  -1.51483178e+00,
        -1.05700243e+00,   4.11493450e-01,  -4.26881522e-01,
         1.05974698e+00,  -1.34725213e+00,  -3.12491000e-01,
         9.86065507e-01,  -1.81357458e-03,   8.10590506e-01,
        -1.09525907e+00,  -6.19786620e-01,   3.14509511e-01,
         7.02790201e-01,   3.27451378e-01,   9.93108630e-01,
         8.09210062e-01,   2.94838715e-02,   8.59818995e-01,
        -1.26769528e-01,  -6.27029359e-01,   2.64271140e-01,
         1.07562399e+00,   4.78622764e-01,   1.58818388e+00,
        -1.92657426e-01,   1.65328646e+00,   1.69220090e+00,
        -3.00537467e-01,  -6.60777628e-01,   3.24153781e-01,
         1.64074206e+00,  -1.81096935e+00,   2.45248482e-01,
         6.73090458e-01,  -4.74435568e-01,  -6.29679799e-01,
         8.01256895e-01,   6.26838580e-02,  -2.49421477e+00,
         2.20991755e+00], dtype=float32), array([-0.45504665, -0.30370718, -1.45698678,  0.78185433, -1.18416095,
       -0.48502195,  0.58579624, -1.76537347,  1.92264497, -0.08394732,
       -1.57267869, -0.25823545, -1.65509868,  0.38715497, -1.72678268,
       -1.46199811,  1.34879029,  1.21227276,  2.38001704, -0.57873726,
       -0.81246513,  0.42350957,  0.96942526, -1.12848389, -0.04053713,
       -0.40267909,  1.17335784, -0.15534246,  0.67640597,  0.35116491,
       -0.76291156,  1.34946382, -0.84428632, -0.06459855, -1.27818036,
        0.14492127,  1.02123725, -0.06116185, -0.02882515, -1.4078275 ,
       -0.04370869, -0.04738205, -0.98068625,  0.44831735, -0.91157866,
       -0.12351627,  1.02615869, -0.24025624, -1.28691304, -0.66523671,
        0.62091964, -0.17080595,  0.65676808, -0.96928155,  1.25191939,
        0.5161593 ,  0.51837969, -1.63214719,  0.96682453, -1.5285871 ,
       -1.06538498,  0.41768613, -0.41159201,  1.03086948, -1.31699872,
       -0.3113457 ,  0.97918195,  0.01200519,  0.81432486, -1.11028624,
       -0.64149398,  0.32569513,  0.72494876,  0.30728725,  1.00860381,
        0.80952621,  0.03889219,  0.87227941, -0.12275068, -0.61487627,
        0.25050026,  1.07444131,  0.4617992 ,  1.57259881, -0.19712827,
        1.67204177,  1.68946648, -0.31600466, -0.64412314,  0.32889712,
        1.64980578, -1.81197047,  0.23499393,  0.68907136, -0.47019523,
       -0.63137305,  0.78808719,  0.06268957, -2.50417566,  2.19571638], dtype=float32), array([-0.45920688, -0.29908073, -1.4616698 ,  0.77704668, -1.17659688,
       -0.47059733,  0.59957445, -1.78215611,  1.9249537 , -0.09519508,
       -1.57507181, -0.26233837, -1.65764797,  0.37876955, -1.73443484,
       -1.44816816,  1.33932459,  1.22708762,  2.36874509, -0.58282584,
       -0.8198005 ,  0.40812758,  0.96469724, -1.11759746, -0.02677312,
       -0.40712771,  1.17782259, -0.14498283,  0.68427062,  0.35537195,
       -0.76449651,  1.34930801, -0.85110503, -0.06260568, -1.28170907,
        0.141684  ,  1.00275707, -0.06045974, -0.03365037, -1.40983391,
       -0.04223439, -0.03809807, -0.98036277,  0.44964194, -0.92451215,
       -0.13703635,  1.01597857, -0.22993362, -1.28295922, -0.65388292,
        0.63838708, -0.18318763,  0.66896594, -0.97189891,  1.254498  ,
        0.52002257,  0.50953889, -1.62139702,  0.96593487, -1.52006435,
       -1.06181598,  0.417988  , -0.40547088,  1.03404748, -1.31793475,
       -0.32134324,  0.9774375 ,  0.02324116,  0.83145022, -1.11433828,
       -0.64784551,  0.33908477,  0.72355461,  0.30279136,  0.99890894,
        0.80322421,  0.03647164,  0.8673259 , -0.13579947, -0.62186551,
        0.25067437,  1.07563102,  0.46515673,  1.57236528, -0.19828317,
        1.67670333,  1.68584108, -0.32337984, -0.63787097,  0.33670226,
        1.65022767, -1.81249189,  0.23435019,  0.69566607, -0.47804379,
       -0.63642198,  0.7964114 ,  0.05750748, -2.49246764,  2.20079875], dtype=float32), array([-0.45163673, -0.30098483, -1.46167278,  0.77265775, -1.17590225,
       -0.47797745,  0.60050297, -1.78590286,  1.92690992, -0.09636449,
       -1.57118213, -0.25748673, -1.6552937 ,  0.38025907, -1.73718381,
       -1.4509269 ,  1.34530675,  1.23074603,  2.36856842, -0.58153695,
       -0.82579976,  0.40608352,  0.96242225, -1.11149192, -0.01954987,
       -0.40425295,  1.17250586, -0.14479761,  0.68684286,  0.35963646,
       -0.76278216,  1.35696948, -0.85232013, -0.06334033, -1.28175139,
        0.14315286,  0.99954182, -0.06277179, -0.03171972, -1.41066527,
       -0.03986835, -0.03668644, -0.98323268,  0.45245045, -0.93247068,
       -0.13573173,  1.01525819, -0.24107718, -1.27794707, -0.65632463,
        0.64321256, -0.18089911,  0.67251372, -0.97514242,  1.24942982,
        0.5187763 ,  0.5084216 , -1.61929083,  0.9658311 , -1.50681436,
       -1.06112933,  0.4216724 , -0.40532926,  1.03664172, -1.31919992,
       -0.3197363 ,  0.98100883,  0.01547154,  0.83126229, -1.11048245,
       -0.64927804,  0.34094027,  0.72137558,  0.29971176,  1.00102556,
        0.80230314,  0.03576464,  0.86878198, -0.13115183, -0.61791867,
        0.24623236,  1.07604146,  0.46904624,  1.5750227 , -0.20057116,
        1.66736245,  1.68686843, -0.32359302, -0.6421352 ,  0.33309692,
        1.65145314, -1.81791341,  0.23514621,  0.69241846, -0.47909468,
       -0.63456762,  0.79175854,  0.05164232, -2.49457455,  2.19740462], dtype=float32), array([-0.50929713, -0.2765604 , -1.48826516,  0.78161836, -1.18766081,
       -0.46049559,  0.61390716, -1.78926682,  1.90800226, -0.14686044,
       -1.61009312, -0.35082021, -1.63863111,  0.38772875, -1.78153479,
       -1.4839009 ,  1.33910918,  1.21170437,  2.36780143, -0.57427472,
       -0.81234181,  0.33591688,  0.99672067, -1.07723558,  0.03718489,
       -0.38637823,  1.16574752, -0.14221418,  0.65076607,  0.27987027,
       -0.67300612,  1.31569636, -0.82574034, -0.10106228, -1.31344867,
        0.09871975,  1.02417374, -0.08079113, -0.0204398 , -1.36686838,
       -0.1047821 , -0.06167748, -0.90763372,  0.44030786, -0.96717626,
       -0.16880895,  1.08105659, -0.22004989, -1.27049029, -0.6600796 ,
        0.66162258, -0.24271639,  0.65026587, -0.87108713,  1.26651692,
        0.56771028,  0.50807375, -1.73160243,  0.98943871, -1.49953389,
       -1.02627409,  0.38818964, -0.43532035,  1.00645447, -1.2763654 ,
       -0.32298654,  0.96696544,  0.04428254,  0.86933583, -1.0910902 ,
       -0.68547451,  0.28338623,  0.82504845,  0.25228053,  0.97161001,
        0.76486039, -0.00476275,  0.93386137, -0.09708632, -0.62529391,
        0.22898938,  1.08440018,  0.56266904,  1.4716047 , -0.22276968,
        1.66366255,  1.64766967, -0.30983263, -0.55686307,  0.32570112,
        1.62864149, -1.83472538,  0.30764309,  0.7735855 , -0.42697117,
       -0.63902897,  0.8548547 ,  0.00338968, -2.44441938,  2.26334286], dtype=float32), array([-0.5446853 , -0.26869059, -1.51600266,  0.78515542, -1.20558441,
       -0.46569347,  0.61801422, -1.78138006,  1.9311285 , -0.13747469,
       -1.61811936, -0.39954257, -1.66446483,  0.39345783, -1.79814982,
       -1.52091336,  1.34101927,  1.18895125,  2.35502601, -0.5768742 ,
       -0.79424596,  0.28608477,  1.00282991, -1.04636669,  0.09047346,
       -0.37426156,  1.17146313, -0.17178509,  0.6523633 ,  0.26489249,
       -0.62707704,  1.25828528, -0.80068642, -0.11154446, -1.31462801,
        0.04311537,  1.03790414, -0.09560879,  0.01114524, -1.33375013,
       -0.1481013 , -0.08002139, -0.83777672,  0.4137162 , -0.99717802,
       -0.17274196,  1.14407885, -0.22155017, -1.29905641, -0.65922749,
        0.67179728, -0.27823359,  0.64356184, -0.76851809,  1.27989852,
        0.59310764,  0.5279398 , -1.79786694,  0.98478442, -1.44335079,
       -0.97235483,  0.37720293, -0.47661108,  0.96747071, -1.26324093,
       -0.35707328,  0.93611574,  0.078536  ,  0.92256051, -1.08025658,
       -0.70901656,  0.27258751,  0.86450011,  0.22446033,  0.93337446,
        0.7602759 , -0.06551484,  0.94206375, -0.0846188 , -0.63000429,
        0.21793018,  1.10186625,  0.6344595 ,  1.43783557, -0.22243957,
        1.65588665,  1.59805059, -0.30069238, -0.48874414,  0.32092902,
        1.6247313 , -1.84839642,  0.33368188,  0.83094579, -0.39254674,
       -0.65789169,  0.86392981, -0.03411266, -2.42532086,  2.29039955], dtype=float32), array([-0.5341633 , -0.25197473, -1.4941535 ,  0.77688104, -1.21410036,
       -0.42259598,  0.60592443, -1.77125847,  1.9745512 , -0.1276803 ,
       -1.62150645, -0.39442632, -1.64616251,  0.38992193, -1.81155932,
       -1.51375878,  1.32166982,  1.19372046,  2.38067365, -0.57893348,
       -0.79001921,  0.2839365 ,  1.00003505, -1.07580245,  0.10759008,
       -0.36399034,  1.18969774, -0.17716983,  0.62268227,  0.25939161,
       -0.61704069,  1.26991427, -0.81511962, -0.1172071 , -1.33284986,
        0.09165275,  0.99763089, -0.09841199,  0.0371854 , -1.36235702,
       -0.15490846, -0.10338593, -0.85541606,  0.42502642, -0.98296243,
       -0.17255168,  1.1001035 , -0.22896962, -1.30937397, -0.63253778,
        0.68821597, -0.27945548,  0.66467166, -0.78952521,  1.26772499,
        0.56984907,  0.52896982, -1.79649079,  0.99599135, -1.48760712,
       -1.01124215,  0.37271872, -0.44634256,  0.96893579, -1.22700381,
       -0.35111019,  0.9305194 ,  0.07440429,  0.91989917, -1.09556031,
       -0.70159161,  0.27286044,  0.85214698,  0.22082436,  0.96054405,
        0.75278515, -0.04130452,  0.94123542, -0.09502459, -0.60639268,
        0.19540127,  1.06878817,  0.62205428,  1.42597413, -0.24240363,
        1.67026865,  1.60521388, -0.3074699 , -0.45971969,  0.32999444,
        1.63997817, -1.84273851,  0.32354003,  0.8089965 , -0.38561913,
       -0.64960086,  0.84119713, -0.03425045, -2.40762758,  2.28853488], dtype=float32), array([-0.51603979, -0.26078081, -1.48303533,  0.77508873, -1.20247912,
       -0.40089297,  0.61245686, -1.77511942,  1.98533893, -0.12377257,
       -1.62021184, -0.39210045, -1.64197946,  0.37580383, -1.84034002,
       -1.51546037,  1.3265363 ,  1.18383229,  2.39404321, -0.57074314,
       -0.78310633,  0.25481966,  0.99554521, -1.09475899,  0.12717809,
       -0.33841041,  1.19706416, -0.16207217,  0.59989297,  0.27096215,
       -0.59131521,  1.25512218, -0.81567705, -0.1311731 , -1.32621002,
        0.10753141,  0.98736548, -0.11036724,  0.0500064 , -1.3873198 ,
       -0.14096482, -0.11781374, -0.87212318,  0.42545426, -0.98007429,
       -0.17036101,  1.08263063, -0.21973205, -1.30080473, -0.62191182,
        0.6782558 , -0.28670445,  0.68146956, -0.81602228,  1.25840724,
        0.56483197,  0.52885741, -1.81119144,  1.0009445 , -1.51801395,
       -1.01100814,  0.37517649, -0.429818  ,  0.96987319, -1.20572126,
       -0.32302892,  0.92860115,  0.0697478 ,  0.91749644, -1.10559297,
       -0.69426477,  0.31102806,  0.86376822,  0.22450301,  0.979249  ,
        0.76531416, -0.03674528,  0.94121683, -0.1048376 , -0.57611567,
        0.18437976,  1.05074811,  0.59685242,  1.39586139, -0.27511588,
        1.68675828,  1.61209774, -0.33170483, -0.45094243,  0.33833998,
        1.63940465, -1.84390247,  0.31120795,  0.82039577, -0.38139063,
       -0.65221846,  0.81179005, -0.02662978, -2.40297842,  2.27784872], dtype=float32), array([-0.48496002, -0.25995544, -1.44445407,  0.78460956, -1.19179296,
       -0.37921837,  0.61017025, -1.76048529,  2.00690794, -0.1183231 ,
       -1.58150828, -0.35231298, -1.7155571 ,  0.36722249, -1.85603964,
       -1.50002861,  1.34748638,  1.18526542,  2.43687272, -0.54127467,
       -0.7864514 ,  0.25561199,  1.01784909, -1.12228322,  0.11418221,
       -0.37196606,  1.1478163 , -0.17090434,  0.59242052,  0.29227999,
       -0.61156446,  1.25139248, -0.81757081, -0.16015534, -1.27315414,
        0.10521644,  0.98236305, -0.14527656,  0.02056105, -1.40002942,
       -0.09901169, -0.1710639 , -0.8955133 ,  0.40648198, -0.95254713,
       -0.11834872,  1.06392574, -0.13840197, -1.35404384, -0.62066567,
        0.68266064, -0.22705303,  0.68450254, -0.83370405,  1.23387122,
        0.51578766,  0.55087173, -1.78721142,  1.0203737 , -1.55010092,
       -1.03886342,  0.3955723 , -0.4166863 ,  0.94734728, -1.22155046,
       -0.33732572,  0.93637973,  0.05532995,  0.87470758, -1.10610533,
       -0.71621054,  0.32831335,  0.83306623,  0.2200149 ,  0.94734645,
        0.7890116 ,  0.01914732,  0.93681908, -0.0906474 , -0.52997696,
        0.21745732,  1.00794208,  0.54542863,  1.42410743, -0.30477068,
        1.68396938,  1.62082207, -0.33050197, -0.4298726 ,  0.37963524,
        1.70029294, -1.85664308,  0.24753535,  0.78890902, -0.34315234,
       -0.66772312,  0.7718361 ,  0.02763027, -2.42189622,  2.229532  ], dtype=float32), array([-0.4911589 , -0.2537477 , -1.44458652,  0.78258324, -1.18470919,
       -0.38399184,  0.61884284, -1.74761319,  2.00799417, -0.11972812,
       -1.59642243, -0.35143456, -1.72754836,  0.3793833 , -1.87191904,
       -1.49931562,  1.34005976,  1.17700696,  2.44894743, -0.52983433,
       -0.78894818,  0.26097083,  1.00326085, -1.11215401,  0.13514686,
       -0.38190749,  1.142097  , -0.18637362,  0.57775706,  0.2880443 ,
       -0.62041104,  1.26367939, -0.80487955, -0.20143262, -1.27949739,
        0.13622442,  0.97603375, -0.14048   ,  0.02375381, -1.40270805,
       -0.10558526, -0.15654972, -0.91451401,  0.41591474, -0.93505764,
       -0.13715574,  1.05083895, -0.14069913, -1.37387347, -0.62029684,
        0.69584495, -0.20596723,  0.69165105, -0.8226788 ,  1.2269454 ,
        0.53091079,  0.57361883, -1.7680757 ,  1.01195812, -1.54236567,
       -1.04559529,  0.41601682, -0.40708277,  0.95246321, -1.21132994,
       -0.3304081 ,  0.93946129,  0.05816397,  0.88115329, -1.10192251,
       -0.73027813,  0.3195273 ,  0.83015794,  0.23966868,  0.92971003,
        0.79326403,  0.01733128,  0.9531095 , -0.08782525, -0.51990664,
        0.21320513,  0.99543583,  0.5330379 ,  1.420102  , -0.3287082 ,
        1.69765592,  1.61554432, -0.34500274, -0.44207302,  0.35636112,
        1.69839799, -1.86452901,  0.25656137,  0.77588278, -0.33863133,
       -0.66722846,  0.77794361,  0.02850207, -2.41216731,  2.21818209], dtype=float32), array([-0.49815711, -0.25734794, -1.44003558,  0.77647811, -1.18959939,
       -0.3916119 ,  0.61567837, -1.75054836,  2.00594759, -0.1130922 ,
       -1.60447288, -0.34654644, -1.71296024,  0.37380853, -1.86409616,
       -1.50550711,  1.34980011,  1.17770624,  2.44791102, -0.53078604,
       -0.79180628,  0.26089022,  0.99641067, -1.10594642,  0.1326167 ,
       -0.38348255,  1.14281535, -0.18302307,  0.57672423,  0.28904322,
       -0.62699473,  1.26866066, -0.80914229, -0.20023283, -1.28685284,
        0.13275421,  0.97318882, -0.14135484,  0.02440051, -1.40459573,
       -0.09809443, -0.15114951, -0.91855365,  0.42508748, -0.93693614,
       -0.14946514,  1.05229056, -0.15001515, -1.3586458 , -0.61903828,
        0.70265371, -0.21583465,  0.68884218, -0.82998264,  1.22914064,
        0.53206486,  0.56971836, -1.77274501,  1.01617539, -1.53538191,
       -1.04284   ,  0.42214522, -0.40441209,  0.94915092, -1.20956504,
       -0.32398173,  0.94123584,  0.05793768,  0.87676919, -1.09212911,
       -0.72506863,  0.3205328 ,  0.8348912 ,  0.24165997,  0.93382168,
        0.78935367,  0.02112439,  0.95668548, -0.0951231 , -0.52185237,
        0.21591748,  1.00066209,  0.52794528,  1.41697025, -0.33798608,
        1.70510578,  1.61048996, -0.34223455, -0.44644234,  0.36020532,
        1.70403349, -1.86571133,  0.25802356,  0.7796331 , -0.34067184,
       -0.66563469,  0.77868402,  0.0158755 , -2.40788937,  2.21591616], dtype=float32), array([-0.51036233, -0.24946491, -1.4139936 ,  0.77987653, -1.16464353,
       -0.39466956,  0.63294137, -1.74657035,  1.97633946, -0.07149983,
       -1.6083374 , -0.35423222, -1.67836463,  0.35964361, -1.87343061,
       -1.50227988,  1.31611109,  1.20853126,  2.43521619, -0.53140295,
       -0.7816301 ,  0.23834729,  0.98572773, -1.12198269,  0.13503355,
       -0.38772625,  1.12291992, -0.18735449,  0.55151284,  0.29646438,
       -0.65226662,  1.29781055, -0.8172555 , -0.17250644, -1.28049552,
        0.15217605,  0.99444753, -0.13770291, -0.03371406, -1.42572379,
       -0.1162029 , -0.10029727, -0.93764365,  0.43687469, -0.95937574,
       -0.10335044,  1.03853142, -0.14568229, -1.33932066, -0.60596967,
        0.6911056 , -0.23451488,  0.74151826, -0.88382107,  1.26574028,
        0.55314255,  0.5609929 , -1.78698695,  1.004843  , -1.54152775,
       -1.03549552,  0.43287578, -0.43680671,  0.93536848, -1.20328379,
       -0.34853357,  0.94236863,  0.0692631 ,  0.88650388, -1.06189382,
       -0.72851121,  0.34837529,  0.82819265,  0.27683255,  0.9137854 ,
        0.76958263,  0.06856837,  0.99637401, -0.10764317, -0.53215349,
        0.21034957,  1.02685726,  0.49873972,  1.41185713, -0.33532625,
        1.71881878,  1.6013335 , -0.33226952, -0.50733685,  0.34698564,
        1.72175145, -1.83319235,  0.26775604,  0.77313209, -0.37692049,
       -0.68989718,  0.76613861, -0.00864263, -2.40445042,  2.20700216], dtype=float32), array([-0.51418883, -0.23308691, -1.41369247,  0.76803589, -1.1830864 ,
       -0.39314982,  0.63328391, -1.74642503,  1.99574649, -0.07597466,
       -1.61254811, -0.35505173, -1.6902163 ,  0.36407316, -1.86173785,
       -1.50442636,  1.29845941,  1.20507467,  2.42811441, -0.54234821,
       -0.76146311,  0.22935966,  0.97980833, -1.13217926,  0.13558008,
       -0.38865325,  1.15285444, -0.19297487,  0.57326245,  0.31189346,
       -0.65150881,  1.28725934, -0.79952896, -0.1624826 , -1.27443695,
        0.15071864,  0.97562253, -0.12379847, -0.02990076, -1.42626417,
       -0.10817195, -0.10702103, -0.93542093,  0.43439749, -0.96148837,
       -0.125093  ,  1.04474235, -0.13816477, -1.34825027, -0.60560191,
        0.68311512, -0.24065956,  0.73427826, -0.85295999,  1.26646495,
        0.5595113 ,  0.5613454 , -1.78386676,  0.99571604, -1.53266251,
       -1.01708782,  0.43227151, -0.45344201,  0.93798256, -1.22300589,
       -0.35238889,  0.95490205,  0.07628912,  0.90581495, -1.0745604 ,
       -0.72635633,  0.33797297,  0.81744105,  0.27302533,  0.91921097,
        0.77164012,  0.04476603,  0.98568648, -0.10995566, -0.5351401 ,
        0.21164759,  1.02614546,  0.50879025,  1.42004204, -0.34873965,
        1.7171545 ,  1.58904481, -0.33363697, -0.48614633,  0.33993489,
        1.72645807, -1.83655381,  0.26709142,  0.76662123, -0.37797868,
       -0.69869864,  0.76590633, -0.01390632, -2.38991594,  2.22143912], dtype=float32), array([-0.45644745, -0.25535086, -1.40866435,  0.76371735, -1.20127738,
       -0.40173158,  0.6320163 , -1.75094962,  1.97102356, -0.07981243,
       -1.59153783, -0.34006041, -1.70883214,  0.37354302, -1.86272001,
       -1.53593326,  1.32483506,  1.20450962,  2.4308877 , -0.56628376,
       -0.77225089,  0.27468246,  1.00017416, -1.13877738,  0.11556821,
       -0.39666086,  1.12446702, -0.17831334,  0.56712633,  0.32213789,
       -0.65803111,  1.28209352, -0.77914262, -0.13601847, -1.25007963,
        0.14725442,  0.97527176, -0.10268596, -0.02919045, -1.4156121 ,
       -0.1037147 , -0.15980341, -0.93519884,  0.42366734, -0.9386853 ,
       -0.11183061,  1.04206753, -0.14005455, -1.36232972, -0.59639013,
        0.67998236, -0.21935798,  0.7092303 , -0.84251666,  1.29587269,
        0.54368818,  0.56326133, -1.76920497,  1.0197953 , -1.53279459,
       -1.01445925,  0.40835246, -0.44572651,  0.9387815 , -1.2416271 ,
       -0.36242864,  0.97576308,  0.05496752,  0.90533829, -1.05518854,
       -0.6954565 ,  0.32327712,  0.81929666,  0.29396063,  0.93035531,
        0.7683723 ,  0.05532233,  0.95375878, -0.09111039, -0.5571233 ,
        0.23530164,  1.03195894,  0.53206784,  1.44925559, -0.35920167,
        1.68057346,  1.61113727, -0.34497908, -0.49101895,  0.33794031,
        1.71839225, -1.85271215,  0.25228685,  0.74880296, -0.38192898,
       -0.70665801,  0.74125695, -0.00488466, -2.41769433,  2.19705009], dtype=float32), array([-0.52408463, -0.25294119, -1.44628108,  0.79244304, -1.22554815,
       -0.43173119,  0.62294918, -1.77146673,  1.94324148, -0.08963771,
       -1.61684048, -0.39385948, -1.68054163,  0.38391435, -1.86989152,
       -1.5785017 ,  1.32021081,  1.19245493,  2.40249825, -0.56935495,
       -0.76118708,  0.22426213,  1.03933001, -1.10960031,  0.15860902,
       -0.37514982,  1.11318612, -0.18230414,  0.59465331,  0.27450889,
       -0.62086397,  1.25225592, -0.7922141 , -0.116441  , -1.26323962,
        0.06871726,  1.02878368, -0.13043767, -0.01715839, -1.36162448,
       -0.15056686, -0.13608134, -0.84734273,  0.41222367, -0.97583085,
       -0.13508484,  1.13301015, -0.15055336, -1.35558867, -0.62163562,
        0.66940105, -0.25525337,  0.69180208, -0.7613495 ,  1.33344126,
        0.60905457,  0.56997418, -1.84383035,  1.01867163, -1.47678375,
       -0.9627021 ,  0.38116536, -0.48961908,  0.90925908, -1.23398459,
       -0.37548333,  0.96807933,  0.08521616,  0.94157863, -1.05102301,
       -0.71525472,  0.29450643,  0.8833639 ,  0.26615769,  0.88036174,
        0.73094529, -0.01180837,  0.98078382, -0.07741257, -0.60098767,
        0.25295967,  1.06940067,  0.60175031,  1.39231908, -0.36372045,
        1.68349814,  1.54046059, -0.283023  , -0.44797799,  0.30413225,
        1.69626331, -1.85195827,  0.30175877,  0.79133517, -0.34287184,
       -0.7118867 ,  0.80086905, -0.04239281, -2.37589741,  2.2230444 ], dtype=float32), array([-0.55719501, -0.24776903, -1.47330701,  0.77604121, -1.22579694,
       -0.46080291,  0.62089729, -1.75727355,  1.96622801, -0.07250839,
       -1.61362004, -0.40963772, -1.69039798,  0.40129343, -1.86647093,
       -1.59428298,  1.33674359,  1.17430592,  2.38009977, -0.5762375 ,
       -0.77922899,  0.19899867,  1.01049674, -1.07531083,  0.16661429,
       -0.3656275 ,  1.1170646 , -0.21463093,  0.60757202,  0.25462863,
       -0.59999329,  1.22373128, -0.76671505, -0.12068083, -1.30236626,
        0.03438258,  1.05180514, -0.11120002,  0.02501381, -1.30921292,
       -0.19773492, -0.12312368, -0.78055042,  0.41989529, -1.00190198,
       -0.14067774,  1.18359542, -0.16912445, -1.35955262, -0.62830865,
        0.66557604, -0.2716217 ,  0.70444578, -0.70503569,  1.33536339,
        0.6174069 ,  0.59743452, -1.87419522,  1.01153445, -1.42606294,
       -0.91510868,  0.36533755, -0.54775304,  0.89218849, -1.23601496,
       -0.40093556,  0.92072427,  0.09979711,  0.95889503, -1.05098403,
       -0.73590738,  0.29928073,  0.91144365,  0.24436313,  0.84417558,
        0.73549289, -0.05195698,  0.97650778, -0.06397422, -0.62067586,
        0.22684324,  1.09382272,  0.65583181,  1.39117968, -0.33403069,
        1.67126107,  1.47839451, -0.26888779, -0.44244573,  0.28273863,
        1.69772255, -1.84726691,  0.34880954,  0.81098145, -0.32765454,
       -0.71162301,  0.81388313, -0.08432543, -2.3708849 ,  2.27774382], dtype=float32), array([-0.56412011, -0.24579105, -1.46745169,  0.7812382 , -1.22212183,
       -0.46708167,  0.62298876, -1.75982261,  1.95932829, -0.0656943 ,
       -1.61986566, -0.40581164, -1.6786865 ,  0.39295179, -1.86134112,
       -1.58852077,  1.32794416,  1.1790607 ,  2.37543464, -0.57445371,
       -0.77274728,  0.19865462,  1.00907815, -1.07602596,  0.17008734,
       -0.36648837,  1.11250186, -0.21633613,  0.60733849,  0.25571731,
       -0.61082375,  1.23668313, -0.77549946, -0.11216901, -1.29947495,
        0.03057764,  1.05013824, -0.11393247,  0.00266812, -1.31963336,
       -0.19972867, -0.11176719, -0.78116488,  0.42835683, -1.01115453,
       -0.14513035,  1.18219769, -0.17372587, -1.35134077, -0.62736511,
        0.66523576, -0.27146503,  0.71485114, -0.71835738,  1.34603679,
        0.61922312,  0.59620976, -1.87185562,  1.00377285, -1.42313218,
       -0.91492993,  0.37282023, -0.55371916,  0.88814223, -1.24010122,
       -0.40870315,  0.92707479,  0.09872921,  0.95907646, -1.04402351,
       -0.73548359,  0.29949507,  0.90501523,  0.25856045,  0.84296203,
        0.74069697, -0.04249381,  0.98492342, -0.06773274, -0.62230116,
        0.22163254,  1.10279202,  0.65079564,  1.39711678, -0.33693591,
        1.67936802,  1.47584701, -0.26099828, -0.45341885,  0.27326465,
        1.69699419, -1.83646667,  0.35590076,  0.80071855, -0.33772746,
       -0.71576875,  0.82078081, -0.09219952, -2.36643863,  2.2785418 ], dtype=float32), array([-0.54460424, -0.23982696, -1.46513367,  0.78480911, -1.20045233,
       -0.46769792,  0.59140456, -1.76672065,  1.94103336, -0.09304433,
       -1.62601364, -0.4192127 , -1.67041242,  0.40154964, -1.8869741 ,
       -1.56878912,  1.33836114,  1.1751591 ,  2.39741802, -0.56248593,
       -0.75482446,  0.20245388,  1.0088619 , -1.10697997,  0.20518211,
       -0.3666696 ,  1.10225117, -0.23403934,  0.60751367,  0.25091076,
       -0.63588041,  1.24676812, -0.7637791 , -0.09991916, -1.27560198,
        0.04149656,  1.06349134, -0.133487  , -0.02507341, -1.31279039,
       -0.16321218, -0.105478  , -0.80115569,  0.43295613, -1.03778148,
       -0.11978235,  1.16916668, -0.1427414 , -1.36297774, -0.62815356,
        0.67037159, -0.2470383 ,  0.70835835, -0.73886669,  1.34449029,
        0.61951989,  0.57533121, -1.85878634,  0.98074639, -1.45093274,
       -0.91496187,  0.37638718, -0.53306085,  0.89636135, -1.24612105,
       -0.42239785,  0.94522309,  0.11418878,  0.9426527 , -1.081128  ,
       -0.74413031,  0.31395677,  0.86569351,  0.29034254,  0.8520177 ,
        0.795605  ,  0.01205853,  0.99714696, -0.08931652, -0.62260926,
        0.24549641,  1.10486221,  0.65961683,  1.39929533, -0.34000444,
        1.66531634,  1.46730506, -0.28873163, -0.45794833,  0.28615499,
        1.70671451, -1.84841037,  0.34041458,  0.80681551, -0.33663025,
       -0.74352533,  0.80503851, -0.08930535, -2.34191346,  2.22924399], dtype=float32), array([-0.53879321, -0.25795266, -1.44046533,  0.73402572, -1.17428553,
       -0.5152576 ,  0.58357668, -1.79405391,  1.96063614, -0.05750436,
       -1.60309803, -0.39209655, -1.67438197,  0.37724665, -1.8319093 ,
       -1.57571006,  1.37927663,  1.19160271,  2.3848598 , -0.58242106,
       -0.77870339,  0.22713661,  0.99389154, -1.07582176,  0.17760791,
       -0.36487162,  1.05461371, -0.24881224,  0.63096857,  0.30463636,
       -0.67957181,  1.28637457, -0.77260786, -0.11044884, -1.28756499,
        0.05786477,  1.0573467 , -0.13936388, -0.05025607, -1.30587661,
       -0.16743857, -0.10906229, -0.81323397,  0.47811931, -1.05664015,
       -0.12601759,  1.1729933 , -0.19911942, -1.34511065, -0.62369812,
        0.67867976, -0.23654853,  0.69423914, -0.72021753,  1.32892978,
        0.6383661 ,  0.57623023, -1.84293926,  0.97533405, -1.42602897,
       -0.89478594,  0.39438426, -0.5287016 ,  0.89256871, -1.27213752,
       -0.45125118,  0.96636152,  0.10701932,  0.93021983, -1.08124697,
       -0.74383742,  0.30547839,  0.87101382,  0.32541159,  0.89559323,
        0.80983645,  0.01108141,  0.98390055, -0.06645507, -0.59644973,
        0.26947278,  1.07604194,  0.6217944 ,  1.44459736, -0.34992418,
        1.66190112,  1.45408297, -0.33101612, -0.48725677,  0.26935345,
        1.6962775 , -1.85466516,  0.36660004,  0.78912699, -0.35540935,
       -0.71994412,  0.78207642, -0.10651937, -2.35497141,  2.24370337], dtype=float32), array([-0.55024165, -0.24176933, -1.44167101,  0.72075379, -1.16290343,
       -0.52366161,  0.57879668, -1.79668117,  1.97288382, -0.06943393,
       -1.61851406, -0.3884123 , -1.6755203 ,  0.3834163 , -1.8245995 ,
       -1.55045915,  1.36904156,  1.18312895,  2.38211203, -0.56875449,
       -0.76944017,  0.24520861,  0.9944731 , -1.07798409,  0.18531077,
       -0.38937974,  1.07269347, -0.23262118,  0.64469737,  0.28288573,
       -0.6843335 ,  1.29308271, -0.7806685 , -0.13282941, -1.30761981,
        0.08192049,  1.05206585, -0.10998379, -0.04205846, -1.30604291,
       -0.15473726, -0.11229591, -0.83332992,  0.49880978, -1.03670621,
       -0.17191875,  1.14295423, -0.17298615, -1.34976578, -0.62901795,
        0.67085922, -0.25107273,  0.69006014, -0.73608351,  1.31942725,
        0.62064707,  0.58632529, -1.81140661,  0.96674514, -1.45446801,
       -0.90528131,  0.40455201, -0.51448786,  0.91957629, -1.24464154,
       -0.44130778,  0.97787303,  0.09479595,  0.94115126, -1.08491969,
       -0.75344115,  0.29526082,  0.85890687,  0.32646382,  0.89878947,
        0.82007921,  0.01075131,  0.98492616, -0.07728821, -0.59785187,
        0.26226494,  1.06190169,  0.58762991,  1.43359411, -0.35650936,
        1.68471169,  1.47178805, -0.33715907, -0.48307744,  0.26968735,
        1.6764797 , -1.85482144,  0.38322753,  0.77037179, -0.35823673,
       -0.71532029,  0.7921747 , -0.10211825, -2.3478322 ,  2.26840854], dtype=float32), array([-0.54401666, -0.24586447, -1.45095134,  0.71462232, -1.17218602,
       -0.52809644,  0.57514369, -1.79308069,  1.97001565, -0.06691422,
       -1.62071574, -0.38269877, -1.66708183,  0.38043451, -1.82305312,
       -1.55235481,  1.36424243,  1.18582094,  2.37583518, -0.56756735,
       -0.76706409,  0.24243701,  0.99052358, -1.07945192,  0.18615676,
       -0.37279725,  1.08102965, -0.23280381,  0.64500612,  0.30105862,
       -0.68607157,  1.29920769, -0.78557557, -0.12032596, -1.3114121 ,
        0.07524001,  1.05017066, -0.11523315, -0.04225046, -1.31015527,
       -0.15327206, -0.11971392, -0.83278406,  0.51032841, -1.04157662,
       -0.17210412,  1.14763796, -0.18589722, -1.34588802, -0.625503  ,
        0.67485297, -0.24817562,  0.69076473, -0.72771072,  1.31716073,
        0.61556703,  0.58553392, -1.81505966,  0.96354711, -1.44280398,
       -0.89512432,  0.40619686, -0.50849158,  0.92033941, -1.25376368,
       -0.44315135,  0.98506814,  0.09433787,  0.94262522, -1.07332945,
       -0.74317223,  0.29364988,  0.86666805,  0.31459454,  0.90686846,
        0.8242476 ,  0.0074684 ,  0.98312593, -0.07223684, -0.59698522,
        0.2524485 ,  1.0617677 ,  0.58600521,  1.43845177, -0.35366029,
        1.67647696,  1.46935916, -0.33589351, -0.48393261,  0.26686403,
        1.68070447, -1.85792494,  0.37481818,  0.75757998, -0.36126482,
       -0.72445089,  0.78665447, -0.11414979, -2.35060644,  2.27768922], dtype=float32), array([-0.53303391, -0.21521476, -1.44414926,  0.69133723, -1.17320979,
       -0.52925634,  0.55886662, -1.77402735,  1.97930038, -0.04491033,
       -1.65039086, -0.37836048, -1.67660713,  0.37079841, -1.82828045,
       -1.54280937,  1.34495246,  1.18466675,  2.39920807, -0.55587977,
       -0.72185689,  0.2321066 ,  0.98839867, -1.11022437,  0.18502146,
       -0.3494055 ,  1.0939368 , -0.22160679,  0.62255907,  0.3112523 ,
       -0.66541141,  1.30742466, -0.77697682, -0.13445915, -1.3230418 ,
        0.07482039,  1.04473186, -0.12275741, -0.02396355, -1.32854712,
       -0.12351877, -0.11430973, -0.85887921,  0.48927131, -1.02751434,
       -0.17150806,  1.1175288 , -0.17329034, -1.3317275 , -0.62625772,
        0.67761278, -0.23632157,  0.72207308, -0.72214842,  1.30346704,
        0.56954098,  0.56892985, -1.84128213,  0.981677  , -1.45912468,
       -0.89526212,  0.41027677, -0.50521654,  0.92536926, -1.28483319,
       -0.39384684,  1.01117659,  0.08786613,  0.94184071, -1.07418919,
       -0.74877554,  0.32196739,  0.85151714,  0.31943354,  0.93094093,
        0.81261611, -0.0120247 ,  0.99324393, -0.07663971, -0.5867849 ,
        0.26776522,  1.03837788,  0.56600016,  1.43374932, -0.34739405,
        1.66419566,  1.47908497, -0.37605828, -0.46773961,  0.26588961,
        1.65733719, -1.87181997,  0.34585515,  0.76795655, -0.34669584,
       -0.71849918,  0.76600212, -0.08282858, -2.35434031,  2.27526736], dtype=float32), array([ -5.34207880e-01,  -2.19858751e-01,  -1.43588650e+00,
         6.95574760e-01,  -1.15182173e+00,  -5.40078223e-01,
         5.52121758e-01,  -1.77664185e+00,   1.95985425e+00,
        -6.55667111e-02,  -1.65633190e+00,  -3.90801609e-01,
        -1.66272092e+00,   3.68921936e-01,  -1.79911184e+00,
        -1.56186163e+00,   1.35245454e+00,   1.17579162e+00,
         2.41071677e+00,  -5.66216350e-01,  -7.15600371e-01,
         2.54728466e-01,   9.84147191e-01,  -1.12124622e+00,
         1.46813542e-01,  -3.44992787e-01,   1.05930424e+00,
        -2.14724287e-01,   6.18414104e-01,   3.26204360e-01,
        -6.64635718e-01,   1.32252944e+00,  -7.80523777e-01,
        -1.38179645e-01,  -1.31188190e+00,   1.00658432e-01,
         1.07133102e+00,  -1.16055548e-01,  -5.09465463e-04,
        -1.33287489e+00,  -1.19754769e-01,  -1.25205964e-01,
        -8.68136764e-01,   4.83523875e-01,  -1.00828207e+00,
        -1.50637046e-01,   1.09627283e+00,  -1.89410597e-01,
        -1.34399903e+00,  -6.38695836e-01,   6.83631182e-01,
        -2.40266621e-01,   6.99900806e-01,  -7.36103117e-01,
         1.30193043e+00,   5.78362942e-01,   5.71308672e-01,
        -1.83890712e+00,   9.94969189e-01,  -1.48367846e+00,
        -9.06498015e-01,   4.21655536e-01,  -4.92979228e-01,
         9.25917387e-01,  -1.28634703e+00,  -3.82671386e-01,
         1.01134038e+00,   7.29897767e-02,   9.31691885e-01,
        -1.06628859e+00,  -7.27596223e-01,   3.46077114e-01,
         8.57216716e-01,   3.30888599e-01,   9.25956786e-01,
         8.10244679e-01,  -1.54940935e-03,   1.00145519e+00,
        -6.99996874e-02,  -6.00766420e-01,   2.84770578e-01,
         1.03514862e+00,   5.36383450e-01,   1.43562496e+00,
        -3.41935039e-01,   1.65407443e+00,   1.50787032e+00,
        -3.94105494e-01,  -4.60805953e-01,   2.59287477e-01,
         1.63573885e+00,  -1.86632979e+00,   3.29946905e-01,
         7.86164224e-01,  -3.42615962e-01,  -7.10150778e-01,
         7.59288728e-01,  -6.41241670e-02,  -2.38141823e+00,
         2.27238846e+00], dtype=float32), array([-0.52968544, -0.22779275, -1.43770957,  0.69049513, -1.14518905,
       -0.54553598,  0.55608147, -1.78170228,  1.96104538, -0.05799025,
       -1.66523671, -0.38806975, -1.65531468,  0.36474556, -1.80431199,
       -1.56168163,  1.35350859,  1.16793096,  2.40872788, -0.56359357,
       -0.7225827 ,  0.24666107,  0.98363578, -1.12195301,  0.15495725,
       -0.34896114,  1.06260085, -0.21570158,  0.61756301,  0.33702669,
       -0.66073489,  1.32643867, -0.78947622, -0.13697153, -1.30610585,
        0.09710091,  1.06956136, -0.11345968, -0.00469611, -1.34079969,
       -0.11114134, -0.12070198, -0.86547023,  0.48847589, -1.02044821,
       -0.14777344,  1.08637166, -0.19066387, -1.34303927, -0.6297847 ,
        0.6888321 , -0.24245761,  0.69557172, -0.75121635,  1.3019284 ,
        0.58623499,  0.57060081, -1.83948028,  0.99599493, -1.48718202,
       -0.90522701,  0.41994607, -0.48861387,  0.9293415 , -1.27482438,
       -0.37935019,  1.01389444,  0.08017555,  0.93465823, -1.06821871,
       -0.72686976,  0.34566745,  0.85132235,  0.33338901,  0.92207301,
        0.81716239,  0.00706344,  1.00409615, -0.07112461, -0.5948292 ,
        0.28291366,  1.0318054 ,  0.52891535,  1.43364131, -0.34452245,
        1.64788771,  1.50904238, -0.38950381, -0.46290994,  0.25873151,
        1.63360655, -1.86950588,  0.33106408,  0.79323661, -0.35134789,
       -0.70795017,  0.75906432, -0.06230965, -2.37738395,  2.26831627], dtype=float32), array([-0.52928591, -0.22751249, -1.44890773,  0.69518989, -1.14381146,
       -0.54830897,  0.54443449, -1.77754343,  1.95861828, -0.06030568,
       -1.67052519, -0.38746187, -1.64645529,  0.37029508, -1.80092847,
       -1.5618366 ,  1.35349572,  1.16020346,  2.406142  , -0.56871605,
       -0.72672379,  0.25056991,  0.99007922, -1.11541653,  0.15162824,
       -0.35200015,  1.06637788, -0.2255698 ,  0.61835063,  0.34102878,
       -0.65375549,  1.32352793, -0.78767431, -0.12914073, -1.30289495,
        0.08219392,  1.06833875, -0.12035466,  0.0092257 , -1.35285735,
       -0.10811426, -0.12370271, -0.86337548,  0.48211271, -1.02190661,
       -0.14325102,  1.0962851 , -0.18761978, -1.3380034 , -0.63097346,
        0.6967445 , -0.23899071,  0.68697345, -0.74910158,  1.30159986,
        0.59324962,  0.56352705, -1.84514463,  0.99120778, -1.48551238,
       -0.91330135,  0.42009255, -0.47700292,  0.92472953, -1.27551365,
       -0.37348405,  1.01317573,  0.08480676,  0.93632239, -1.05821705,
       -0.71798033,  0.34014964,  0.85603666,  0.32951695,  0.9316119 ,
        0.82056069,  0.00281206,  1.00163293, -0.0717411 , -0.59542435,
        0.28965199,  1.03062534,  0.52913123,  1.43313313, -0.35199648,
        1.64560735,  1.51287246, -0.38725507, -0.45738146,  0.26175007,
        1.63196838, -1.87392294,  0.31669936,  0.79199243, -0.34427655,
       -0.70793217,  0.76195747, -0.06750719, -2.38727355,  2.26565647], dtype=float32), array([-0.49587497, -0.24225885, -1.45684946,  0.65186518, -1.13744736,
       -0.59382737,  0.5282737 , -1.83365095,  1.97837687, -0.05111938,
       -1.64377606, -0.33720559, -1.62881696,  0.32863951, -1.74477804,
       -1.56608033,  1.37853885,  1.15402329,  2.37376213, -0.56401443,
       -0.76431566,  0.27953365,  0.99753088, -1.09790945,  0.1534203 ,
       -0.31832382,  1.02634346, -0.21299785,  0.65889364,  0.39002168,
       -0.69886506,  1.37292671, -0.82521522, -0.10469806, -1.3307693 ,
        0.07410246,  1.03240383, -0.13562967, -0.01113406, -1.35504687,
       -0.12493258, -0.1125773 , -0.86689359,  0.57284397, -1.0625366 ,
       -0.17313392,  1.11291611, -0.26998636, -1.32446599, -0.63309813,
        0.71866196, -0.23200567,  0.65812331, -0.74207962,  1.26691079,
        0.60518211,  0.56357026, -1.80451763,  0.98479563, -1.46388781,
       -0.88458329,  0.44022554, -0.47241572,  0.95564193, -1.29320288,
       -0.40287369,  1.03405392,  0.07074739,  0.95391375, -1.0649271 ,
       -0.69064134,  0.30538693,  0.85219246,  0.36066112,  0.97950602,
        0.84356683, -0.02100316,  0.99659592, -0.04230331, -0.56414557,
        0.2942431 ,  1.03255713,  0.5201906 ,  1.46662724, -0.34707186,
        1.61639273,  1.50271356, -0.39888579, -0.52105093,  0.24388358,
        1.58608532, -1.87578428,  0.34524333,  0.77162737, -0.3664065 ,
       -0.67890573,  0.75843364, -0.10406948, -2.37930608,  2.2761457 ], dtype=float32), array([-0.51912218, -0.25838211, -1.42259169,  0.64556754, -1.13722765,
       -0.61623049,  0.55606806, -1.85309947,  1.97501457, -0.03871009,
       -1.60675895, -0.33066472, -1.62851441,  0.31095371, -1.71680522,
       -1.59149182,  1.36488342,  1.16863167,  2.36299634, -0.58421427,
       -0.791897  ,  0.2732321 ,  1.00379288, -1.07281744,  0.14579798,
       -0.34430987,  1.01115632, -0.21346517,  0.7096982 ,  0.41306022,
       -0.72511446,  1.42112005, -0.82284987, -0.10249215, -1.33065128,
        0.05422425,  1.03855395, -0.13822237, -0.02193997, -1.36241722,
       -0.11133559, -0.14122447, -0.89678419,  0.63319498, -1.05037022,
       -0.18934199,  1.12339282, -0.3137289 , -1.33106613, -0.62211657,
        0.7457937 , -0.20403387,  0.66984373, -0.73139495,  1.25592995,
        0.61057377,  0.52017802, -1.75854361,  1.01326668, -1.45682323,
       -0.88803744,  0.45683506, -0.46741816,  0.99035114, -1.30861449,
       -0.40886268,  1.03275609,  0.07040919,  0.97372258, -1.06948435,
       -0.69848275,  0.3040317 ,  0.8448323 ,  0.39428511,  0.96962368,
        0.82484549, -0.03340903,  0.95784909, -0.01640564, -0.57746571,
        0.28205875,  1.02428579,  0.49576375,  1.49767518, -0.3753503 ,
        1.60696661,  1.47862971, -0.36327079, -0.54308438,  0.23604836,
        1.58487475, -1.85407579,  0.31962615,  0.77010238, -0.36943391,
       -0.67048067,  0.7623384 , -0.11923797, -2.37464643,  2.2696774 ], dtype=float32), array([-0.51620501, -0.26525497, -1.41221273,  0.65122521, -1.11844051,
       -0.59557742,  0.56604093, -1.85276878,  1.95638931, -0.04565513,
       -1.62070394, -0.32769975, -1.62111402,  0.29396003, -1.71947992,
       -1.57646918,  1.35879779,  1.16867983,  2.3692472 , -0.57730603,
       -0.77680659,  0.27439383,  1.01936209, -1.08548427,  0.15662679,
       -0.34632415,  0.99558461, -0.21071531,  0.71776694,  0.41818917,
       -0.74855167,  1.43668103, -0.8356902 , -0.08653013, -1.30629992,
        0.05190024,  1.04608977, -0.14757481, -0.055408  , -1.3740263 ,
       -0.10749282, -0.12371355, -0.89718288,  0.63283288, -1.0622884 ,
       -0.17817789,  1.10911393, -0.3051233 , -1.32201695, -0.62443346,
        0.75909555, -0.20757088,  0.68908346, -0.76056308,  1.27383912,
        0.61980844,  0.5211969 , -1.76569164,  1.00322819, -1.46240962,
       -0.88092482,  0.46172664, -0.45803815,  0.97586346, -1.30927205,
       -0.42191729,  1.03459525,  0.06447604,  0.96685189, -1.06798792,
       -0.70313233,  0.32109174,  0.83496314,  0.41321099,  0.95218366,
        0.84121823, -0.00787676,  0.97101647, -0.0245885 , -0.59096038,
        0.28018767,  1.02781749,  0.48282933,  1.49377632, -0.38995945,
        1.61505675,  1.47336125, -0.36229712, -0.55482799,  0.23440129,
        1.58539605, -1.84220779,  0.32075879,  0.76830339, -0.37389058,
       -0.67571539,  0.75999588, -0.12586987, -2.38687205,  2.24708509], dtype=float32), array([-0.51905441, -0.26393104, -1.40762937,  0.65353066, -1.11522973,
       -0.59967124,  0.5807361 , -1.85051262,  1.94651413, -0.04548251,
       -1.61487818, -0.33407006, -1.62039542,  0.28770199, -1.71826541,
       -1.57956696,  1.35432184,  1.17233419,  2.36710715, -0.57798797,
       -0.78536379,  0.26259372,  1.02163005, -1.08766425,  0.16216439,
       -0.34289613,  0.99013937, -0.20226379,  0.71231115,  0.42199776,
       -0.74362838,  1.452191  , -0.84043509, -0.09543159, -1.30925465,
        0.0534311 ,  1.0466584 , -0.14917748, -0.05896435, -1.37042332,
       -0.10943983, -0.12079633, -0.90279818,  0.64142734, -1.06616926,
       -0.18359183,  1.10231805, -0.30666897, -1.32875884, -0.61372846,
        0.76403314, -0.20877391,  0.68668717, -0.75814229,  1.27495396,
        0.6233322 ,  0.51877069, -1.76239526,  1.00819075, -1.46664619,
       -0.87843019,  0.46569476, -0.45452985,  0.96810883, -1.30704784,
       -0.4290204 ,  1.03939986,  0.06310568,  0.97145206, -1.06332111,
       -0.70861822,  0.32364404,  0.84493905,  0.41275606,  0.9496457 ,
        0.83550799,  0.00291648,  0.97299343, -0.01451497, -0.58538812,
        0.27416396,  1.02526629,  0.47983497,  1.49115419, -0.3961114 ,
        1.61025691,  1.47860956, -0.36610168, -0.560193  ,  0.22154348,
        1.57898521, -1.84352624,  0.32465455,  0.77276433, -0.37402681,
       -0.67440772,  0.76229787, -0.1296954 , -2.38226557,  2.2525146 ], dtype=float32), array([ -4.69714552e-01,  -2.48295739e-01,  -1.40563703e+00,
         6.86082780e-01,  -1.09986496e+00,  -5.99040031e-01,
         5.33300996e-01,  -1.80148125e+00,   1.93921041e+00,
        -2.26151403e-02,  -1.63356352e+00,  -3.24964762e-01,
        -1.65000832e+00,   2.85878569e-01,  -1.76305103e+00,
        -1.61958277e+00,   1.34154427e+00,   1.19995940e+00,
         2.39294219e+00,  -5.75862288e-01,  -7.57076085e-01,
         2.72355556e-01,   1.03236020e+00,  -1.08288252e+00,
         1.40599161e-01,  -3.64186972e-01,   1.03967476e+00,
        -2.08240747e-01,   6.77102268e-01,   4.56358522e-01,
        -6.81890130e-01,   1.42208731e+00,  -8.31228435e-01,
        -7.99439922e-02,  -1.29994333e+00,   6.21055923e-02,
         1.08015716e+00,  -1.59680799e-01,  -6.05681678e-03,
        -1.36119998e+00,  -9.44481865e-02,  -1.83028176e-01,
        -9.00928378e-01,   6.00408196e-01,  -9.95995402e-01,
        -1.34353086e-01,   1.07717288e+00,  -3.24838072e-01,
        -1.34538901e+00,  -5.99534750e-01,   7.09109902e-01,
        -1.63632095e-01,   6.60381615e-01,  -8.06121469e-01,
         1.29683506e+00,   6.09734297e-01,   4.94548619e-01,
        -1.77649677e+00,   1.03590655e+00,  -1.48898149e+00,
        -9.02902365e-01,   4.21698123e-01,  -4.35527951e-01,
         9.63786602e-01,  -1.30038881e+00,  -3.93265426e-01,
         1.06784308e+00,   1.01981133e-01,   9.56396520e-01,
        -1.07921851e+00,  -7.08824873e-01,   3.08421791e-01,
         8.53563190e-01,   3.53081584e-01,   9.42057729e-01,
         8.38226855e-01,   2.12751748e-03,   9.26535726e-01,
         2.68615247e-03,  -5.86441576e-01,   2.54664868e-01,
         9.91044283e-01,   5.10595679e-01,   1.48671103e+00,
        -3.87746006e-01,   1.60593867e+00,   1.48676860e+00,
        -3.65042865e-01,  -5.38898289e-01,   2.08534762e-01,
         1.60611272e+00,  -1.88639867e+00,   2.55097568e-01,
         7.70667434e-01,  -3.31407577e-01,  -6.61069393e-01,
         7.57536232e-01,  -9.46188048e-02,  -2.40969849e+00,
         2.22331285e+00], dtype=float32), array([-0.46773431, -0.24157886, -1.41254997,  0.69227576, -1.09399188,
       -0.58629972,  0.53614146, -1.77891672,  1.95729315, -0.02848591,
       -1.62880933, -0.31657836, -1.63392079,  0.29188815, -1.7791574 ,
       -1.60383594,  1.33606386,  1.20088208,  2.41518211, -0.58246279,
       -0.75910497,  0.28535452,  1.04549825, -1.07224286,  0.14067252,
       -0.37453794,  1.05042148, -0.22403881,  0.69046128,  0.46979651,
       -0.67777908,  1.42252791, -0.83820575, -0.07621375, -1.30293763,
        0.06467792,  1.073704  , -0.17015539, -0.00328687, -1.36694396,
       -0.09523538, -0.1954686 , -0.91349447,  0.60155183, -0.9736228 ,
       -0.11960088,  1.06094277, -0.31659752, -1.35603559, -0.58140504,
        0.70298421, -0.15365285,  0.65476477, -0.82149744,  1.296965  ,
        0.58954501,  0.48118454, -1.77902961,  1.03550053, -1.49582195,
       -0.92542738,  0.4034639 , -0.41785613,  0.96684456, -1.29132724,
       -0.41417772,  1.07165778,  0.10133182,  0.95759016, -1.09693205,
       -0.71226543,  0.31274584,  0.83837306,  0.34226391,  0.94664031,
        0.8499378 ,  0.01327327,  0.9180668 , -0.0026567 , -0.58049369,
        0.24079499,  0.97508281,  0.51312864,  1.48726428, -0.39381343,
        1.61272848,  1.47652197, -0.36336064, -0.53413498,  0.21393581,
        1.60646105, -1.88610864,  0.221623  ,  0.77199829, -0.30945259,
       -0.65125901,  0.75236589, -0.09344154, -2.41197729,  2.21554041], dtype=float32), array([ -4.67143863e-01,  -2.30768695e-01,  -1.41225803e+00,
         6.81304276e-01,  -1.09672654e+00,  -5.89586735e-01,
         5.40020883e-01,  -1.77509773e+00,   1.95948517e+00,
        -2.92647276e-02,  -1.63100815e+00,  -3.21678132e-01,
        -1.63360393e+00,   2.90183246e-01,  -1.77649987e+00,
        -1.60456288e+00,   1.33789265e+00,   1.19758713e+00,
         2.41351080e+00,  -5.78585148e-01,  -7.54814267e-01,
         2.72302568e-01,   1.04457223e+00,  -1.07318664e+00,
         1.39881238e-01,  -3.69285673e-01,   1.05934393e+00,
        -2.17321038e-01,   6.92406535e-01,   4.76117373e-01,
        -6.81829214e-01,   1.42183149e+00,  -8.41040194e-01,
        -7.77812749e-02,  -1.30137086e+00,   6.49017841e-02,
         1.07205749e+00,  -1.62642121e-01,  -3.24893021e-03,
        -1.36722350e+00,  -9.38027352e-02,  -1.95184752e-01,
        -9.16472435e-01,   6.04322791e-01,  -9.71133947e-01,
        -1.26281172e-01,   1.05558658e+00,  -3.11858535e-01,
        -1.35986972e+00,  -5.77006221e-01,   7.04439521e-01,
        -1.54660270e-01,   6.54684722e-01,  -8.18691432e-01,
         1.29394078e+00,   5.84748805e-01,   4.80256498e-01,
        -1.77954185e+00,   1.04025960e+00,  -1.50107038e+00,
        -9.22552526e-01,   4.00576621e-01,  -4.19472843e-01,
         9.67740059e-01,  -1.29273129e+00,  -4.16055977e-01,
         1.07396257e+00,   1.02015369e-01,   9.52904940e-01,
        -1.10430229e+00,  -7.16811001e-01,   3.10281813e-01,
         8.38227749e-01,   3.40570837e-01,   9.49653208e-01,
         8.55664134e-01,   1.13571892e-02,   9.11774158e-01,
         2.73542013e-04,  -5.75172067e-01,   2.39183798e-01,
         9.70608652e-01,   5.10091901e-01,   1.49330389e+00,
        -3.95127296e-01,   1.60955679e+00,   1.47909689e+00,
        -3.73951703e-01,  -5.34117281e-01,   2.09181398e-01,
         1.60278571e+00,  -1.88355923e+00,   2.23236486e-01,
         7.76676893e-01,  -3.09848636e-01,  -6.47157669e-01,
         7.53426254e-01,  -9.24376622e-02,  -2.40408659e+00,
         2.22569633e+00], dtype=float32), array([-0.46468994, -0.24750194, -1.40990794,  0.67444873, -1.09439647,
       -0.59387916,  0.54393679, -1.77130234,  1.95372629, -0.03178272,
       -1.62792003, -0.31031254, -1.62567735,  0.28863806, -1.78879273,
       -1.61164439,  1.35907257,  1.20231521,  2.40582085, -0.59545809,
       -0.76188725,  0.28563753,  1.03594112, -1.06236458,  0.14916813,
       -0.37200588,  1.04465389, -0.21578243,  0.7045123 ,  0.48038527,
       -0.68518835,  1.42563558, -0.83874452, -0.07629289, -1.30286896,
        0.06544884,  1.06723034, -0.15901397,  0.01517339, -1.37779188,
       -0.08674098, -0.19915546, -0.92076397,  0.60977978, -0.97825927,
       -0.13238646,  1.04221451, -0.32541254, -1.35140455, -0.58216363,
        0.71708333, -0.16092938,  0.66949308, -0.82151669,  1.28960705,
        0.57443959,  0.47430351, -1.77195144,  1.05601358, -1.48588824,
       -0.93108642,  0.40852305, -0.40660754,  0.98507357, -1.2906425 ,
       -0.41918695,  1.07141066,  0.09595753,  0.94716752, -1.09435093,
       -0.70865768,  0.31580862,  0.83883727,  0.32923335,  0.94988954,
        0.86321205,  0.01512542,  0.89736944, -0.00261368, -0.56882811,
        0.22667535,  0.98106122,  0.50686979,  1.49721336, -0.3961024 ,
        1.5898813 ,  1.48197949, -0.36894083, -0.54075783,  0.21492989,
        1.60507643, -1.89432442,  0.21226445,  0.7699936 , -0.31035829,
       -0.64492738,  0.75680321, -0.09720037, -2.4056828 ,  2.22701097], dtype=float32), array([-0.47426689, -0.25819921, -1.41322708,  0.6800316 , -1.1090976 ,
       -0.59411114,  0.56608599, -1.77254641,  1.94393957, -0.02714079,
       -1.61483157, -0.30423543, -1.63886619,  0.28605762, -1.76834857,
       -1.60348356,  1.36224747,  1.19683015,  2.41970682, -0.61716074,
       -0.77219021,  0.28423905,  1.05338919, -1.068699  ,  0.14590161,
       -0.39760676,  1.04441011, -0.21707685,  0.70344859,  0.49350491,
       -0.690265  ,  1.42580187, -0.83078915, -0.05699885, -1.28970075,
        0.05067368,  1.06703579, -0.16440572,  0.02179672, -1.38218725,
       -0.08676928, -0.19549771, -0.90371048,  0.60935879, -0.98344213,
       -0.12841205,  1.03781307, -0.30867326, -1.36493528, -0.56265724,
        0.72413188, -0.15289229,  0.66087735, -0.82310975,  1.28715658,
        0.56169873,  0.47754684, -1.75670123,  1.04227674, -1.47612643,
       -0.92102575,  0.41001374, -0.40967846,  0.98158777, -1.28240955,
       -0.42306176,  1.06536853,  0.09110089,  0.95879203, -1.08697951,
       -0.70812118,  0.30363119,  0.83698672,  0.32441255,  0.95576763,
        0.87146229,  0.01602382,  0.88132519, -0.00453235, -0.57368654,
        0.22654644,  0.98663598,  0.51669675,  1.51503634, -0.38384318,
        1.57095003,  1.49451208, -0.3735193 , -0.55192882,  0.21534581,
        1.59784198, -1.89223814,  0.18865293,  0.7650739 , -0.32090738,
       -0.6371271 ,  0.75803035, -0.10528278, -2.42478251,  2.22973061], dtype=float32), array([-0.51273078, -0.24508066, -1.42457819,  0.699278  , -1.11722469,
       -0.60190165,  0.5593769 , -1.78374505,  1.9391284 , -0.02867726,
       -1.63325393, -0.32343468, -1.64254522,  0.28088257, -1.77061522,
       -1.61035907,  1.35227787,  1.19205749,  2.40891933, -0.6115573 ,
       -0.75407827,  0.26819611,  1.05307686, -1.05273271,  0.16387215,
       -0.37649518,  1.03618431, -0.22131383,  0.70678157,  0.45594594,
       -0.681247  ,  1.40469015, -0.83372116, -0.05333345, -1.29052651,
        0.02127895,  1.07794249, -0.18173321,  0.00821677, -1.36591733,
       -0.11147194, -0.17283377, -0.8648414 ,  0.60495681, -1.00105929,
       -0.14462991,  1.08290482, -0.30027336, -1.35217023, -0.58543938,
        0.73001748, -0.16986889,  0.67372596, -0.77325487,  1.30264473,
        0.5934788 ,  0.49757788, -1.79730856,  1.02366006, -1.4411906 ,
       -0.88934481,  0.40570328, -0.43940747,  0.96399778, -1.28452206,
       -0.44277698,  1.05455565,  0.10144819,  0.97743374, -1.07747865,
       -0.71667665,  0.29295176,  0.86259794,  0.32614189,  0.93679202,
        0.867441  , -0.01960904,  0.91342145, -0.01305306, -0.59144527,
        0.22925301,  1.01451612,  0.55375451,  1.49310637, -0.38676098,
        1.58514309,  1.46163535, -0.35816437, -0.5391022 ,  0.2085063 ,
        1.58713424, -1.88252366,  0.23264566,  0.77257955, -0.32431284,
       -0.65908539,  0.78737497, -0.13059808, -2.41111231,  2.2319119 ], dtype=float32), array([-0.50246727, -0.23649934, -1.41547525,  0.69799018, -1.11571014,
       -0.60319555,  0.55022883, -1.78275883,  1.94203281, -0.028637  ,
       -1.63841748, -0.32118547, -1.65762031,  0.28072348, -1.7779057 ,
       -1.59722257,  1.34759748,  1.1916486 ,  2.41385078, -0.60122913,
       -0.75010318,  0.27008954,  1.04814315, -1.04409647,  0.16768235,
       -0.38099805,  1.0437398 , -0.20824134,  0.71240216,  0.46443835,
       -0.69458258,  1.39849031, -0.82683301, -0.06182285, -1.29439211,
        0.02047424,  1.07169247, -0.17963213,  0.01419292, -1.3654561 ,
       -0.11063367, -0.17011312, -0.87566078,  0.60646641, -0.99507159,
       -0.16280732,  1.07882428, -0.28430611, -1.35504341, -0.58670175,
        0.72237551, -0.16401212,  0.66229677, -0.7767356 ,  1.29873729,
        0.57831895,  0.49456879, -1.79340494,  1.03295135, -1.44483805,
       -0.88764566,  0.40674058, -0.45332736,  0.96360755, -1.29292119,
       -0.43071824,  1.07283604,  0.09519037,  0.97274262, -1.09646618,
       -0.71693933,  0.29116514,  0.85198689,  0.30322456,  0.934322  ,
        0.87464392, -0.01828054,  0.89962947, -0.01074256, -0.57959092,
        0.24461348,  1.00841522,  0.55267578,  1.49808812, -0.39319584,
        1.59303379,  1.46770489, -0.36768645, -0.53195548,  0.20716351,
        1.59002328, -1.88463807,  0.22725894,  0.77089602, -0.31717911,
       -0.65209848,  0.79641181, -0.12669627, -2.40149021,  2.23304963], dtype=float32), array([ -5.07413507e-01,  -2.36272648e-01,  -1.41201830e+00,
         7.00901687e-01,  -1.11283278e+00,  -6.04546368e-01,
         5.51766455e-01,  -1.78501976e+00,   1.93661928e+00,
        -2.55020279e-02,  -1.64211082e+00,  -3.20122629e-01,
        -1.64935088e+00,   2.75809079e-01,  -1.77668095e+00,
        -1.59334803e+00,   1.34304023e+00,   1.19478440e+00,
         2.41128135e+00,  -6.00666642e-01,  -7.45649874e-01,
         2.68742383e-01,   1.04726160e+00,  -1.04455650e+00,
         1.70421943e-01,  -3.80544007e-01,   1.04058790e+00,
        -2.07622632e-01,   7.11198986e-01,   4.62248713e-01,
        -7.00374186e-01,   1.40477586e+00,  -8.31915557e-01,
        -5.50225936e-02,  -1.29262853e+00,   1.87024288e-02,
         1.07229090e+00,  -1.82520047e-01,   3.88437387e-04,
        -1.37139273e+00,  -1.12319164e-01,  -1.62286937e-01,
        -8.76809299e-01,   6.10065103e-01,  -1.00027335e+00,
        -1.63497254e-01,   1.07817781e+00,  -2.86718577e-01,
        -1.34834707e+00,  -5.86282313e-01,   7.22611606e-01,
        -1.65534168e-01,   6.70527875e-01,  -7.84877539e-01,
         1.30544353e+00,   5.82444608e-01,   4.95841742e-01,
        -1.79252517e+00,   1.02750981e+00,  -1.44390440e+00,
        -8.85733187e-01,   4.09910917e-01,  -4.55745757e-01,
         9.59918439e-01,  -1.29373848e+00,  -4.36381876e-01,
         1.07545352e+00,   9.56281349e-02,   9.72952902e-01,
        -1.09142888e+00,  -7.17085183e-01,   2.91698158e-01,
         8.49386454e-01,   3.10994804e-01,   9.31218266e-01,
         8.75373423e-01,  -1.26388147e-02,   9.06749070e-01,
        -1.59705393e-02,  -5.81633747e-01,   2.43082836e-01,
         1.01346183e+00,   5.49462438e-01,   1.49921691e+00,
        -3.96385312e-01,   1.59747708e+00,   1.46490514e+00,
        -3.63152087e-01,  -5.38113296e-01,   2.03030035e-01,
         1.59084773e+00,  -1.87883341e+00,   2.33632430e-01,
         7.66418934e-01,  -3.23876351e-01,  -6.54551029e-01,
         8.00632000e-01,  -1.31007254e-01,  -2.40028262e+00,
         2.23315024e+00], dtype=float32), array([ -5.03753781e-01,  -2.33858779e-01,  -1.40715206e+00,
         6.98846221e-01,  -1.11216152e+00,  -5.91072977e-01,
         5.51463664e-01,  -1.77707028e+00,   1.95094168e+00,
        -1.90253872e-02,  -1.64827538e+00,  -3.28146070e-01,
        -1.64471245e+00,   2.81781971e-01,  -1.77621520e+00,
        -1.58088124e+00,   1.33262444e+00,   1.20032489e+00,
         2.41661978e+00,  -6.11154139e-01,  -7.43455887e-01,
         2.63546526e-01,   1.05823517e+00,  -1.05482018e+00,
         1.76262036e-01,  -3.82053435e-01,   1.05646396e+00,
        -1.99774504e-01,   7.10477948e-01,   4.59671706e-01,
        -7.05556214e-01,   1.40299320e+00,  -8.44379663e-01,
        -6.52835593e-02,  -1.29113257e+00,   3.16741168e-02,
         1.05897212e+00,  -1.81934774e-01,  -7.14734953e-04,
        -1.37752473e+00,  -1.08496532e-01,  -1.58929348e-01,
        -8.81596684e-01,   6.08273864e-01,  -9.89560008e-01,
        -1.62580654e-01,   1.05457127e+00,  -2.83539683e-01,
        -1.35109019e+00,  -5.76673806e-01,   7.21743643e-01,
        -1.69935435e-01,   6.69664264e-01,  -7.92366385e-01,
         1.29654217e+00,   5.72611928e-01,   5.02931058e-01,
        -1.79461432e+00,   1.03906572e+00,  -1.45475876e+00,
        -8.98146331e-01,   4.05939549e-01,  -4.47206914e-01,
         9.55326676e-01,  -1.28494346e+00,  -4.42860067e-01,
         1.06238437e+00,   9.97478440e-02,   9.71461535e-01,
        -1.10310709e+00,  -7.20020056e-01,   3.00626159e-01,
         8.41367066e-01,   3.11185628e-01,   9.44582999e-01,
         8.76301825e-01,   2.94579123e-03,   9.15560305e-01,
        -1.64113343e-02,  -5.81587493e-01,   2.40086630e-01,
         1.00423336e+00,   5.38093925e-01,   1.48754990e+00,
        -3.93293798e-01,   1.59881866e+00,   1.46335721e+00,
        -3.59998018e-01,  -5.30885279e-01,   2.05386668e-01,
         1.60532033e+00,  -1.88719213e+00,   2.33560279e-01,
         7.70329714e-01,  -3.26148778e-01,  -6.50045812e-01,
         7.94261158e-01,  -1.26113936e-01,  -2.39819551e+00,
         2.22567439e+00], dtype=float32), array([-0.50604886, -0.23063141, -1.4158324 ,  0.70318401, -1.12807286,
       -0.60278296,  0.52899164, -1.76775312,  1.9540168 , -0.03021331,
       -1.64880264, -0.32326365, -1.66810203,  0.2973178 , -1.77283001,
       -1.57699597,  1.32576978,  1.18861604,  2.42263389, -0.61879963,
       -0.73643899,  0.28174829,  1.0519954 , -1.04609048,  0.1731751 ,
       -0.37680697,  1.06080651, -0.2216721 ,  0.71838301,  0.465253  ,
       -0.70877784,  1.39256871, -0.84293813, -0.06749544, -1.28240478,
        0.02288118,  1.06375718, -0.18070635,  0.00959754, -1.3769592 ,
       -0.09405616, -0.15845616, -0.87787277,  0.59142661, -0.98319203,
       -0.17417043,  1.06835389, -0.28400669, -1.35594571, -0.57964176,
        0.71573317, -0.16708624,  0.67076641, -0.76671129,  1.30204606,
        0.56848276,  0.50766224, -1.79006982,  1.03777587, -1.45109963,
       -0.89644372,  0.41210604, -0.46527916,  0.95057577, -1.29420328,
       -0.43187475,  1.0607388 ,  0.09650254,  0.9772501 , -1.11393094,
       -0.71238089,  0.29856867,  0.84375864,  0.31449604,  0.94277257,
        0.87034011, -0.01532266,  0.89888585, -0.01471216, -0.59058273,
        0.25889066,  0.99981713,  0.54191273,  1.50901389, -0.4018034 ,
        1.59518397,  1.46231186, -0.35766   , -0.51951241,  0.21573491,
        1.6024226 , -1.88155758,  0.21805684,  0.77182108, -0.31356803,
       -0.65570968,  0.80064672, -0.12030148, -2.39236283,  2.22518229], dtype=float32), array([ -5.12541711e-01,  -2.33539686e-01,  -1.40694010e+00,
         7.04245448e-01,  -1.12432730e+00,  -6.04283333e-01,
         5.33576727e-01,  -1.77009666e+00,   1.94427693e+00,
        -3.15877162e-02,  -1.65250456e+00,  -3.23254794e-01,
        -1.66118753e+00,   2.93949544e-01,  -1.77321112e+00,
        -1.57189775e+00,   1.32595575e+00,   1.19168937e+00,
         2.42114592e+00,  -6.18689835e-01,  -7.36946523e-01,
         2.81156361e-01,   1.05432582e+00,  -1.04860890e+00,
         1.82814673e-01,  -3.78574729e-01,   1.05406523e+00,
        -2.16417566e-01,   7.13606477e-01,   4.61144000e-01,
        -7.11425006e-01,   1.39633024e+00,  -8.49244595e-01,
        -6.05424680e-02,  -1.28250515e+00,   2.01836545e-02,
         1.06352377e+00,  -1.77868903e-01,   1.37414166e-03,
        -1.38393676e+00,  -9.09038186e-02,  -1.52856931e-01,
        -8.82546544e-01,   5.95287025e-01,  -9.87313390e-01,
        -1.82138279e-01,   1.06282711e+00,  -2.81722128e-01,
        -1.34487057e+00,  -5.77038884e-01,   7.22367287e-01,
        -1.69219717e-01,   6.79148376e-01,  -7.78750479e-01,
         1.30653632e+00,   5.69847643e-01,   5.08064032e-01,
        -1.78991437e+00,   1.03880823e+00,  -1.44959784e+00,
        -8.93121481e-01,   4.21537578e-01,  -4.66945618e-01,
         9.46015775e-01,  -1.29064965e+00,  -4.36902076e-01,
         1.05648351e+00,   9.49245915e-02,   9.77119327e-01,
        -1.10866928e+00,  -7.14868307e-01,   3.05341482e-01,
         8.42667103e-01,   3.21099758e-01,   9.38505888e-01,
         8.69986355e-01,  -4.28591575e-03,   9.01918948e-01,
        -2.36164592e-02,  -5.92323005e-01,   2.57821947e-01,
         1.01011610e+00,   5.39123297e-01,   1.50717700e+00,
        -4.05811876e-01,   1.60666597e+00,   1.45936251e+00,
        -3.59388500e-01,  -5.27607501e-01,   2.17141107e-01,
         1.60225499e+00,  -1.87991130e+00,   2.22747520e-01,
         7.71169364e-01,  -3.24712366e-01,  -6.58126533e-01,
         8.02900136e-01,  -1.26266971e-01,  -2.39029169e+00,
         2.22217607e+00], dtype=float32), array([-0.52097279, -0.22240779, -1.40479565,  0.70364618, -1.12881386,
       -0.61695611,  0.5177961 , -1.76555157,  1.94325495, -0.01758079,
       -1.67102873, -0.31750822, -1.64557362,  0.27953991, -1.77394652,
       -1.57076454,  1.31501949,  1.19472229,  2.41380429, -0.61305529,
       -0.72126865,  0.27900863,  1.04128957, -1.05046904,  0.19672742,
       -0.37754458,  1.07332838, -0.21997304,  0.70014572,  0.46659777,
       -0.71673286,  1.40927815, -0.85473615, -0.05299688, -1.28700161,
        0.01035144,  1.0545125 , -0.18105179, -0.00822108, -1.37635934,
       -0.0723521 , -0.13898703, -0.87585115,  0.60111272, -0.99158376,
       -0.20407639,  1.07439244, -0.29403499, -1.33216238, -0.57473683,
        0.7122615 , -0.15541531,  0.6838305 , -0.77365279,  1.32300985,
        0.56514579,  0.49015081, -1.79691923,  1.04219186, -1.45649934,
       -0.88883066,  0.42411649, -0.47345585,  0.94850165, -1.30254638,
       -0.4323414 ,  1.06210911,  0.08967007,  0.98137027, -1.10286152,
       -0.72310412,  0.30540451,  0.83117181,  0.33046478,  0.95101434,
        0.86184913, -0.00941704,  0.9095853 , -0.03711716, -0.60411865,
        0.25276652,  1.01718128,  0.5444079 ,  1.49659014, -0.39886445,
        1.62518764,  1.45388925, -0.34586805, -0.53517896,  0.19938324,
        1.60970247, -1.87845302,  0.22287516,  0.76586109, -0.33010399,
       -0.6546374 ,  0.8001135 , -0.12451184, -2.37397313,  2.22262859], dtype=float32), array([ -4.84214276e-01,  -2.35159710e-01,  -1.38485014e+00,
         6.56336665e-01,  -1.15336180e+00,  -6.24653220e-01,
         4.98923451e-01,  -1.79403496e+00,   1.97423017e+00,
         1.83187216e-03,  -1.65533388e+00,  -2.69938827e-01,
        -1.63735247e+00,   2.64274329e-01,  -1.76216531e+00,
        -1.59515607e+00,   1.31829417e+00,   1.18117166e+00,
         2.39249539e+00,  -6.07644498e-01,  -7.33044207e-01,
         2.94402033e-01,   1.03491867e+00,  -1.06988871e+00,
         1.93322867e-01,  -3.39583069e-01,   1.08240116e+00,
        -1.99996606e-01,   7.16470063e-01,   4.53022540e-01,
        -7.13168979e-01,   1.43433356e+00,  -8.73873711e-01,
        -5.74163198e-02,  -1.29295230e+00,   4.90377247e-02,
         1.02173054e+00,  -1.80332690e-01,   1.54669238e-02,
        -1.36965287e+00,  -1.06024601e-01,  -1.35930076e-01,
        -8.68229568e-01,   6.49758101e-01,  -1.00796020e+00,
        -2.28427932e-01,   1.07104814e+00,  -3.20863217e-01,
        -1.34078133e+00,  -5.67498922e-01,   7.23861098e-01,
        -1.30597621e-01,   6.85812116e-01,  -7.71223128e-01,
         1.27611327e+00,   5.45981169e-01,   4.98393089e-01,
        -1.78609109e+00,   1.03599632e+00,  -1.44052470e+00,
        -9.06729937e-01,   4.36854810e-01,  -4.77418274e-01,
         9.69838858e-01,  -1.31748283e+00,  -4.41688597e-01,
         1.06363809e+00,   7.72570074e-02,   9.84790683e-01,
        -1.09979236e+00,  -7.14170039e-01,   3.18611532e-01,
         8.25825095e-01,   3.39611590e-01,   9.93204057e-01,
         8.58240306e-01,  -2.97936518e-02,   9.21623349e-01,
        -3.93262878e-02,  -5.77365220e-01,   2.59463400e-01,
         1.01792395e+00,   5.32308877e-01,   1.48117769e+00,
        -3.87807578e-01,   1.61073804e+00,   1.44941747e+00,
        -3.49654526e-01,  -5.45042992e-01,   1.89248398e-01,
         1.59543383e+00,  -1.88392413e+00,   2.48630553e-01,
         7.54046381e-01,  -3.18553805e-01,  -6.63407445e-01,
         7.80652583e-01,  -1.31619826e-01,  -2.38663840e+00,
         2.23018026e+00], dtype=float32), array([-0.49752465, -0.22973503, -1.39903772,  0.66407007, -1.15870345,
       -0.62428993,  0.49857658, -1.79349124,  1.97623301, -0.00689983,
       -1.65905631, -0.28928265, -1.64602017,  0.26751664, -1.77083325,
       -1.60557604,  1.31925869,  1.17132199,  2.38904572, -0.6048671 ,
       -0.73251331,  0.28464562,  1.03662229, -1.05512571,  0.20596182,
       -0.33233434,  1.08075845, -0.20692539,  0.71538371,  0.43819621,
       -0.69539636,  1.41367328, -0.86522961, -0.06157903, -1.29673362,
        0.03225891,  1.02735329, -0.18652825,  0.02386703, -1.35542667,
       -0.12032185, -0.13858892, -0.84730363,  0.63511473, -1.01438975,
       -0.22983524,  1.09581649, -0.31567648, -1.34291708, -0.5744859 ,
        0.72638607, -0.14188018,  0.6840837 , -0.73703575,  1.27944756,
        0.55549622,  0.50325364, -1.8076961 ,  1.0345211 , -1.42678988,
       -0.8931554 ,  0.4312425 , -0.48959783,  0.95991832, -1.31468523,
       -0.44724801,  1.05598211,  0.08542518,  0.99582362, -1.0987941 ,
       -0.72148126,  0.31165427,  0.84464908,  0.32680589,  0.98040694,
        0.85835415, -0.04815114,  0.92403883, -0.03438266, -0.57992822,
        0.25897682,  1.02507484,  0.56200641,  1.46967769, -0.38488805,
        1.61001325,  1.43980849, -0.34824827, -0.52525026,  0.19130483,
        1.59058809, -1.88394868,  0.26018798,  0.77219981, -0.30854371,
       -0.67083257,  0.78982496, -0.14374375, -2.3779645 ,  2.23804903], dtype=float32)]
