[array([-2.42425728, -0.80351955,  0.29028344,  1.32422996, -0.01703987,
       -1.44897866,  0.12937902, -1.48255897, -1.05016947,  0.35237247,
        0.73352033,  2.05360675,  0.19973071, -0.01334574, -0.99290395,
       -0.87102115, -0.60333902,  0.87314457, -0.14376093, -0.51112366,
       -0.04763554,  1.66878438,  0.47069818,  0.6296882 ,  0.20102645,
        0.98050547,  0.25765568,  0.8752135 , -0.29242992, -0.63915557,
       -0.27588031, -0.1881046 , -1.10818934,  0.04104862, -0.13664977,
       -1.60733819, -2.06628442,  0.69821328,  0.63930273,  0.32692024,
        0.5764184 ,  0.0606068 ,  0.09424516,  1.57196963, -1.561221  ,
        0.11698963,  0.44331685, -0.72567147, -0.43098551,  1.03057992,
        0.72943193, -0.20623854,  0.69601971,  1.20896208, -0.8209331 ,
       -0.96976513,  0.80513245, -0.53302574, -0.71596247,  0.47021183,
        1.28404844, -0.5837732 , -0.98541218,  0.35811031, -0.61306733,
       -0.18304248, -1.13567293,  0.91454411,  1.13085997,  1.11750174,
       -1.89837456,  0.83243191,  0.22196728, -0.58111542,  1.54745007,
       -0.8314544 ,  2.81519294,  0.71597105, -0.2282598 ,  0.61853582,
       -0.04147385, -1.30242181, -1.54148757, -0.04124945,  0.70711994,
        0.50491333, -1.02658403,  1.51259863, -0.07910596, -1.37608838,
       -0.12943152,  0.66445428, -0.82724535,  2.18776941, -0.68492961,
        0.85374171,  1.93139672, -0.45858508, -1.9275949 , -1.30395544], dtype=float32), array([-2.49650145, -0.79799354,  0.26777801,  1.35917699, -0.01877967,
       -1.45722413,  0.14861967, -1.48307931, -1.09447086,  0.29962173,
        0.7672205 ,  2.08268189,  0.19732738,  0.00290981, -1.03106725,
       -0.85281789, -0.54586649,  0.86883843, -0.13976964, -0.48512697,
       -0.03706434,  1.60731769,  0.45413098,  0.60016966,  0.22774906,
        0.90754896,  0.21347357,  0.99198711, -0.29641083, -0.61501598,
       -0.30696192, -0.17476627, -1.16369319,  0.15971817, -0.18191212,
       -1.52996933, -2.01051903,  0.72372824,  0.62547749,  0.36937213,
        0.61367249,  0.05583835,  0.15453547,  1.55475199, -1.53408396,
        0.04173732,  0.39885312, -0.74418044, -0.45607054,  1.04127705,
        0.77490723, -0.20789637,  0.73592186,  1.22600269, -0.78715402,
       -0.98850816,  0.7726264 , -0.57627743, -0.71152157,  0.51226586,
        1.15922368, -0.55155188, -0.92661828,  0.40450203, -0.6358881 ,
       -0.24313013, -1.14075923,  0.90796256,  1.10537159,  1.14845419,
       -1.86182642,  0.8158201 ,  0.21767984, -0.51958042,  1.62018001,
       -0.83587569,  2.76191115,  0.70998585, -0.24922721,  0.53508115,
       -0.02845504, -1.30863941, -1.59008598, -0.0052308 ,  0.65036863,
        0.53008598, -1.02504969,  1.51868534, -0.09343437, -1.30438948,
       -0.08114144,  0.64360261, -0.84560639,  2.13874793, -0.68801433,
        0.90823501,  1.88276339, -0.48031917, -1.89990366, -1.37646854], dtype=float32), array([-2.37468982, -0.8334685 ,  0.35715401,  1.26988804,  0.12336933,
       -1.25040221, -0.07113425, -1.31328857, -1.01347768,  0.29339951,
        0.74408591,  2.19662642,  0.31813103, -0.08191612, -1.00395608,
       -1.0249716 , -0.6186595 ,  0.90105939, -0.29946944, -0.56598234,
        0.05793018,  1.63011694,  0.64939642,  0.58103228,  0.26593375,
        0.87319297,  0.29191172,  0.98831886, -0.19587055, -0.69508415,
       -0.15370566, -0.17989524, -1.16371572,  0.2268135 , -0.01661535,
       -1.29810739, -1.93895805,  0.66324311,  0.7209866 ,  0.42521232,
        0.75019217, -0.03458565,  0.13792093,  1.55657041, -1.73562849,
        0.07583117,  0.08287019, -0.66194999, -0.44270781,  0.99118114,
        0.82629198, -0.21956047,  0.75754571,  1.32237446, -0.93569589,
       -0.98653489,  0.63297307, -0.55163264, -0.57432687,  0.56067085,
        1.29646862, -0.40866536, -0.96131992,  0.41305187, -0.63917124,
       -0.38371307, -1.16426289,  1.0064621 ,  1.01467335,  1.26256597,
       -1.9747175 ,  0.74195611,  0.14514206, -0.44102761,  1.31923032,
       -0.88665462,  2.68881607,  0.67827457, -0.16085972,  0.59614927,
       -0.19446905, -1.28715754, -1.67919791, -0.04173602,  0.52165717,
        0.24710943, -0.96493006,  1.38894761, -0.09537238, -1.28571367,
       -0.13277109,  0.7729165 , -0.85253358,  2.28926373, -0.63104236,
        0.87127316,  1.84197772, -0.47521895, -1.99504578, -1.47658789], dtype=float32), array([-2.345994  , -0.7790612 ,  0.31253883,  1.15422606,  0.29259858,
       -1.19347882, -0.08688518, -1.28576577, -0.96841526,  0.31738961,
        0.73605263,  2.17217946,  0.40579608, -0.00605605, -1.08505094,
       -0.92215472, -0.5174334 ,  0.92817789, -0.34380221, -0.52101856,
        0.20771943,  1.65591311,  0.62585294,  0.53661722,  0.36025688,
        0.83162087,  0.17087121,  1.02819967, -0.18493064, -0.73363608,
       -0.18270648, -0.21916848, -1.12421894,  0.42959097, -0.05731643,
       -1.25522673, -1.98335147,  0.5803892 ,  0.67698961,  0.4251146 ,
        0.80490267, -0.01830863,  0.04408655,  1.63226533, -1.78616977,
        0.10220069,  0.00771487, -0.59726167, -0.45626178,  0.98355353,
        0.86800438, -0.20704032,  0.80947375,  1.38169038, -1.0240711 ,
       -1.03865254,  0.58906043, -0.53328294, -0.5710398 ,  0.68791693,
        1.24815655, -0.30583444, -0.90545279,  0.52902931, -0.61850536,
       -0.51637518, -1.15089834,  0.95516622,  1.00450444,  1.20404708,
       -1.95109808,  0.67945307,  0.13165443, -0.35162747,  1.27685428,
       -1.02776968,  2.66502619,  0.61942637, -0.17423904,  0.56675571,
       -0.42627484, -1.25954509, -1.70831704,  0.05117706,  0.518318  ,
        0.17336439, -0.97519505,  1.27126658, -0.06054434, -1.21961451,
       -0.07505392,  0.77670932, -0.88804305,  2.33910203, -0.56709552,
        0.77058244,  1.83130252, -0.46809471, -2.07309198, -1.62043154], dtype=float32), array([-2.29708052, -0.76707357,  0.29177865,  1.26521051,  0.28874078,
       -1.06060445, -0.22558194, -1.2674309 , -0.8598581 ,  0.2294348 ,
        0.69323152,  2.23484278,  0.4147248 , -0.02202243, -1.0432452 ,
       -0.97564399, -0.45624578,  0.94046772, -0.35054147, -0.45162091,
        0.18074504,  1.70455587,  0.55928254,  0.39911187,  0.43495712,
        0.82208776,  0.21554698,  1.135059  , -0.15818529, -0.73268241,
       -0.18933693, -0.21643604, -1.11855412,  0.52445722,  0.00630155,
       -1.14726102, -1.94492245,  0.46538961,  0.72385919,  0.4513984 ,
        0.85014564, -0.14629129,  0.06995206,  1.6320821 , -1.81981516,
        0.02847496, -0.06312083, -0.60453135, -0.50003493,  0.91672784,
        0.84658986, -0.21593773,  0.86146545,  1.38350081, -1.03778887,
       -1.10093856,  0.45935604, -0.5316605 , -0.61228627,  0.75008839,
        1.29636633, -0.29110849, -0.9501766 ,  0.44535908, -0.58787084,
       -0.51881301, -1.06350493,  1.11496651,  0.99504745,  1.19027197,
       -2.01434159,  0.6628561 ,  0.10368871, -0.23950198,  1.17815948,
       -1.06919289,  2.7472508 ,  0.60296792, -0.099674  ,  0.50939077,
       -0.47580203, -1.25650299, -1.76341271,  0.03544364,  0.3892065 ,
        0.11159839, -0.84842771,  1.18233478, -0.00817831, -1.28565896,
       -0.06776405,  0.74368834, -0.95690912,  2.45644569, -0.5009262 ,
        0.80013007,  1.67145014, -0.45928496, -2.06612468, -1.57628024], dtype=float32), array([-2.28979611, -0.8008523 ,  0.28158697,  1.35176885,  0.30523458,
       -1.14770162, -0.13179006, -1.1893394 , -1.01965225,  0.36691758,
        0.68845409,  2.35309076,  0.38887671,  0.01550599, -1.0598222 ,
       -1.00132263, -0.32399455,  0.95955336, -0.49302122, -0.53994364,
        0.21571769,  1.50203264,  0.59395331,  0.38390008,  0.40231398,
        0.75634599,  0.10212443,  1.16574717, -0.2234071 , -0.65851986,
       -0.20223945, -0.25844413, -1.21359658,  0.67786205, -0.10191059,
       -1.05726683, -1.9022572 ,  0.55235946,  0.7140215 ,  0.50696194,
        0.78335434, -0.13386606,  0.14754497,  1.65429413, -1.75782657,
       -0.05536965, -0.16933195, -0.59877861, -0.49963233,  0.99635512,
        0.96801889, -0.16969201,  0.86740369,  1.42627251, -0.87036824,
       -1.07274806,  0.41922086, -0.45159507, -0.54056305,  0.76482153,
        1.11289847, -0.27939972, -0.96712619,  0.37997553, -0.53522569,
       -0.64080995, -1.23318303,  1.04261839,  1.0000639 ,  1.35472965,
       -1.98125756,  0.57633537,  0.07267237, -0.25576028,  1.38963199,
       -0.99722332,  2.64843392,  0.61012721, -0.14874522,  0.47548667,
       -0.48251557, -1.34500968, -1.7041806 ,  0.071335  ,  0.3503069 ,
        0.17846176, -0.84327596,  1.34877765, -0.07380737, -1.2743293 ,
       -0.14429177,  0.63611799, -0.92000693,  2.29176784, -0.58126712,
        0.8946144 ,  1.62693751, -0.3103565 , -2.01576257, -1.70472336], dtype=float32), array([-2.30396748, -0.78205425,  0.30939096,  1.35742211,  0.28501639,
       -1.12192082, -0.14698112, -1.20755088, -1.00535607,  0.32473722,
        0.70434773,  2.38012767,  0.33216777,  0.02255788, -1.06559825,
       -1.00476503, -0.32341653,  0.9480775 , -0.45231161, -0.55850518,
        0.22908957,  1.49010503,  0.57357603,  0.35391414,  0.4173117 ,
        0.78915572,  0.09689775,  1.18412626, -0.19619045, -0.62772852,
       -0.16688694, -0.21684951, -1.18320775,  0.70019251, -0.13632269,
       -1.01994765, -1.93676269,  0.53995693,  0.72913194,  0.50151968,
        0.82405233, -0.11113986,  0.15889381,  1.61729026, -1.78878844,
       -0.06578065, -0.18104754, -0.57634389, -0.50598788,  0.95771784,
        0.97517008, -0.17057312,  0.85706627,  1.40033245, -0.8551172 ,
       -1.12377357,  0.45973048, -0.44502577, -0.55788636,  0.77396083,
        1.08159375, -0.29237601, -0.99209929,  0.34771618, -0.56109369,
       -0.65492243, -1.1589824 ,  1.08799565,  0.96389502,  1.36261129,
       -1.98294699,  0.57777566,  0.06463338, -0.24959752,  1.36064434,
       -1.03227448,  2.66207123,  0.60967547, -0.16146982,  0.46937001,
       -0.45297721, -1.30652845, -1.71757352,  0.06702919,  0.32444698,
        0.15599802, -0.80799043,  1.31435418, -0.07307082, -1.24073851,
       -0.15164609,  0.65425694, -0.92461288,  2.32218432, -0.58740455,
        0.91785038,  1.6288017 , -0.34657153, -2.05202484, -1.68125153], dtype=float32), array([-2.28440595, -0.79999501,  0.26663196,  1.39374316,  0.29032266,
       -1.09756327, -0.20814084, -1.20260179, -1.02346873,  0.34067598,
        0.68652833,  2.38704538,  0.37048215,  0.01969437, -1.0906148 ,
       -0.97774428, -0.29700083,  0.99311125, -0.44363731, -0.5320695 ,
        0.27995586,  1.50142384,  0.58414906,  0.33512285,  0.39379573,
        0.75617391,  0.12486998,  1.17250097, -0.16960074, -0.63858324,
       -0.19204281, -0.20894964, -1.21436465,  0.72823781, -0.15393798,
       -0.97030193, -1.98112273,  0.5444628 ,  0.75855649,  0.54110724,
        0.80171096, -0.13893504,  0.16737606,  1.61026263, -1.81612384,
       -0.06664211, -0.16106971, -0.58158141, -0.53902531,  0.97299784,
        0.95228219, -0.1314972 ,  0.85989773,  1.39177656, -0.89644337,
       -1.18829978,  0.48622465, -0.46346259, -0.52941614,  0.80333167,
        1.06614077, -0.30311126, -0.96725464,  0.32028964, -0.5591855 ,
       -0.64046139, -1.08075666,  1.09713447,  0.96324027,  1.33784759,
       -1.97841561,  0.56133628,  0.09060586, -0.29498473,  1.34463751,
       -0.99698251,  2.63706112,  0.62291449, -0.14183275,  0.39234334,
       -0.42863896, -1.28118849, -1.75299788,  0.08786304,  0.32741013,
        0.15404417, -0.80559027,  1.31845033, -0.06827682, -1.23202527,
       -0.16397882,  0.65881014, -0.92649925,  2.31594896, -0.57139331,
        0.88352644,  1.63740778, -0.40072143, -1.99329138, -1.74523532], dtype=float32), array([-2.31832099, -0.84528589,  0.29849976,  1.43481135,  0.26245013,
       -1.05820107, -0.16858588, -1.20814264, -0.99046838,  0.35927671,
        0.63958293,  2.44250655,  0.42921171,  0.01197647, -1.13132346,
       -0.98920774, -0.2286229 ,  0.95840955, -0.36142179, -0.54013485,
        0.24536224,  1.50610173,  0.54418647,  0.34533474,  0.38184878,
        0.74685013,  0.10819516,  1.12271583, -0.16679113, -0.66525525,
       -0.19806741, -0.23898003, -1.18195868,  0.76791525, -0.0978139 ,
       -0.98657548, -1.96964478,  0.56723946,  0.75083077,  0.54934555,
        0.75287241, -0.16349557,  0.19294453,  1.62701643, -1.83180535,
       -0.01850694, -0.19479083, -0.61135942, -0.6012463 ,  1.01798785,
        0.99062049, -0.12638038,  0.8773033 ,  1.35049474, -0.83554137,
       -1.22227514,  0.48346135, -0.50267357, -0.48729876,  0.8711518 ,
        1.02984464, -0.35457629, -0.96425068,  0.24830455, -0.52911395,
       -0.67177635, -1.0897069 ,  1.0642736 ,  1.06767237,  1.29789424,
       -1.95461154,  0.60559225,  0.12731805, -0.30478188,  1.3460269 ,
       -0.96808267,  2.64270687,  0.61772895, -0.19659001,  0.40534577,
       -0.42177173, -1.28592777, -1.67094707,  0.06728788,  0.31597653,
        0.14767472, -0.85092568,  1.34077585, -0.11466514, -1.22437131,
       -0.20616879,  0.61580008, -0.94092727,  2.29965115, -0.60573572,
        0.90671462,  1.59932268, -0.41648102, -1.9578197 , -1.71300888], dtype=float32), array([-2.30175877, -0.8645156 ,  0.33670765,  1.45995331,  0.25564525,
       -0.97771239, -0.24727593, -1.18343222, -0.93520337,  0.3952795 ,
        0.58897889,  2.4967308 ,  0.41386637, -0.05022577, -1.17462611,
       -0.9533689 , -0.27708447,  0.93634129, -0.34431458, -0.56701463,
        0.32181394,  1.48289287,  0.45061618,  0.34504426,  0.38369596,
        0.84365261,  0.14921242,  1.11905491, -0.16723244, -0.70965606,
       -0.20901115, -0.16068947, -1.19491911,  0.82538354, -0.1491366 ,
       -1.04845572, -2.0646739 ,  0.49956033,  0.82743984,  0.57917118,
        0.73607969, -0.14406349,  0.29409972,  1.59194613, -1.83309805,
       -0.06823297, -0.22549495, -0.5669952 , -0.68512976,  1.02453971,
        0.90708262, -0.09872415,  0.89172447,  1.30374813, -0.80491686,
       -1.31138551,  0.56399029, -0.50954509, -0.48565888,  0.818295  ,
        1.04538906, -0.38791773, -0.92670482,  0.17544518, -0.48629674,
       -0.61940747, -0.99328202,  1.14483237,  1.03431034,  1.27655947,
       -1.945333  ,  0.55027443,  0.07026836, -0.32282463,  1.3864181 ,
       -0.94716853,  2.62261558,  0.64182222, -0.20497966,  0.29761279,
       -0.32793492, -1.19951594, -1.65186858,  0.05476969,  0.3470974 ,
        0.14832865, -0.8519758 ,  1.32363009, -0.02249616, -1.17474866,
       -0.21264382,  0.59427881, -0.92266738,  2.3156271 , -0.62887722,
        0.84422797,  1.63278461, -0.49314049, -1.96507192, -1.75043154], dtype=float32), array([-2.26759839, -0.86272418,  0.32359782,  1.45427668,  0.26562792,
       -0.95937353, -0.27418354, -1.18012512, -0.9302789 ,  0.40269575,
        0.57669812,  2.48996854,  0.43100956, -0.07575535, -1.16889834,
       -0.93731695, -0.26043814,  0.94570702, -0.35046288, -0.56659615,
        0.32956019,  1.50146842,  0.4581672 ,  0.36035034,  0.35018358,
        0.8192364 ,  0.16482137,  1.11556435, -0.15670729, -0.7270388 ,
       -0.20556037, -0.17500235, -1.19786072,  0.84493893, -0.13948466,
       -1.05346739, -2.08274722,  0.49956223,  0.85396796,  0.57690388,
        0.7256664 , -0.1370403 ,  0.2975302 ,  1.59859562, -1.85587144,
       -0.04986048, -0.23128492, -0.56162024, -0.69745851,  1.02371347,
        0.88043648, -0.1182804 ,  0.87942666,  1.30963302, -0.82246017,
       -1.32213116,  0.58152407, -0.48711872, -0.45974094,  0.82812977,
        1.04199374, -0.39973778, -0.92635483,  0.17640871, -0.49012697,
       -0.60811371, -0.97915941,  1.1299721 ,  1.03318143,  1.24837244,
       -1.9609828 ,  0.54707134,  0.06435021, -0.332059  ,  1.38158536,
       -0.93847573,  2.62573385,  0.59671307, -0.19457485,  0.30755398,
       -0.36018977, -1.1902523 , -1.64903104,  0.04696421,  0.34682733,
        0.15210061, -0.85165393,  1.32985532, -0.00785989, -1.16977608,
       -0.21542388,  0.61854213, -0.92755765,  2.34394813, -0.60559076,
        0.81148601,  1.64294517, -0.4935756 , -1.95634806, -1.76323605], dtype=float32), array([-2.31235504, -0.88784623,  0.32585999,  1.47532177,  0.25768435,
       -0.98089129, -0.25905547, -1.18235207, -0.95837647,  0.41530982,
        0.58179206,  2.48811078,  0.42301926, -0.07360931, -1.16170549,
       -0.92852157, -0.24133912,  0.93154544, -0.34117511, -0.57753122,
        0.32046694,  1.46109104,  0.45511091,  0.36401132,  0.3616167 ,
        0.80155909,  0.1328509 ,  1.13052309, -0.1765006 , -0.65679681,
       -0.20746043, -0.19669931, -1.20515203,  0.85504079, -0.14161053,
       -1.03278005, -2.04963994,  0.49587864,  0.84149468,  0.60069573,
        0.73931366, -0.13909848,  0.31992903,  1.60542524, -1.85657763,
       -0.06882791, -0.24649236, -0.54858643, -0.69397777,  1.03617167,
        0.88293821, -0.13555515,  0.88915753,  1.33777964, -0.78044093,
       -1.31008232,  0.57159007, -0.51244372, -0.46614987,  0.81538349,
        1.01181984, -0.39857256, -0.93035805,  0.15969594, -0.48535571,
       -0.62981886, -1.03122175,  1.11147428,  1.02617002,  1.28285825,
       -1.92695916,  0.58199179,  0.08535012, -0.32345304,  1.42135394,
       -0.94346303,  2.60323811,  0.61137658, -0.16814791,  0.30087492,
       -0.35763058, -1.20874774, -1.61787331,  0.05852873,  0.31621784,
        0.16677244, -0.88818729,  1.34500074, -0.00309477, -1.1403178 ,
       -0.20800146,  0.60398859, -0.93237346,  2.28363943, -0.61245364,
        0.84982938,  1.64400125, -0.47222006, -1.9725076 , -1.80046558], dtype=float32), array([-2.30672717, -0.87375659,  0.31503305,  1.47180951,  0.24256572,
       -0.98869377, -0.25951916, -1.19426882, -0.95948982,  0.35971272,
        0.57171494,  2.46906352,  0.40989494, -0.0764527 , -1.16926432,
       -0.93227291, -0.20701039,  0.93200052, -0.36289841, -0.56220764,
        0.3195039 ,  1.47389102,  0.47350693,  0.3775675 ,  0.39636654,
        0.78562057,  0.11302238,  1.12403238, -0.19436222, -0.68317634,
       -0.17465821, -0.19569977, -1.18914819,  0.81261486, -0.10077421,
       -1.00690782, -2.04764819,  0.51416916,  0.81164753,  0.60233986,
        0.77440697, -0.13317589,  0.31444222,  1.61871922, -1.86447155,
       -0.07920165, -0.23707619, -0.57094014, -0.66977543,  1.02288651,
        0.88915473, -0.16033484,  0.87955654,  1.36358011, -0.8024894 ,
       -1.2870847 ,  0.56189096, -0.51219225, -0.46075681,  0.84479994,
        1.02196372, -0.38096577, -0.90610212,  0.17123577, -0.49306995,
       -0.62195349, -1.04680777,  1.09371841,  1.02947223,  1.27211988,
       -1.9223206 ,  0.58753967,  0.09845147, -0.31562081,  1.42988694,
       -0.97146934,  2.60314202,  0.59965539, -0.17321457,  0.31287584,
       -0.38779497, -1.21094918, -1.63469839,  0.04716696,  0.31526396,
        0.15676437, -0.87796754,  1.36994386,  0.0125547 , -1.13530815,
       -0.17713721,  0.60433418, -0.9551152 ,  2.29028082, -0.60020196,
        0.83362681,  1.63279843, -0.46283403, -1.97116983, -1.82117426], dtype=float32), array([-2.30871534, -0.86905295,  0.31214857,  1.47510147,  0.24045108,
       -0.98953515, -0.25660607, -1.18585253, -0.96617347,  0.35295099,
        0.57687283,  2.46851683,  0.40999159, -0.08019436, -1.16868234,
       -0.93928146, -0.20291422,  0.94296497, -0.36404738, -0.5485636 ,
        0.31585768,  1.46741295,  0.47936943,  0.37480772,  0.39633512,
        0.77412957,  0.10889832,  1.12878084, -0.19548516, -0.6877318 ,
       -0.17549919, -0.19226657, -1.19109988,  0.8170715 , -0.10238828,
       -1.001315  , -2.04588866,  0.52230763,  0.81209952,  0.59954369,
        0.7808972 , -0.12657201,  0.31827006,  1.62026763, -1.8691045 ,
       -0.09245202, -0.23828781, -0.58386034, -0.66734535,  1.02087283,
        0.88892186, -0.15628883,  0.87830049,  1.36386001, -0.80435514,
       -1.2788192 ,  0.56315035, -0.51544768, -0.46298862,  0.84621537,
        1.01344609, -0.37167206, -0.90497476,  0.18263388, -0.49543878,
       -0.62880337, -1.04811466,  1.09015906,  1.02985954,  1.27199888,
       -1.91942704,  0.58544564,  0.09925903, -0.31035206,  1.4376322 ,
       -0.96851534,  2.59951591,  0.60144389, -0.18143338,  0.30575195,
       -0.38027635, -1.21261358, -1.64430046,  0.0547032 ,  0.31577545,
        0.15482552, -0.8811236 ,  1.37444127,  0.0075744 , -1.12903297,
       -0.1634369 ,  0.60093147, -0.95641828,  2.28592086, -0.59851223,
        0.8247655 ,  1.63173521, -0.46543059, -1.96705329, -1.83044267], dtype=float32), array([-2.3136251 , -0.86805338,  0.30976412,  1.47340167,  0.23620732,
       -0.98654878, -0.25977761, -1.18882644, -0.96387309,  0.34921044,
        0.57739937,  2.46556926,  0.41094181, -0.07558997, -1.1731863 ,
       -0.93637222, -0.20439883,  0.9415651 , -0.36301646, -0.54652518,
        0.31339654,  1.46334541,  0.48215362,  0.37641752,  0.40168431,
        0.76754636,  0.10937358,  1.13076854, -0.19839223, -0.68948615,
       -0.18116033, -0.19488446, -1.18815374,  0.81321615, -0.09712806,
       -0.99894607, -2.04271626,  0.51859385,  0.8107844 ,  0.59789515,
        0.78339338, -0.12802914,  0.31662011,  1.62640464, -1.87309802,
       -0.08930127, -0.23648451, -0.58135879, -0.66818845,  1.02048814,
        0.8900646 , -0.16105588,  0.87804854,  1.36146271, -0.80947715,
       -1.27586544,  0.55932587, -0.51677996, -0.46375069,  0.85083789,
        1.01597583, -0.36882508, -0.90428305,  0.1883906 , -0.49579123,
       -0.62897152, -1.05241263,  1.08269942,  1.02790761,  1.26854646,
       -1.9183712 ,  0.58759058,  0.09544619, -0.31026232,  1.43409419,
       -0.97196448,  2.6020453 ,  0.60117769, -0.17966163,  0.31178936,
       -0.37856147, -1.21279013, -1.6469363 ,  0.05230194,  0.31678411,
        0.15716931, -0.88223678,  1.37542713,  0.0114704 , -1.12775254,
       -0.16496503,  0.60355246, -0.95151865,  2.29262376, -0.59400654,
        0.82503599,  1.63360667, -0.46132621, -1.96787703, -1.82695282], dtype=float32), array([-2.30511475, -0.88956296,  0.29968148,  1.48816812,  0.24462627,
       -0.94506317, -0.29628828, -1.19553804, -0.96882576,  0.35312605,
        0.56011671,  2.47241688,  0.45074731, -0.11380145, -1.1483041 ,
       -0.93034846, -0.18854365,  0.97831672, -0.36183828, -0.54218656,
        0.35282305,  1.48365629,  0.49478835,  0.36247957,  0.38501474,
        0.74443048,  0.13408934,  1.1299516 , -0.1863416 , -0.71803313,
       -0.17101225, -0.21531886, -1.17469251,  0.84979057, -0.07993684,
       -0.98938227, -2.07365942,  0.51144087,  0.83177406,  0.60341221,
        0.78039211, -0.12859228,  0.3222025 ,  1.63296986, -1.89070451,
       -0.07019348, -0.23428446, -0.59233803, -0.69067085,  1.00679767,
        0.85312903, -0.14882408,  0.86821967,  1.35897648, -0.83046168,
       -1.31364143,  0.57496846, -0.52201515, -0.46008289,  0.87784493,
        1.0527643 , -0.40272996, -0.89778227,  0.16952881, -0.47353104,
       -0.61324984, -1.03838658,  1.08627665,  1.01899743,  1.24337316,
       -1.92429721,  0.56714076,  0.0885232 , -0.30587271,  1.42098141,
       -0.95356166,  2.59195399,  0.57806593, -0.15404649,  0.29653317,
       -0.38905209, -1.19736409, -1.62918484,  0.04836179,  0.29570988,
        0.13382882, -0.89002126,  1.37774098,  0.03139284, -1.11505198,
       -0.16942333,  0.59600955, -0.9679814 ,  2.26933336, -0.58400822,
        0.80903888,  1.64584851, -0.47780296, -1.93955123, -1.82925642], dtype=float32), array([-2.27940917, -0.89040017,  0.24587727,  1.48530281,  0.28721502,
       -0.95965278, -0.30899563, -1.16581917, -0.96534336,  0.37234661,
        0.54355901,  2.41887712,  0.48976707, -0.12718098, -1.12772393,
       -0.92693394, -0.20266226,  0.9898932 , -0.38228813, -0.49844924,
        0.36286423,  1.46334314,  0.52129447,  0.34064552,  0.38030785,
        0.7116769 ,  0.11165154,  1.13818085, -0.16346116, -0.74185544,
       -0.19919874, -0.22246185, -1.14374983,  0.87216085, -0.07327079,
       -0.96542531, -2.0804038 ,  0.51682562,  0.80976164,  0.61866397,
        0.76935315, -0.14791158,  0.31455457,  1.64611804, -1.90801728,
       -0.09694424, -0.22909234, -0.58798426, -0.71544552,  1.03114974,
        0.838009  , -0.13678075,  0.88173097,  1.36439478, -0.88406479,
       -1.30264091,  0.58263803, -0.5475533 , -0.45750418,  0.90635002,
        1.10987294, -0.39944005, -0.87048101,  0.20761533, -0.42253411,
       -0.64678717, -1.05657363,  1.11430216,  1.00634301,  1.23525155,
       -1.92194307,  0.59227061,  0.10705181, -0.31486049,  1.38235986,
       -0.94255912,  2.58302522,  0.56713337, -0.14658399,  0.32781279,
       -0.42455095, -1.22584081, -1.64201593,  0.06857006,  0.30702764,
        0.10711097, -0.89368361,  1.37247574,  0.04993089, -1.13256085,
       -0.14002228,  0.5662725 , -0.99921072,  2.27538705, -0.56635183,
        0.7821058 ,  1.66528249, -0.48490983, -1.91786814, -1.85431302], dtype=float32), array([-2.25551033, -0.87442064,  0.24969135,  1.5167321 ,  0.30598938,
       -0.93041772, -0.32928503, -1.16451299, -0.97146803,  0.36543569,
        0.54485667,  2.42067504,  0.46736002, -0.12246308, -1.15386224,
       -0.93220127, -0.21406385,  0.98797095, -0.39111969, -0.50415903,
        0.39664257,  1.45166695,  0.52440405,  0.30603665,  0.38219666,
        0.71642774,  0.14108969,  1.1433177 , -0.14989568, -0.75445282,
       -0.19253893, -0.18941057, -1.1499511 ,  0.91653883, -0.10625747,
       -0.92188305, -2.11290717,  0.51624531,  0.8397029 ,  0.63535571,
        0.77282095, -0.10362741,  0.31141582,  1.62083042, -1.92255795,
       -0.09720837, -0.25460449, -0.58123368, -0.73385543,  1.01197028,
        0.81477344, -0.10989413,  0.87171131,  1.35711694, -0.88386852,
       -1.31714678,  0.60860574, -0.52974492, -0.46177185,  0.90061367,
        1.10948837, -0.4288426 , -0.87233919,  0.18072978, -0.436802  ,
       -0.6390425 , -0.98780352,  1.16746438,  0.99030864,  1.23683643,
       -1.93383515,  0.58882761,  0.10658361, -0.31991416,  1.35225224,
       -0.95697904,  2.58029938,  0.5509187 , -0.14605702,  0.30982184,
       -0.39958468, -1.21230829, -1.65603566,  0.07432915,  0.30199814,
        0.08381986, -0.88550967,  1.3424983 ,  0.06920937, -1.10765183,
       -0.16674399,  0.56696403, -1.00760889,  2.26216197, -0.56112289,
        0.78650212,  1.67639804, -0.51131195, -1.93225276, -1.85756588], dtype=float32), array([-2.25104165, -0.86682069,  0.22885959,  1.51347959,  0.30914938,
       -0.94603217, -0.34035608, -1.18437278, -0.95055699,  0.36001959,
        0.54176462,  2.40982389,  0.46728343, -0.09775364, -1.13163984,
       -0.92876518, -0.18542154,  0.99220389, -0.40029344, -0.49310437,
        0.41522843,  1.46853924,  0.52048963,  0.29371926,  0.40259671,
        0.71376026,  0.14431223,  1.15530658, -0.1401822 , -0.7685101 ,
       -0.18280737, -0.19140434, -1.14771104,  0.91524512, -0.09972827,
       -0.92923093, -2.11109948,  0.49956906,  0.82244039,  0.62884414,
        0.76862562, -0.12529139,  0.30145201,  1.64647245, -1.91196072,
       -0.10126106, -0.26496643, -0.57551152, -0.72459143,  1.0229727 ,
        0.81145263, -0.10705835,  0.86161894,  1.34198594, -0.89500374,
       -1.32157707,  0.60794818, -0.53696716, -0.4647274 ,  0.9194172 ,
        1.11906588, -0.41771731, -0.87263238,  0.19006182, -0.42930609,
       -0.65477073, -0.9727326 ,  1.16738462,  0.99985939,  1.21928561,
       -1.93438697,  0.6017065 ,  0.09872042, -0.32097277,  1.35293961,
       -0.96390307,  2.58749318,  0.54632294, -0.14645116,  0.32636669,
       -0.40347895, -1.22764897, -1.66494739,  0.06734312,  0.30466133,
        0.09313466, -0.89125228,  1.33658576,  0.092375  , -1.12129593,
       -0.17639136,  0.55476785, -1.0186218 ,  2.27900958, -0.53321826,
        0.7748695 ,  1.65156472, -0.52553266, -1.92392421, -1.87316537], dtype=float32), array([-2.25589848, -0.87253559,  0.23297395,  1.506109  ,  0.29955864,
       -0.93466133, -0.34880495, -1.19020295, -0.93702012,  0.35965937,
        0.55404502,  2.41494536,  0.47595948, -0.10151692, -1.13354564,
       -0.92472267, -0.18609095,  0.99563903, -0.38512596, -0.49055925,
        0.41033062,  1.46499789,  0.51056814,  0.29056454,  0.39838034,
        0.69764346,  0.13821857,  1.17787158, -0.13840379, -0.76566321,
       -0.18911603, -0.19676088, -1.13147652,  0.88756859, -0.09022146,
       -0.94160378, -2.1059947 ,  0.49487755,  0.83145159,  0.61535054,
        0.77062672, -0.13647273,  0.29624933,  1.66014469, -1.91279888,
       -0.09111542, -0.25093934, -0.57361794, -0.72435164,  1.00553036,
        0.81601381, -0.10841305,  0.85438788,  1.32990742, -0.90866709,
       -1.31336904,  0.60856056, -0.54067171, -0.47071993,  0.92524093,
        1.14112282, -0.42299324, -0.87318867,  0.19126242, -0.42272025,
       -0.647892  , -0.97233057,  1.14900601,  1.00795043,  1.20897126,
       -1.92806053,  0.61940074,  0.088788  , -0.30950227,  1.34816027,
       -0.97123682,  2.58402371,  0.53804421, -0.14927752,  0.34967816,
       -0.3925674 , -1.2325474 , -1.67760158,  0.05211421,  0.30288884,
        0.10593401, -0.89408129,  1.32149327,  0.09940978, -1.13326299,
       -0.17342895,  0.56147432, -1.02143109,  2.28513932, -0.5244931 ,
        0.77045316,  1.65238392, -0.52210623, -1.91769588, -1.86359584], dtype=float32), array([-2.25501823, -0.85840702,  0.2237366 ,  1.50218034,  0.29633489,
       -0.93317956, -0.36640909, -1.18801677, -0.94654429,  0.3572785 ,
        0.56024909,  2.41269827,  0.46674109, -0.0895919 , -1.13002527,
       -0.92904842, -0.18641098,  0.99882567, -0.3882716 , -0.4907141 ,
        0.41381446,  1.45742607,  0.51015103,  0.27426469,  0.39465567,
        0.68487269,  0.12602082,  1.1869837 , -0.13039845, -0.77242333,
       -0.19124623, -0.18618247, -1.14080381,  0.89074743, -0.09521664,
       -0.92731464, -2.10155296,  0.49761087,  0.82093304,  0.61309981,
        0.77610862, -0.12574701,  0.28906983,  1.66748345, -1.91768777,
       -0.1023568 , -0.25498003, -0.57488793, -0.71935683,  1.00699115,
        0.81947285, -0.1092536 ,  0.85212982,  1.34601986, -0.9180541 ,
       -1.30537915,  0.60455865, -0.53725296, -0.46480653,  0.92040944,
        1.14911854, -0.40178484, -0.87218839,  0.20176765, -0.43158916,
       -0.64036906, -0.96838343,  1.14670384,  1.00071394,  1.2083106 ,
       -1.93815804,  0.62224954,  0.08301146, -0.31429827,  1.34413648,
       -0.97036195,  2.57702708,  0.55280751, -0.15413466,  0.34692019,
       -0.38843518, -1.23376143, -1.68332338,  0.05974765,  0.30118936,
        0.11601376, -0.89610863,  1.31504941,  0.10326442, -1.1198473 ,
       -0.17614861,  0.56760985, -1.02443528,  2.29434347, -0.52028942,
        0.76234269,  1.65311706, -0.51675266, -1.91574049, -1.87366581], dtype=float32), array([-2.25081587, -0.85550743,  0.2276703 ,  1.49510717,  0.29813236,
       -0.93188208, -0.37156373, -1.17929637, -0.94623339,  0.35762522,
        0.55775231,  2.40954447,  0.46767288, -0.09676383, -1.12552917,
       -0.93777519, -0.18992585,  0.99825066, -0.39400113, -0.48905715,
        0.41569346,  1.46253037,  0.51379764,  0.270246  ,  0.39425123,
        0.69126725,  0.13667852,  1.18720734, -0.13069829, -0.78023273,
       -0.19055128, -0.181711  , -1.14202631,  0.89815086, -0.09113732,
       -0.92267948, -2.10395455,  0.49654385,  0.83004653,  0.61338919,
        0.77290517, -0.12441722,  0.29400229,  1.66808641, -1.92032874,
       -0.10079504, -0.25796771, -0.57482874, -0.71722758,  1.0089556 ,
        0.81145793, -0.1068403 ,  0.85272747,  1.34425592, -0.92422569,
       -1.29880404,  0.60630918, -0.53017753, -0.46453232,  0.92055619,
        1.1560061 , -0.40876934, -0.8731761 ,  0.20524809, -0.43138659,
       -0.63520408, -0.96435219,  1.1568433 ,  0.9948588 ,  1.20542741,
       -1.94076478,  0.61777884,  0.08083516, -0.30734354,  1.33615613,
       -0.96497625,  2.57023072,  0.55303329, -0.15572116,  0.34569699,
       -0.38617632, -1.2377826 , -1.68948352,  0.05353924,  0.29910392,
        0.10804442, -0.89487255,  1.31638622,  0.10616258, -1.12142992,
       -0.17745535,  0.56650722, -1.02703285,  2.29896593, -0.51974291,
        0.7576825 ,  1.64862883, -0.51141763, -1.91837633, -1.88099968], dtype=float32), array([-2.25189209, -0.85553253,  0.22798319,  1.49418533,  0.29766524,
       -0.92967731, -0.37217784, -1.18049908, -0.94412893,  0.35674888,
        0.55596411,  2.41078115,  0.4691703 , -0.09531973, -1.12673545,
       -0.93671906, -0.1881045 ,  0.99861175, -0.39252061, -0.48802692,
        0.41554397,  1.46314359,  0.51287138,  0.26997754,  0.39522931,
        0.68913233,  0.13672611,  1.18872833, -0.1311904 , -0.78280103,
       -0.19193305, -0.18387839, -1.14051259,  0.89744949, -0.08999746,
       -0.92589772, -2.10389328,  0.49517593,  0.82971025,  0.61272895,
        0.77256119, -0.12621711,  0.29464775,  1.66837323, -1.92163038,
       -0.10086425, -0.25585708, -0.57448065, -0.71950436,  1.0085808 ,
        0.81002551, -0.10645624,  0.8524791 ,  1.34331048, -0.92390501,
       -1.30120099,  0.60702729, -0.52979147, -0.46374837,  0.92125267,
        1.15627408, -0.40906024, -0.87351876,  0.20477171, -0.43101704,
       -0.63545823, -0.96224958,  1.15664005,  0.99562114,  1.20231867,
       -1.94092596,  0.61675417,  0.08158738, -0.30541378,  1.33812177,
       -0.96489829,  2.5718708 ,  0.55003613, -0.15773922,  0.34669158,
       -0.38645822, -1.23648632, -1.69014633,  0.05171628,  0.29748487,
        0.10809392, -0.89419299,  1.31741011,  0.10786574, -1.12185633,
       -0.17599095,  0.56738538, -1.02652311,  2.30088115, -0.51651651,
        0.75584388,  1.64743912, -0.51138735, -1.91622114, -1.87943971], dtype=float32), array([-2.24433303, -0.83763278,  0.2600902 ,  1.48786461,  0.30888224,
       -0.92749071, -0.38242131, -1.18923783, -0.95842439,  0.35288358,
        0.55221611,  2.43274808,  0.42913681, -0.09443372, -1.13749075,
       -0.96378362, -0.19366816,  0.99103761, -0.37882897, -0.5018692 ,
        0.42044714,  1.43798697,  0.51985884,  0.26911932,  0.40830818,
        0.7059387 ,  0.12404946,  1.16560578, -0.12263317, -0.77974963,
       -0.18439926, -0.17550159, -1.11630833,  0.91011107, -0.10927727,
       -0.90336823, -2.1178546 ,  0.50582755,  0.82962734,  0.60822862,
        0.80036581, -0.102911  ,  0.30218613,  1.65405631, -1.94630158,
       -0.11504139, -0.27340388, -0.5631507 , -0.70918971,  0.98256958,
        0.82333666, -0.10054422,  0.85347188,  1.33609068, -0.91221869,
       -1.31456852,  0.61915058, -0.51103848, -0.45578161,  0.90557379,
        1.1476748 , -0.41986722, -0.90785354,  0.17843445, -0.43624216,
       -0.63471425, -0.93470585,  1.18294895,  0.97573954,  1.23074126,
       -1.95258856,  0.59992945,  0.07237923, -0.3055245 ,  1.29436123,
       -0.9673183 ,  2.57429051,  0.53864998, -0.17587058,  0.34700283,
       -0.36405227, -1.22772431, -1.68803048,  0.06881507,  0.29429001,
        0.0747757 , -0.86208606,  1.30564857,  0.11904529, -1.08932614,
       -0.19761266,  0.58207726, -1.02510476,  2.31625485, -0.49549398,
        0.77386135,  1.65390897, -0.50610459, -1.94860899, -1.8659153 ], dtype=float32), array([-2.25442076, -0.82215524,  0.28560364,  1.4891119 ,  0.31178129,
       -0.92132664, -0.37988529, -1.20521462, -0.95201534,  0.34159276,
        0.55264395,  2.44733477,  0.39024115, -0.08454204, -1.13730025,
       -0.97591317, -0.19134475,  0.97530711, -0.36552644, -0.50350082,
        0.42417634,  1.43064046,  0.5128547 ,  0.26332441,  0.42226014,
        0.73229223,  0.12260891,  1.16916788, -0.10792548, -0.77847588,
       -0.16941492, -0.16335432, -1.09829319,  0.91449952, -0.12484535,
       -0.89075696, -2.11887908,  0.50592363,  0.82750863,  0.59927344,
        0.82918656, -0.08372364,  0.30298394,  1.63950157, -1.95885003,
       -0.12111763, -0.28436318, -0.55317092, -0.70537311,  0.96559691,
        0.83118612, -0.09501807,  0.84935409,  1.32439208, -0.90042877,
       -1.32710075,  0.63272691, -0.49473161, -0.4597367 ,  0.90390712,
        1.12235081, -0.4289898 , -0.92899054,  0.16645531, -0.44417721,
       -0.63313246, -0.91506094,  1.20124078,  0.96587878,  1.24276638,
       -1.95573747,  0.59728831,  0.06201471, -0.30489963,  1.26669765,
       -0.9853549 ,  2.57948971,  0.53412002, -0.18399391,  0.35282788,
       -0.35471416, -1.22136354, -1.69409108,  0.07341255,  0.28213263,
        0.05783279, -0.84002763,  1.29041326,  0.13128729, -1.08003891,
       -0.20593932,  0.59284407, -1.03334081,  2.32417417, -0.49155647,
        0.78610033,  1.64156234, -0.51521546, -1.97068298, -1.8518604 ], dtype=float32), array([-2.24009013, -0.80881429,  0.27723101,  1.48084819,  0.30245218,
       -0.93657118, -0.37346298, -1.20504618, -0.96417046,  0.33756909,
        0.54419863,  2.4349072 ,  0.39238349, -0.08863843, -1.123703  ,
       -0.98596573, -0.17736138,  0.98914045, -0.37093315, -0.50933951,
        0.43106946,  1.43034637,  0.52594715,  0.26977101,  0.42361635,
        0.71358514,  0.11413585,  1.17776012, -0.12149062, -0.79187965,
       -0.17369778, -0.17619963, -1.10731196,  0.89827716, -0.11258154,
       -0.89749205, -2.09987688,  0.51391011,  0.81613427,  0.59963965,
        0.83193308, -0.0871233 ,  0.29981506,  1.66709936, -1.9582454 ,
       -0.11611381, -0.27819991, -0.56411684, -0.68517625,  0.97103208,
        0.84762603, -0.10027276,  0.85166025,  1.3192178 , -0.90299517,
       -1.30788362,  0.61383742, -0.49900857, -0.44599396,  0.92106014,
        1.12071037, -0.3994399 , -0.94221479,  0.16889082, -0.43875402,
       -0.62636757, -0.93919009,  1.19178057,  0.96245599,  1.25929999,
       -1.96873629,  0.59244472,  0.07202071, -0.31540966,  1.259547  ,
       -0.98453504,  2.56592846,  0.54955155, -0.17386997,  0.34182084,
       -0.33904493, -1.25250113, -1.70107222,  0.06871215,  0.28126094,
        0.05641169, -0.85253209,  1.29644227,  0.13357443, -1.07381308,
       -0.21834697,  0.59225172, -1.02998149,  2.32388473, -0.48073241,
        0.79890031,  1.63802648, -0.4961403 , -1.96694243, -1.86074054], dtype=float32), array([-2.21966934, -0.78492874,  0.2657848 ,  1.48384213,  0.31644276,
       -0.94893861, -0.36907116, -1.20705974, -0.96369791,  0.33062372,
        0.54551625,  2.41494894,  0.38659763, -0.07740422, -1.11210489,
       -0.9847309 , -0.16240551,  1.00090277, -0.38729268, -0.5020088 ,
        0.43455756,  1.42989981,  0.52866566,  0.26695582,  0.41976839,
        0.692541  ,  0.12197733,  1.17649901, -0.13128974, -0.80441809,
       -0.18067245, -0.1819203 , -1.12701142,  0.90011102, -0.11140837,
       -0.90369958, -2.09607387,  0.51410717,  0.80322516,  0.61195916,
        0.82349998, -0.0819522 ,  0.28700283,  1.67976665, -1.95961726,
       -0.10466157, -0.26486322, -0.57640171, -0.67425632,  0.98430669,
        0.87106228, -0.10358881,  0.86092162,  1.3216567 , -0.91056502,
       -1.27496839,  0.61192226, -0.49886245, -0.43780693,  0.92687088,
        1.10765457, -0.37830049, -0.9366498 ,  0.17913567, -0.43971869,
       -0.63883221, -0.94815511,  1.19054985,  0.95765769,  1.25681186,
       -1.97726536,  0.58464968,  0.08164674, -0.34061655,  1.2671777 ,
       -0.98594284,  2.54338408,  0.56233549, -0.18686943,  0.33777139,
       -0.35407853, -1.27936828, -1.70582986,  0.07567867,  0.29238299,
        0.05584743, -0.85346925,  1.31598389,  0.11579914, -1.07081175,
       -0.23452444,  0.59209055, -1.02109075,  2.33418941, -0.47488347,
        0.78271371,  1.64835501, -0.48586619, -1.95715714, -1.88097131], dtype=float32), array([-2.2533989 , -0.79215753,  0.23234385,  1.48059464,  0.29311666,
       -0.97185457, -0.35176918, -1.22529078, -0.94996101,  0.33225328,
        0.55968839,  2.3824563 ,  0.37363502, -0.05893853, -1.11194909,
       -0.95672709, -0.15394853,  0.99915272, -0.40007076, -0.48660654,
        0.43906176,  1.43627036,  0.50674367,  0.24505183,  0.42017084,
        0.69997227,  0.1161591 ,  1.21366012, -0.12635294, -0.79783726,
       -0.17927361, -0.18039355, -1.14003551,  0.89009452, -0.12005362,
       -0.91338563, -2.08805275,  0.49633846,  0.78513587,  0.58998287,
        0.84811181, -0.0961092 ,  0.24350816,  1.71452403, -1.92753446,
       -0.11528052, -0.246261  , -0.56382507, -0.67323261,  1.00830555,
        0.88240141, -0.10666066,  0.8842963 ,  1.33077466, -0.94099039,
       -1.27853739,  0.60527867, -0.49699411, -0.44194171,  0.93228996,
        1.12216806, -0.33525774, -0.91504025,  0.22838105, -0.4416711 ,
       -0.63713282, -0.96846485,  1.15787554,  0.95908618,  1.22624397,
       -1.97071481,  0.58440727,  0.08811375, -0.34791735,  1.27961397,
       -1.00647211,  2.55424476,  0.57126057, -0.19791158,  0.34430844,
       -0.37960371, -1.27838838, -1.71068013,  0.09495563,  0.30204165,
        0.08685331, -0.8511346 ,  1.30674374,  0.12651587, -1.07485449,
       -0.21270023,  0.57780999, -1.03061843,  2.3071506 , -0.4878009 ,
        0.77609599,  1.66253197, -0.49274847, -1.94546151, -1.86777782], dtype=float32), array([-2.2549746 , -0.79547572,  0.20189756,  1.46803463,  0.31176063,
       -0.99356735, -0.33907348, -1.20369279, -0.94887942,  0.33443254,
        0.54384995,  2.36691689,  0.37244162, -0.04744694, -1.10829675,
       -0.94194931, -0.15099233,  1.01107359, -0.4117609 , -0.48838097,
        0.44113901,  1.43406761,  0.52771556,  0.24932292,  0.42248324,
        0.6905632 ,  0.12162083,  1.21546447, -0.12714903, -0.80364287,
       -0.18393411, -0.19061653, -1.14525437,  0.90191519, -0.12694554,
       -0.90603036, -2.08590531,  0.49929535,  0.77351296,  0.60048115,
        0.83982939, -0.08583239,  0.2375135 ,  1.71227896, -1.92826259,
       -0.10921974, -0.24838656, -0.55195796, -0.69375551,  1.02503967,
        0.87755799, -0.09722009,  0.88424581,  1.35273635, -0.95565367,
       -1.28713214,  0.61646765, -0.50258136, -0.43347999,  0.9400084 ,
        1.12381089, -0.31517228, -0.89382905,  0.23955113, -0.43607327,
       -0.65269732, -0.96186692,  1.16008604,  0.94764358,  1.22457135,
       -1.9647212 ,  0.57756811,  0.10931899, -0.33871758,  1.27139449,
       -1.02953875,  2.54898643,  0.56267715, -0.20242314,  0.33684102,
       -0.40245432, -1.28528094, -1.7172842 ,  0.11353008,  0.29590425,
        0.06945412, -0.8404758 ,  1.31004   ,  0.13319813, -1.08583605,
       -0.19840734,  0.57048565, -1.04047775,  2.29256821, -0.48148507,
        0.78117716,  1.66593015, -0.49030882, -1.94500113, -1.87890232], dtype=float32), array([-2.2499001 , -0.79490036,  0.20284024,  1.46557677,  0.31259656,
       -0.99103314, -0.34234655, -1.20255411, -0.94794065,  0.33297208,
        0.54030544,  2.36886072,  0.37728518, -0.04796697, -1.10688853,
       -0.94322789, -0.14968653,  1.01341724, -0.41119435, -0.48814183,
        0.44361147,  1.43921328,  0.53020757,  0.25232798,  0.42127585,
        0.6857813 ,  0.11886811,  1.21605051, -0.1255406 , -0.80641651,
       -0.1821963 , -0.1920993 , -1.14331663,  0.90127337, -0.12778129,
       -0.9029175 , -2.09039044,  0.49912837,  0.77544785,  0.60093158,
        0.83657938, -0.0853899 ,  0.23558015,  1.71376753, -1.93320644,
       -0.10396049, -0.24727626, -0.54982799, -0.69712234,  1.02453601,
        0.8746208 , -0.09787022,  0.88574547,  1.35513508, -0.95573622,
       -1.28990352,  0.61887121, -0.50384533, -0.42896956,  0.94130915,
        1.12420523, -0.31349802, -0.89206362,  0.23779324, -0.43605706,
       -0.65392524, -0.96110523,  1.15819907,  0.94781852,  1.22310674,
       -1.96733701,  0.57588524,  0.10954398, -0.34218812,  1.27022159,
       -1.02708125,  2.54793859,  0.55717635, -0.20280851,  0.33651039,
       -0.40153596, -1.28441799, -1.71585393,  0.11115051,  0.29802331,
        0.06997473, -0.84287578,  1.31181455,  0.13264811, -1.08579075,
       -0.198553  ,  0.57193846, -1.04111302,  2.2920599 , -0.47739252,
        0.77603781,  1.66273451, -0.49012193, -1.9455241 , -1.88010752], dtype=float32), array([-2.25692344, -0.79997963,  0.18552358,  1.48547614,  0.30352288,
       -0.96580297, -0.34398019, -1.19815814, -0.97509456,  0.34602177,
        0.53469247,  2.3524282 ,  0.37508023, -0.05064489, -1.11942136,
       -0.93110538, -0.14009453,  1.02384365, -0.43039867, -0.47896868,
        0.45406091,  1.44634509,  0.52116483,  0.23143257,  0.41818649,
        0.68573308,  0.14052956,  1.20298362, -0.14394742, -0.80671728,
       -0.19320674, -0.17422865, -1.17421293,  0.93703562, -0.12361948,
       -0.8861798 , -2.10011387,  0.50725198,  0.78540856,  0.6216827 ,
        0.80877101, -0.09380306,  0.23691191,  1.70696092, -1.92579579,
       -0.10439816, -0.25781357, -0.55542451, -0.70849162,  1.03985786,
        0.85675162, -0.09001084,  0.89838827,  1.37357581, -0.9548409 ,
       -1.30587769,  0.60909551, -0.50227344, -0.42437425,  0.94399863,
        1.10774577, -0.33358932, -0.8616575 ,  0.21857966, -0.4511604 ,
       -0.6548956 , -0.9319064 ,  1.18119693,  0.95511222,  1.23404479,
       -1.97083879,  0.57364309,  0.12305296, -0.34892705,  1.29484332,
       -1.00577891,  2.53281879,  0.58750832, -0.18083653,  0.30603138,
       -0.39397779, -1.27274001, -1.71997094,  0.11596658,  0.30030718,
        0.07551965, -0.84734476,  1.30704749,  0.14391054, -1.0742743 ,
       -0.21819402,  0.55437839, -1.0486151 ,  2.27101636, -0.48488092,
        0.76960576,  1.65512609, -0.50831473, -1.92812705, -1.88823807], dtype=float32), array([-2.26092362, -0.80004716,  0.18883112,  1.48231268,  0.30887401,
       -0.96889794, -0.34551945, -1.19696879, -0.96735835,  0.34645027,
        0.53190398,  2.35360456,  0.3788771 , -0.05205684, -1.11613858,
       -0.93841159, -0.14404623,  1.01787496, -0.43475461, -0.48087883,
        0.45496848,  1.44861174,  0.52551866,  0.23597816,  0.42608613,
        0.690606  ,  0.14353283,  1.20052242, -0.13795564, -0.81021702,
       -0.19339414, -0.17111149, -1.16548443,  0.9310658 , -0.12582336,
       -0.8766557 , -2.09702682,  0.50384599,  0.78896302,  0.62116635,
        0.81304276, -0.09036033,  0.23289922,  1.70731902, -1.93049586,
       -0.10111298, -0.26098549, -0.54605901, -0.70629293,  1.0350585 ,
        0.85867536, -0.08989475,  0.89960694,  1.37216008, -0.9550609 ,
       -1.30453968,  0.6158765 , -0.50004339, -0.42497507,  0.94170892,
        1.10920525, -0.33654067, -0.86295789,  0.2220863 , -0.44969225,
       -0.65966064, -0.94325125,  1.18461382,  0.9541679 ,  1.23567712,
       -1.9726398 ,  0.5736841 ,  0.1166278 , -0.35146356,  1.27941585,
       -1.01107645,  2.53324318,  0.58501852, -0.17669396,  0.31408426,
       -0.39696595, -1.27145231, -1.71993434,  0.11683104,  0.3005957 ,
        0.07003359, -0.84412497,  1.3043294 ,  0.1475423 , -1.08127964,
       -0.22067043,  0.55560398, -1.04540431,  2.2722764 , -0.48486695,
        0.77166146,  1.64727354, -0.50721699, -1.93386114, -1.88666832], dtype=float32), array([-2.26583099, -0.82167333,  0.18076058,  1.47739351,  0.32884175,
       -0.95587975, -0.34078658, -1.19550514, -0.96112591,  0.34872556,
        0.53775024,  2.34002614,  0.39289993, -0.05234798, -1.11897111,
       -0.92838436, -0.15067232,  1.01775825, -0.44039795, -0.48806459,
        0.43916145,  1.45371675,  0.52430415,  0.23679075,  0.42643166,
        0.69407684,  0.15094911,  1.19713986, -0.13260794, -0.7989319 ,
       -0.21586314, -0.16725795, -1.14204431,  0.91992962, -0.12933591,
       -0.89105481, -2.11419797,  0.4999212 ,  0.79134393,  0.59718919,
        0.81429976, -0.08925993,  0.25001141,  1.70623434, -1.93671358,
       -0.09207596, -0.24637468, -0.54014629, -0.70366168,  1.00285685,
        0.86280954, -0.0913212 ,  0.90320706,  1.36279547, -0.97162735,
       -1.3212049 ,  0.61723828, -0.4893629 , -0.43068793,  0.929712  ,
        1.1365236 , -0.33663365, -0.86673915,  0.21319509, -0.45951262,
       -0.6683358 , -0.96648741,  1.16505802,  0.96827847,  1.21401501,
       -1.96667469,  0.58443803,  0.11619452, -0.36050034,  1.28213036,
       -1.00465   ,  2.54800534,  0.5964278 , -0.15689036,  0.31988618,
       -0.40327901, -1.2611053 , -1.71462023,  0.10495763,  0.30984664,
        0.06740104, -0.83847725,  1.3101579 ,  0.14138886, -1.08769476,
       -0.20788042,  0.55770439, -1.03825116,  2.28332829, -0.49788609,
        0.76747876,  1.65977108, -0.50192815, -1.92411339, -1.86543345], dtype=float32), array([-2.24865484, -0.80871683,  0.21161532,  1.48711252,  0.33606386,
       -0.93209922, -0.36067134, -1.19359505, -0.95940769,  0.34630036,
        0.52572513,  2.36216426,  0.36179402, -0.0564874 , -1.13652289,
       -0.94404751, -0.15336324,  1.0117116 , -0.43477735, -0.49786106,
        0.44320819,  1.44535255,  0.52656305,  0.22560056,  0.42870077,
        0.71860117,  0.15199211,  1.17603314, -0.11451137, -0.79736507,
       -0.20271723, -0.14348868, -1.11307538,  0.93845332, -0.15531664,
       -0.85756749, -2.14424777,  0.50675881,  0.81021214,  0.57997841,
        0.83150792, -0.06536911,  0.25729501,  1.68221295, -1.96979034,
       -0.09450518, -0.25635877, -0.53088516, -0.70393878,  0.96197444,
        0.87153989, -0.09085442,  0.89493304,  1.34734428, -0.94991338,
       -1.34429204,  0.65018582, -0.46054962, -0.43946031,  0.91812962,
        1.11623073, -0.36688799, -0.90307307,  0.18117963, -0.46942207,
       -0.66529161, -0.92683792,  1.19403112,  0.95208436,  1.2286917 ,
       -1.98494911,  0.5592674 ,  0.10761392, -0.37336868,  1.2556181 ,
       -1.0067848 ,  2.55304742,  0.58179969, -0.16813214,  0.31881917,
       -0.38726032, -1.23260772, -1.71970582,  0.11110968,  0.31209052,
        0.0431248 , -0.81312174,  1.29315138,  0.14013052, -1.06409729,
       -0.2166975 ,  0.5800336 , -1.0289247 ,  2.29708719, -0.48553261,
        0.77729428,  1.6717627 , -0.51215786, -1.94065511, -1.85731328], dtype=float32), array([-2.25143909, -0.80078584,  0.23760235,  1.50138521,  0.33010146,
       -0.91961712, -0.36430967, -1.2054491 , -0.95525151,  0.33358121,
        0.51744998,  2.37673903,  0.34356338, -0.05962176, -1.14387596,
       -0.95992941, -0.14407183,  1.00349104, -0.41552347, -0.50659537,
        0.43981221,  1.44771028,  0.51156497,  0.22989203,  0.43380558,
        0.74360067,  0.15048447,  1.1730274 , -0.09814389, -0.79498196,
       -0.1824611 , -0.13009933, -1.09924245,  0.94602913, -0.15101349,
       -0.85372961, -2.15669537,  0.51178026,  0.80627441,  0.57965338,
        0.85116142, -0.05586219,  0.27297997,  1.65205622, -1.97635329,
       -0.09072825, -0.27390882, -0.52921593, -0.70580548,  0.94410574,
        0.88494939, -0.08943892,  0.88650525,  1.33728409, -0.93272454,
       -1.36380231,  0.65966308, -0.45482802, -0.44357198,  0.92232102,
        1.09625852, -0.38224685, -0.90922374,  0.1629051 , -0.47383687,
       -0.66721821, -0.9022606 ,  1.21588433,  0.9539004 ,  1.23053491,
       -1.98804462,  0.56122643,  0.09881216, -0.36618564,  1.23775947,
       -1.01268494,  2.56074047,  0.5710119 , -0.18557404,  0.31901345,
       -0.37999466, -1.22386396, -1.71573782,  0.11409402,  0.30637079,
        0.02072173, -0.79615313,  1.27322137,  0.15038566, -1.06055975,
       -0.22763914,  0.58037394, -1.0313431 ,  2.31000781, -0.48244762,
        0.78486317,  1.65806079, -0.53177363, -1.95229208, -1.83656371], dtype=float32), array([-2.24935317, -0.80329973,  0.23386212,  1.50871253,  0.33339369,
       -0.91213155, -0.36934423, -1.20232761, -0.95676935,  0.34153864,
        0.51497585,  2.37639403,  0.35045266, -0.06432585, -1.14528322,
       -0.95687622, -0.14242239,  1.0065614 , -0.41432592, -0.50804698,
        0.44502011,  1.45081687,  0.51219481,  0.22718108,  0.43039918,
        0.74093831,  0.15775622,  1.16996825, -0.09857812, -0.79763705,
       -0.18437973, -0.12858558, -1.1023798 ,  0.9524886 , -0.14860582,
       -0.85020584, -2.16274977,  0.50991249,  0.81202567,  0.58415526,
        0.84580129, -0.05677481,  0.27224106,  1.64961076, -1.97649765,
       -0.08917575, -0.27553901, -0.52949625, -0.7114172 ,  0.94539618,
        0.87700599, -0.08492447,  0.88730675,  1.33712518, -0.93706572,
       -1.3696214 ,  0.66044885, -0.45579615, -0.44104943,  0.92332506,
        1.09581292, -0.38796058, -0.90718049,  0.16035238, -0.47335219,
       -0.66343927, -0.8958286 ,  1.21797168,  0.9547199 ,  1.22849452,
       -1.98812687,  0.55756545,  0.09907068, -0.37029529,  1.23754728,
       -1.00906944,  2.559057  ,  0.56974709, -0.1796881 ,  0.3112745 ,
       -0.37924615, -1.22142947, -1.71261537,  0.11454102,  0.30746156,
        0.02102474, -0.79808217,  1.27180195,  0.15349218, -1.06042373,
       -0.23008338,  0.57716459, -1.03069031,  2.30657601, -0.48319459,
        0.78175431,  1.65848219, -0.53587633, -1.94730628, -1.84204793], dtype=float32), array([-2.24403715, -0.79043978,  0.21677348,  1.51543629,  0.3296538 ,
       -0.93214196, -0.37062675, -1.19965279, -0.96487707,  0.34494168,
        0.52999246,  2.36668944,  0.36892524, -0.05658038, -1.13350987,
       -0.93536091, -0.14114021,  1.01189804, -0.43194249, -0.48982096,
        0.44033477,  1.42854357,  0.523022  ,  0.2286797 ,  0.42173854,
        0.73729837,  0.16627575,  1.17132437, -0.08358553, -0.7812103 ,
       -0.1905826 , -0.13327922, -1.12567699,  0.93992966, -0.16079938,
       -0.85134971, -2.13887072,  0.51058602,  0.81938672,  0.58902049,
        0.84122729, -0.07248167,  0.25958458,  1.65554345, -1.96513546,
       -0.10169827, -0.26815462, -0.52892202, -0.69885689,  0.95743001,
        0.88910115, -0.09503568,  0.87877119,  1.3324182 , -0.94799364,
       -1.37592196,  0.65337259, -0.46510714, -0.44541016,  0.91591299,
        1.09893477, -0.3845942 , -0.90382069,  0.18167105, -0.46741796,
       -0.67374361, -0.90062815,  1.22046888,  0.9611783 ,  1.23819327,
       -1.97828948,  0.53313696,  0.09107143, -0.37085477,  1.25563526,
       -1.01226902,  2.55869174,  0.58641958, -0.17624   ,  0.29879048,
       -0.36779022, -1.22440004, -1.74105895,  0.10922513,  0.3099167 ,
        0.05262474, -0.80062741,  1.27150893,  0.13336144, -1.06542659,
       -0.23137005,  0.56914264, -1.03611219,  2.30663395, -0.488314  ,
        0.78103507,  1.67227757, -0.54469413, -1.93987739, -1.84599876], dtype=float32), array([-2.23478532, -0.8102684 ,  0.21629247,  1.50152266,  0.34298101,
       -0.90408242, -0.38552859, -1.19557452, -0.95604664,  0.34731218,
        0.52928507,  2.37343645,  0.39471561, -0.07031008, -1.13373625,
       -0.93598658, -0.13401246,  1.00938499, -0.43272737, -0.50393546,
        0.44910499,  1.44343126,  0.5321511 ,  0.23301506,  0.40655172,
        0.71839464,  0.17081667,  1.17167735, -0.07174489, -0.79946357,
       -0.18463255, -0.14481418, -1.11534548,  0.9362011 , -0.14356014,
       -0.84777611, -2.13886833,  0.51712573,  0.81168944,  0.58946747,
        0.8500191 , -0.07414984,  0.27339041,  1.65748954, -1.97187996,
       -0.09080362, -0.24894147, -0.52283955, -0.70693338,  0.94873303,
        0.89817554, -0.09542266,  0.87095302,  1.3276118 , -0.95714694,
       -1.39205301,  0.66336197, -0.46563384, -0.43993935,  0.90792501,
        1.11306703, -0.38817796, -0.90117854,  0.16429295, -0.45548609,
       -0.69129544, -0.91140389,  1.19765759,  0.98145628,  1.22938752,
       -1.97439718,  0.55604237,  0.08271269, -0.36824146,  1.24763072,
       -0.99109006,  2.5776155 ,  0.57287782, -0.18736276,  0.30602023,
       -0.36740923, -1.22902727, -1.7370137 ,  0.10577702,  0.30199689,
        0.03719549, -0.80903286,  1.26548326,  0.12119082, -1.08385217,
       -0.21735306,  0.57945359, -1.03193641,  2.30474997, -0.48806587,
        0.7684328 ,  1.66521668, -0.56442112, -1.92328393, -1.841501  ], dtype=float32), array([-2.21891093, -0.79692465,  0.20784321,  1.50297046,  0.34386778,
       -0.9115755 , -0.39114133, -1.1769644 , -0.94248801,  0.34288239,
        0.53038633,  2.36053753,  0.41284919, -0.07643212, -1.12690353,
       -0.95008022, -0.12847398,  1.01425338, -0.43813127, -0.49167493,
        0.4480556 ,  1.44379807,  0.55151254,  0.24467391,  0.40622407,
        0.70922315,  0.16374224,  1.16264272, -0.08204453, -0.80577701,
       -0.17888251, -0.1449523 , -1.11249626,  0.92357802, -0.14434423,
       -0.84011191, -2.14409947,  0.51248264,  0.81953132,  0.58750588,
        0.84180719, -0.07291192,  0.27080226,  1.66512001, -1.99262714,
       -0.09287279, -0.26666591, -0.53466064, -0.70786476,  0.94973457,
        0.88631219, -0.0877369 ,  0.86968261,  1.32774293, -0.96523172,
       -1.3726449 ,  0.66270906, -0.47282991, -0.43193132,  0.92217648,
        1.12127483, -0.37900576, -0.89779794,  0.16529134, -0.44489616,
       -0.69537032, -0.91288543,  1.19602776,  0.97443646,  1.23133457,
       -1.97603643,  0.54840791,  0.08828841, -0.36639702,  1.24833286,
       -0.99603707,  2.57296133,  0.56130522, -0.18457815,  0.30412894,
       -0.37670642, -1.23254752, -1.73723388,  0.10466522,  0.31471047,
        0.01355502, -0.81045991,  1.27349329,  0.11547031, -1.08948863,
       -0.19817342,  0.58102566, -1.03084528,  2.32258987, -0.47670558,
        0.74542701,  1.6703372 , -0.54969633, -1.92962325, -1.8528384 ], dtype=float32), array([-2.22176433, -0.79750723,  0.21306503,  1.50620735,  0.34141278,
       -0.90831137, -0.38927743, -1.18422532, -0.93811232,  0.34074968,
        0.53171879,  2.36946464,  0.40925041, -0.07707809, -1.1241734 ,
       -0.95274931, -0.12636086,  1.01074493, -0.43076357, -0.49198827,
        0.45112333,  1.44478178,  0.55080503,  0.2409761 ,  0.40709445,
        0.70690781,  0.16823822,  1.16817069, -0.08585062, -0.81016088,
       -0.1784876 , -0.14862113, -1.11192822,  0.92000365, -0.1435585 ,
       -0.84002304, -2.13987017,  0.50935513,  0.81910813,  0.58707559,
        0.83945769, -0.07715742,  0.26992837,  1.66760361, -1.99774194,
       -0.09371299, -0.26332682, -0.53184789, -0.7063331 ,  0.94981039,
        0.88381875, -0.08511394,  0.87119812,  1.32469225, -0.9639104 ,
       -1.37311316,  0.66410536, -0.47517791, -0.43571001,  0.9218002 ,
        1.12162995, -0.38341942, -0.89744705,  0.16062842, -0.43911141,
       -0.69189662, -0.90962189,  1.19565606,  0.97370243,  1.22583926,
       -1.97654033,  0.55447131,  0.08694329, -0.3636696 ,  1.2478677 ,
       -0.99935913,  2.57633305,  0.55386609, -0.18287283,  0.30559221,
       -0.3700203 , -1.22882617, -1.73390985,  0.10281881,  0.31368598,
        0.01830271, -0.81633723,  1.27097631,  0.11948637, -1.08980811,
       -0.19633047,  0.57972461, -1.03097308,  2.321136  , -0.47446164,
        0.74415028,  1.66392016, -0.55314308, -1.92988026, -1.85381424], dtype=float32), array([-2.23037791, -0.78597832,  0.21451043,  1.5063194 ,  0.33839622,
       -0.90608543, -0.38958925, -1.18996978, -0.93396652,  0.34548491,
        0.54441303,  2.37929153,  0.41286319, -0.07565996, -1.11742258,
       -0.96755576, -0.13203111,  1.01242161, -0.42622954, -0.4924807 ,
        0.44663081,  1.44131517,  0.55868512,  0.24506608,  0.41769275,
        0.70556694,  0.16890702,  1.16314125, -0.09688647, -0.81223577,
       -0.18794329, -0.15348478, -1.11890316,  0.91961712, -0.12576133,
       -0.84688824, -2.14012241,  0.50394648,  0.81627464,  0.58213848,
        0.84761763, -0.07430673,  0.26177925,  1.67128491, -2.00153112,
       -0.07993376, -0.26422694, -0.53401929, -0.71416551,  0.95613903,
        0.88825679, -0.09721044,  0.86934352,  1.32234478, -0.95575291,
       -1.36586475,  0.66398156, -0.47136617, -0.43377143,  0.91518903,
        1.11594212, -0.36772898, -0.90146035,  0.1670543 , -0.4386149 ,
       -0.69295853, -0.91956103,  1.18733013,  0.98219842,  1.21357667,
       -1.9752593 ,  0.54295594,  0.07522152, -0.36540356,  1.24912548,
       -1.00254333,  2.5696671 ,  0.55570948, -0.188444  ,  0.31230187,
       -0.36355028, -1.22186887, -1.72475851,  0.1000832 ,  0.31683868,
        0.02409616, -0.81908411,  1.27779675,  0.11450175, -1.08523357,
       -0.19707003,  0.57964206, -1.01828516,  2.31732345, -0.47077334,
        0.73350406,  1.66800869, -0.5549981 , -1.94048321, -1.85169697], dtype=float32), array([-2.24357414, -0.7943421 ,  0.21433748,  1.50587988,  0.34005344,
       -0.91741604, -0.37664583, -1.19019032, -0.95132583,  0.34804991,
        0.54389924,  2.39220214,  0.41505331, -0.08440779, -1.11764848,
       -0.96286744, -0.1303087 ,  1.0116446 , -0.42505118, -0.49245143,
        0.43357888,  1.42972767,  0.56651044,  0.25744954,  0.41591579,
        0.69985229,  0.15616365,  1.15646613, -0.10187069, -0.79178411,
       -0.20342456, -0.16187333, -1.12207103,  0.92636192, -0.12725249,
       -0.84612739, -2.13445234,  0.51426226,  0.81585842,  0.58785158,
        0.85544455, -0.0684575 ,  0.27370098,  1.67270041, -1.99001002,
       -0.08318966, -0.26564682, -0.53879279, -0.71532166,  0.95626628,
        0.88823986, -0.10245451,  0.86515826,  1.33045113, -0.93880033,
       -1.36779344,  0.66151351, -0.47535193, -0.4361693 ,  0.90540165,
        1.09677958, -0.36860263, -0.89228803,  0.1595355 , -0.44304186,
       -0.70596039, -0.94307172,  1.17399263,  0.98741961,  1.21783268,
       -1.96652973,  0.54926121,  0.08191304, -0.36223903,  1.27074885,
       -0.99266541,  2.56764483,  0.56058174, -0.18854283,  0.31964067,
       -0.37144339, -1.2221657 , -1.71529531,  0.10531953,  0.31555688,
        0.02889994, -0.82158202,  1.2916919 ,  0.106767  , -1.08150327,
       -0.19247575,  0.57304454, -1.0108974 ,  2.29521585, -0.48448768,
        0.74900168,  1.67415214, -0.54953414, -1.94029522, -1.85530186], dtype=float32), array([-2.24193192, -0.79528219,  0.21230435,  1.50543034,  0.3384122 ,
       -0.9186247 , -0.37794828, -1.19131541, -0.94655448,  0.3486841 ,
        0.54023606,  2.3913393 ,  0.41315722, -0.08284865, -1.11358392,
       -0.95896935, -0.1304466 ,  1.01347363, -0.42038715, -0.49063483,
        0.4348048 ,  1.43085706,  0.5674274 ,  0.25740618,  0.41502976,
        0.69912374,  0.15993135,  1.1594696 , -0.10415255, -0.79398566,
       -0.20399533, -0.16687363, -1.12200952,  0.92808604, -0.12861867,
       -0.84790558, -2.1352129 ,  0.51204914,  0.81810242,  0.58731151,
        0.85416299, -0.0693353 ,  0.27184543,  1.67202473, -1.99236584,
       -0.08325391, -0.26460403, -0.53884315, -0.71791518,  0.96225613,
        0.88150239, -0.10129724,  0.86670554,  1.33281326, -0.94010431,
       -1.36871386,  0.66492128, -0.47288445, -0.43286473,  0.90552288,
        1.09629095, -0.36855814, -0.89200997,  0.15686113, -0.44058186,
       -0.70491451, -0.94237298,  1.17402315,  0.98878694,  1.21430707,
       -1.96411669,  0.54086649,  0.08444658, -0.3614932 ,  1.27755249,
       -0.98689586,  2.56871057,  0.5513165 , -0.19379935,  0.31873655,
       -0.3726584 , -1.21941161, -1.71557498,  0.10279167,  0.31853458,
        0.02806158, -0.82584947,  1.29165649,  0.10965755, -1.0798775 ,
       -0.19085568,  0.57553232, -1.01292872,  2.29643083, -0.48182794,
        0.74637991,  1.67328501, -0.55122477, -1.93942285, -1.86078227], dtype=float32), array([-2.24662757, -0.80025941,  0.21687733,  1.5049907 ,  0.33412123,
       -0.92803359, -0.37323242, -1.19797552, -0.94968212,  0.34721792,
        0.54514283,  2.39549685,  0.41055873, -0.08023808, -1.10999787,
       -0.95318949, -0.13240403,  1.0092032 , -0.41493121, -0.4919163 ,
        0.43844679,  1.42850673,  0.56180203,  0.25662884,  0.41140056,
        0.6991592 ,  0.15896446,  1.16258979, -0.10358723, -0.79149145,
       -0.20309083, -0.16659741, -1.1186378 ,  0.9262954 , -0.13357325,
       -0.85130024, -2.13956523,  0.51229495,  0.81893367,  0.58347362,
        0.85926425, -0.06765556,  0.2773253 ,  1.67546225, -1.99343657,
       -0.08908333, -0.26349276, -0.53877497, -0.71620965,  0.96241993,
        0.87685645, -0.0979012 ,  0.86793542,  1.32975304, -0.93820512,
       -1.36400664,  0.6695745 , -0.47000101, -0.43441036,  0.90496725,
        1.08991575, -0.36515999, -0.89846712,  0.14968613, -0.44605765,
       -0.70144153, -0.94108266,  1.16756761,  0.98637211,  1.2190305 ,
       -1.96152854,  0.54584116,  0.08100592, -0.3610065 ,  1.27703285,
       -0.98674089,  2.56803703,  0.54800022, -0.18986854,  0.31700322,
       -0.36683986, -1.21433544, -1.71544051,  0.10172954,  0.32022747,
        0.03583039, -0.83085859,  1.29328239,  0.11519185, -1.07474172,
       -0.18554279,  0.58068949, -1.01482499,  2.2904315 , -0.48186591,
        0.74427509,  1.67429042, -0.55189431, -1.94103122, -1.86286807], dtype=float32), array([-2.24227357, -0.81461281,  0.22359338,  1.49935114,  0.35026708,
       -0.90261286, -0.37954161, -1.18890584, -0.92294532,  0.35310611,
        0.53859568,  2.41935325,  0.44801778, -0.09358032, -1.11935651,
       -0.95111924, -0.12534705,  1.00203872, -0.39863268, -0.49785417,
        0.44754574,  1.4353193 ,  0.57350051,  0.25886303,  0.40622133,
        0.6750319 ,  0.16838671,  1.15999103, -0.09018858, -0.82152015,
       -0.20325634, -0.18650976, -1.10651255,  0.93445522, -0.11540606,
       -0.85247225, -2.13441825,  0.5013504 ,  0.81788218,  0.57591724,
        0.85329324, -0.08230249,  0.28988782,  1.66573083, -2.0100677 ,
       -0.06741699, -0.24602854, -0.54212278, -0.72630632,  0.95870399,
        0.88063747, -0.09241051,  0.86284816,  1.30741394, -0.92928386,
       -1.37795079,  0.66872245, -0.48551625, -0.4365747 ,  0.90311074,
        1.09470737, -0.39162201, -0.8956483 ,  0.13174064, -0.41915762,
       -0.7162624 , -0.94488269,  1.15866375,  1.0129534 ,  1.21494722,
       -1.951406  ,  0.56199753,  0.07556304, -0.35713258,  1.27797914,
       -0.95966798,  2.58158684,  0.51685858, -0.21668972,  0.32549387,
       -0.35798904, -1.22180736, -1.70409667,  0.09581207,  0.3147983 ,
        0.03080346, -0.84831852,  1.28607547,  0.09107024, -1.09223139,
       -0.17237808,  0.5939157 , -1.01840353,  2.29627109, -0.47882047,
        0.74202663,  1.66550756, -0.58258665, -1.91635108, -1.85941052], dtype=float32), array([-2.23221302, -0.83846825,  0.22714101,  1.48011768,  0.35418996,
       -0.89779621, -0.38202649, -1.19783306, -0.9043563 ,  0.3625285 ,
        0.53650713,  2.4171927 ,  0.45197326, -0.09575649, -1.12176645,
       -0.94483435, -0.11910782,  0.99582756, -0.39656693, -0.50104636,
        0.45024973,  1.45221293,  0.5805285 ,  0.25221992,  0.41447163,
        0.67201936,  0.17488723,  1.16782904, -0.07765558, -0.82946229,
       -0.20252028, -0.1707698 , -1.10135877,  0.9296695 , -0.11151993,
       -0.86711377, -2.14007187,  0.50825435,  0.8325761 ,  0.56758875,
        0.8602668 , -0.0769731 ,  0.29258668,  1.66686189, -2.01067185,
       -0.05977834, -0.24265715, -0.53131765, -0.73224479,  0.96250206,
        0.86953944, -0.09206367,  0.86127788,  1.30142343, -0.92205197,
       -1.38175428,  0.68810153, -0.48517188, -0.43119243,  0.89821106,
        1.09845424, -0.40658519, -0.88694197,  0.11739597, -0.40717742,
       -0.71331286, -0.95191807,  1.14635003,  1.02933991,  1.19938898,
       -1.94515526,  0.57795519,  0.07195801, -0.36810273,  1.28368437,
       -0.95076162,  2.59217525,  0.49856812, -0.21806356,  0.33026275,
       -0.36836413, -1.22156   , -1.69996178,  0.09002006,  0.30653992,
        0.02368008, -0.84180224,  1.28525126,  0.10536069, -1.09655118,
       -0.17236991,  0.59440917, -1.03643811,  2.28059936, -0.48605147,
        0.73222661,  1.65760076, -0.59631836, -1.91284621, -1.87157369], dtype=float32), array([-2.22822356, -0.83629584,  0.21725704,  1.4885968 ,  0.35778326,
       -0.89028788, -0.38451484, -1.18620753, -0.91509342,  0.37460259,
        0.54146081,  2.41379499,  0.45705628, -0.10159613, -1.12562692,
       -0.94067293, -0.12137342,  1.01300693, -0.39666191, -0.49733531,
        0.45185235,  1.45228159,  0.57831156,  0.24111852,  0.40960851,
        0.66669291,  0.17755495,  1.17142701, -0.077751  , -0.83131516,
       -0.21165217, -0.16252279, -1.10642707,  0.94008768, -0.116335  ,
       -0.86691397, -2.14404273,  0.50475037,  0.84034032,  0.56911266,
        0.85499948, -0.08005675,  0.29486087,  1.66070974, -2.00855374,
       -0.06665605, -0.2355137 , -0.53807867, -0.73434943,  0.957192  ,
        0.85994714, -0.08392291,  0.86026287,  1.30250859, -0.93099111,
       -1.39161456,  0.68792087, -0.47807285, -0.43737662,  0.89630222,
        1.08976269, -0.40580311, -0.87888432,  0.116862  , -0.40868044,
       -0.71281302, -0.9473573 ,  1.15393555,  1.02790892,  1.19909704,
       -1.94686687,  0.57281065,  0.07828708, -0.37814984,  1.29595673,
       -0.93937641,  2.58752751,  0.50573069, -0.21197882,  0.31477106,
       -0.361954  , -1.21892512, -1.70462918,  0.09035534,  0.31165448,
        0.02929248, -0.84473109,  1.28530288,  0.09944294, -1.09382296,
       -0.17057173,  0.58820313, -1.03008938,  2.27442074, -0.49406484,
        0.73027599,  1.66405106, -0.59904516, -1.90239656, -1.88087404], dtype=float32), array([-2.22832489, -0.84170663,  0.21573532,  1.4891237 ,  0.36319715,
       -0.88856661, -0.37692344, -1.18513238, -0.91617441,  0.37813067,
        0.53715718,  2.41215634,  0.45329922, -0.09796511, -1.12857676,
       -0.93962449, -0.11478499,  1.008551  , -0.39750275, -0.49684584,
        0.45304525,  1.4518168 ,  0.58128893,  0.23499511,  0.41464081,
        0.66713458,  0.17375746,  1.16846156, -0.07924562, -0.83466583,
       -0.2148685 , -0.16266933, -1.10990942,  0.94315463, -0.11525812,
       -0.86664581, -2.14304948,  0.50987923,  0.84203506,  0.56937099,
        0.85355252, -0.07646544,  0.2980724 ,  1.661291  , -2.00644183,
       -0.06967501, -0.23637636, -0.54286611, -0.73611557,  0.96070904,
        0.85656381, -0.08237737,  0.86090863,  1.30559981, -0.93134981,
       -1.39062512,  0.68726182, -0.47693235, -0.43927714,  0.89488137,
        1.08533061, -0.40762243, -0.87958753,  0.11200003, -0.4051725 ,
       -0.71192306, -0.94303471,  1.15699184,  1.02965593,  1.19596398,
       -1.94602811,  0.57326037,  0.08094569, -0.379821  ,  1.29509056,
       -0.93729305,  2.58687711,  0.5026207 , -0.21121013,  0.31514537,
       -0.3678076 , -1.21734059, -1.70418763,  0.09498473,  0.31126893,
        0.02916744, -0.83946598,  1.28439832,  0.10474405, -1.09360158,
       -0.16727962,  0.5856117 , -1.03745508,  2.27405214, -0.49104896,
        0.72808516,  1.66472125, -0.60043883, -1.90103161, -1.88839591], dtype=float32), array([-2.23495984, -0.8300246 ,  0.21161914,  1.48244822,  0.36062944,
       -0.88796294, -0.37518945, -1.20957911, -0.93572474,  0.38835666,
        0.53393829,  2.41310477,  0.42709419, -0.08428311, -1.10572028,
       -0.92638057, -0.1194204 ,  0.99470729, -0.39970613, -0.52502495,
        0.42625523,  1.46632993,  0.5534175 ,  0.24579677,  0.40527317,
        0.67875534,  0.17281048,  1.16557705, -0.08650302, -0.83361924,
       -0.20872025, -0.16466628, -1.10933423,  0.90927577, -0.1119803 ,
       -0.90550733, -2.14943576,  0.48986727,  0.84161687,  0.54589194,
        0.86651695, -0.07707343,  0.29233509,  1.69193387, -1.99132192,
       -0.0919458 , -0.21646069, -0.54478633, -0.72540057,  0.93924111,
        0.87525988, -0.09165055,  0.82324576,  1.30978596, -0.92349875,
       -1.37796795,  0.68493527, -0.43777797, -0.43738341,  0.8908428 ,
        1.08271468, -0.3934412 , -0.9014731 ,  0.10388866, -0.41530058,
       -0.69056231, -0.9656781 ,  1.13918102,  1.02706981,  1.16313529,
       -1.97499096,  0.57641333,  0.05864475, -0.39397418,  1.32887805,
       -0.94990295,  2.59998131,  0.51820064, -0.1938276 ,  0.3414785 ,
       -0.34593838, -1.20244753, -1.70808911,  0.08072852,  0.33169293,
        0.06276717, -0.82841396,  1.2879771 ,  0.11960727, -1.09160674,
       -0.18071736,  0.58283168, -1.02189636,  2.27724862, -0.48627776,
        0.73352575,  1.69335008, -0.57528377, -1.90237594, -1.85496974], dtype=float32), array([-2.23148394, -0.82992458,  0.21078305,  1.47877371,  0.34957129,
       -0.89465141, -0.37195233, -1.21547294, -0.94179624,  0.37747818,
        0.53835738,  2.40886211,  0.42661029, -0.0931994 , -1.09219086,
       -0.92646575, -0.12091595,  1.00205338, -0.39756396, -0.53155589,
        0.42464516,  1.46406209,  0.55256569,  0.24675097,  0.40810373,
        0.67105275,  0.17334242,  1.16926575, -0.09162758, -0.83728558,
       -0.20041059, -0.16387025, -1.11142266,  0.89596069, -0.10907467,
       -0.91320616, -2.14755678,  0.4882085 ,  0.84064186,  0.54349476,
        0.87476814, -0.08241559,  0.2925607 ,  1.69364357, -1.98701108,
       -0.09658469, -0.2049877 , -0.55233407, -0.71980131,  0.93923283,
        0.88380241, -0.09032153,  0.81809729,  1.30908597, -0.92287594,
       -1.37029433,  0.68683344, -0.42595547, -0.43648231,  0.88425136,
        1.0890404 , -0.3940179 , -0.90705031,  0.10520535, -0.41508511,
       -0.67670733, -0.97267872,  1.14065874,  1.02910483,  1.16576266,
       -1.97736883,  0.57652581,  0.05557889, -0.39592585,  1.33397591,
       -0.94529259,  2.59328961,  0.52265573, -0.1819979 ,  0.33562171,
       -0.33358878, -1.20531094, -1.71172976,  0.07591688,  0.32863531,
        0.0663013 , -0.82822013,  1.29198754,  0.11876591, -1.09399593,
       -0.17932719,  0.58264744, -1.0246805 ,  2.27700138, -0.49216101,
        0.73939133,  1.70405114, -0.58253044, -1.90256798, -1.85405099], dtype=float32), array([-2.22797775, -0.82657719,  0.21085134,  1.47897458,  0.35172972,
       -0.89099622, -0.37271068, -1.21765983, -0.93751973,  0.37572384,
        0.53878635,  2.40822649,  0.430852  , -0.09317014, -1.0903914 ,
       -0.92889678, -0.1215397 ,  1.00366104, -0.40059006, -0.52971226,
        0.42690927,  1.46450102,  0.55604213,  0.24693909,  0.41050795,
        0.66602218,  0.16885425,  1.1673696 , -0.09277322, -0.84198642,
       -0.19956891, -0.16457918, -1.1089201 ,  0.89485842, -0.10325434,
       -0.91023695, -2.14592242,  0.48980245,  0.8392787 ,  0.54100621,
        0.8778007 , -0.08143198,  0.29227546,  1.6960566 , -1.99309421,
       -0.09716627, -0.206488  , -0.55564594, -0.71795106,  0.93718809,
        0.88358063, -0.09398427,  0.81749135,  1.30808556, -0.92268342,
       -1.36683118,  0.68274432, -0.42400333, -0.43745503,  0.88395351,
        1.09233391, -0.38946775, -0.90998733,  0.10735659, -0.41130251,
       -0.67958719, -0.97267616,  1.13975334,  1.03055954,  1.16174972,
       -1.98025477,  0.5771938 ,  0.05312205, -0.39756393,  1.32999539,
       -0.94594103,  2.59225011,  0.51998824, -0.18128613,  0.33898208,
       -0.33796006, -1.20487106, -1.71067405,  0.07465524,  0.33237278,
        0.06465029, -0.82733023,  1.29340887,  0.12011782, -1.09654844,
       -0.1782127 ,  0.58244139, -1.02567184,  2.28211212, -0.48791084,
        0.73479593,  1.70253766, -0.58117133, -1.90333354, -1.85698164], dtype=float32), array([-2.22840381, -0.83180827,  0.2154016 ,  1.47570491,  0.34961691,
       -0.89003628, -0.36816999, -1.21771729, -0.93404406,  0.37527636,
        0.54230392,  2.40723109,  0.43419531, -0.09825339, -1.09142411,
       -0.92086518, -0.12156446,  1.00320911, -0.39629558, -0.53151035,
        0.41973317,  1.46447134,  0.55369365,  0.24852403,  0.40716711,
        0.66412967,  0.16994618,  1.17410016, -0.09388607, -0.84431386,
       -0.20098656, -0.16571237, -1.10519755,  0.88971776, -0.10492406,
       -0.91877764, -2.15299153,  0.49512592,  0.84104198,  0.54061335,
        0.8741349 , -0.08453068,  0.29903635,  1.69292605, -1.99199593,
       -0.0935548 , -0.20071228, -0.55967945, -0.71828765,  0.9375214 ,
        0.88068223, -0.09256031,  0.81481063,  1.30472326, -0.92650574,
       -1.36620784,  0.68625468, -0.42369327, -0.43786693,  0.88805336,
        1.09044909, -0.39320248, -0.91231996,  0.11098937, -0.41271183,
       -0.67255944, -0.9771536 ,  1.13604116,  1.03266001,  1.15998805,
       -1.97414839,  0.57867968,  0.05830114, -0.39070696,  1.33721173,
       -0.94648439,  2.59663367,  0.51062399, -0.18164264,  0.34069544,
       -0.33708543, -1.21057272, -1.70866096,  0.0683406 ,  0.32798085,
        0.06559014, -0.82944286,  1.29793966,  0.12449002, -1.09926593,
       -0.17373878,  0.58249617, -1.0320797 ,  2.28438687, -0.48570278,
        0.73532492,  1.69510567, -0.58123749, -1.90165246, -1.85042751], dtype=float32), array([-2.23165059, -0.83243901,  0.21807694,  1.47578931,  0.35436496,
       -0.8877539 , -0.37347314, -1.21320701, -0.92311811,  0.38151661,
        0.53582263,  2.40748072,  0.43616736, -0.1013594 , -1.0896436 ,
       -0.91766852, -0.11495598,  1.0045743 , -0.38760737, -0.53453076,
        0.419716  ,  1.46489167,  0.54799807,  0.24706203,  0.40696985,
        0.67075586,  0.1676138 ,  1.17295325, -0.09111917, -0.83902001,
       -0.20309977, -0.17148408, -1.10254765,  0.88567382, -0.10346465,
       -0.92422152, -2.15467334,  0.48677298,  0.84638834,  0.52910447,
        0.86973667, -0.08800079,  0.30153069,  1.6913358 , -1.9902457 ,
       -0.09425957, -0.20577982, -0.55769432, -0.71849269,  0.9339056 ,
        0.8760851 , -0.08687656,  0.81650805,  1.30181396, -0.92397189,
       -1.37417543,  0.69361502, -0.41916367, -0.4412528 ,  0.88281548,
        1.09701931, -0.39539197, -0.91184551,  0.10950099, -0.41799992,
       -0.66862059, -0.97315913,  1.14400935,  1.04174352,  1.14830875,
       -1.97417653,  0.59050834,  0.0628223 , -0.38209689,  1.3401891 ,
       -0.95088071,  2.5953207 ,  0.51661706, -0.18178642,  0.33835554,
       -0.33841938, -1.20415413, -1.70886242,  0.05867431,  0.33343935,
        0.05979133, -0.83357817,  1.29564357,  0.13401501, -1.10906339,
       -0.16472399,  0.58170432, -1.03528941,  2.28076339, -0.49547961,
        0.72332507,  1.6997335 , -0.58004147, -1.90019202, -1.85581124], dtype=float32), array([-2.22588015, -0.8288458 ,  0.22977181,  1.48293877,  0.36034945,
       -0.87180471, -0.38687071, -1.21309674, -0.92380279,  0.37675917,
        0.53748608,  2.42141986,  0.42575544, -0.10543326, -1.09974587,
       -0.92879051, -0.12073283,  1.00374377, -0.38284728, -0.53687549,
        0.43148246,  1.46075296,  0.5498336 ,  0.2363679 ,  0.40234259,
        0.67823547,  0.17155533,  1.1727159 , -0.07800891, -0.8383202 ,
       -0.19376205, -0.15998609, -1.09056211,  0.90659869, -0.11589497,
       -0.90069032, -2.16958618,  0.49053183,  0.85339981,  0.53377527,
        0.87579274, -0.07063935,  0.30242717,  1.67771268, -2.00357366,
       -0.09576683, -0.21629733, -0.54801697, -0.7244851 ,  0.91779953,
        0.87552577, -0.08013243,  0.81726056,  1.29536331, -0.92555761,
       -1.38659644,  0.7071349 , -0.41298175, -0.4428322 ,  0.88417268,
        1.09302485, -0.40534815, -0.9233557 ,  0.09744617, -0.42170054,
       -0.66895032, -0.94220138,  1.16142738,  1.03134346,  1.15904212,
       -1.98108768,  0.58080983,  0.05561309, -0.3825337 ,  1.31637514,
       -0.95902991,  2.58999419,  0.51233971, -0.18481471,  0.32793278,
       -0.32585695, -1.1960578 , -1.71348095,  0.0692278 ,  0.32650474,
        0.04233822, -0.82297689,  1.27923787,  0.13467655, -1.09976101,
       -0.17353955,  0.5857802 , -1.03327656,  2.28097987, -0.49188358,
        0.72822469,  1.69676232, -0.58763039, -1.90792143, -1.84826362], dtype=float32), array([-2.21972108, -0.82835013,  0.22437465,  1.4757005 ,  0.36481395,
       -0.87113154, -0.38524154, -1.21116996, -0.9175877 ,  0.37485501,
        0.53900164,  2.40889978,  0.4388161 , -0.1035899 , -1.0957067 ,
       -0.92846167, -0.12066693,  1.00312495, -0.3835347 , -0.53817934,
        0.42706433,  1.46585667,  0.55845642,  0.23870222,  0.40115401,
        0.67158478,  0.17378032,  1.16801894, -0.07729722, -0.84454042,
       -0.19000991, -0.15634876, -1.08501959,  0.90129483, -0.11140177,
       -0.90288281, -2.17690969,  0.48562711,  0.85976547,  0.52721506,
        0.87688172, -0.06781477,  0.29329124,  1.67870045, -2.00388718,
       -0.0934037 , -0.2148689 , -0.55121988, -0.72316647,  0.92154479,
        0.88271868, -0.07917933,  0.81668603,  1.29421151, -0.92786092,
       -1.37956393,  0.71015531, -0.41737133, -0.44955978,  0.88644207,
        1.10312724, -0.39910391, -0.92852491,  0.10819965, -0.41476429,
       -0.67569715, -0.94424289,  1.16158998,  1.02452147,  1.14752173,
       -1.98741651,  0.57636738,  0.0390426 , -0.38695443,  1.31799495,
       -0.96208209,  2.59122896,  0.50706726, -0.18553253,  0.33236894,
       -0.33537516, -1.1907692 , -1.70949769,  0.07194661,  0.3312526 ,
        0.0449059 , -0.82322943,  1.27623844,  0.14003633, -1.10658038,
       -0.17026104,  0.58726788, -1.0319289 ,  2.28901649, -0.49397004,
        0.72190756,  1.70431876, -0.58437026, -1.91350639, -1.84520531], dtype=float32), array([-2.21784258, -0.82993162,  0.22161327,  1.47978461,  0.36609986,
       -0.86716115, -0.38865346, -1.20870435, -0.91951871,  0.3789168 ,
        0.53810561,  2.40898681,  0.44122303, -0.10610609, -1.09748757,
       -0.92696518, -0.12062902,  1.00488091, -0.3841396 , -0.53812641,
        0.43023115,  1.46729231,  0.55911356,  0.23579681,  0.39927214,
        0.67068309,  0.17812768,  1.16738749, -0.07768661, -0.84616238,
       -0.19168104, -0.15499958, -1.08679116,  0.90585828, -0.11109088,
       -0.90023035, -2.18005514,  0.48520488,  0.86285853,  0.53124911,
        0.8731972 , -0.06810319,  0.29244503,  1.67727757, -2.00384116,
       -0.09232502, -0.21604927, -0.55138206, -0.72632807,  0.92210579,
        0.87706959, -0.0762402 ,  0.81754881,  1.29505479, -0.93053186,
       -1.38303506,  0.71034521, -0.41794446, -0.44858065,  0.88739109,
        1.10265243, -0.4020015 , -0.92661721,  0.10617578, -0.4143548 ,
       -0.67405397, -0.93953705,  1.16342473,  1.02500308,  1.14750302,
       -1.98773134,  0.57406503,  0.04093627, -0.3893607 ,  1.31723201,
       -0.95979327,  2.58931017,  0.50708348, -0.18207447,  0.32735571,
       -0.33449772, -1.18943667, -1.70848095,  0.07248221,  0.33222985,
        0.04460741, -0.82485139,  1.27514946,  0.14194886, -1.10564673,
       -0.17221259,  0.58579946, -1.03113759,  2.28635049, -0.49417669,
        0.72069144,  1.70456243, -0.58643395, -1.91105056, -1.84791291], dtype=float32), array([-2.21762896, -0.82645243,  0.22322725,  1.47280014,  0.36242467,
       -0.8687554 , -0.38967529, -1.20482028, -0.92291552,  0.38156658,
        0.53668588,  2.40828729,  0.43809938, -0.10831786, -1.09679997,
       -0.92824614, -0.11689826,  1.00246549, -0.38439822, -0.53612018,
        0.43066913,  1.46079075,  0.55793899,  0.23924379,  0.40094978,
        0.67186397,  0.17541875,  1.17138386, -0.08461534, -0.84971964,
       -0.18903239, -0.15882629, -1.08853555,  0.90281129, -0.1111672 ,
       -0.90102232, -2.17411852,  0.48811278,  0.86289454,  0.53158593,
        0.87260252, -0.07103841,  0.29242802,  1.6823082 , -2.00125337,
       -0.0957321 , -0.21928109, -0.55234969, -0.72144502,  0.92597598,
        0.87716579, -0.08030372,  0.82258093,  1.29863203, -0.93082911,
       -1.37945056,  0.70517921, -0.41455296, -0.4409517 ,  0.88656878,
        1.10246897, -0.39669824, -0.9308126 ,  0.11002237, -0.40884954,
       -0.6709829 , -0.94947863,  1.16416836,  1.02225125,  1.15086985,
       -1.98892629,  0.56755865,  0.04096761, -0.38619331,  1.32562292,
       -0.95737261,  2.582865  ,  0.51488668, -0.17750105,  0.32416591,
       -0.33418694, -1.19016314, -1.71161687,  0.07488432,  0.3270494 ,
        0.04421958, -0.82566893,  1.27850854,  0.14005123, -1.10497093,
       -0.17876688,  0.5871197 , -1.03213608,  2.2885437 , -0.49397853,
        0.72331774,  1.70257342, -0.58222395, -1.91388237, -1.85511327], dtype=float32), array([-2.21730757, -0.83460838,  0.22467731,  1.46703422,  0.36084896,
       -0.86800396, -0.38803783, -1.20502722, -0.914747  ,  0.3763313 ,
        0.54424077,  2.4162066 ,  0.43756497, -0.10981375, -1.10399425,
       -0.92317808, -0.11961292,  0.99883085, -0.3818512 , -0.53837413,
        0.43178946,  1.46593094,  0.5582729 ,  0.24355729,  0.39832583,
        0.68283552,  0.18145518,  1.17041147, -0.08016374, -0.84294206,
       -0.17831314, -0.15873925, -1.08792615,  0.89628726, -0.10747615,
       -0.90526539, -2.17744184,  0.48130599,  0.86735255,  0.52460861,
        0.87948364, -0.07007378,  0.29404446,  1.67725742, -2.00332832,
       -0.09207797, -0.22211659, -0.54445577, -0.72084951,  0.92469114,
        0.882635  , -0.08470574,  0.82321995,  1.29389572, -0.93074054,
       -1.37274444,  0.71039814, -0.41093457, -0.45031545,  0.88416135,
        1.09920859, -0.39571619, -0.93686068,  0.11524493, -0.41627353,
       -0.67078286, -0.95033485,  1.15680194,  1.0204469 ,  1.15102899,
       -1.98704791,  0.56803387,  0.03599756, -0.38704839,  1.31961811,
       -0.96710163,  2.58447504,  0.51442021, -0.17371245,  0.33200598,
       -0.33827621, -1.18395865, -1.70613801,  0.07999003,  0.32020706,
        0.04293785, -0.81909132,  1.2741133 ,  0.14231876, -1.10584819,
       -0.17990474,  0.58807546, -1.03613043,  2.28607011, -0.49917769,
        0.72702825,  1.70249867, -0.58443683, -1.92428172, -1.85088706], dtype=float32), array([-2.21220231, -0.83733958,  0.22101501,  1.46886921,  0.36042491,
       -0.86696547, -0.3934941 , -1.20245516, -0.9156329 ,  0.38319463,
        0.54415071,  2.41344643,  0.44270545, -0.11083297, -1.10475862,
       -0.92207074, -0.11704603,  1.00371277, -0.38067523, -0.53625739,
        0.43273959,  1.46962845,  0.5621115 ,  0.24166964,  0.39763111,
        0.6815778 ,  0.18448858,  1.17133832, -0.08171567, -0.84542787,
       -0.17880112, -0.1576298 , -1.08826196,  0.89917719, -0.1102943 ,
       -0.90261614, -2.1802392 ,  0.4825016 ,  0.86875474,  0.52911848,
        0.87367511, -0.07123885,  0.29206526,  1.67558372, -2.00400925,
       -0.08875015, -0.22210242, -0.54519093, -0.72167122,  0.92643052,
        0.87688357, -0.07999097,  0.82357353,  1.29704368, -0.93563688,
       -1.37752199,  0.70973182, -0.41623247, -0.4509497 ,  0.88534051,
        1.09841228, -0.39658627, -0.93651062,  0.11581211, -0.41593444,
       -0.6664325 , -0.94711405,  1.15793645,  1.02339184,  1.15301776,
       -1.98967493,  0.56236076,  0.03973684, -0.38851124,  1.32009959,
       -0.96477866,  2.5800817 ,  0.51483625, -0.17112797,  0.32739955,
       -0.33890697, -1.18573952, -1.70677531,  0.07981218,  0.3231262 ,
        0.03922481, -0.81664795,  1.27473235,  0.14266312, -1.10559535,
       -0.18105711,  0.58664757, -1.03441799,  2.28111291, -0.49729291,
        0.72375649,  1.70113242, -0.58378994, -1.92143559, -1.85753763], dtype=float32), array([-2.20177126, -0.82942337,  0.21787885,  1.47151935,  0.36983404,
       -0.85675883, -0.40209883, -1.20051098, -0.91244256,  0.39368248,
        0.54097545,  2.41684318,  0.44888473, -0.11207115, -1.09687018,
       -0.92685318, -0.12099405,  1.00793982, -0.37011093, -0.53294253,
        0.44209582,  1.47518921,  0.56596285,  0.2468261 ,  0.39622003,
        0.67964268,  0.19063585,  1.16409707, -0.08425458, -0.85464364,
       -0.1836836 , -0.15912409, -1.08852029,  0.89862448, -0.10580131,
       -0.89584339, -2.19124174,  0.47671178,  0.8707819 ,  0.53254473,
        0.86924964, -0.07117759,  0.28118825,  1.67641234, -2.00864077,
       -0.08234335, -0.21983027, -0.54027915, -0.72960556,  0.93375576,
        0.87409711, -0.08868218,  0.81914175,  1.29542994, -0.9346953 ,
       -1.38194704,  0.71708387, -0.41718903, -0.44794157,  0.88272065,
        1.1010375 , -0.39578217, -0.9385944 ,  0.11072163, -0.41554093,
       -0.65811425, -0.9466368 ,  1.16004574,  1.0282563 ,  1.14785457,
       -1.99528968,  0.55359989,  0.03030041, -0.39857835,  1.3072778 ,
       -0.96752387,  2.57497382,  0.513834  , -0.17021132,  0.32997018,
       -0.3419539 , -1.18143654, -1.70729089,  0.07582112,  0.32423738,
        0.04348426, -0.816284  ,  1.27419758,  0.14736205, -1.10593331,
       -0.18857735,  0.58107275, -1.03095078,  2.28193831, -0.49465057,
        0.72127652,  1.70176303, -0.5800637 , -1.91933668, -1.86395395], dtype=float32), array([-2.20763755, -0.8359679 ,  0.22918451,  1.47823131,  0.36707711,
       -0.8620916 , -0.38587892, -1.19695342, -0.90772736,  0.3854757 ,
        0.5360406 ,  2.42334986,  0.47089672, -0.11617173, -1.10111356,
       -0.93247932, -0.10155237,  0.99956328, -0.34814996, -0.52489728,
        0.43627423,  1.46485698,  0.55953205,  0.2384789 ,  0.39424244,
        0.65609616,  0.2035788 ,  1.16384602, -0.08871567, -0.8777073 ,
       -0.19272727, -0.16217045, -1.08392119,  0.89943784, -0.08214098,
       -0.90487069, -2.18491387,  0.50143486,  0.85209566,  0.5328908 ,
        0.86539888, -0.06954174,  0.27829373,  1.67199039, -2.00085139,
       -0.06169761, -0.21365424, -0.54836494, -0.73783767,  0.94591749,
        0.89671409, -0.09134652,  0.84466976,  1.27722192, -0.9219206 ,
       -1.37892401,  0.70926654, -0.42494503, -0.42938909,  0.89628881,
        1.09562933, -0.39890507, -0.9452852 ,  0.10170428, -0.39102721,
       -0.67983282, -0.94906467,  1.14831567,  1.05859411,  1.14362276,
       -1.99827242,  0.55525357,  0.03918774, -0.39937076,  1.30613852,
       -0.95747072,  2.58636832,  0.50133902, -0.19438538,  0.33290017,
       -0.32700098, -1.20180118, -1.69463158,  0.07544643,  0.31424096,
        0.03617287, -0.84436923,  1.28329086,  0.12847969, -1.11473274,
       -0.19512449,  0.56196111, -1.02659476,  2.28756142, -0.50193834,
        0.72115725,  1.68238997, -0.58179295, -1.89899075, -1.86124778], dtype=float32), array([-2.20732903, -0.83168125,  0.23724683,  1.4771055 ,  0.36839825,
       -0.86002713, -0.387151  , -1.20149779, -0.90732318,  0.38180876,
        0.53684688,  2.42853141,  0.46145132, -0.1150942 , -1.10317671,
       -0.93707234, -0.1039252 ,  0.99715543, -0.34446716, -0.52754378,
        0.43687287,  1.46106851,  0.55836815,  0.2377129 ,  0.39586556,
        0.66325706,  0.20042017,  1.16238976, -0.08277192, -0.87535721,
       -0.18687384, -0.15944625, -1.07727981,  0.90161252, -0.087166  ,
       -0.9007408 , -2.18745565,  0.50134802,  0.85234606,  0.53023779,
        0.87396735, -0.06254462,  0.28189754,  1.66779637, -2.00558758,
       -0.06509621, -0.21730711, -0.54543722, -0.73558986,  0.93858349,
        0.90088427, -0.08968458,  0.84215021,  1.27320886, -0.91910142,
       -1.38322413,  0.71273947, -0.41987175, -0.43155685,  0.89425445,
        1.09184718, -0.40188059, -0.95306128,  0.09927379, -0.39437535,
       -0.6799655 , -0.94130784,  1.15463328,  1.05263233,  1.14862347,
       -2.00054765,  0.55464178,  0.03557154, -0.39847511,  1.29532027,
       -0.96291977,  2.58749151,  0.50127363, -0.19767001,  0.33493027,
       -0.32280701, -1.19938326, -1.696365  ,  0.07744293,  0.31170246,
        0.03011233, -0.83639604,  1.27902353,  0.13058156, -1.11015368,
       -0.19859907,  0.56400919, -1.02768373,  2.29147172, -0.50001639,
        0.72557789,  1.68172002, -0.58313543, -1.9059943 , -1.85428655], dtype=float32)]
